30254316 2.17240004 41.38471612
1126848522 2.16846356 41.39857509
219009535 2.18134848 41.38963412
559765972 2.16546041 41.38714561
1306836718 2.16809526 41.39052453
559765970 2.16674309 41.38851597
30254311 2.17180777 41.38546957
1306836714 2.18040199 41.39118133
1306836717 2.18070064 41.39139876
1306836716 2.18027861 41.39134436
211202745 2.17495074 41.38480103
30254318 2.17179922 41.38464529
30556099 2.16411822 41.40179567
30242862 2.16298767 41.38903037
30242861 2.16188092 41.3881993
30242867 2.16975672 41.39411324
30242866 2.1686628 41.39329181
30242865 2.16749612 41.39241582
30242864 2.16598646 41.39128979
30242869 2.17205169 41.39583631
30242868 2.17091493 41.39498278
442540242 2.16067133 41.39583279
442540243 2.1596199 41.39674356
442540240 2.16178537 41.39492394
30884275 2.17039693 41.38463607
533662625 2.17746833 41.3900113
240984696 2.1803807 41.38867883
240984699 2.18075831 41.38866592
1042950301 2.17345842 41.38895057
104461036 2.16728121 41.38581457
415938873 2.15998921 41.40143567
30237644 2.1607326 41.38733697
555187281 2.16133442 41.38945499
30647446 2.17501327 41.3867085
1311619363 2.15965586 41.39664617
218922129 2.16530677 41.38422494
1311619365 2.1614547 41.39699653
826436230 2.17828204 41.40190086
243753896 2.17956422 41.38649887
218999512 2.1805589 41.39043249
216292368 2.177354 41.38567677
243753895 2.17977016 41.38640231
1343574434 2.16659331 41.39845758
243749420 2.17946984 41.38780611
243749421 2.17987318 41.38810241
773324530 2.1743744 41.3958674
269369082 2.16825628 41.38969849
30254381 2.15916342 41.40059857
426890153 2.16892004 41.40018081
243750179 2.17878311 41.38687236
426890151 2.16987516 41.40086771
1042950308 2.17391239 41.39005531
216344186 2.17498502 41.38552221
216344187 2.17486491 41.38547711
1311619505 2.16971892 41.39911288
1377225813 2.15997923 41.39669009
301572951 2.16220806 41.39185742
33098963 2.16745757 41.39413654
301572957 2.15992207 41.39353656
216349840 2.1734668 41.38532456
1311619513 2.16997666 41.3989413
1311619506 2.15945411 41.39636722
506239347 2.1765495 41.39750288
1311619517 2.15972082 41.39652169
1311619514 2.16034359 41.39673954
211204554 2.17543094 41.38632352
30646347 2.17459266 41.38636073
30252251 2.17719792 41.38758818
30252250 2.17641229 41.38813158
211204250 2.17567133 41.38581482
71643533 2.16460068 41.39024164
216283275 2.17974552 41.38562648
301572306 2.16233773 41.39195817
1311619311 2.17162228 41.39957991
1382915107 2.15957321 41.39610143
26057342 2.17532893 41.38987954
415938886 2.16033261 41.4016417
216344189 2.17467606 41.38558021
415938882 2.16020378 41.40177044
559787238 2.17421757 41.39417342
357593488 2.17256114 41.38424556
126798002 2.17805891 41.39312233
1124790711 2.16659214 41.39844693
1126848466 2.17344191 41.39301596
126798005 2.18017266 41.39157847
30243051 2.16410522 41.38814784
126798008 2.18047022 41.39153153
1362899995 2.17141299 41.38692048
1362899993 2.17128717 41.38683808
357593487 2.17230021 41.38470346
126812839 2.17484848 41.39488454
30884259 2.16468911 41.38517033
216327575 2.17385212 41.38525172
216327578 2.17387391 41.38500789
71710262 2.17189981 41.38749464
30884253 2.17486499 41.38682241
30884255 2.17401364 41.38665452
30884257 2.1657138 41.3850317
544807089 2.16989947 41.3852788
1286855176 2.17497563 41.40145
218925299 2.1646368 41.38486087
152839597 2.17654313 41.38521291
30556749 2.15801007 41.40145436
152839611 2.16993098 41.38536052
152839599 2.17520823 41.38438881
544807082 2.17047698 41.38451143
544807085 2.17053699 41.38453549
544807087 2.17008286 41.38542271
559787230 2.16970316 41.39073659
1311833061 2.18057139 41.39160437
344992888 2.15993657 41.39644969
344992889 2.16035424 41.39560639
219009557 2.18129701 41.38987233
691562345 2.17728459 41.38707772
691562344 2.17718594 41.3868732
691562347 2.17713389 41.38753152
691562346 2.17751543 41.38730269
691562341 2.17556756 41.38824448
344992887 2.15936501 41.39632422
344992884 2.16950543 41.38846057
691562342 2.17605941 41.38788532
243749895 2.18108344 41.3885531
216267823 2.1776715 41.38617264
216267822 2.17825103 41.38670498
216267825 2.17694546 41.38560753
216267826 2.17710028 41.38549907
243749899 2.18137521 41.38921636
243749898 2.1812551 41.38921636
506219363 2.17582313 41.3951023
216321617 2.17474471 41.38502642
216321616 2.17467606 41.3850006
30252323 2.1755798 41.3873073
216321612 2.17407516 41.38504569
240972528 2.18166816 41.38561357
240972529 2.18153078 41.38552338
30252211 2.1773136 41.38874329
533664781 2.17327444 41.38548306
216339263 2.17646987 41.38466566
216339262 2.17635831 41.38454337
216339261 2.17624683 41.38455628
216339260 2.17621238 41.38460129
216339266 2.1765557 41.38457564
216339265 2.17658152 41.38462056
30333328 2.16296612 41.39925042
240984013 2.18059528 41.38990871
30333325 2.16043588 41.39732879
240984010 2.18021759 41.38903942
30884410 2.1795068 41.38470321
71643550 2.16748724 41.3856471
649511772 2.16088607 41.39514647
30646351 2.17560553 41.3851436
1375310919 2.16838033 41.38927328
1382915181 2.1594407 41.39597972
171759000 2.16807741 41.38937696
235337935 2.18044943 41.38816368
1382915154 2.15889503 41.39550438
30237702 2.15958252 41.38647338
30237703 2.16072011 41.3855756
30254224 2.16631553 41.39329491
30254225 2.16986661 41.39061572
30254222 2.16162502 41.39688631
30647400 2.17941083 41.3851177
104480974 2.16828553 41.3874824
826436238 2.17814558 41.40203137
30254228 2.17278008 41.38847171
1382915185 2.158903 41.39555677
30253861 2.18008432 41.40184269
216287136 2.17841833 41.38495551
415938879 2.16065012 41.40206012
415938876 2.16093561 41.40181797
415938874 2.16012256 41.40130223
243747143 2.18022513 41.38662132
533976718 2.17860961 41.39188097
533976719 2.17865143 41.39184032
691562325 2.17517118 41.38831858
536418253 2.18003671 41.40006129
826436233 2.17822303 41.40198141
104467383 2.17369722 41.38524192
430535712 2.16640941 41.39837007
104462108 2.16944416 41.38660657
30333329 2.16523108 41.40094876
216339256 2.17747411 41.38444027
30254350 2.17098811 41.39145693
432594831 2.16208988 41.3883563
432594830 2.16210798 41.3880387
1126848568 2.16416197 41.3967351
30243966 2.18088873 41.38433617
30252215 2.17798758 41.38827717
30243330 2.1742827 41.40093862
301572132 2.16705473 41.38849703
126800097 2.17792262 41.39302149
30243205 2.16637982 41.40014511
30243206 2.16753284 41.39927481
30243207 2.16829307 41.39870652
30243208 2.16862944 41.39844366
30243209 2.16975832 41.39753859
243753894 2.17985599 41.38651823
1311619384 2.1592827 41.3965548
26057116 2.17018227 41.3857051
126812853 2.17553278 41.39538301
30647327 2.18015447 41.38552363
301572460 2.15889679 41.3944786
30243056 2.17091158 41.39324118
26057118 2.17106916 41.38697119
1382915174 2.15902638 41.39568552
1382915177 2.15916317 41.39525494
216350784 2.17142774 41.38700874
216326021 2.17429837 41.38545138
216326022 2.17474471 41.38532263
243336188 2.18141528 41.38891461
243335639 2.18115787 41.3899771
415938300 2.16082228 41.40138546
30297898 2.17636049 41.38437581
30243375 2.16524516 41.39585139
30243370 2.16182493 41.39327706
30243371 2.16271752 41.39394032
30243373 2.16409944 41.39500273
1126848483 2.1630258 41.39586698
559032149 2.16853414 41.38943907
621906544 2.159307 41.3968765
30238031 2.16409341 41.39674373
216349827 2.17420844 41.38480011
30238032 2.16521784 41.39754932
71643538 2.16113987 41.39276342
359977425 2.18103709 41.39235589
211205221 2.17521636 41.38656181
243750174 2.1786801 41.38673716
243750175 2.17859427 41.3866406
243750176 2.17862008 41.38661479
126797324 2.1720801 41.39762006
30646349 2.17488452 41.38562019
30242871 2.17429142 41.39751797
30647398 2.17959096 41.38540754
30647399 2.17881563 41.38541408
1382915167 2.15913643 41.39570362
152839710 2.17023114 41.3854834
71643543 2.15883804 41.39443393
234837149 2.17713707 41.38533252
1311770050 2.16789871 41.3897414
1311770053 2.16162259 41.39480458
1311770052 2.15952116 41.39628482
1311770055 2.16808604 41.38951643
1311770054 2.1683069 41.38961601
240882893 2.17849243 41.38413894
559765968 2.16520392 41.3873249
104449664 2.17084319 41.38461679
426890157 2.16867051 41.39996791
30646243 2.17574853 41.38559588
430535716 2.17039039 41.39892126
430535714 2.1631082 41.39752987
430535713 2.16469062 41.39794377
30646246 2.17536522 41.3852917
1382915165 2.15918471 41.39527103
126812847 2.17621867 41.39473191
126812845 2.17605036 41.39450576
126812844 2.17568608 41.39434952
126812843 2.17535826 41.3943574
126812841 2.17509298 41.39446293
104431832 2.16977893 41.38543462
506248807 2.17430709 41.39743398
555386335 2.1774498 41.38999848
1311619289 2.17152078 41.39955033
30252561 2.17847684 41.38868931
112426103 2.16390808 41.38493857
826436288 2.17890431 41.40194923
26057313 2.16818269 41.38959346
426888487 2.17481386 41.39534932
30243990 2.17961837 41.38463238
126800073 2.17997233 41.39114244
30647342 2.18011458 41.38433851
301572243 2.16579418 41.38943153
126800074 2.17995146 41.3912302
30243996 2.18126633 41.38590752
30243997 2.18157529 41.38613928
1311619470 2.17489852 41.39538016
1126640615 2.16943427 41.38660238
1382915114 2.15846739 41.39575106
1382915113 2.15894759 41.39537891
243750180 2.1790235 41.38705274
1382915111 2.15946484 41.39596002
1382915110 2.15798459 41.39541914
1377225915 2.15975099 41.39632028
1382915139 2.15955377 41.3960881
1377225917 2.15957321 41.39624249
216286306 2.1788474 41.38545783
216286303 2.17873584 41.38530972
1382915118 2.159249 41.39590076
1126848552 2.16959252 41.399322
541645105 2.17235067 41.38422276
541645104 2.17206736 41.38437741
30247434 2.16186089 41.38988541
541645102 2.17186997 41.38462207
230148629 2.17958442 41.38915073
126797999 2.17641749 41.39436578
462256416 2.16937493 41.38872007
704035634 2.17085534 41.38568708
442540277 2.17684127 41.40072597
30238008 2.15845482 41.38562648
442540275 2.1734834 41.39980254
442540274 2.17184692 41.39938797
442540273 2.17033784 41.39903794
442540272 2.17008127 41.39895437
442540271 2.15910852 41.39624308
426891063 2.17684932 41.39390461
1362899977 2.1702065 41.38798037
1282870796 2.16363341 41.38514443
426891064 2.17795749 41.39304731
442540279 2.18041683 41.40155578
426891066 2.17992154 41.39157511
30242759 2.17569396 41.39137311
30242758 2.17455092 41.39052771
826436222 2.17848052 41.40182853
1311619359 2.17503011 41.40041123
555386343 2.17691336 41.39047138
1311619357 2.15971202 41.39675639
555386347 2.17563436 41.39132902
30242757 2.17338064 41.38966203
437132969 2.17896206 41.38772497
30243323 2.16068952 41.39071438
30243322 2.1596106 41.38983369
462274212 2.15992852 41.39668724
30243325 2.1629699 41.3924216
426890646 2.17528752 41.39503927
194563288 2.17297722 41.38483288
30243329 2.17087981 41.39837376
30243328 2.16636976 41.39498328
301573011 2.16454117 41.39019688
533664801 2.17605891 41.38491402
100455837 2.17049156 41.3844935
1382922534 2.16842081 41.38959036
1382922538 2.16806282 41.38944971
216322469 2.17490782 41.38509079
209146741 2.17243927 41.3861159
359977762 2.18142827 41.39375684
359977763 2.18159583 41.39415506
559765962 2.16426591 41.38623643
1311619518 2.15969861 41.39645631
30254308 2.1731296 41.38442627
30647440 2.18003738 41.38610936
30647441 2.18012321 41.38628328
506239358 2.17352129 41.39981226
216281405 2.17908779 41.38568959
30647445 2.18077549 41.3859807
33098964 2.17314829 41.3983865
506239356 2.17344334 41.39987177
30647449 2.17573428 41.38747477
506239350 2.17317084 41.40013421
301572949 2.15879009 41.39439772
30254307 2.17287211 41.38478703
506239353 2.17327729 41.40009884
94668946 2.16218367 41.39699133
30244367 2.17637398 41.38646131
30244365 2.17575599 41.38618438
30244368 2.17654556 41.38651923
430984233 2.17533329 41.38708979
218917857 2.16631964 41.38446307
442540249 2.15912864 41.39661406
506219355 2.17547301 41.39452236
431481322 2.18124622 41.39916308
1303465751 2.1644685 41.4015132
243750178 2.17883458 41.38680162
1311833045 2.17620341 41.39442463
506219350 2.17521837 41.39495989
30238030 2.16297006 41.39586682
1311619516 2.17615463 41.40087048
243749158 2.18025942 41.3882827
211616876 2.17974871 41.39161878
506236255 2.18139064 41.39380604
506236256 2.18143297 41.39403009
691562340 2.17541233 41.38812956
30243248 2.16865316 41.39671607
30243249 2.16974038 41.39583899
30243244 2.16408804 41.4000975
30243245 2.16523041 41.39925813
30243247 2.16744273 41.39757739
430535723 2.1751322 41.4003197
1126848470 2.16940728 41.39914271
559794881 2.17677439 41.39561058
1126848477 2.1709203 41.39841014
1377225884 2.1600628 41.3964823
800572628 2.16531901 41.40003773
230155667 2.17960152 41.38980754
30238009 2.1596049 41.3847649
1362900011 2.17786973 41.39647308
112398908 2.16628527 41.38444379
30254380 2.15939191 41.40075967
243748406 2.17857708 41.38709138
230155668 2.17959297 41.38994274
506219356 2.17574936 41.39452479
506219357 2.17595531 41.39501094
506219354 2.17532599 41.39458514
1303465757 2.1646213 41.40139401
1303465750 2.16329671 41.40050033
506219353 2.17520454 41.39471866
1303465752 2.16351028 41.40040134
506219351 2.17518132 41.39479712
462256419 2.17038788 41.39439629
506219358 2.1753793 41.39509761
544807095 2.16998446 41.3855725
442540285 2.17308962 41.40011166
1377225818 2.15997269 41.39640317
26057389 2.16196088 41.38467446
879356690 2.17997929 41.40188837
1382915084 2.159364 41.39627292
216267832 2.17846979 41.38657833
30313116 2.15905781 41.39620762
30242762 2.17907949 41.3938772
240979739 2.18171971 41.38681143
30242816 2.17341157 41.39135626
30242817 2.17228102 41.39051824
30242814 2.17569119 41.39304614
30242815 2.17454279 41.39219479
240928090 2.17903323 41.38470564
30242818 2.17113211 41.38966647
30254368 2.15828123 41.39853318
1311619267 2.17020264 41.39902378
442540237 2.16498717 41.39226042
442540236 2.1661639 41.39141686
442540235 2.1672186 41.39051807
442540234 2.16832786 41.38961484
30252452 2.17355012 41.38651923
533664794 2.17670222 41.38709893
442540238 2.16393013 41.39316223
426887391 2.17030238 41.3988527
30244388 2.17915493 41.38858629
1311619319 2.17326229 41.39997521
555187275 2.1601944 41.38944577
194589435 2.16582754 41.38582463
216339271 2.1771737 41.38445318
30884407 2.17990863 41.38420968
216339273 2.17726808 41.38444681
30244380 2.17788667 41.38754853
30884408 2.17922199 41.38486012
826436266 2.17848589 41.40192098
243749816 2.18024232 41.3878512
30244384 2.17839964 41.38799386
30244385 2.17857977 41.38809688
30244386 2.17879443 41.38825152
555187278 2.16131824 41.38859719
430535751 2.15892739 41.3966299
211203587 2.17574853 41.38562162
506240833 2.17311929 41.39836504
442540258 2.16125722 41.39710214
1382915126 2.15798702 41.39513114
1382915127 2.15933978 41.39628499
1382915124 2.15902101 41.39532543
1382915125 2.15937557 41.39593496
672631697 2.17710371 41.38573754
71643529 2.16534902 41.38721191
1382915120 2.15917926 41.39572776
1382915121 2.15832532 41.39587989
430535720 2.16988891 41.39941404
30242760 2.17686659 41.39224039
218922131 2.1655128 41.38440523
506239360 2.17429871 41.39925201
250794420 2.17893667 41.39743717
250794421 2.18003579 41.39826018
250793737 2.17324787 41.39674231
250793733 2.17423249 41.39573966
30242810 2.18026796 41.39643871
250793730 2.17619293 41.39426629
30242964 2.17654221 41.40091037
30242811 2.17908452 41.39556138
216335928 2.17684756 41.38457564
559026424 2.162111 41.38455871
30242764 2.18139533 41.39558996
559026426 2.16328204 41.38540603
1159755015 2.17799991 41.40128773
672763990 2.16794816 41.38465594
1382922478 2.16851997 41.38949967
1311770051 2.16049908 41.3957151
126797987 2.16765303 41.40106703
219031559 2.18029378 41.39150538
112382699 2.16774272 41.38563377
432594826 2.1638422 41.38826166
432594827 2.16380381 41.38798481
432594824 2.16273118 41.38883784
30554505 2.1609092 41.40117331
30554503 2.15959651 41.40017143
431481321 2.18107078 41.39929233
30238418 2.1798829 41.38574877
649511766 2.15945587 41.39406026
30553979 2.16294291 41.40200312
1382922487 2.16852559 41.38939188
30254348 2.16334222 41.39729518
432594828 2.16312077 41.38745742
431481328 2.17985893 41.39840896
30243213 2.1783289 41.39105761
30243212 2.17793402 41.39136674
30243967 2.18109467 41.38420742
30554044 2.16271224 41.40078406
30554043 2.16230722 41.40048944
126800081 2.17680574 41.39387217
30554041 2.16055373 41.39921136
30243962 2.18021918 41.38478049
30333443 2.15820772 41.39941043
211608571 2.17336848 41.38891562
1382922509 2.16830162 41.3892623
437132968 2.17814542 41.38588757
240983066 2.1799 41.38864656
219018794 2.178994 41.39217358
30554542 2.16145604 41.40075799
219018793 2.17915862 41.39229889
30254238 2.17435001 41.38722172
30243367 2.15956751 41.39161593
30554613 2.16121632 41.39793421
800572603 2.16467201 41.40052849
30254236 2.17540411 41.3864355
430535717 2.17052207 41.3991537
213942769 2.17695066 41.39397971
240923586 2.17950521 41.38506623
691562322 2.1749359 41.38814407
240923585 2.17972842 41.38491812
230158668 2.1787604 41.39007148
691562329 2.17681127 41.38658939
691562328 2.17678973 41.38657003
240886316 2.18055236 41.38755188
243748040 2.17916943 41.38700119
1382915161 2.1589636 41.39550572
1297469521 2.17879803 41.40138647
330028856 2.1816224 41.39088302
240980148 2.18067248 41.38786738
415938299 2.16061349 41.40122579
1297469526 2.17991928 41.40172836
430535708 2.16133559 41.39707347
430535710 2.1681619 41.3987999
194560484 2.17411397 41.38473573
234837152 2.17647373 41.38543788
216297930 2.17810929 41.38509079
234837150 2.17672778 41.3856248
240979425 2.1808184 41.38744887
240979422 2.18147068 41.38679198
1382915168 2.15923031 41.39579222
126812850 2.17617961 41.39507397
240930559 2.17992582 41.38457044
1382915173 2.15885899 41.39549164
1382915169 2.15893149 41.39543716
1382915175 2.15845783 41.3957861
415937924 2.1613915 41.40209683
126812856 2.17507747 41.39524857
1382915176 2.15959408 41.39605507
415937929 2.16033127 41.40144556
1311619326 2.17289818 41.39988007
559794879 2.17675243 41.39564319
559794878 2.17572028 41.39536608
506240836 2.17166218 41.39942468
216298910 2.17780033 41.38465929
26057310 2.16814924 41.38930211
26057311 2.1684903 41.38933639
26057312 2.16848242 41.38954979
430535718 2.17038092 41.39936056
1311619291 2.15932628 41.39663041
240984009 2.18008029 41.38879467
301572399 2.1611988 41.39280759
30243989 2.17942952 41.38443918
30243988 2.17924068 41.38427179
240992046 2.17988181 41.38755499
30556803 2.15849161 41.39644198
30884406 2.17961837 41.38443281
415935180 2.16210161 41.40141538
430984235 2.17446333 41.38734938
430984236 2.17428723 41.38734519
430984237 2.17486499 41.38754359
415937950 2.16055314 41.40158319
1311619441 2.1697185 41.39917188
1311833048 2.16525237 41.39752459
240983064 2.18020904 41.38842771
1311833046 2.17611758 41.39434902
30253494 2.16184538 41.39671766
1377225840 2.15928781 41.39629982
1377225845 2.15900132 41.39638012
240886330 2.17943656 41.38518861
1042950335 2.17377668 41.39004307
462256421 2.16831403 41.39983196
126699974 2.16222173 41.40128546
826436082 2.17944788 41.40163876
1382915105 2.1579954 41.39561234
243749810 2.17930673 41.38716858
442540268 2.16590499 41.39794888
126797988 2.16998496 41.39934547
126797989 2.17097084 41.39845339
442540260 2.17667288 41.40099277
240974630 2.18181409 41.38590979
126797986 2.16652709 41.40188142
442540263 2.17245536 41.39954748
442540265 2.17326388 41.40016221
442540267 2.16917619 41.39880836
243748042 2.17880029 41.3872073
431481362 2.17758458 41.39669227
1362899960 2.16519596 41.38479474
1362899966 2.17335164 41.39999717
30243263 2.16862978 41.39496719
30333341 2.1607927 41.39895999
30333343 2.15950088 41.39813479
30333342 2.16038198 41.39869998
442540239 2.16283838 41.39402858
30333344 2.15897743 41.39780429
826436255 2.17891504 41.4018245
826436257 2.17885067 41.40173188
230170503 2.17976463 41.39043207
826436250 2.17915108 41.4018406
826436253 2.17893113 41.40188083
430535701 2.1700987 41.3994334
430535703 2.1726059 41.39966977
826436259 2.17875411 41.40169174
240992763 2.18037207 41.38694663
211628976 2.17689106 41.38731669
431481389 2.17657842 41.3957519
30647424 2.17797442 41.38576176
30647425 2.17852377 41.38542053
30647427 2.18029487 41.38675342
426890171 2.16760048 41.39917138
211644343 2.17411012 41.38541048
26057347 2.17373511 41.38895074
126812838 2.1749105 41.39507758
216322470 2.17508803 41.38487822
1311619481 2.15955829 41.39668849
704035464 2.1704261 41.38596477
211644349 2.17465947 41.38551357
1362899991 2.17321577 41.40011929
211637737 2.17128516 41.38691897
216323556 2.17441002 41.38521954
430535758 2.15894449 41.39650644
216304638 2.17811792 41.38428579
691562337 2.17570779 41.38754384
559794891 2.18149474 41.39938587
216304635 2.17768869 41.38461419
216304636 2.17740546 41.38438881
1382915123 2.1591112 41.39529442
1382915093 2.15914599 41.39612322
1382915090 2.15827813 41.39596916
1382915091 2.15883871 41.39547831
30647451 2.17666123 41.3883827
30254379 2.15983733 41.40111422
442540293 2.16812368 41.39881163
1382915095 2.15805282 41.39567747
462256418 2.16827774 41.38928199
1382915098 2.15933383 41.39578333
1382915099 2.15970431 41.39613571
30254370 2.15917474 41.39909301
30647458 2.1787003 41.38931166
30243163 2.17427583 41.39923559
30556416 2.17787728 41.40182526
30244377 2.17750688 41.38715676
30244373 2.17708636 41.3868219
30244372 2.1769748 41.38674462
431484966 2.17442217 41.39402179
240878924 2.18159088 41.38618027
240878923 2.18180554 41.38642502
240878922 2.1816338 41.38633483
30646350 2.17493347 41.38554802
71710260 2.17229594 41.38789504
30646346 2.17448571 41.386809
30554548 2.16292899 41.39922243
30243389 2.17315969 41.40179894
216355606 2.17760294 41.38549002
30237645 2.16186499 41.38647347
230148634 2.17949859 41.38906046
301573130 2.16691291 41.38838949
240982102 2.18095578 41.38978642
126803331 2.16628092 41.4016992
218922134 2.16597632 41.38418621
250794419 2.17774836 41.39655849
253707075 2.17874204 41.39758133
1368967605 2.16035097 41.3986807
30254197 2.17545306 41.40006799
30254198 2.1765956 41.39924799
30554609 2.15845037 41.40040469
426889568 2.17203652 41.39758502
30243253 2.17844649 41.38925852
30243251 2.17684304 41.39053618
30243250 2.1732985 41.39315778
1377225873 2.15903811 41.3963036
30252518 2.17323261 41.38640977
1377225877 2.15836798 41.39843344
30243054 2.16861989 41.39154133
230155671 2.17894924 41.38977527
426891273 2.18016252 41.39099349
430535707 2.15982249 41.39684867
219029423 2.18008138 41.3915819
1126848504 2.17030867 41.39938981
1311619390 2.17015394 41.39930113
1362900000 2.17134526 41.38689022
506219369 2.17605287 41.3952173
216349843 2.1733855 41.38530637
26057125 2.16879188 41.38737293
1311619396 2.16984716 41.39931689
216293031 2.17823804 41.38499423
506219362 2.17565884 41.39514421
30237643 2.1595572 41.38817734
506219360 2.17603267 41.39484037
216293035 2.17905888 41.38472492
506219365 2.17601331 41.39472989
506219364 2.17598079 41.39467281
1376659566 2.16992478 41.3841583
240984716 2.17961677 41.38918107
112409078 2.16516109 41.38457128
1311619407 2.16317617 41.39746172
30647460 2.1749017 41.38811867
26057346 2.17592119 41.38887497
234836631 2.17655327 41.38554886
301572963 2.16338648 41.391023
1382915086 2.15902906 41.39524094
30242965 2.17884229 41.3991454
230145388 2.1790007 41.38963361
559787235 2.17308124 41.39331888
559787234 2.17345976 41.39302971
559787237 2.17080312 41.39160143
559787236 2.1719423 41.3924791
559787231 2.17005411 41.39047507
1311619424 2.16650387 41.39829606
559787233 2.17234673 41.39217836
559787232 2.17117704 41.39130748
430535731 2.16935892 41.3991899
240982770 2.18018331 41.38833107
430535732 2.16945414 41.39911908
430535735 2.15995928 41.39675496
26057341 2.17370938 41.38935257
219029427 2.17992104 41.39140328
1311619422 2.15935939 41.39640183
30238029 2.16148269 41.39470701
30242809 2.18137597 41.39725989
826436197 2.17864137 41.40169174
555187269 2.16017746 41.38860423
240917823 2.18072402 41.38761634
506248828 2.16192727 41.3881273
506248826 2.1630305 41.38896356
1311619443 2.16981196 41.39899578
506248822 2.16470847 41.39022412
243750485 2.17899769 41.38707202
30243124 2.1801383 41.39304463
301572269 2.16466547 41.39029034
243752615 2.17918653 41.38613828
211201707 2.17589437 41.38525457
546558632 2.1701241 41.38536329
546558631 2.17065216 41.38458159
126812848 2.17623627 41.39491572
30244392 2.17954972 41.38910153
432594829 2.16279572 41.38741836
30244390 2.17934369 41.38883096
30646196 2.17510773 41.38545272
30244395 2.17991022 41.38974543
216349838 2.17372396 41.38510202
71643537 2.16227378 41.39190251
230148623 2.17911227 41.38964652
240979424 2.18098152 41.38731359
230148625 2.17916382 41.3892602
672631689 2.17663332 41.38515608
71643531 2.16571941 41.38937436
1311619497 2.17083296 41.39936383
112399403 2.16381881 41.38415587
672631686 2.1764656 41.38534971
672631687 2.1764982 41.38526471
1382915131 2.158918 41.39542316
559765959 2.16398352 41.38634724
559765964 2.16716479 41.38831472
30254089 2.18122811 41.40094172
30254326 2.16181403 41.39839371
243749989 2.17857708 41.38703983
243749988 2.17884321 41.38716858
243749987 2.17862863 41.38678234
30297714 2.18163539 41.38564341
30297713 2.18149809 41.3857336
30297712 2.18104161 41.38607717
430535730 2.17532717 41.40040511
1377225825 2.15902713 41.39669637
30242872 2.17542331 41.39836781
30242874 2.17770528 41.40008107
240979140 2.18174536 41.38640566
30242877 2.17943631 41.40138052
30647461 2.17573428 41.38745541
301572279 2.16352436 41.39112601
442540251 2.16367079 41.39295058
442540250 2.1625674 41.39384091
442540253 2.16585981 41.39119617
442540252 2.16475407 41.39209379
442540255 2.1646586 41.39797252
442540254 2.16693328 41.39030567
442540257 2.16304097 41.39755812
442540256 2.16499404 41.39771503
442540259 2.17599127 41.40057024
1377225821 2.16001377 41.3965947
30242812 2.17794534 41.39471699
216335929 2.17649569 41.38482668
30238420 2.18052361 41.38530461
30238421 2.18078974 41.38509858
691562343 2.17732332 41.38698418
30244393 2.17968701 41.38924964
426886960 2.16756561 41.40087056
426886961 2.16860128 41.40008962
1377225849 2.15896963 41.39644609
1311619526 2.17507579 41.39545811
240985916 2.17791743 41.38759698
30243166 2.18125703 41.39389623
243749026 2.18003629 41.3884179
240929286 2.17983144 41.38462191
216272479 2.17671882 41.38601808
216274311 2.17789471 41.38605672
30242963 2.17543722 41.40177178
426890148 2.17098333 41.40169559
30254395 2.16081809 41.39762769
30254393 2.15994981 41.39843243
30254390 2.15803212 41.40012994
33098957 2.16488038 41.39218238
30554506 2.16100677 41.40124833
506239349 2.17205202 41.40095111
1382915122 2.15897441 41.39528427
30554039 2.16097073 41.39950934
559764760 2.16294483 41.38566193
211206380 2.17414649 41.38445293
243749814 2.17952994 41.3872845
216349830 2.17432603 41.38470338
1368967607 2.15992274 41.39841584
30647787 2.17948702 41.38724586
432594825 2.1631424 41.38877313
1368967602 2.15934833 41.40164899
30554608 2.15799959 41.40080133
30554037 2.15987144 41.40037561
30647464 2.17904731 41.38963839
30243050 2.16292069 41.38731711
30243053 2.16708826 41.39042436
30243055 2.16976997 41.39241054
430984232 2.1742003 41.38737721
30243057 2.17205311 41.39408474
301572961 2.16106972 41.39271128
219029426 2.17992473 41.39147554
30243120 2.17204079 41.39924003
219029424 2.17999254 41.39155156
506239348 2.17101853 41.40172141
30243125 2.1813323 41.39215229
30238419 2.18004601 41.38559429
442540276 2.17518602 41.40028584
30243129 2.17539154 41.39665362
243748754 2.17995901 41.3873876
243748973 2.18001911 41.38799931
243752698 2.17973588 41.38674362
243748975 2.18048263 41.387716
243748974 2.18030233 41.38779974
219029429 2.1799756 41.39132751
211628980 2.17899392 41.38921628
240920862 2.17955668 41.3851306
30647763 2.1695455 41.38469282
216349831 2.17417147 41.38456818
1362900007 2.17005311 41.38793058
30556631 2.15900484 41.40074341
219011807 2.18142584 41.38866819
26057131 2.17233391 41.38883691
216282510 2.17927664 41.3858828
219011804 2.18142391 41.38883742
216321615 2.1745044 41.38524527
240878205 2.18017082 41.38640968
126803361 2.17312683 41.39664348
506239362 2.17544158 41.39838164
30647459 2.17800879 41.38902023
30884288 2.17238554 41.38601213
126803368 2.16855761 41.4000602
112409079 2.16478349 41.38437162
30554509 2.16172376 41.40179617
430535722 2.16966519 41.39936308
1382915146 2.15807637 41.39786129
426891062 2.17590912 41.39460844
30252304 2.1758973 41.38764224
126797329 2.16883111 41.40024561
1126848499 2.16669917 41.39814334
1382915143 2.15895832 41.39539299
426891065 2.17905653 41.39222111
240974629 2.18168526 41.38599352
243748165 2.178663 41.38646031
30243211 2.17460238 41.39387754
1377225824 2.1595313 41.39623009
1368967593 2.16355713 41.40037762
26057309 2.1669948 41.38844447
30243210 2.17091678 41.39670618
240992765 2.17976161 41.3871493
240972527 2.18108453 41.38543327
126812840 2.17491662 41.39463442
415935008 2.16157942 41.40193297
442540278 2.17867708 41.40119813
26057307 2.16411528 41.38631027
26057305 2.1646731 41.38593569
30554042 2.16168721 41.40003991
1303465772 2.16249833 41.39949048
1303465773 2.16300912 41.39993363
126697585 2.15852204 41.40113023
230161186 2.17939558 41.39031624
430535725 2.17315307 41.40006338
230161188 2.17911227 41.39071538
152839607 2.17687053 41.38512708
152839604 2.17608238 41.38454999
216349832 2.17418857 41.38452954
152839602 2.17579186 41.3842987
1377225839 2.15994336 41.3967869
691562330 2.17688679 41.38650356
691562331 2.17673348 41.38662132
1311833057 2.17984904 41.39102543
1377225832 2.16005484 41.39643578
691562335 2.17759087 41.38658252
691562336 2.17773537 41.38673297
216272480 2.1768132 41.38610818
1297469528 2.18019437 41.40172476
240886320 2.18046653 41.38811858
240886321 2.18068966 41.38811858
240886322 2.18065538 41.38796402
240972435 2.18072402 41.38515642
218925305 2.16600146 41.3846991
219007990 2.18012983 41.3900719
240972534 2.18119609 41.38535599
240972530 2.18159951 41.38546546
240972533 2.18139349 41.38546546
240972532 2.1814965 41.38539463
442540289 2.17146328 41.39969793
243749812 2.17943547 41.38729104
30333338 2.16262062 41.40024158
30333339 2.16204772 41.39979047
30333334 2.16032222 41.40071508
30333335 2.16081399 41.400328
30333336 2.16142561 41.39985308
30333337 2.16308012 41.40059848
194563819 2.17277982 41.38516128
30333332 2.15893133 41.40202651
30333333 2.15930432 41.401622
672631676 2.17713699 41.38542087
1311619337 2.16976117 41.39903107
240980406 2.18165961 41.38802202
544022036 2.16838058 41.38449551
26057304 2.16625661 41.38655058
1368967598 2.15889386 41.40200648
1311619330 2.17626141 41.40073704
26057390 2.16308381 41.38555791
240979742 2.18162516 41.38659241
30646348 2.17468713 41.38593569
240979740 2.18175399 41.38678561
71643542 2.15998351 41.3935778
826436271 2.17852344 41.40195727
30647345 2.18048933 41.38417121
30243061 2.17651631 41.39747782
30243062 2.17774526 41.39834803
30243063 2.18002682 41.40004033
30647437 2.17937538 41.38630566
30647435 2.17879837 41.38657321
30647434 2.18124764 41.38617382
426888488 2.17432344 41.39581116
506248814 2.17095634 41.39491723
426887254 2.17320839 41.39671104
243749273 2.17952994 41.3877611
1282870801 2.16395921 41.38539053
216278097 2.17913071 41.38614691
240992573 2.17974443 41.38819897
430535692 2.15991218 41.39680307
430535693 2.15892311 41.39655874
430535697 2.1705375 41.39908731
559794888 2.1813649 41.39906929
559794889 2.1813789 41.39905487
1311619324 2.17025117 41.39913484
559794882 2.17665721 41.3959762
243748402 2.17856862 41.38748416
559794886 2.18019856 41.39814661
559794884 2.17792933 41.39643109
559794885 2.17910648 41.39731747
1382915081 2.15893133 41.39610704
442540284 2.17490153 41.40056127
1311619520 2.15955846 41.39637283
442540282 2.17842889 41.40140038
442540283 2.1765262 41.40096209
30254369 2.15876143 41.39883158
1311619524 2.17020583 41.39926048
30556754 2.1615785 41.39820344
1311619529 2.15865808 41.39633796
30556750 2.15807512 41.40143793
1042950331 2.17359807 41.38991307
462256414 2.172637 41.38863944
219029434 2.1803149 41.39140781
1311619508 2.15970799 41.39658489
112426933 2.16409676 41.3852394
243749157 2.18020787 41.38830198
1311619313 2.159292 41.39647509
250794418 2.17664011 41.39570429
1382915149 2.1594852 41.39594326
26057123 2.16999678 41.38783268
240980131 2.18111881 41.3873394
30647463 2.17849611 41.39047843
1126848491 2.16872927 41.40001812
30647336 2.17964812 41.38511786
555386328 2.17327377 41.39314454
26057129 2.17492081 41.38440733
301572459 2.16003656 41.39362566
301573106 2.1656537 41.38932449
506240835 2.1717465 41.39935989
506240834 2.17197583 41.39918479
506240837 2.17143411 41.39962744
33098956 2.16345647 41.39107388
506240831 2.17536983 41.39663368
506240830 2.16981347 41.40081381
415943065 2.1585404 41.39749978
506240832 2.17426627 41.39749911
126803324 2.17198338 41.39753993
216270616 2.17690766 41.3858828
126803326 2.16975069 41.39924279
240881511 2.18043217 41.38706892
506240839 2.17088233 41.40000999
506240838 2.17137141 41.39968528
30243262 2.16751917 41.39583681
211626442 2.17621297 41.38679508
30243260 2.16409751 41.39839337
30243261 2.16633632 41.39675303
234834329 2.17704143 41.38519548
30243264 2.17215043 41.39232588
30647590 2.17745089 41.38780963
30242763 2.18023947 41.39473509
216270615 2.17698494 41.38595371
559764759 2.16177212 41.384811
240937634 2.18024341 41.38444161
30243118 2.1709229 41.40003396
30243119 2.17173318 41.39946383
30884348 2.17498971 41.38428462
1377225865 2.15936249 41.39691732
1382915096 2.15926241 41.39584452
30254227 2.16524868 41.39417359
1382915158 2.15889227 41.39553062
243336862 2.18181023 41.38753663
30647593 2.17746799 41.38784827
826436085 2.17868437 41.40147439
30243116 2.16864972 41.40181579
30243117 2.1697672 41.40095321
30884261 2.16667512 41.3849286
30884260 2.16525296 41.38509448
26057345 2.17629016 41.38917764
30237701 2.1584321 41.38730797
30884265 2.16809652 41.38479021
30237642 2.15847711 41.38901469
240980129 2.18075831 41.38741668
240980128 2.18092142 41.38730076
30238026 2.15852983 41.39239193
218925304 2.16550794 41.38475216
536418291 2.17884547 41.40094809
218925306 2.16623037 41.38498266
218925301 2.16522304 41.38478996
506219371 2.1809707 41.39242613
218925303 2.16552747 41.38491284
218925302 2.16525271 41.38493623
240877445 2.1805009 41.38591632
240929976 2.17969397 41.38470564
1311619413 2.17025193 41.39911346
30254220 2.16071793 41.39755149
240877443 2.18095578 41.38603862
240877442 2.18151368 41.38627691
216274317 2.17865864 41.38554148
506219368 2.17600501 41.39494078
216278102 2.17992582 41.38585832
672631673 2.17710958 41.38526756
216278100 2.17944821 41.38605027
211601228 2.17430449 41.38777032
1311619420 2.16933603 41.39896141
1382915103 2.15951353 41.39592012
1311770046 2.16186843 41.39489787
240937635 2.1800202 41.38462828
240928087 2.17950521 41.38436433
1311770048 2.16379048 41.39304471
1311770049 2.15964479 41.39640619
30243161 2.17200483 41.40091901
30243160 2.17087026 41.40178377
126803357 2.16743443 41.40091172
30554504 2.16078473 41.40108497
240980130 2.18103298 41.38766781
1382915094 2.15848616 41.39576523
30556542 2.163937 41.40194093
430535721 2.16971079 41.39933148
430535726 2.17340503 41.39986188
430535727 2.17177173 41.39945226
430535724 2.17494906 41.40051743
1382915087 2.1581907 41.39601702
430535728 2.17154693 41.39965887
430535729 2.17608431 41.40079093
1382915192 2.15926509 41.39586858
1382915190 2.15954798 41.39498252
506248813 2.17209268 41.39577076
1382915108 2.15935361 41.3957721
506248816 2.16979872 41.39404769
30243366 2.15844308 41.39076592
30252398 2.1743226 41.38586243
1124790721 2.16636976 41.39840268
1362900001 2.16997122 41.38530579
826436280 2.17868974 41.40202969
240881515 2.18092997 41.38701737
240881512 2.1805009 41.38717839
442540296 2.16309554 41.39756583
1377225902 2.15944832 41.39627677
243748972 2.17994191 41.38806368
1311619392 2.16480847 41.39785492
555386323 2.17452896 41.39218456
1382915102 2.15961873 41.39603487
1311619461 2.17024991 41.39918186
1382915104 2.1579954 41.39563439
30243058 2.17317746 41.39494749
1382915106 2.15922377 41.39530037
1311619465 2.1698532 41.39896711
219029432 2.18013251 41.39128393
1382915109 2.15798459 41.39560019
1311619468 2.15943047 41.39668581
30556539 2.1626694 41.40083418
1377225903 2.16007479 41.39645967
