30254316 30254307
30254316 30254318
30254316 30254311
1126848522 30243208
1126848522 442540267
1126848522 1126848499
1126848522 30243207
219009535 240982102
219009535 243749899
219009535 219009557
559765972 559765964
559765972 26057304
559765972 71643529
559765972 559765962
1306836718 462256419
1306836718 1311770054
559765970 559765968
559765970 301573130
559765970 301573106
30254311 104449664
30254311 30884288
1306836714 1306836717
1306836714 1306836716
1306836714 426891273
1306836716 219029424
1306836716 219029432
1306836716 219029434
211202745 216321617
211202745 152839599
211202745 216322470
30254318 104449664
30254318 357593487
30254318 541645102
30556099 30556542
30556099 1303465751
30242862 301573011
30242862 506248826
30242862 432594824
30242862 30247434
30242861 30237644
30242861 432594831
30242861 506248828
30242861 555187278
30242867 30243263
30242867 30242868
30242867 30242866
30242867 506248816
30242866 30243055
30242866 33098963
30242866 30242865
30242865 30254224
30242865 30243054
30242865 442540236
30242864 442540253
30242864 30243053
30242864 442540236
30242864 33098957
30242869 506248813
30242869 126803361
30242869 30242868
30242869 30243210
30242868 30243249
30242868 506248814
442540242 1377225818
442540242 1311770051
442540242 442540240
442540242 30253494
442540243 621906544
442540243 1311619468
442540243 1311619357
442540240 30238030
442540240 1311770053
442540240 1311770046
30884275 544807089
30884275 30647763
30884275 544807082
533662625 30243253
533662625 555386335
533662625 30243251
533662625 30647463
240984696 240984699
240984696 240984009
240984699 240982102
240984699 240886321
1042950301 26057347
1042950301 211608571
104461036 71643550
104461036 1126640615
104461036 26057304
415938873 415938886
415938873 415938874
30237644 30237702
30237644 30237645
30237644 30237643
555187281 555187269
555187281 555187275
555187281 30247434
555187281 555187278
30647446 211205221
30647446 30884253
30647446 430984233
1311619363 1311619481
1311619363 1377225813
1311619363 1311619508
218922129 218922131
1311619365 430535708
1311619365 30254222
1311619365 1311619514
1311619365 1311619407
826436230 826436222
826436230 826436233
243753896 243753895
243753896 30647437
243753896 243752698
218999512 1311833057
218999512 243335639
218999512 219007990
216292368 216355606
216292368 216274311
216292368 216267826
243753895 243753894
1343574434 462274212
1343574434 462256421
243749420 243749421
243749420 243749273
243749420 30244386
243749421 240992573
243749421 243748972
773324530 250793737
773324530 426888488
773324530 506240831
773324530 1311619526
269369082 559787230
269369082 442540235
269369082 442540234
30254381 30254380
30254381 30556631
30254381 30554503
426890153 430535720
426890153 126797329
426890153 1126848491
426890153 506240830
243750179 243750178
243750179 243750180
426890151 30243118
426890151 426890148
426890151 506240830
426890151 30243117
1042950308 30242758
1042950308 1042950335
1042950308 30242757
216344186 216344187
216344186 30646350
216344186 30646196
216344187 211644349
1311619505 1311619337
1311619505 1311619441
1377225813 430535735
1377225813 1377225821
1377225813 1311619514
301572951 30243323
301572951 71643537
301572951 301572963
301572951 301572961
33098963 30243263
33098963 30254224
33098963 30243328
301572957 30238026
301572957 71643542
301572957 301572949
301572957 301572961
216349840 216349843
216349840 216349838
1311619513 442540267
1311619513 442540272
1311619513 1311619465
1311619506 1311619520
1311619506 1311619422
1311619506 344992887
506239347 30243061
506239347 30243062
506239347 506239362
1311619517 1311619508
1311619517 1311619518
1311619514 1377225821
211204554 211204250
211204554 30646348
211204554 30254236
30646347 211205221
30646347 30646348
30646347 30646346
30252251 30252250
30252251 691562347
30252251 30647590
30252250 30647451
30252250 30252304
211204250 211203587
211204250 30646196
71643533 301573011
71643533 301572269
71643533 71643531
71643533 33098956
216283275 216282510
216283275 30647398
216283275 30238418
301572306 301572399
301572306 71643537
301572306 301572279
301572306 30243325
1311619311 30243119
1311619311 430535728
1311619311 1311619326
1311619311 1311619289
1382915107 1382915139
1382915107 1382915084
26057342 555386343
26057342 26057345
26057342 26057341
26057342 30242758
415938886 415938882
216344189 211644349
216344189 30646349
415938882 415938879
559787238 559787235
559787238 30243058
559787238 431484966
357593488 541645105
357593488 30254308
357593488 357593487
126798002 213942769
126798002 30242762
126798002 426891064
126798002 219018793
1124790711 1124790721
1124790711 30243206
1124790711 442540293
1126848466 559787234
1126848466 555386328
1126848466 559787233
1126848466 555386323
126798005 126798008
126798005 219031559
126798005 219029423
126798005 219018793
30243051 506248826
30243051 559765968
30243051 432594828
30243051 301573106
126798008 1311833061
126798008 219029434
1362899995 1362900000
1362899995 209146741
1362899993 1362900000
1362899993 30884288
126812839 126812838
126812839 126812840
30884259 30884260
30884259 218925299
30884259 112426933
216327575 211644343
216327575 216321612
216327575 104467383
216327578 216321612
216327578 194560484
216327578 104467383
71710262 71710260
71710262 216350784
71710262 30252518
30884253 30254238
30884253 430984235
30884255 30252398
30884255 30252452
30884255 30646346
30884257 30884260
30884257 194589435
30884257 218925306
544807089 1362900001
544807089 104431832
1286855176 30243330
1286855176 30242963
218925299 1362899960
152839597 672631687
152839597 672631689
152839597 533664801
30556749 30556750
30556749 1368967598
152839611 1362900001
152839611 544807087
152839599 30884348
152839599 533664801
544807082 100455837
544807082 544807085
544807085 1362900001
544807085 546558631
544807087 546558632
544807087 152839710
544807087 544807095
559787230 30254225
559787230 559787237
559787230 30243054
1311833061 30243125
1311833061 330028856
344992888 1377225818
344992888 1311619518
344992888 1377225884
344992889 1311770051
344992889 649511772
344992889 1382915190
344992889 1382915099
219009557 243335639
691562345 691562346
691562345 211628976
691562344 691562343
691562344 30244373
691562344 691562335
691562347 691562346
691562347 211628976
691562341 691562340
691562341 691562342
344992887 1311770052
344992887 1377225840
344992884 26057311
344992884 30242818
344992884 1362900007
691562342 691562337
243749895 243749898
216267823 216267822
216267823 672631697
216267823 216274311
216267823 30244372
216267822 30244377
216267822 243749989
216267825 234837150
216267825 672631697
216267825 216267826
216267826 672631676
243749899 243336188
243749899 243749898
506219363 506219357
506219363 506219362
216321617 216321616
216321617 216322469
216321616 216321615
30252323 30647461
30252323 211626442
30252323 430984233
216321612 216323556
240972528 30297714
240972528 240972529
240972529 240972530
30252211 30252215
30252211 30647459
30252211 30647451
533664781 30252398
533664781 209146741
533664781 104467383
216339263 216339262
216339263 216339265
216339262 216339261
216339261 216339260
216339260 152839604
216339266 216339271
216339266 216339265
30333328 30243244
30333328 30554548
30333328 30243260
240984013 240982102
240984013 219007990
240984013 240984010
30333325 30333343
30333325 30254220
30333325 430535707
240984010 240984716
240984010 240984009
30884410 30243990
30884410 30884408
30884410 240923585
71643550 194589435
71643550 112382699
649511772 649511766
649511772 30238029
30646351 211201707
30646351 30646246
30646351 216322470
1375310919 26057311
1375310919 1382922509
1375310919 559765964
1382915181 1382915125
1382915181 1382915149
1382915181 1382915111
171759000 26057310
171759000 1382922538
171759000 442540254
235337935 243749158
235337935 240886320
235337935 240886321
1382915154 1382915158
1382915154 1382915165
30237702 30238008
30237702 30237703
30237702 30237701
30237703 30238009
30237703 30237645
30237703 559764759
30254224 30254227
30254224 442540237
30254225 30254350
30254225 559787231
30254225 26057312
30254222 30253494
30254222 94668946
30254222 1377225884
30647400 30884408
30647400 240886330
30647400 30647399
104480974 559765964
104480974 26057125
826436238 826436233
826436238 30556416
30254228 71710260
30254228 26057131
30254228 211608571
30254228 430984232
1382915185 1382915158
1382915185 1382915174
30253861 826436082
30253861 1297469526
30253861 1297469528
30253861 879356690
216287136 216293031
216287136 216293035
216287136 216286303
415938879 415938876
415938876 415937950
415938876 415937924
415938874 415937929
415938874 415937950
415938874 30254379
243747143 243752698
243747143 240878205
243747143 30647427
533976718 219018794
533976718 30243212
533976718 533976719
691562325 26057346
691562325 691562322
691562325 691562340
536418253 30243063
536418253 536418291
536418253 30254089
536418253 431481321
430535712 1311619424
430535712 430535713
430535712 1124790721
430535712 430535710
104462108 26057116
104462108 1126640615
104462108 26057125
30333329 126803331
30333329 1303465757
30333329 800572603
30333329 30243205
216339256 216304635
216339256 216304636
216339256 216335928
30254350 559787237
30254350 30243264
30254350 559787232
432594831 432594830
432594831 432594824
432594830 432594829
1126848568 30238031
1126848568 30243375
1126848568 1126848483
1126848568 1311833048
30243966 30243967
30243966 30243962
30252215 30244384
30252215 30252561
30252215 30647593
30243330 30243389
30243330 442540284
30243330 442540265
301572132 26057310
301572132 26057309
301572132 301572243
126800097 30242760
126800097 219018794
126800097 426891064
126800097 126800081
30243205 30243245
30243205 126803357
30243205 30243206
30243206 126803368
30243206 426890171
30243207 1311619424
30243207 1311619420
30243207 430535710
30243208 30243247
30243208 442540267
30243208 30243209
30243209 30243329
30243209 30243210
30243209 30243248
243753894 240878205
1311619384 1377225849
1311619384 1311619313
1311619384 1311619291
26057116 544807095
26057116 1126640615
26057116 704035464
26057116 104449664
26057116 26057118
126812853 559794878
126812853 1311619526
126812853 126812856
30647327 30238420
30647327 30647336
30647327 30238419
301572460 1382915126
301572460 649511766
301572460 71643543
301572460 1382915190
30243056 559787236
30243056 30243055
30243056 506248816
30243056 30243057
26057118 26057123
26057118 211637737
1382915174 1382915167
1382915177 1382915123
1382915177 1382915165
216350784 1362899977
216350784 211637737
216326021 216323556
216326021 211644349
216326021 211644343
216326022 211644349
216326022 216321615
243336188 219011804
243335639 240982102
415938300 30554506
415938300 415937950
415938300 415938299
30297898 152839604
30243375 30243373
30243375 30243328
30243375 30243261
30243370 301572399
30243370 442540250
30243370 30243325
30243371 442540250
30243371 1311770053
30243371 442540239
30243371 1311770048
30243373 442540239
30243373 1126848483
30243373 30254227
1126848483 30238030
1126848483 1311770046
559032149 559787231
559032149 1382922487
559032149 1382922478
621906544 1377225825
621906544 1377225865
621906544 415943065
30238031 30238030
30238031 30238032
30238031 30254348
216349827 26057129
216349827 194560484
30238032 1311833048
30238032 442540256
71643538 71643537
71643538 301572399
71643538 71643542
71643538 301572961
359977425 359977762
359977425 30243125
359977425 506219371
211205221 30254236
243750174 243749987
243750174 243750175
243750175 243750176
243750176 243750178
126797324 250793737
126797324 426889568
126797324 126797989
126797324 506240833
30646349 30646348
30646349 30646350
30242871 30243129
30242871 30242872
30242871 33098964
30242871 506240832
30647398 240886330
30647398 216281405
30647399 216286306
30647399 216286303
1382915167 1382915120
71643543 71643542
71643543 301572949
234837149 672631673
234837149 672631676
1311770050 30243053
1311770050 1311770055
1311770050 1311770054
1311770053 1311770051
1311770053 30238029
1311770052 1377225917
1311770055 26057313
1311770055 1382922538
1311770054 462256418
1311770054 26057313
1311770054 442540234
240882893 240928090
240882893 216298910
559765968 559765959
559765968 71643529
426890157 126803368
426890157 426890171
426890157 1126848552
426890157 1126848491
30646243 211201707
30646243 211203587
430535716 430535697
430535716 442540273
430535716 426887391
430535716 126797989
430535714 430535708
430535714 430535713
430535714 442540257
430535714 1311619407
430535713 1311619392
430535713 442540255
30646246 211203587
30646246 30646196
1382915165 1382915190
1382915165 1382915106
126812847 126812845
126812847 126797999
126812847 126812848
126812845 126812844
126812845 426891062
126812845 1311833045
126812844 126812843
126812844 250793730
126812843 126812841
126812841 431484966
126812841 126812840
104431832 112382699
104431832 544807095
506248807 506240831
506248807 506240832
555386335 555386343
555386335 26057345
1311619289 1311619497
1311619289 506240837
1311619289 506240836
30252561 211628980
30252561 30647459
112426103 112399403
112426103 1282870796
112426103 1282870801
826436288 826436280
826436288 826436253
426888487 1311619470
426888487 426888488
30243990 30243989
30243990 240929976
126800073 1311833057
126800073 126800074
126800073 219029432
30647342 30647345
30647342 240937634
30647342 30884407
301572243 506248822
301572243 442540254
301572243 71643531
126800074 219029429
30243996 30238420
30243996 30297713
30243996 30297712
30243996 30243997
30243997 240974629
30243997 240878924
1311619470 126812856
1126640615 26057125
1382915114 1382915091
1382915114 1382915094
1382915113 1382915124
1382915113 1382915143
243750180 243750485
1382915111 1382915168
1382915111 1382915149
1382915111 1382915176
1382915110 1382915126
1382915110 1382915175
1377225915 1377225818
1377225915 1311770051
1377225915 1377225917
1377225915 1311770049
1382915139 1382915176
1377225917 1377225824
1377225917 1382915099
216286306 216274317
216286306 216281405
216286303 30647425
1382915118 1382915081
1382915118 1382915192
1126848552 430535731
1126848552 430535722
1126848552 126803326
541645105 541645104
541645104 541645102
30247434 30243323
30247434 301572963
230148629 30244392
230148629 240984716
230148629 230148625
230148629 230148634
126797999 213942769
462256416 462256418
462256416 462256414
704035634 704035464
442540277 442540259
442540277 30242964
442540277 30242874
442540277 442540278
30238008 30238009
442540275 430535726
442540275 442540263
442540275 506239358
442540275 30243163
442540274 506240835
442540274 30243120
442540274 442540263
442540274 430535727
442540273 1311619267
442540273 430535697
442540272 30243329
442540272 1311619267
442540271 30313116
442540271 1382915094
442540271 1382915081
442540271 1382915087
442540271 1382915127
442540271 1377225840
426891063 1311833046
426891063 213942769
426891063 426891064
426891063 126800081
1362899977 26057131
1362899977 1362900007
1282870796 559026426
1282870796 1282870801
426891064 426891065
442540279 30254089
442540279 1297469528
442540279 30242877
426891066 219029424
426891066 426891065
30242759 30242760
30242759 555386347
30242759 30243251
30242759 30242815
30242758 30242816
30242758 555386347
826436222 826436266
826436222 826436197
1311619359 430535724
1311619359 430535730
1311619359 1362899966
1311619359 1311619330
1311619359 430535723
555386343 555386347
555386343 30243251
1311619357 430535692
1311619357 430535707
555386347 555386323
30242757 26057341
30242757 26057131
30242757 30242817
437132969 243748402
437132969 30244385
437132969 243749812
30243323 30243367
30243323 30243322
30243322 30243366
30243322 555187275
30243322 30237642
462274212 462256418
30243325 442540251
426890646 506219358
426890646 506219350
426890646 126812856
194563288 194563819
194563288 30254307
194563288 216349838
30243329 126803324
30243329 1126848477
30243328 30243262
30243328 30254227
301573011 301572963
301573011 301573106
533664801 211201707
100455837 1376659566
1382922534 26057312
1382922534 442540234
216322469 216322470
209146741 30252518
359977762 359977763
359977762 506236255
359977763 506236256
559765962 26057307
559765962 559026426
559765962 26057305
1311619518 1311770049
1311619518 1377225821
30254308 30254307
30647440 216278102
30647440 30647441
30647440 30647437
30647441 240878205
30647441 30647445
506239358 442540276
506239358 506239356
506239358 506239360
216281405 216282510
30647445 240877445
30647445 240877443
33098964 30243120
33098964 30243163
33098964 506240833
506239356 430535723
506239356 430535726
506239356 1362899966
30647449 30647461
30647449 30252304
506239350 506239349
506239350 442540285
506239350 442540265
506239350 1362899991
506239353 430535725
506239353 1362899966
506239353 430535724
506239353 1362899991
94668946 30253494
94668946 30254348
30244367 30244368
30244367 216272480
30244367 30244365
30244365 234836631
30244365 30254236
30244368 691562331
30244368 211626442
430984233 430984237
218917857 112398908
442540249 1377225825
442540249 430535693
442540249 1311619468
506219355 506219356
506219355 506219354
431481322 559794888
431481322 431481321
431481322 250794421
1303465751 1303465757
1303465751 1303465750
1311833045 1311833046
506219350 506219351
30238030 30253494
1311619516 442540284
1311619516 430535729
1311619516 442540283
243749158 243748973
243749158 243749157
211616876 30243213
211616876 219018794
211616876 219029426
506236255 30243166
506236255 506219371
506236255 506236256
506236256 30243166
30243248 30243262
30243248 30243247
30243248 30243249
30243249 30243263
30243249 30243210
30243244 30243245
30243244 800572603
30243244 1368967593
30243245 1124790721
30243245 30243260
30243247 30243261
30243247 1126848499
430535723 430535730
430535723 442540276
1126848470 430535731
1126848470 126803326
1126848470 430535732
1126848470 442540293
559794881 30242812
559794881 559794879
559794881 559794884
1126848477 426889568
1126848477 426887391
1126848477 126797989
1377225884 1377225821
1377225884 1377225903
800572628 800572603
230155667 30244395
230155667 230155668
1362900011 559794879
1362900011 559794888
1362900011 250794419
1362900011 559794884
112398908 30884261
112398908 112409078
112398908 218922134
30254380 30554037
30254380 30254379
243748406 243748042
243748406 240985916
230155668 230155671
506219356 426891062
506219357 506219368
506219354 506219353
1303465757 1303465752
1303465750 30333337
1303465750 1303465752
506219353 506219351
1303465752 1368967593
462256419 462256421
506219358 506219362
442540285 30243161
442540285 430535725
442540285 442540289
1377225818 1377225832
26057389 559026424
26057389 26057390
26057389 559764759
1382915084 1382915127
1382915084 1382915093
216267832 243749987
216267832 216274311
216267832 243748165
30242762 30242812
30242762 30242763
30242762 30243124
240979739 240979740
240979739 240979422
30242816 30242817
30242816 559787233
30242816 555386323
30242817 30242818
30242817 559787232
30242814 30242760
30242814 30243211
30242814 126800081
30242814 30242815
30242815 559787234
30242815 555386323
240928090 30243989
240928090 216293035
30242818 26057131
30242818 559787231
30254368 1377225877
30254368 30254369
1311619267 1311619413
442540237 442540238
442540237 442540236
442540237 33098957
442540236 442540235
442540235 30243053
442540235 30243054
30252452 71710260
30252452 30252518
533664794 211628976
533664794 211626442
533664794 30244373
533664794 30252304
442540238 30254227
442540238 442540239
442540238 1311770048
30244388 240992573
30244388 30244390
30244388 30244386
1311619319 1311619326
1311619319 430535726
1311619319 1362899966
1311619319 430535725
555187275 555187269
194589435 26057305
216339271 216339273
30884407 30884406
216339273 216304636
30244380 30244377
30244380 30647590
30244380 240985916
30884408 216293035
30884408 240923586
826436266 826436271
243749816 243748973
243749816 240992046
243749816 243748974
30244384 30244385
30244384 240985916
30244385 30244386
555187278 555187269
430535751 1377225825
430535751 430535693
506240833 506240834
506240833 506240832
442540258 430535708
442540258 430535692
442540258 30254220
442540258 442540257
1382915124 1382915122
1382915125 1382915093
672631697 216270616
71643529 26057307
71643529 301573130
1382915120 1382915168
1382915121 1382915090
1382915121 1382915095
430535720 430535701
430535720 430535721
430535720 126797988
30242760 30243212
218922131 218922134
506239360 506239362
506239360 30243163
506239360 30254197
250794420 253707075
250794420 250794419
250794420 559794885
250794420 250794421
250794421 559794886
250794421 431481328
250793737 426887254
250793737 506240832
250793733 30243058
250793733 426888488
250793733 126812838
250793733 126803361
30242810 30242809
30242810 30242811
30242810 30242764
30242810 559794885
250793730 126800081
30242964 442540260
30242964 442540283
30242964 1311619330
30242811 30242812
30242811 30242763
30242811 559794884
216335928 216335929
559026424 559026426
30242764 30242763
559026426 26057390
1159755015 442540260
1159755015 442540282
1159755015 442540278
672763990 30884265
1382922478 26057312
126797987 30243116
126797987 126797986
126797987 126797329
126797987 126803357
219031559 219029434
112382699 30884265
432594826 432594827
432594826 432594825
432594827 432594828
432594824 432594825
30554505 30554542
30554505 30554506
30554505 30554504
30554503 30554037
30554503 30554041
431481321 559794891
431481321 431481328
30238418 216278102
30238418 30238419
649511766 301572459
30553979 415935180
1382922487 26057311
30254348 442540256
30254348 1311619407
432594828 30243050
432594828 432594829
431481328 253707075
431481328 30242965
30243213 30243212
30243213 30243251
30243212 30243251
30554044 30556539
30554044 30333337
30554044 30554043
30554043 30333338
30554043 30554042
30554041 30333341
30554041 30554039
30243962 240937635
30243962 30238421
30333443 30254369
211608571 26057341
1382922509 26057310
437132968 216274317
437132968 30647424
437132968 216274311
240983066 30244392
240983066 240984009
240983066 240983064
219018794 426891065
30554542 30333335
30554542 126699974
219018793 426891065
219018793 30243124
30254238 30646346
30254238 430984232
30243367 30243366
30243367 30238026
30243367 301572961
30554613 30254395
30554613 30556754
30554613 1368967605
430535717 506240836
430535717 430535697
430535717 430535718
213942769 30242812
240923586 240920862
240923586 240923585
691562322 30647460
691562322 691562337
230158668 230155671
230158668 230161186
230158668 30647463
691562329 691562330
691562329 691562328
691562328 691562331
240886316 240881512
240886316 243748975
240886316 240917823
243748040 30647787
243748040 243750485
243748040 30647435
243748040 243752698
1382915161 1382915108
1382915161 1382915106
1297469521 1297469526
240980148 240980406
240980148 240917823
240980148 240886322
415938299 415937929
415938299 30554504
1297469526 1297469528
1297469526 30242877
430535708 430535735
430535710 430535732
430535710 442540293
234837152 672631686
234837152 234836631
216297930 216293031
216297930 30647425
216297930 216355606
234837150 234836631
240979425 240979424
240979425 240917823
240979425 240980129
240979422 240979742
240979422 240979424
1382915168 1382915096
126812850 506219369
126812850 250794418
126812850 126812848
240930559 240937635
240930559 240929286
1382915173 1382915169
1382915173 1382915091
1382915169 1382915131
1382915175 1382915094
415937924 415935008
126812856 126812838
1382915176 1382915102
1382915176 1382915099
415937929 415937950
1311619326 430535703
1311619326 430535725
559794879 250794418
559794878 431481389
559794878 506219369
506240836 506240835
506240836 430535727
216298910 216293031
216298910 234834329
430535718 506240837
430535718 1126848504
1311619291 1311619468
301572399 301572459
30243989 30243988
30243989 240928087
30243988 240928087
240992046 243749814
240992046 243749273
30556803 430535693
30884406 240928087
30884406 240929286
415935180 126699974
415935180 30554509
430984235 211601228
430984235 430984236
430984235 430984237
430984236 430984232
1311619441 126803326
1311619441 1311619420
1311833048 442540268
1311833048 30243261
240983064 240982770
1377225840 1377225873
1377225840 1377225902
1377225845 1377225873
1377225845 1311619529
1377225845 1311619422
1377225845 1377225849
240886330 240920862
1042950335 1042950331
126699974 30556539
826436082 826436250
826436082 826436085
1382915105 1382915109
1382915105 1382915104
243749810 243749812
243749810 243749988
442540268 1126848499
442540268 442540256
126797988 1311619390
126797988 430535701
126797988 1311619396
126797989 506240834
442540260 30556416
442540260 442540283
240974630 240974629
126797986 126803331
442540263 30243120
442540263 430535703
442540265 442540284
442540265 1362899991
243748042 243748402
243748042 243749988
431481362 559794882
431481362 30243061
431481362 250794419
431481362 253707075
1362899960 30884260
1362899960 112409078
1362899960 218925301
30243263 30243262
30333341 30556754
30333341 30333342
30333341 30333339
30333343 1368967607
30333343 30333344
30333343 30254369
30333342 1368967605
30333342 30554609
442540239 1311770046
30333344 1377225877
30333344 415943065
826436255 826436257
826436255 826436253
826436257 826436259
230170503 230161186
826436250 826436253
430535701 506240839
430535701 1126848504
430535703 430535726
430535703 430535727
826436259 826436197
240992763 240881511
240992763 240992765
240992763 30647427
431481389 559794882
431481389 250794418
431481389 30243129
30647424 30647425
30647424 216355606
30647425 216274317
30647427 30647434
426890171 442540293
26057347 211601228
26057347 26057346
26057347 26057341
1311619481 1311619468
704035464 211637737
211644349 30646350
1362899991 430535725
211637737 1362900000
211637737 1362900007
216323556 216321615
430535758 430535693
430535758 1377225849
216304638 216304635
1382915123 1382915086
1382915090 1382915087
30647451 30647590
30254379 30333334
30254379 30333333
1382915095 1382915104
1382915098 1382915108
1382915098 1382915103
30254370 30254369
30254370 30254393
30254370 30254390
30647458 211628980
30647458 30243253
30647458 230145388
30243163 30242872
30556416 442540282
30244377 691562343
30244373 30244372
30244372 691562331
431484966 30243211
431484966 30243250
240878924 240877442
240878923 240979140
240878922 240881515
240878922 240979140
240878922 240877442
30554548 1303465772
30554548 30254326
30243389 506239349
30237645 30243050
30237645 559764760
230148634 30244392
230148634 30244390
230148634 211628980
301573130 26057309
126803331 126803357
250794419 250794418
253707075 30243062
1368967605 30254393
30254197 442540259
30254197 30254198
30254197 442540276
30254198 30243062
30254198 506239362
30254198 30242874
30554609 30556631
30554609 30254390
30554609 30554608
426889568 426887254
426889568 126803324
30243253 30647459
30243250 559787235
30243250 559787234
30243250 555386328
30243054 30243055
230155671 30647464
430535707 430535692
430535707 1377225865
219029423 219029424
1126848504 1311619390
1126848504 506240838
1311619390 1311619524
216349843 30884288
26057125 26057123
26057125 1362900007
26057125 26057304
1311619396 126803326
30237643 555187269
30237643 30237701
30237643 30237642
506219360 506219368
506219360 506219365
506219365 506219364
506219364 426891062
1376659566 30647763
240984716 30244393
112409078 112409079
1311619407 1311619392
30647460 211601228
30647460 30647461
26057346 26057345
234836631 234834329
301572963 33098956
1382915086 1382915122
30242965 30243062
30242965 30243063
30242965 30242874
230145388 30647464
559787235 559787236
559787235 30243057
559787234 30243211
559787237 559787236
559787237 30243055
559787236 30243264
559787231 559787232
1311619424 1311619392
1311619424 1126848499
559787233 30243264
559787233 559787232
240982770 243749026
240982770 243749157
430535735 1377225839
26057341 26057131
219029427 219029426
219029427 219029429
1311619422 1311619313
30238029 442540250
30238029 301572459
30242809 559794886
826436197 826436085
240917823 240980130
506248828 432594829
1311619443 1311619337
1311619443 1311619420
1311619443 1311619465
506248822 301572269
243750485 243749988
30243124 30243166
30243124 506219371
301572269 442540253
301572269 301572279
243752615 30647437
243752615 216278100
243752615 216278097
546558632 1362900001
546558632 546558631
432594829 30243050
30244390 243749026
30244395 30244393
30244395 219007990
216349838 211206380
71643537 33098956
230148623 30647464
230148623 230148625
240979424 240980131
240979424 240980128
672631689 152839607
71643531 26057309
71643531 301573106
1311619497 1311619324
1311619497 1311619524
672631686 672631687
1382915131 1382915143
559765959 26057307
559765959 559764760
559765964 26057309
30254326 30556754
30254326 442540257
243749989 243749988
30297714 30297713
30297713 240972527
30297712 240877443
30297712 30647434
430535730 442540259
430535730 442540276
30242872 30243061
30242872 506239362
30242874 536418291
240979140 240979742
30242877 536418291
30242877 442540278
301572279 442540252
301572279 33098956
442540251 442540250
442540251 1311770048
442540251 442540252
442540253 442540252
442540253 442540254
442540252 33098957
442540255 30243260
442540255 442540296
442540255 1124790721
442540254 30243053
442540257 442540296
442540256 1311619392
442540259 1311619330
216335929 152839607
30238420 240972435
30238420 240929976
30238421 240972435
691562343 691562336
426886960 426886961
426886961 126803368
426886961 126797329
426886961 1126848491
1377225849 1311619529
30243166 30242763
243749026 240992573
240929286 240929976
216272479 216270616
216272479 216272480
30242963 442540283
426890148 30243161
426890148 30243160
426890148 506239348
30254395 1368967607
30254395 30254220
30254393 1368967607
33098957 1311770048
30554506 30554509
506239349 30243161
506239349 506239348
30554039 30554037
30554039 30333336
559764760 26057390
559764760 559764759
211206380 216349832
243749814 243749812
216349830 30884348
216349830 216349831
30647787 240992765
30647787 243749812
1368967602 30333332
1368967602 30333333
30554608 126697585
30554037 30333334
30243057 30243058
30243057 506248814
219029426 219029424
30243120 506240834
30238419 240877445
30243129 506240831
30243129 30243061
243748754 240992765
243748754 240881512
243748754 243748974
243748973 243748972
243748975 240886320
243748975 243748974
219029429 219029432
240920862 30647336
30647763 30884265
216349831 216349832
1362900007 26057123
30556631 126697585
219011807 240980406
219011807 219011804
216282510 216278100
240878205 240877443
126803361 126803324
126803361 426887254
126803368 126803357
30554509 415935008
430535722 430535721
430535722 1126848491
1382915146 415943065
126797329 30243117
243748165 30647435
243748165 216278097
1377225824 1377225902
1368967593 1303465773
30243210 126803324
240972527 240972435
240972527 240972534
442540278 536418291
442540278 442540282
26057307 26057390
26057305 26057304
26057305 1282870801
30554042 30333336
30554042 30333339
1303465772 1303465773
1303465772 30333339
1303465773 30333338
126697585 30333333
126697585 30556750
230161186 230161188
430535725 430535728
230161188 1311833057
230161188 30647463
152839607 234834329
152839604 152839602
1377225839 430535692
1377225832 1377225903
691562335 691562336
216272480 216270615
240886321 240886322
218925305 218925304
218925305 218925306
240972534 240972533
240972530 240972532
240972533 240972532
442540289 30243118
442540289 430535728
442540289 506240838
30333338 30333337
30333338 30333339
30333334 30554504
30333334 30333335
30333335 30333336
30333332 1368967598
240980406 243336862
544022036 30884265
30646348 30252398
71643542 301572459
826436271 826436280
30647437 30647435
30647434 240877442
426888488 426887254
243749273 243748972
1282870801 112426933
430535697 506240835
559794888 559794889
559794889 559794886
1311619324 1311619461
1311619324 1311619413
559794886 559794885
559794884 559794885
1382915081 1382915094
442540284 430535724
1311619520 1311770049
442540282 826436085
1311619524 1311619461
243749157 243748972
1382915149 1382915102
1382915149 1382915103
240980131 240980130
555386328 30243264
26057129 30884348
506240835 506240834
506240837 430535728
506240837 506240838
506240830 506240839
216270616 216270615
240881511 240881512
240881511 240877442
506240839 30243118
506240839 506240838
30243262 30243261
30243260 442540296
234834329 672631673
30647590 30647593
240937634 240937635
30243118 30243161
30243119 430535727
1382915096 1382915192
30243116 30243117
30243117 30243160
30884261 218925306
30884261 30884265
240980129 240980128
218925304 218925303
218925301 218925302
218925303 218925302
216278102 216278100
30556542 30556539
430535724 430535729
506248813 30243058
240881515 240881512
