286040199 13.39552121 52.52041496
538829254 13.40341051 52.52077664
538829256 13.40279251 52.5212467
538829250 13.40295562 52.52074529
538829253 13.4026724 52.5206774
538829252 13.4026895 52.52064613
540939033 13.3897351 52.52016199
540939030 13.3900081 52.52016099
260123872 13.40079292 52.52570922
673876048 13.39405019 52.53218156
260123873 13.40087976 52.52579832
1395098676 13.40486393 52.52009829
1134198954 13.39076632 52.52456031
1212471772 13.40482169 52.52542457
1134198951 13.39105148 52.52539549
160543190 13.39348877 52.51819677
257745597 13.40130179 52.52403929
102972994 13.39996488 52.5209302
257745594 13.40102711 52.52406017
437305190 13.39174114 52.51669398
1217556913 13.38684317 52.52314117
1208647497 13.39708058 52.5213451
1217556914 13.38707879 52.52338308
257745599 13.40162793 52.52389311
1217556916 13.38615896 52.52351559
588181307 13.40234089 52.52361844
260123800 13.40137111 52.52562708
260123803 13.40168006 52.52570537
260123802 13.40153422 52.52575239
588181303 13.40196094 52.5236114
260123804 13.40161997 52.52564267
588181300 13.40220578 52.52360914
393497936 13.39989036 52.5239564
588181308 13.40253334 52.52366563
258084892 13.39955232 52.52481261
258084891 13.39955106 52.52481068
258084890 13.39954368 52.52480741
665911010 13.38411377 52.52567066
441784235 13.40270986 52.51803249
393497938 13.39932433 52.52506658
540971896 13.39017657 52.52027683
1217556920 13.3865478 52.52327897
858213779 13.39097034 52.52307973
538718617 13.39367979 52.51976536
538718618 13.39362983 52.51973234
538718619 13.39361818 52.51966352
858213771 13.39098777 52.52310153
858213776 13.39084947 52.52281721
858213774 13.39091728 52.52330311
858213775 13.3904577 52.52339339
260123714 13.40137111 52.52582548
260123711 13.40182599 52.52575758
1166187568 13.40330397 52.52240147
260123713 13.40143984 52.52579941
102978179 13.40780606 52.51525632
1208647540 13.39342414 52.51758246
1166187566 13.40318663 52.52200752
1166187560 13.40357111 52.52176579
1166187563 13.40379758 52.52266022
1166187562 13.40236176 52.52213241
26871574 13.39495241 52.52799983
322796812 13.3935694 52.52619202
29194641 13.39760931 52.51940762
26871577 13.39526137 52.52784309
29194647 13.39986186 52.51864143
322796816 13.39263348 52.52817518
29194645 13.39989128 52.5185556
26871573 13.39295006 52.52747336
27412129 13.39464723 52.52333991
26871578 13.39700372 52.52701277
26871579 13.39648882 52.52725828
659386332 13.40008868 52.52868413
542370587 13.39606117 52.51643842
1203301151 13.38397178 52.52705452
1203301152 13.38348631 52.52684346
699669698 13.38522706 52.51799988
275620547 13.39718108 52.5222117
1217556649 13.38669222 52.52283549
30353446 13.3905779 52.5302766
30353447 13.39124208 52.52233768
257228340 13.40574177 52.52491822
30353441 13.38800926 52.52175171
257228342 13.40566449 52.52502794
260123629 13.40238389 52.52592992
653880767 13.39691956 52.52272241
665911072 13.38622367 52.52505937
260123621 13.40214358 52.52570017
260123620 13.40207502 52.52573152
260123623 13.40192054 52.52570017
260123622 13.40209212 52.52562708
260123625 13.4017488 52.5256793
260123624 13.40186899 52.52564803
653880768 13.39722592 52.52225638
540682638 13.40719703 52.51611496
376673128 13.39911721 52.51902113
262527510 13.39347812 52.51603449
534694572 13.40259889 52.52046466
534694573 13.40246419 52.52059794
534694576 13.40208826 52.52100756
534694577 13.40223411 52.52086247
534694574 13.40237442 52.52056198
534694575 13.40211911 52.52082316
298489489 13.38603759 52.51892424
699669760 13.38653916 52.52223199
699669767 13.3849352 52.51829954
538840469 13.395514 52.52328769
275609051 13.4043518 52.52119112
31153801 13.40646948 52.51668049
30217215 13.40715479 52.52324779
1287970560 13.39695141 52.5247671
258327376 13.40169993 52.5232602
260123613 13.40241826 52.52590913
1208647794 13.39641539 52.51967048
258327371 13.40134722 52.52326791
1208647797 13.3935316 52.51758917
858597929 13.39160569 52.52350998
858597924 13.39159412 52.52344552
858597922 13.39158641 52.52334603
450169269 13.39261076 52.51724266
270480367 13.3849554 52.52802162
345608768 13.40355568 52.52806127
441120048 13.38421226 52.52165741
26748887 13.38679841 52.52740446
1287970580 13.39705183 52.52444624
441120042 13.38422727 52.5216336
441120044 13.38424168 52.52161123
441120047 13.38431117 52.52165263
441120046 13.38432567 52.52163008
213233649 13.4055292 52.51836081
213233648 13.40541764 52.51819887
270480366 13.38471182 52.52801433
1252955294 13.38500871 52.5171223
30731492 13.40255631 52.52352766
1252955291 13.38411034 52.5167172
610532721 13.39724118 52.52598549
610532720 13.39749867 52.52601818
652771270 13.39661262 52.52273968
260924333 13.39597517 52.52578323
260924336 13.3967629 52.52563982
345790064 13.38327232 52.52483407
260924335 13.39614424 52.5255441
257745595 13.40119878 52.52406017
25664657 13.39058251 52.51814799
258327343 13.40123691 52.5228722
652771226 13.39573453 52.52235017
768092101 13.38617773 52.52468956
1210473796 13.39222083 52.52356681
353641655 13.39390602 52.52202839
615145703 13.4014452 52.52495804
98976234 13.40307766 52.52450793
615145701 13.40161946 52.52491504
317301789 13.40720206 52.5233161
1217556695 13.38711609 52.52317889
1150835176 13.3848 52.52763999
257745598 13.4016193 52.5240341
1150835170 13.38611889 52.52740413
260123801 13.40141411 52.5256166
735132788 13.4028511 52.5241698
735132783 13.40256628 52.52364962
247600501 13.38861427 52.51880991
247600500 13.38845979 52.51969252
735132786 13.40223763 52.52370687
961626598 13.40154017 52.52600938
98977836 13.40548017 52.52939994
539808059 13.38834588 52.52090312
539808058 13.38837656 52.52060347
615123625 13.40074783 52.52512123
615123624 13.40078002 52.5249841
615123627 13.40071556 52.52487321
539808054 13.38913688 52.52086549
539808053 13.3891798 52.52064613
615123620 13.40105897 52.52510824
539808051 13.38968623 52.5207297
539808050 13.38938582 52.52119967
1162828920 13.39639569 52.52466861
1137737089 13.39169361 52.52492929
29207433 13.39877012 52.51559822
29207432 13.39915904 52.51631252
1137737086 13.3915792 52.52510103
538785762 13.39113999 52.51919657
538785763 13.39146403 52.51922632
538785760 13.39119791 52.51941441
538785761 13.39153268 52.51943
548173835 13.3890503 52.52319197
538785764 13.39144677 52.51937778
548173837 13.3892637 52.52315241
160503206 13.40511723 52.51853037
527588126 13.3885587 52.51877764
262524654 13.38830498 52.51806526
975312184 13.40174913 52.52161961
961626660 13.40114781 52.52614759
538829248 13.4026123 52.52102734
735138188 13.4019829 52.52511469
458223656 13.38475826 52.52175439
735138186 13.40200788 52.52528459
538829244 13.40241491 52.52096456
260123962 13.4005729 52.5263843
538829243 13.40244064 52.5209333
260123960 13.40068446 52.5263843
260123961 13.40066728 52.52635287
1375229157 13.38431184 52.52468981
267864915 13.39363352 52.52626394
1375229151 13.38401068 52.52414147
271296293 13.39383427 52.51737258
1375229158 13.38413967 52.52475679
366500579 13.38733217 52.51993493
244487236 13.3988381 52.5236264
102972913 13.39867733 52.52129607
366500576 13.38900763 52.52007348
1395098665 13.40473024 52.5201314
160543179 13.39246659 52.51904569
1263312256 13.39326321 52.51733243
160543171 13.39286574 52.51795127
160543173 13.3926898 52.51894092
160543174 13.39248763 52.51892759
266592581 13.40311538 52.52742097
1217556928 13.38739277 52.5227603
1217556929 13.38676472 52.52348366
588181310 13.402345 52.52357896
1217556925 13.38564297 52.52337
271030235 13.38605812 52.52224431
270759381 13.3829994 52.5282745
271030233 13.38670202 52.52175808
271030231 13.3873621 52.5221641
257228755 13.40497792 52.52480859
257228754 13.40490919 52.52476156
160511952 13.40002414 52.51573241
258084884 13.40023779 52.52383939
258084887 13.39993789 52.5241781
258084880 13.40086442 52.52417357
258084881 13.40075277 52.52412663
258084882 13.40075277 52.52382899
887153195 13.40442053 52.52299608
258084888 13.39958886 52.52440307
258084889 13.39941242 52.5245547
538791228 13.39092332 52.5197486
258496691 13.4010759 52.52165163
1217556853 13.38729546 52.52339271
538791226 13.3908975 52.51988439
1217556856 13.38588982 52.52332449
258084868 13.40059427 52.52497807
858213748 13.39138927 52.52330144
858213746 13.39153117 52.52334267
858213745 13.39060271 52.52328643
858213743 13.39140947 52.52318468
858213742 13.39046868 52.52327973
858213741 13.39150963 52.52344032
858213740 13.3908001 52.52329758
260123706 13.40177453 52.5261284
260123707 13.40168006 52.52602388
260123705 13.40168006 52.52615966
1166187555 13.40244508 52.52227147
376673205 13.39968601 52.51868569
260123709 13.4020492 52.5260657
437305188 13.39082273 52.51683497
29194677 13.40026159 52.51878627
29194675 13.40084087 52.51823441
29194673 13.40042638 52.51807968
27411229 13.40331462 52.52497681
29194671 13.40013344 52.51797038
29193457 13.39047371 52.51966553
29193456 13.3910006 52.51970577
437305184 13.39096858 52.51666791
29194678 13.40001223 52.51902801
1212134863 13.38787172 52.51913278
1203301146 13.38542462 52.52663609
542384910 13.39750152 52.51533653
258496962 13.40686109 52.52249677
540682628 13.40749744 52.5162665
540682629 13.40757464 52.5162665
1217556676 13.38660756 52.52344728
990001703 13.38791002 52.523529
30353451 13.39344032 52.52662377
30353450 13.39352011 52.52619571
247600499 13.38829668 52.5196978
393497924 13.39988768 52.52404701
102334067 13.40008557 52.52132456
260123630 13.40220368 52.52599261
31160573 13.40166196 52.52007088
262527506 13.39331878 52.51628612
262527504 13.39333596 52.51635401
262527505 13.39329313 52.51634881
262527502 13.39325877 52.51659432
262527503 13.39329791 52.5165934
262527500 13.3932845 52.51666221
262527509 13.39347326 52.51616081
298489494 13.38606986 52.51874252
1210473765 13.39263691 52.52353244
298489490 13.38605502 52.51882793
298489491 13.38582427 52.51882156
298489493 13.3858329 52.5187276
699669774 13.38470411 52.51828277
1361595538 13.39638027 52.52013157
699669771 13.38714601 52.52203342
1252955358 13.38413833 52.51667998
26914130 13.37966399 52.51668158
258327380 13.40193504 52.5235166
258327382 13.40207628 52.523111
258327384 13.40215012 52.52328752
1212472336 13.40425993 52.52555307
26724226 13.38791463 52.52249811
26724224 13.38802611 52.52169898
699669689 13.38629801 52.52206309
699669681 13.38670093 52.52177333
700284368 13.40684533 52.52289156
1206481791 13.38881418 52.51561104
441120050 13.38429608 52.5216766
1206481798 13.38863589 52.51569947
700284366 13.40642682 52.52265008
262479960 13.40268279 52.51654101
262479961 13.40264323 52.51649768
665911105 13.38539218 52.52522081
213233650 13.40555493 52.51854362
1252955287 13.38549134 52.51791849
260122398 13.40316861 52.52894422
260122399 13.40518236 52.52869259
538840470 13.39526506 52.52281772
437610077 13.40798233 52.52263591
437610076 13.40771822 52.52262879
345790076 13.38317358 52.52480557
477208624 13.40142299 52.52985692
1287970533 13.397154 52.52452343
437610078 13.40794202 52.52248663
25664649 13.38867563 52.51801547
260123710 13.40212648 52.52603444
652771230 13.39530026 52.52281151
652771232 13.39585104 52.52270506
348454857 13.39196913 52.52033508
260123712 13.40150849 52.5258673
652771239 13.39573009 52.52268931
541130319 13.39167182 52.5221475
961626588 13.40106718 52.52606604
669878076 13.40291388 52.51914443
669878077 13.40334697 52.51928122
1150835188 13.38517224 52.52789908
317301790 13.40717951 52.52328233
92616896 13.40233888 52.52203392
29221580 13.40467458 52.52755726
29221582 13.40442262 52.52713088
735132790 13.40236537 52.52374802
26871576 13.39384131 52.52852512
735132792 13.40244148 52.52380477
29219440 13.40727314 52.51839903
160476822 13.399095 52.51918039
160476827 13.39928686 52.51907117
322796817 13.3906012 52.5302839
26871571 13.39724914 52.52865932
542370615 13.39587333 52.5174041
21487209 13.40716577 52.51834681
26871572 13.38843171 52.52627986
345790102 13.38283612 52.52467288
29194644 13.39980973 52.51848519
548173845 13.38928843 52.52329733
548173844 13.38925129 52.52330303
548173847 13.38931324 52.52325777
548173840 13.38932858 52.52310161
548173843 13.38925129 52.5233726
548173842 13.38927292 52.52309222
538843758 13.39221237 52.52452008
538843759 13.39218664 52.52438597
975312190 13.40146641 52.52151668
975312191 13.40195256 52.52147762
975312198 13.4018156 52.52163704
975312199 13.40137287 52.52148751
26747880 13.37981428 52.52167082
26747882 13.38015106 52.51976687
663823290 13.38260143 52.52338794
260123952 13.40050433 52.52598742
160503183 13.40470543 52.51881108
441784194 13.39997971 52.51595788
260123957 13.4004957 52.5263268
260123956 13.40025531 52.52608138
260123955 13.40034122 52.52604483
260123954 13.40048707 52.52619101
260123959 13.40085621 52.526332
260123958 13.40076166 52.52622236
975312177 13.40187469 52.52156504
441784198 13.40081941 52.51589837
538784592 13.39207197 52.51915943
538784593 13.39205219 52.51927318
538784591 13.3915709 52.5191358
538784596 13.3915419 52.51933068
538784594 13.39176964 52.51925876
538784595 13.39175908 52.51934099
258327540 13.40043761 52.52247481
540935739 13.38896271 52.52133202
540935738 13.38939177 52.52132146
1287998599 13.39960118 52.52440022
540935735 13.38913428 52.521285
160543109 13.39452477 52.51672374
160543104 13.39447532 52.51627983
160543106 13.39439812 52.51671527
270480352 13.38558337 52.52855898
257228749 13.40460124 52.52476031
1217556936 13.38728808 52.52246459
270480354 13.38481039 52.5285133
270480355 13.38409139 52.52855739
271030229 13.38695717 52.52254019
1217556939 13.38659951 52.52321602
270480359 13.38444176 52.52811743
440880501 13.38351296 52.52147502
1212134796 13.38779988 52.51958641
1212134797 13.38599149 52.5194559
1212134794 13.38566543 52.51920746
538718457 13.39510614 52.52055376
1212134791 13.38635769 52.51957208
617915491 13.4035727 52.52303472
538718459 13.39484764 52.52043374
160511946 13.39977 52.51603877
1212134798 13.38654981 52.51941902
1212134799 13.38568932 52.51931509
260123805 13.40158568 52.52565323
1137737056 13.39098367 52.52524528
548143313 13.38941944 52.523227
160543139 13.39502726 52.51676037
1217556849 13.38749738 52.52360654
1217556840 13.3874227 52.52250557
652787381 13.39538492 52.52320588
652787382 13.39540797 52.52306657
652787389 13.39533312 52.5231027
652787388 13.39541828 52.52308686
858213750 13.39064277 52.52280221
258084070 13.39949113 52.52566186
858213752 13.3916507 52.52334988
858213753 13.39153729 52.52331057
858213755 13.39143126 52.52298946
858213757 13.39081008 52.52322223
311264850 13.40303877 52.52139606
538805643 13.38830741 52.51799209
1166187547 13.4033318 52.52247037
26748900 13.38651729 52.52708846
1166187545 13.40313734 52.52234171
1166187544 13.40337463 52.52192957
1166187542 13.40434031 52.52203233
29194660 13.39905879 52.51833231
29194662 13.39903993 52.51905533
734960985 13.38435098 52.52887557
29194666 13.39789631 52.51950888
260123857 13.40098118 52.52632018
260123806 13.40128528 52.52553831
1375229180 13.38350651 52.5253395
257745708 13.40132752 52.52379907
1217556669 13.38765454 52.52246459
610319158 13.40331512 52.52294629
258496911 13.40233427 52.52124888
258496910 13.40218826 52.52145784
258496912 13.40215398 52.52131157
1070809018 13.38685072 52.51849626
257228415 13.40543281 52.52486081
257228416 13.40557874 52.52490263
257228417 13.40551864 52.52477724
26724104 13.39084201 52.51626441
105185373 13.39626611 52.52144367
105185372 13.3963159 52.52140822
393497930 13.39992246 52.52389848
105185370 13.39554996 52.52101016
105185377 13.39744678 52.52108099
105185376 13.39695376 52.52143227
105185375 13.39686826 52.52138793
105185374 13.39656903 52.52160108
105185379 13.39768324 52.52084068
105185378 13.39738853 52.52105073
260123600 13.40159432 52.52556958
1203301221 13.3835723 52.52661941
1203301227 13.38338824 52.52667792
262482618 13.38529403 52.5196087
1361599345 13.39853492 52.52102307
376673375 13.39965827 52.51844773
1361599341 13.39911151 52.52053683
956723431 13.38607288 52.52064471
105185391 13.39551526 52.5210348
105185390 13.39530722 52.52092668
1203301040 13.38377632 52.52585163
1203301046 13.38215258 52.52699987
353642821 13.39484772 52.51830884
260123627 13.40225523 52.52606051
887164552 13.40655892 52.52272627
1208647773 13.39402906 52.51762043
26724216 13.38836684 52.51981238
1361595533 13.39803897 52.51956411
284842670 13.38236363 52.51827707
260124626 13.39985189 52.52617542
1137737067 13.3917237 52.52470297
260124627 13.40021239 52.52603444
689828879 13.39848052 52.51606953
524739197 13.40213411 52.51869994
825188328 13.39467078 52.51621361
26914785 13.38379761 52.51771222
540935219 13.38914292 52.52149388
345790048 13.38351631 52.52478042
358462137 13.39798784 52.52819437
734960955 13.38416842 52.52766288
734960987 13.38395402 52.52858153
734960986 13.38437563 52.5291308
697323164 13.40113449 52.51821572
734960984 13.38404563 52.52888051
734960983 13.38438443 52.52869846
734960981 13.38414194 52.52857508
734960980 13.38381261 52.52853459
699669761 13.38517098 52.51831278
734960989 13.38397321 52.52876158
27005148 13.39257254 52.51739429
452948576 13.39825849 52.51706907
539512572 13.38540702 52.52694321
539512573 13.38645576 52.5270836
317301766 13.40712813 52.52320622
25664742 13.38400171 52.51654604
652787411 13.39511192 52.52386847
258083881 13.39954603 52.52408213
258083880 13.3999321 52.52417123
258083882 13.39963429 52.52388197
160476832 13.39923967 52.51903429
260924319 13.39681403 52.52549632
615123607 13.40194946 52.52446853
615123606 13.40161502 52.52453676
615123605 13.40169197 52.52471001
615123608 13.40200654 52.52460993
297423707 13.40064297 52.52220223
260924315 13.39593058 52.52591718
260924316 13.39713934 52.5261118
21487210 13.40484457 52.5201454
548173856 13.38927292 52.52324276
548173854 13.3892699 52.52327294
548173852 13.38924819 52.52338391
548173851 13.38903479 52.52338199
258084193 13.40149952 52.52527026
548173858 13.38923889 52.52323706
542370599 13.39531267 52.51639198
260924318 13.39736992 52.52558726
652771253 13.39581282 52.52246048
25664699 13.38369284 52.51836927
961626647 13.40109132 52.52604073
317300561 13.39455737 52.52089122
25664692 13.38561162 52.51781732
652787412 13.3957813 52.52403603
961626641 13.40124538 52.52611256
160503193 13.40485479 52.51876213
258084043 13.39975709 52.52555751
160503197 13.40502461 52.51869583
365516587 13.3930374 52.51585722
858213707 13.39094964 52.52322977
538830867 13.40262999 52.52043793
257229112 13.40406807 52.52480331
260123949 13.40065018 52.52647298
257229110 13.40417108 52.52502266
27411258 13.40051179 52.52209469
270480396 13.38514039 52.52890491
358462164 13.39782464 52.52807074
26701259 13.38948641 52.52144786
358462161 13.39791357 52.52793722
268815595 13.38596182 52.52737714
268815594 13.3860743 52.52739641
268815596 13.38578018 52.52750102
268815591 13.38631964 52.52750312
268815590 13.38649993 52.52756581
268815593 13.38602778 52.5275084
268815592 13.38619953 52.52755383
270480395 13.38498583 52.52885562
160543119 13.39456693 52.51711727
652787414 13.39563646 52.52375196
160543115 13.39457607 52.5170653
160543113 13.39446551 52.51705809
365516692 13.3931545 52.5159257
365516693 13.39349136 52.51594347
1217556946 13.38734919 52.52286692
260123839 13.40096291 52.52564778
258496654 13.40076216 52.5216269
258496652 13.4008485 52.52206913
258496653 13.40120129 52.52169077
1217556940 13.38597213 52.52334267
538835647 13.40060844 52.52191842
1350637293 13.38577247 52.51779159
270480369 13.38537751 52.52811541
270480368 13.38533058 52.52817987
1157325170 13.40379574 52.52079424
376673357 13.3995431 52.51854906
1157325174 13.40391619 52.52083724
538719111 13.39238948 52.52006887
538719112 13.39214188 52.51947032
1137737049 13.39154098 52.52476676
548143320 13.39023072 52.52324218
885405997 13.39937051 52.52578097
548143325 13.39022452 52.52339498
1137737040 13.39167936 52.52480507
1137737042 13.39184616 52.52488746
1137737045 13.39126639 52.52517529
257229247 13.40452304 52.52522634
257229245 13.40466033 52.52526808
652787394 13.39553822 52.52317738
652787392 13.39574517 52.52313891
611332201 13.40155467 52.52003174
191592261 13.39879962 52.51996569
538718889 13.39306087 52.51937669
858213724 13.39118852 52.52331527
1162829011 13.39715208 52.52447038
858213721 13.39095869 52.5233042
858213720 13.39123722 52.52331937
858213723 13.39083707 52.5229561
858213722 13.39122314 52.52342582
1162829016 13.39743991 52.52446434
258084068 13.39958551 52.52573504
258084069 13.39964561 52.5256254
160493853 13.39905963 52.51769067
27412195 13.39890381 52.52544477
588181281 13.40013779 52.52289969
102972941 13.39885042 52.51784457
1203301125 13.38371228 52.5260585
262527897 13.39241739 52.51609912
258496909 13.40207678 52.52141609
102978187 13.40445229 52.51700327
1203301128 13.38368512 52.52605556
102978181 13.40640913 52.51571414
665911028 13.38542269 52.52546833
29193493 13.39505803 52.51874629
29193492 13.39764074 52.51860397
887148902 13.40695253 52.52298946
29193497 13.39784903 52.51762714
29193496 13.3960745 52.51851461
29193495 13.39609872 52.518408
29193494 13.39515358 52.51833357
258084196 13.4011562 52.52531728
260123612 13.40212648 52.52601868
258084195 13.40127631 52.52528074
260123614 13.40236679 52.52585163
260123615 13.40228951 52.5258777
260123617 13.40212648 52.5258673
260123618 13.40207502 52.52583068
260123619 13.40204057 52.52577326
311464976 13.39248243 52.52823829
105185388 13.39562162 52.52069257
1217651538 13.39451614 52.5209685
262482669 13.38552436 52.52028018
105185382 13.39638681 52.52014942
105185383 13.39605279 52.52038403
105185380 13.39656668 52.52026057
105185381 13.3965811 52.52025042
20246257 13.38909086 52.5156294
105185387 13.39656937 52.52118299
1217651535 13.39496004 52.52118241
105185385 13.3970007 52.52087429
1217556723 13.38692171 52.5230333
26871569 13.40075822 52.52961091
887164543 13.40699721 52.52308057
538797451 13.39087797 52.51995597
538797450 13.39117846 52.51903521
1208647760 13.39353143 52.5179578
1208647767 13.39415228 52.5176558
322796624 13.39127443 52.52231656
345608732 13.40410453 52.52860617
258083877 13.39982314 52.52390812
345608737 13.40421056 52.52877507
258083878 13.3998145 52.52394458
258083879 13.40002581 52.52392857
1216893176 13.40078354 52.52601969
1216893177 13.40094866 52.52609018
1216893174 13.40102753 52.5263703
1216893175 13.40104757 52.52629931
1216893173 13.40103558 52.52618674
1216893171 13.40050433 52.5259901
1216893178 13.40117103 52.52633032
1287970481 13.39710447 52.52445076
56212636 13.38612199 52.52467833
1208647691 13.39346697 52.51764172
860257013 13.40058941 52.52578273
613821290 13.38571287 52.52079759
860257018 13.40053761 52.525729
258485774 13.39688721 52.52213174
258485777 13.39503942 52.52259903
258485773 13.3975938 52.52194198
1287970461 13.39681881 52.52453659
1287970464 13.39657942 52.52436242
357990096 13.39961778 52.52460164
357990093 13.39980042 52.5247831
1150835214 13.3848772 52.52781241
357990090 13.40050358 52.52489467
1150835219 13.38509932 52.52730187
1134199105 13.3899713 52.52515769
734960990 13.38428552 52.52879552
1162828964 13.39683289 52.52429452
1203692731 13.38246623 52.52594383
29219469 13.40542007 52.51760719
29219468 13.40765988 52.51576862
615123614 13.40146666 52.52499072
615123615 13.40140229 52.52489282
615123617 13.40117698 52.52495804
615123610 13.40171083 52.52466668
191592270 13.39872469 52.52003132
615123612 13.40159599 52.52486952
615123613 13.40163832 52.52494496
615123619 13.40124638 52.5250691
160503211 13.40504314 52.51836877
345790121 13.38238953 52.52475192
160503216 13.40494741 52.51830222
29194642 13.39964469 52.51847799
270759395 13.38372494 52.5272732
270759394 13.38364539 52.52737412
270759397 13.383232 52.52902619
270759396 13.38365537 52.5284698
270759391 13.38300158 52.52887808
270759392 13.38264124 52.5286941
270759399 13.38543024 52.52844432
270759398 13.38437923 52.52809999
258485806 13.39869862 52.52304378
258485805 13.39887364 52.52328752
1285681813 13.38392342 52.52664104
25664680 13.38856398 52.51867362
31154028 13.40692227 52.51656423
51974037 13.38772721 52.52339909
1363463114 13.40424568 52.52525903
51974030 13.38774641 52.52396964
358462158 13.39810652 52.52798658
160503290 13.39985583 52.51613139
358462153 13.39792346 52.52812019
358462150 13.39788893 52.52819437
358462156 13.39805707 52.52809052
260924337 13.39620048 52.525398
29192285 13.38956017 52.52436351
29192284 13.39261579 52.52432688
29192286 13.38980509 52.52346899
29192281 13.38772738 52.52339841
1134198997 13.39091393 52.52500062
268815584 13.386338 52.52771141
268815585 13.38615971 52.52764418
268815582 13.38567348 52.52807602
268815580 13.38379937 52.52850266
160543123 13.39484362 52.51713554
160543259 13.39314804 52.51800491
665982244 13.38505758 52.52508091
1217556951 13.38721332 52.52256919
665982240 13.38541163 52.52509072
160543254 13.39350654 52.51802888
697321237 13.39846502 52.51613952
1157325168 13.40451474 52.52021472
1157325166 13.40368577 52.5207551
1134198987 13.39083262 52.52468747
887158680 13.40363322 52.52159161
29194688 13.40375643 52.51696069
27412300 13.38077761 52.52136522
1361312834 13.40071866 52.51796124
1361312832 13.40101613 52.51768028
1361312833 13.39990453 52.51769227
1361312830 13.40212799 52.51663422
258496797 13.40098613 52.52128131
258496793 13.4014162 52.52093321
611328303 13.40232723 52.5190721
611328302 13.40243452 52.5191047
538844021 13.39194356 52.52433518
258496799 13.40131319 52.52103757
1287998598 13.39992456 52.52444414
885406000 13.39961854 52.52608473
538718898 13.39239434 52.52004389
538718899 13.39225956 52.51947803
858213732 13.39126178 52.52317596
538718892 13.39302357 52.51952782
538718893 13.39297521 52.51976503
538718890 13.39253373 52.51934434
538718896 13.39293363 52.51997692
538718897 13.39291201 52.52008304
538718894 13.39263582 52.51973929
538718895 13.39259249 52.51995119
588181295 13.40184309 52.52359463
662338388 13.40561528 52.52104352
588181296 13.40180831 52.52361106
1208647501 13.39390627 52.51797834
662338387 13.40490802 52.52067832
662338385 13.4042544 52.52113488
270480378 13.38401529 52.52798952
270480379 13.38372402 52.52836469
102972951 13.40070181 52.52091519
102972954 13.4007262 52.52086457
258496663 13.40184938 52.52212772
258496662 13.40139818 52.52212193
102972958 13.40071397 52.52083037
270480373 13.38461468 52.52851397
270480374 13.38469162 52.52838523
258496666 13.40150178 52.52200769
270480376 13.38478659 52.52822706
258496664 13.40159038 52.52191222
345608795 13.40422456 52.5285967
542384922 13.39704957 52.51612259
825188268 13.3934943 52.51590709
258084233 13.399225 52.52605363
258084232 13.39949113 52.52594911
258084231 13.39958551 52.52605363
258084234 13.39931938 52.52615799
393497919 13.39984091 52.52414859
540684855 13.4064932 52.51702389
345608792 13.40472311 52.52852403
376673167 13.39902023 52.51908199
740379660 13.40745017 52.51533016
260123838 13.40104983 52.52573688
1203301068 13.38239976 52.52709517
1217556947 13.3865576 52.52298309
1217651542 13.39524704 52.52098384
1217651541 13.39573428 52.52122532
345851695 13.40429321 52.52818071
1217556735 13.38565051 52.52342004
1217556734 13.38748246 52.52376118
1217556738 13.3863758 52.52336086
1217556943 13.38581069 52.52319549
588159286 13.40183429 52.5292007
1208647756 13.39718653 52.52140193
588159289 13.40126876 52.52961577
588159288 13.40146649 52.5294711
160493811 13.39618464 52.51973427
887160257 13.40622901 52.52135306
538843761 13.39194331 52.52439192
860313239 13.4061477 52.52491152
262527906 13.39123252 52.51602921
956776680 13.38830104 52.52016702
700284359 13.40592256 52.52241513
345608728 13.40394972 52.52852227
1144036857 13.40141964 52.52667918
1217556827 13.38714601 52.52266483
1252955255 13.38510669 52.517272
860257028 13.4008091 52.52601047
25661409 13.3855071 52.5184826
860257020 13.40089418 52.52614273
860257027 13.40067566 52.52587217
860257025 13.40090189 52.52610669
613821287 13.38520862 52.52049727
538835758 13.40169213 52.52093942
956723419 13.38614261 52.52062434
538835755 13.40129508 52.52138047
1361595540 13.39694856 52.52042812
538835757 13.40072168 52.52122272
258485766 13.39694597 52.5221542
258485764 13.39802472 52.52211087
258485762 13.39747889 52.52201733
258485763 13.39795163 52.52214607
258485760 13.40043963 52.52135021
283202962 13.3967712 52.52103849
1287970473 13.39684857 52.524592
258083796 13.40252177 52.52510212
357990084 13.40068077 52.52405656
343308178 13.3962822 52.52310069
1157325172 13.40374981 52.5207779
21487161 13.38761422 52.52384844
21487163 13.39756941 52.52942869
21487162 13.38701199 52.52712744
458860109 13.38850883 52.5198185
25662689 13.38891929 52.51683069
283049082 13.38988178 52.51999712
539512170 13.38652634 52.52646829
539512171 13.38552864 52.52643702
1162828950 13.3977052 52.52431866
102972934 13.39744611 52.51951868
29221620 13.40335133 52.5274452
29221622 13.40387076 52.52596244
21487183 13.39928108 52.51771708
21487181 13.3804653 52.51812427
21487180 13.38072187 52.51667923
652771289 13.39620383 52.52314587
21487186 13.40790103 52.52451547
21487185 13.40718999 52.52341266
283049069 13.38937702 52.52002738
564733477 13.40234819 52.51646692
102972931 13.39656249 52.51999536
160476819 13.39901789 52.5191182
30731483 13.40499871 52.52011732
160503210 13.4050977 52.51844178
888323014 13.40505286 52.52207483
1162828916 13.39829294 52.5243019
160476816 13.3992872 52.51913488
545739501 13.39379118 52.51760551
191592262 13.39947051 52.52024917
539995429 13.4036514 52.51599971
539995428 13.40368569 52.51597884
539995427 13.40351402 52.51589519
345790024 13.38399928 52.5241864
191592268 13.39939558 52.5203148
160503201 13.40509141 52.51861671
271296143 13.40605952 52.52076616
258083952 13.39934881 52.52502677
270759386 13.3837878 52.52845119
270759383 13.38335287 52.52837651
615123977 13.40193839 52.52504336
25665636 13.39502986 52.51745296
270759389 13.38319612 52.52899711
258083954 13.39927647 52.5251763
961626625 13.40104229 52.52605707
247600498 13.38846842 52.51878904
539808169 13.38928281 52.52186302
541130324 13.39471571 52.52097336
860313221 13.40606983 52.52487254
102964976 13.38467612 52.52048512
961626596 13.40115427 52.52611608
160543233 13.3943723 52.51764189
1252955409 13.38551196 52.51802109
358462148 13.39759699 52.5281103
1252955403 13.3854449 52.52009519
358462145 13.39819554 52.52825866
615143368 13.40238817 52.52401163
358462140 13.39779488 52.52815481
358462143 13.39759699 52.52853082
30731522 13.40250191 52.522349
615146628 13.40182407 52.52495234
160543135 13.394967 52.5171005
160543130 13.39485108 52.51709288
614675408 13.403927 52.52286549
612635798 13.39843359 52.52600703
1287998594 13.39925308 52.52496172
1287998595 13.40060902 52.52453726
1287998596 13.40002673 52.52400543
615146627 13.40189104 52.52505384
160543248 13.3935114 52.51798899
257745706 13.40176531 52.52389311
257745707 13.40162793 52.52378868
260123858 13.40130791 52.52620233
257745705 13.40179104 52.52366856
257228868 13.40417619 52.52465411
160543240 13.39392789 52.5180511
160543246 13.39393678 52.5180081
25954543 13.40137287 52.52669208
25954544 13.40007267 52.52890918
25954545 13.40191811 52.52894891
25954546 13.40344487 52.52684287
25954547 13.40369608 52.52604793
25954548 13.38978581 52.52569992
25954549 13.39359421 52.52637433
450156879 13.37983079 52.51582889
1137737061 13.39164776 52.52452913
538808387 13.38625108 52.51907788
1361312829 13.40222237 52.516553
1361312828 13.39983286 52.515963
1137737065 13.39230524 52.52475083
1137737069 13.39231907 52.52478537
1217556893 13.38621126 52.52338819
653881535 13.39477949 52.52264522
653881537 13.39468838 52.52247607
615123628 13.40091949 52.52489928
258084040 13.39957688 52.52548442
258084041 13.39902216 52.52538484
258084042 13.39970562 52.5256306
665938502 13.38446791 52.5256658
258084044 13.39958551 52.52552608
858213706 13.39162061 52.52286407
612635857 13.39726406 52.52632043
539808056 13.38862022 52.52061613
257229242 13.40435817 52.52532927
257229240 13.40439421 52.52515317
257229241 13.40415247 52.52519709
257229246 13.40455732 52.52520539
539808055 13.38860471 52.52081846
257229244 13.40445598 52.5253835
1208647537 13.3972975 52.52118853
588181286 13.40015632 52.52292417
615123626 13.40064054 52.52511469
262527898 13.39209988 52.51608043
262527899 13.39205018 52.51640791
29194635 13.3992038 52.52001523
262527894 13.39098224 52.51604078
262527895 13.39100764 52.51588052
262527896 13.39243876 52.51596484
29194639 13.40103902 52.51830834
595038695 13.40186698 52.52218983
615143682 13.40121504 52.52437641
102972963 13.400604 52.52078871
615123622 13.40100499 52.52498754
656137520 13.38972831 52.52436183
656137521 13.39005244 52.5256358
102972969 13.40093407 52.52059827
395256456 13.40387772 52.52061026
258496921 13.40263468 52.52145784
258496922 13.40270333 52.52136379
258496923 13.40226562 52.5213534
614674370 13.40450862 52.52198363
25954551 13.39896969 52.52737093
541115617 13.38729856 52.52112927
1085513894 13.38872701 52.51871058
311264846 13.40272126 52.52346136
311264847 13.40266737 52.52353504
31154427 13.40775493 52.51788572
322796397 13.38648057 52.52080371
611334714 13.4010826 52.52075644
611334710 13.40099677 52.52076289
663823387 13.38362947 52.52355029
588159299 13.40158459 52.52979624
1217556706 13.3868881 52.52308963
1178759106 13.38351397 52.5257109
1178759103 13.38340508 52.52602287
1178759100 13.38416859 52.52700791
548173832 13.38900998 52.52318442
257228040 13.40520097 52.52523682
160493807 13.3966997 52.51964776
376673025 13.39903976 52.51915122
387772991 13.39899433 52.51925993
860313222 13.40569977 52.52477917
860313223 13.4062876 52.5250147
538785765 13.39120654 52.51936739
548173839 13.38931617 52.52315811
26861434 13.38031107 52.51887428
1178759079 13.38367993 52.52617123
303436787 13.38580717 52.52452109
262527278 13.39309741 52.51678317
262527279 13.3931348 52.51685978
262527276 13.392393 52.51693789
262527277 13.39242737 52.51673941
258485591 13.40708857 52.51553963
258485593 13.40750524 52.51588463
1375229179 13.38268583 52.52513037
611332906 13.40255958 52.52039828
1293318434 13.40352844 52.52260624
27410662 13.40638927 52.51546478
617917180 13.39405723 52.52187584
617917182 13.39371642 52.52218874
283199870 13.38512472 52.52087211
30731698 13.38723863 52.52638396
1137737113 13.39114443 52.52477606
615144739 13.40162156 52.52430492
253847975 13.38102337 52.51655057
652771295 13.39689743 52.52289693
652771293 13.39645093 52.52288879
1202223258 13.38402006 52.52429654
25664779 13.39071067 52.51695349
283049075 13.38424202 52.52090337
508071923 13.4030355 52.52288863
508071922 13.40312133 52.52274756
508071921 13.40163648 52.52241857
25662738 13.39290639 52.51585872
1134199017 13.39016048 52.52542197
262524675 13.38693194 52.51798337
541114091 13.38811387 52.52077941
262524677 13.38747894 52.5183137
541114093 13.38829416 52.52078988
213235279 13.4038555 52.51897713
539995430 13.40421777 52.51629224
539995431 13.40447526 52.51608847
539995432 13.40464701 52.51616156
539995433 13.40405482 52.51569151
539995434 13.40389171 52.51560794
310350755 13.3897475 52.5317395
249734535 13.38212282 52.52297898
249734536 13.38173398 52.52383134
258485757 13.40029889 52.52208111
345790033 13.3840758 52.52388398
258485755 13.40010117 52.52222998
617915216 13.40197033 52.52353051
615123413 13.40132719 52.52479484
160503234 13.40440083 52.51827414
345790143 13.38181621 52.52562322
21487242 13.38886128 52.51714937
615123415 13.40128016 52.52450189
615123418 13.40079602 52.52464271
615123419 13.40104824 52.52466433
262470531 13.40611007 52.52483373
1217556758 13.38663128 52.52322617
31154797 13.40728772 52.51610691
539808171 13.38937459 52.52139992
31154553 13.40725713 52.51767668
31154554 13.40714884 52.51730268
31154555 13.40738856 52.51707997
1212134823 13.38570122 52.5189809
615145777 13.40103709 52.52505929
615145775 13.40121814 52.52502367
602494989 13.39250674 52.51949412
29207821 13.40210771 52.51859718
160543091 13.39821549 52.51734199
1142557545 13.38985236 52.52435999
29193491 13.39609872 52.51884872
247616302 13.39020432 52.5201863
702042240 13.39101309 52.51902683
257230140 13.40342316 52.52478168
268815635 13.3861375 52.52725677
1212134808 13.38709287 52.51908861
268815637 13.38634403 52.5274032
268815630 13.38643984 52.52715988
268815633 13.38619148 52.52713373
1212134800 13.38811647 52.51978548
1212134806 13.3880552 52.51902071
268815639 13.38664578 52.527383
270294588 13.39149798 52.52278913
270294589 13.39148021 52.52273214
260123861 13.40136658 52.52617224
260123860 13.40142157 52.52622856
260123867 13.40117254 52.52587937
260123866 13.401266 52.52597526
260123865 13.4008702 52.52611817
260123864 13.40096492 52.52621524
260123868 13.40071296 52.52604517
270294584 13.39387978 52.52263541
270294585 13.39379764 52.5225645
25954553 13.40066753 52.52772482
25954552 13.39929449 52.52745241
441784227 13.40352006 52.51722774
25954550 13.39810854 52.52719148
441784221 13.40137069 52.51734207
441784220 13.40064641 52.51803249
25954554 13.40260501 52.52807426
258084192 13.40155098 52.52534863
160503173 13.4043533 52.51876289
441784228 13.40363581 52.51710327
31153651 13.40544463 52.51622812
1206481808 13.388137 52.51556603
1217556883 13.38673547 52.52310647
1206481803 13.38826718 52.51567617
1217556880 13.38704107 52.52358927
307641770 13.40142249 52.52275217
307641771 13.40177629 52.52262242
307641774 13.4019705 52.52215588
258084039 13.39953396 52.52560453
171440823 13.40289913 52.51890362
968049036 13.38889112 52.51698048
171440821 13.40358938 52.51856968
258084035 13.39913917 52.52565667
258084034 13.39892057 52.52561903
258084037 13.39943958 52.52553664
437305200 13.39119179 52.51632308
257745605 13.40102711 52.52389831
618984845 13.40755611 52.52169856
618984844 13.40748604 52.52175053
618984843 13.40611837 52.52096087
618984842 13.40603958 52.52102064
1208647521 13.39407952 52.51767902
102972978 13.4022792 52.51908492
213233187 13.40524589 52.51806308
341340973 13.40522393 52.51967207
539808175 13.38872491 52.52183167
102972974 13.40233788 52.5191047
341340978 13.4066616 52.51869927
1349696694 13.3884017 52.52037707
258496681 13.402114 52.52153981
258496682 13.40180378 52.52154509
665982225 13.38615988 52.52472192
665982222 13.38565839 52.52464363
614674368 13.40450862 52.52193141
614674365 13.40445498 52.52187257
541123925 13.38623683 52.52015093
615120530 13.40271121 52.52412253
615120531 13.40164897 52.52407676
541115609 13.38740149 52.52119196
26871469 13.39876869 52.5233524
26871463 13.38830271 52.52606109
260123883 13.40071732 52.52585708
26871466 13.3954679 52.52431699
26871467 13.39770319 52.52374182
26871464 13.39290161 52.52494404
26871465 13.39517931 52.5243687
653884955 13.39433157 52.52252712
653884957 13.39441782 52.52271169
26871662 13.38803508 52.52934856
26871663 13.38955857 52.52974016
612445673 13.38936294 52.52497069
1217556719 13.38692171 52.52292408
1217556718 13.38760207 52.52295602
612445675 13.38766259 52.52486433
540933817 13.38889397 52.52121183
1217556710 13.38763199 52.52267841
262479487 13.39149957 52.52256986
262527904 13.39150368 52.51617774
262527905 13.39152463 52.5160464
26724096 13.38900461 52.5161629
988668369 13.38734827 52.5221672
283202368 13.39538551 52.52034732
538791890 13.39043398 52.51985832
92617053 13.40232824 52.52224406
860313218 13.40612842 52.52491763
538796570 13.39185781 52.51703462
1208647642 13.39356982 52.51769788
1208647640 13.39740353 52.52124678
1208647647 13.3941537 52.51762823
652788815 13.39521904 52.52429193
262527281 13.39332004 52.51699531
262527280 13.39334082 52.51687017
275525457 13.40482646 52.52146664
262524674 13.38688441 52.51827816
275525459 13.40556348 52.52107579
1275468904 13.4070045 52.52309541
1387903273 13.38746821 52.51978003
1287970451 13.3964884 52.52451547
262524676 13.38744558 52.5185204
262477567 13.40571922 52.52347209
1287970459 13.39691026 52.52461069
1150835220 13.38527173 52.52716566
258485587 13.40742041 52.5160324
258485584 13.40675749 52.51644143
258083935 13.39906692 52.52529683
30731464 13.4003574 52.52231916
258083936 13.39966271 52.52539557
258083939 13.39953396 52.52528074
258083938 13.399583 52.52518594
539725550 13.40276996 52.52150989
538841358 13.39538224 52.523313
538841359 13.39558424 52.52373696
1217556729 13.38702397 52.52246434
961626633 13.40161477 52.52609144
258496961 13.40753273 52.52199302
258485759 13.40037467 52.52147737
1217556924 13.38590482 52.52346547
258485758 13.40035304 52.52197282
615144740 13.4017503 52.52428203
1365292203 13.38960878 52.52048637
1365292201 13.38827514 52.52031128
1365292207 13.39003727 52.5204588
1365292205 13.38990911 52.52044614
1000042860 13.40332954 52.52806026
26747923 13.3794873 52.52350243
746803372 13.3906965 52.51710771
258485756 13.40025556 52.52218396
160476842 13.39845747 52.51905424
258485748 13.39741787 52.52226669
441099648 13.3846741 52.52061747
615123420 13.40115552 52.52484052
441099645 13.38316486 52.52209092
441099647 13.3842799 52.52118459
524732425 13.4000906 52.5204018
588181258 13.40015892 52.52282878
615123417 13.40083467 52.52452662
26747853 13.38543602 52.52350352
615123414 13.40121931 52.52461488
26747855 13.38630522 52.52326682
26747854 13.38574003 52.52317152
258083757 13.40204493 52.52521343
260124354 13.40143984 52.52590377
540685312 13.40714548 52.51738423
257227739 13.40379138 52.52574141
31154013 13.40780053 52.51719991
276281842 13.3911508 52.5191182
652771276 13.39663827 52.52261571
31154949 13.40800186 52.51609007
268815793 13.38454293 52.52707497
268815797 13.38460303 52.52700188
268815796 13.38471459 52.52703323
268815795 13.38472037 52.52697841
268815794 13.3848689 52.52721763
437305181 13.39102868 52.51639634
372384034 13.38934551 52.52502417
441784225 13.40270341 52.51692088
270480393 13.38358639 52.52831951
1162828999 13.39823552 52.52499969
1162828990 13.39834281 52.52437306
1212134818 13.38703721 52.51935063
1137737105 13.39122071 52.52451623
160503222 13.404818 52.51825511
1212134812 13.38602476 52.51933696
1212134815 13.38620363 52.51924761
617915220 13.40266728 52.52341593
102972915 13.39979447 52.52043994
268815579 13.38328673 52.52911454
268815578 13.38251417 52.52873341
268815576 13.38334448 52.52764578
268815575 13.38326477 52.52735819
268815573 13.38439717 52.52707497
268815572 13.3841447 52.52759699
268815571 13.38585972 52.52814173
268815570 13.38494928 52.52888647
441784236 13.40121219 52.51824623
441784234 13.40185851 52.51773753
26871696 13.38879071 52.53064851
441784232 13.4012717 52.518193
441784230 13.40282327 52.51678107
441784231 13.40169322 52.51779419
441784238 13.4014789 52.5173937
1137737005 13.39152941 52.52453089
1137737001 13.39244807 52.52437994
1137737000 13.39141098 52.52476986
1137737003 13.39231278 52.52450667
1293378169 13.39664162 52.52402002
29192120 13.39629008 52.52537311
29192121 13.39843392 52.52654322
29192124 13.39966422 52.52360033
29192127 13.40317657 52.52470356
29192128 13.39857759 52.52886953
1134198812 13.3899542 52.52456291
1137737104 13.39172119 52.52468059
615146518 13.40187503 52.52494186
615146519 13.40185927 52.52506222
541118892 13.38851729 52.51961482
26871581 13.39142581 52.52802372
26871580 13.38915406 52.52754989
615146516 13.4017239 52.5249292
615146517 13.40174528 52.52496826
102972909 13.3962646 52.52182077
102972908 13.39376017 52.52215387
102972905 13.39353797 52.52214121
102972907 13.39364643 52.52219896
1212134878 13.38545312 52.51962949
1147843156 13.39095416 52.52513489
102972903 13.39366906 52.52206427
258496692 13.40149868 52.52147837
258496690 13.40127966 52.52141006
613614340 13.38994758 52.52039702
25662552 13.38084458 52.51634496
665982237 13.38558329 52.52509399
665982230 13.38615502 52.52487757
699669729 13.38454838 52.51775572
393497943 13.39959934 52.5251276
961626637 13.40122292 52.52609219
322796400 13.38826173 52.52182689
260123890 13.40049453 52.52581693
171440819 13.40425892 52.51796912
539808173 13.38879959 52.52146773
171440817 13.40430419 52.51726546
613607155 13.39101107 52.51910613
540933826 13.38819023 52.5217341
540933829 13.38877529 52.52156177
1217556762 13.38633842 52.5234109
1134198786 13.3899288 52.5248681
539726080 13.40171477 52.52198648
539726083 13.4019389 52.52215488
610319150 13.40179682 52.52252854
610319155 13.40208349 52.52354887
610319157 13.40252982 52.52326028
376673046 13.3991463 52.51918869
29192958 13.39371256 52.51918818
860313203 13.40617302 52.52494253
825188286 13.39467229 52.51616366
538791889 13.39093346 52.51969847
1210473819 13.39275501 52.52374023
538796567 13.3924588 52.51583056
538796568 13.39237112 52.51638511
538796569 13.39197298 52.51640539
257228339 13.40561302 52.5248712
257228338 13.40567312 52.52481378
1208647653 13.39402479 52.51764876
523172684 13.38767131 52.52366119
275620863 13.40540959 52.52466408
26701256 13.39027221 52.51991171
541115411 13.38798839 52.52082626
450141724 13.40256343 52.51647588
257228337 13.40589633 52.5248712
257228336 13.40589633 52.5249339
29207417 13.39533563 52.51622133
29207416 13.39520798 52.51621479
652788825 13.39545902 52.52426024
1013898848 13.39858463 52.52105651
1013898849 13.39982322 52.51932867
538835017 13.40084389 52.52124611
1013898842 13.39820778 52.52135533
538835015 13.40090926 52.52163461
30731473 13.40377529 52.52278754
30731472 13.40203537 52.52222009
538830625 13.40098378 52.52074596
213231555 13.40552057 52.51870547
1202223279 13.3835371 52.52484488
538843765 13.3921609 52.52452008
260123708 13.40191191 52.52595079
283049057 13.39218303 52.52025721
26747918 13.38328036 52.52407903
258497003 13.4058001 52.52109867
258497006 13.4060462 52.52092223
262524653 13.38853942 52.51807968
262524652 13.3884706 52.51858309
262524655 13.38822426 52.51856683
160476844 13.39804718 52.51945297
1206624314 13.38696287 52.5183588
160476849 13.39912492 52.5198636
345608798 13.40388266 52.52820477
345790016 13.38453807 52.52336137
538843763 13.39195982 52.5246536
615145577 13.40168032 52.5248479
615145576 13.40161116 52.52472636
665910968 13.38624177 52.52470147
29221504 13.40464634 52.52002998
1231065439 13.40092427 52.52613159
29221506 13.4048107 52.51991791
27411228 13.4063223 52.52491378
539456546 13.38337189 52.52613837
257227831 13.40468548 52.5253348
257227830 13.40491674 52.52523439
25664959 13.39517018 52.51735992
541118047 13.38764189 52.51985496
866236123 13.4072174 52.52333756
961626614 13.40117656 52.52613661
539456542 13.38380783 52.52574208
262525631 13.39349891 52.51588479
538795142 13.39503263 52.51735179
437305186 13.39085702 52.51666263
612635859 13.39830484 52.52650307
29221615 13.40660217 52.52720682
29221614 13.40748629 52.52843393
29221617 13.40332577 52.5278073
612635853 13.3971654 52.52605238
612635851 13.39754309 52.52604617
213235281 13.40358938 52.51870547
538795322 13.39329087 52.51724878
452948253 13.39826201 52.51733453
257227909 13.40510717 52.5251618
257227908 13.40520432 52.52525618
257745704 13.40114756 52.52367753
1162828983 13.39832931 52.52482711
268815636 13.38629148 52.52727152
617915213 13.40187679 52.52351408
617915212 13.40167202 52.52327813
617915211 13.40185927 52.52333857
617915210 13.40192037 52.52338777
615146677 13.40198106 52.52523556
615146676 13.40193764 52.52513682
617915214 13.40205004 52.52323178
1212134824 13.38680168 52.51921073
617915219 13.40276401 52.52349363
1212134827 13.38685709 52.51953117
1212134820 13.38613507 52.519559
345790163 13.3822084 52.52500883
160543216 13.3944246 52.51903874
160543211 13.39454262 52.51918098
160543213 13.39456618 52.51904812
160543219 13.39459903 52.51805696
441784206 13.400576 52.51705189
441784205 13.40016051 52.51685978
1137737038 13.39232812 52.52461354
160543186 13.39313446 52.51817347
160543183 13.39297353 52.51907914
1137737036 13.39142657 52.52451162
257230238 13.40372483 52.52489207
262527902 13.39161868 52.51626826
262527903 13.39163192 52.5161852
262527900 13.39179763 52.51639961
262527901 13.39180627 52.51627807
257230235 13.40375048 52.52495477
262527907 13.39122833 52.51605528
257230237 13.40400797 52.52484513
257230236 13.4040337 52.52490263
29192133 13.39786823 52.52766137
29192131 13.39792497 52.5288371
29192130 13.39838849 52.52785021
759962267 13.38481274 52.52779338
759962266 13.38503704 52.52881229
29193512 13.39420248 52.52258017
887157684 13.4079131 52.52168121
665938539 13.38536637 52.52572607
759962268 13.3842592 52.52855672
588181255 13.40012061 52.52275686
588181257 13.40014274 52.52277078
588181259 13.40013779 52.5228085
1162829022 13.39639209 52.5246982
615146522 13.40182122 52.52527504
615146521 13.40204912 52.52521888
615146520 13.40190629 52.52514462
284750919 13.38054199 52.51672801
102972916 13.40004082 52.52045972
21669023 13.37965234 52.52258788
1137737107 13.39247732 52.5247909
1288008779 13.40506962 52.52112893
1288008778 13.4052091 52.52105224
1137737103 13.3919506 52.52452142
665982203 13.38408662 52.52534201
665982200 13.38400883 52.5254187
746780594 13.38580399 52.51681309
437305177 13.39090848 52.51638578
257228104 13.40564739 52.52503314
257228105 13.40556147 52.52496516
257229325 13.4045144 52.52509047
257229324 13.40443712 52.52514277
257229326 13.40472043 52.52523154
257229698 13.40377722 52.52514797
540686024 13.40721422 52.51604187
441784224 13.40265153 52.51689263
260124629 13.39979187 52.52610753
257229693 13.40368502 52.52494823
257229695 13.40395592 52.52518158
257229694 13.40350648 52.52497874
257229696 13.40392482 52.52512282
652787367 13.39736179 52.52199956
25954557 13.40310717 52.52899392
652787369 13.39713833 52.52271646
25954556 13.4032572 52.52812061
1217556779 13.38652542 52.52343823
540933833 13.3886193 52.52156169
345851689 13.40362902 52.52791961
441784222 13.40229748 52.51669432
667118720 13.3854066 52.52492157
667118722 13.38547097 52.52487103
257228038 13.40551864 52.52509583
29224123 13.40805283 52.52696139
538841575 13.39556379 52.52429913
539995683 13.4048444 52.51566024
539995682 13.40504867 52.51573492
539995681 13.4053422 52.51548783
539995687 13.4047242 52.51536771
539995686 13.40491313 52.51546167
539995685 13.4049817 52.51538858
539995684 13.40508471 52.51543561
617917206 13.39613627 52.52177484
617917207 13.39612177 52.521717
617917204 13.39609487 52.52183511
617917205 13.39613829 52.52181373
26701262 13.38941768 52.52200668
541115408 13.38798521 52.52091
30731704 13.38713218 52.52714303
539817358 13.39324577 52.52184483
1013898852 13.3981569 52.5187255
1365292198 13.38964382 52.52042167
283035794 13.39802698 52.51543561
1013898854 13.39876727 52.52112952
613821226 13.38865207 52.52022167
258083917 13.39933992 52.52502543
1147843173 13.39074294 52.52514118
258083915 13.39983437 52.52523891
258083914 13.39957989 52.52519298
541119303 13.38819048 52.52078393
699669703 13.3860738 52.5222418
1285681693 13.38419961 52.52856611
102960747 13.38007152 52.51895701
956723422 13.38604471 52.5206235
802152937 13.39661706 52.51602821
538835258 13.40111479 52.52083741
258084036 13.39923364 52.52550521
345608787 13.40502268 52.52849369
1206624322 13.38735489 52.5185981
160476852 13.39953522 52.51946479
540933843 13.38867076 52.52119624
1371317063 13.39675083 52.51909213
825188275 13.39330579 52.51712029
260123863 13.40136683 52.5260678
29221574 13.40813287 52.52704697
257227829 13.40501698 52.5253281
29221576 13.40747959 52.5262346
29221578 13.40524112 52.52872143
26747879 13.38443857 52.52224766
26747878 13.38532789 52.52096808
260123862 13.40144143 52.52614977
262482207 13.38610456 52.51818403
262482206 13.38622752 52.51819082
262482205 13.38626583 52.51793601
262482204 13.38574791 52.51790458
539995689 13.40468992 52.51523193
26747877 13.38522572 52.52299566
258084038 13.39941377 52.52558358
539995688 13.40480148 52.51529982
652771266 13.39640039 52.52278662
1252955146 13.385519 52.51779
652771241 13.39566488 52.52260666
665938512 13.38475491 52.52568374
652771242 13.395585 52.52257271
652771245 13.39508971 52.52264136
612635846 13.39792933 52.52633988
665938513 13.38476287 52.52563638
612635848 13.39744653 52.5262486
257745601 13.40132752 52.52382002
615123611 13.40177771 52.52482577
58571017 13.38739688 52.52492509
665938511 13.38446523 52.5256135
540935740 13.38920268 52.52116548
1150835119 13.38494543 52.52724562
257230137 13.40363028 52.52484513
257230138 13.40398224 52.52478771
345790055 13.38340207 52.52482778
617915204 13.4015799 52.52321234
617915205 13.40149801 52.52317227
1212134831 13.38656154 52.51936387
617915207 13.40160848 52.52339104
1212134837 13.388036 52.51914242
1212134836 13.38592284 52.5193264
617915202 13.40155299 52.52257749
1212134834 13.38653514 52.51946764
160503247 13.40420679 52.51864252
1212134839 13.38712548 52.5188633
617915208 13.40176849 52.5232949
617915209 13.40186706 52.52336112
160503240 13.40421551 52.5183945
160503241 13.40417343 52.51846927
160543206 13.39425873 52.51824732
160543204 13.39390367 52.51822393
441784218 13.4036758 52.51710972
160543201 13.39389814 52.51825511
441784215 13.39984141 52.51775697
441784217 13.40215406 52.51855007
441784210 13.39980109 52.51717083
441784211 13.4002486 52.51733914
160543208 13.39409796 52.51915181
1208647782 13.39341727 52.51761851
160543194 13.39348332 52.51822779
1013898841 13.39903306 52.52004121
1137737027 13.39224422 52.52468311
538790354 13.39185153 52.51948147
1137737025 13.39272316 52.52484689
1137737101 13.39114443 52.52498963
538790353 13.39188581 52.51926471
538790352 13.39193577 52.51994264
160543154 13.39461404 52.51621646
615120810 13.40243217 52.52409638
1137736991 13.39221363 52.52462737
538844013 13.3922355 52.52461899
1137736996 13.39239987 52.524924
1137736997 13.39234112 52.524823
1137736999 13.39215001 52.52482183
538844019 13.3921811 52.52433291
257228623 13.40510659 52.52488168
257228622 13.40524397 52.52478771
257228621 13.40515813 52.52476156
257228620 13.40523542 52.52469367
665938540 13.38540132 52.52569346
257228625 13.40537271 52.52479291
257228624 13.40516668 52.52491302
1217556832 13.38681702 52.52300153
1217556830 13.38705708 52.52276399
665938548 13.3853227 52.52542558
31160643 13.40363707 52.52079189
541123395 13.38526813 52.51991791
102972923 13.40195952 52.51888468
262477842 13.39871128 52.5235492
1137737116 13.3920216 52.52484957
1137737115 13.39152338 52.52440022
1375229139 13.38333141 52.52400166
26934085 13.38519219 52.52009938
174969329 13.40481531 52.51960233
665982211 13.38507099 52.52488017
1287998604 13.39921436 52.52495602
1287998605 13.39923297 52.52500288
1287998600 13.39984208 52.524146
1287998601 13.39968349 52.52420207
1287998602 13.39948191 52.52437734
1287998603 13.40073626 52.52455512
564733481 13.40396564 52.5153662
258084171 13.39954259 52.52580813
258084172 13.39931084 52.52577158
564733485 13.40357739 52.52715887
564733484 13.40363246 52.52706483
564733486 13.40359751 52.5272354
29192964 13.39704353 52.51949831
29192965 13.397239 52.51927871
29192960 13.39202168 52.52003953
29192961 13.39348944 52.52016493
538718771 13.39294009 52.52011262
538718770 13.39315491 52.51915323
260123953 13.40065018 52.5261232
652787377 13.39495518 52.52390334
26871652 13.39161851 52.53021014
26871658 13.38543409 52.52868094
345608717 13.40343523 52.52831717
1217556741 13.38682859 52.52268352
345608712 13.4033769 52.52820929
667118734 13.38676111 52.52515501
667118735 13.38675583 52.52509617
652771288 13.39773428 52.52280078
258083916 13.39987728 52.52513447
376673061 13.39925929 52.51916178
887157671 13.40753189 52.52201037
1166187536 13.4030433 52.52245478
1166187535 13.40314799 52.52193871
1166187538 13.40292059 52.52155113
262527487 13.39328073 52.5160241
25663722 13.39676223 52.51523134
476145130 13.40138502 52.52969264
611335401 13.40089719 52.52072316
1208647678 13.39394474 52.51771842
370446184 13.39060967 52.51908224
1217556696 13.38733293 52.52307429
538717870 13.39626183 52.51956428
1217556693 13.38755731 52.52317428
617915217 13.40237853 52.52331418
258083901 13.3998855 52.52512492
258083902 13.40011013 52.5251592
258083903 13.40018633 52.52495686
258083904 13.39965407 52.5248577
258083905 13.39961116 52.52495166
258083906 13.39992883 52.52501436
699669718 13.38652659 52.52224381
27410621 13.38220983 52.51949127
1361599334 13.3986806 52.52000726
1361599338 13.39839838 52.52023517
1361599339 13.39948962 52.52023869
699669715 13.38475901 52.51797993
258017930 13.40238884 52.52328124
258017932 13.40110113 52.52252058
258017933 13.40029856 52.52242033
1182977432 13.39980252 52.52037414
538843764 13.39218664 52.5246246
257228341 13.40560439 52.52497572
1287970537 13.39682719 52.52456342
303436670 13.38271844 52.52575432
31154023 13.40751462 52.51645451
858213719 13.39193526 52.52341962
102960791 13.37920441 52.51942472
665911111 13.38647638 52.5251364
541127541 13.38828444 52.52026174
541127543 13.38627312 52.5206774
956776639 13.38853758 52.52015588
258485797 13.39765424 52.52203812
258485793 13.39803779 52.52213744
258485791 13.40040434 52.5222651
577258918 13.38859164 52.51874839
615122459 13.40118771 52.52420081
160476880 13.40013092 52.52034531
1203301183 13.38348329 52.52581768
258083764 13.40228063 52.52516063
258083765 13.40223763 52.52506658
258083766 13.40198869 52.525124
213026933 13.38818227 52.52026853
213026932 13.38640564 52.52064982
213026930 13.38621679 52.52049308
213026934 13.38813943 52.52014322
612635834 13.39826192 52.52565457
612635836 13.39833703 52.52565457
612635830 13.39821901 52.52555659
612635832 13.39828338 52.52556966
538830868 13.40205222 52.52106221
612635838 13.39819747 52.52596789
885405993 13.39896986 52.52528359
885405995 13.39893273 52.5253742
887153211 13.4054966 52.52223903
268815764 13.38501659 52.52700967
885405998 13.39926758 52.52603687
663834394 13.39610551 52.52494538
317300591 13.39352523 52.52036844
260123887 13.40101454 52.52593637
51965337 13.38689321 52.52750597
217956031 13.39581282 52.52055578
160503281 13.3995312 52.51650128
1150835125 13.3852336 52.52735107
160503271 13.39963748 52.51671318
1212134845 13.38643481 52.51927158
160503277 13.39939549 52.51659474
1212134843 13.38828008 52.51875057
1212134841 13.38734223 52.51887596
1252955414 13.38538338 52.52012218
587625035 13.39185304 52.51702867
587625034 13.3797717 52.51623532
29194657 13.39881714 52.51857689
270759400 13.3854677 52.52840853
837929252 13.38847379 52.51961248
258485804 13.39669979 52.52400493
258485803 13.3981978 52.52358273
270759407 13.38501391 52.52830962
270759409 13.38459372 52.52785843
270759408 13.3839976 52.52753053
1142557558 13.38993056 52.52542399
29192119 13.39743932 52.52555013
612635855 13.39737143 52.5260854
258083575 13.40220687 52.52375691
258083576 13.40215331 52.52383528
615120804 13.40234643 52.5237896
615120805 13.40242136 52.52391256
615120806 13.40236788 52.52397241
615120807 13.4018529 52.52405723
615120800 13.40172407 52.52406369
615120801 13.40172407 52.52400501
615120803 13.40206748 52.52397241
1137736987 13.39201363 52.52479576
1137736985 13.39243868 52.52472267
1134198860 13.39087763 52.52486072
539322991 13.38058633 52.51745171
25664841 13.3906955 52.51724928
665938556 13.38535027 52.52569682
1217556828 13.38692917 52.52352012
665938555 13.38536913 52.52565273
665938552 13.38538523 52.52542751
665938558 13.38410388 52.5256451
588181274 13.39870759 52.52344208
588181270 13.40229496 52.5221646
588181278 13.39875562 52.52359707
564733474 13.3999083 52.51587943
260122407 13.4035939 52.52803503
260122404 13.40436428 52.5278658
102972937 13.39775658 52.51923387
260122402 13.40461918 52.52807962
260122403 13.40444182 52.52809857
260122400 13.40507038 52.52843644
260122401 13.40476913 52.52846603
31160079 13.40275077 52.51894838
376673458 13.39989313 52.51856172
540933819 13.38894301 52.52094411
260123859 13.40135652 52.52625212
27412098 13.39169898 52.52274186
538718900 13.39230826 52.51918492
538718901 13.39308484 52.51923269
160543236 13.39429544 52.5180744
29194685 13.40428767 52.51716379
29194683 13.39947319 52.51881821
29194681 13.39973722 52.51929212
702048667 13.40291933 52.51858326
1263312255 13.3932757 52.51724794
257745555 13.40120741 52.52415941
257745554 13.40130573 52.52416821
615143680 13.40144319 52.52434021
956776650 13.38853892 52.52013844
357990077 13.40026101 52.52391868
376673186 13.39956556 52.51863758
1206624326 13.38694074 52.5185722
1178115346 13.39312977 52.52230013
260123628 13.40246117 52.52600309
102965038 13.39381692 52.52161131
244523979 13.40441726 52.51542412
588181343 13.40643 52.52498243
1217556755 13.38595838 52.52324578
1371317060 13.39682904 52.51855518
667118709 13.38608176 52.52470968
610319160 13.40348561 52.52257439
610319161 13.40362743 52.52301159
610319162 13.40335468 52.52288829
538716976 13.39604717 52.51880169
538716975 13.39602999 52.51874428
376673077 13.39929709 52.51910512
262527488 13.3931348 52.51614941
105184460 13.39436618 52.52203837
652787410 13.39528828 52.52414784
652787413 13.3958787 52.52421808
105184463 13.39607718 52.52174986
105184464 13.3949789 52.52115097
105184465 13.3940905 52.52178456
105184467 13.39406737 52.52192052
105184468 13.3940983 52.52196519
376673275 13.39985817 52.51851176
1252955231 13.38534088 52.5198579
760483761 13.40374796 52.51707687
615144090 13.40152508 52.52442252
615144092 13.40156766 52.5245459
262476527 13.40130682 52.52978752
258083799 13.40266678 52.52501436
538840951 13.39439544 52.52295694
270356314 13.38329713 52.53037501
538840955 13.39470431 52.52344317
1383458999 13.38317643 52.52653509
1217556689 13.38640849 52.5231545
357990072 13.39998474 52.52428011
540642443 13.40009044 52.51592796
665982196 13.38399274 52.52551166
437610089 13.40813958 52.52230751
1147843154 13.39004531 52.52527713
29150674 13.40434517 52.53308689
27005145 13.39464832 52.51925767
1147843150 13.39077672 52.52527848
564733471 13.38613348 52.52330529
27410631 13.38832518 52.52220709
27410630 13.38693546 52.52150687
699669723 13.38557742 52.51802486
258496886 13.40163078 52.52100111
258496885 13.4015364 52.52111074
303436667 13.38375008 52.52540161
258327370 13.40117547 52.52318442
258327338 13.40114706 52.52292987
258327339 13.40105528 52.52299642
734960965 13.38390808 52.52882192
734960964 13.38444402 52.52879426
734960967 13.38383742 52.52888336
734960966 13.38374262 52.52866736
734960961 13.38540107 52.52846972
734960960 13.38450194 52.5287397
734960963 13.38412593 52.52880918
734960962 13.38369049 52.52871464
734960968 13.38430689 52.52888462
25661397 13.38583332 52.51666062
258083801 13.40247308 52.52501771
258083800 13.4026496 52.52497782
258083807 13.40240158 52.52488008
258083809 13.4023284 52.5250437
258083808 13.40226998 52.5249038
258485788 13.39798851 52.52323321
262482203 13.38567071 52.51843298
25665007 13.39934369 52.51762571
257745603 13.40113868 52.52389831
262482202 13.38606382 52.51845494
539995489 13.40426932 52.51534676
258485783 13.39543496 52.52283959
258485784 13.39596252 52.52271177
258485785 13.39606377 52.52287304
258485787 13.39643953 52.52357368
615145237 13.40128184 52.52471907
986042612 13.40342291 52.52467364
26748919 13.38068943 52.52836654
615145239 13.40110766 52.52476207
1150835187 13.38511248 52.52723029
160514854 13.3979269 52.51541096
257745602 13.40115586 52.52382002
258083797 13.40287264 52.52501847
534694560 13.40168149 52.52013702
1137737071 13.39221019 52.52450642
102972966 13.40083634 52.52056701
652771267 13.39625437 52.5225728
612635827 13.39790779 52.52558282
612635824 13.39790779 52.52554359
612635822 13.3977684 52.52552398
612635820 13.39761819 52.52543907
612635821 13.39777913 52.52547176
617917178 13.39356772 52.5221801
617917179 13.39354006 52.52209746
612635828 13.39819747 52.52562842
652771268 13.39615446 52.52285309
257745600 13.40132752 52.52389831
268815752 13.38541171 52.52705142
268815751 13.38549561 52.52719039
268815750 13.38542613 52.52742156
665938490 13.3849746 52.52524143
51965322 13.38785101 52.52387493
303436848 13.38564791 52.52461228
1150835137 13.38587967 52.52736289
25665679 13.39222762 52.51908852
160503264 13.39897053 52.5174243
1212134857 13.38645098 52.51918307
1212134856 13.3861841 52.51933462
735132795 13.40260107 52.52395263
768074054 13.4075246 52.51821253
1212134858 13.38686891 52.51944408
541116885 13.3866493 52.52059752
1142557527 13.39064688 52.52529868
260124578 13.40053862 52.52592472
260124579 13.40045279 52.52583604
345608765 13.40371301 52.52799882
1142557521 13.38997641 52.5246956
260124576 13.40016093 52.52596127
260124577 13.40032404 52.52601348
160503286 13.39947814 52.51641512
258327406 13.40170856 52.52305082
735138168 13.40207971 52.52507153
612635841 13.39815464 52.52596789
735138164 13.40197402 52.52489769
735138166 13.40209203 52.52508888
1203692564 13.38348681 52.52591751
612635843 13.39801508 52.52631381
196740189 13.40290139 52.51664277
612635844 13.39796152 52.52630082
588181268 13.40220184 52.52216208
588181269 13.40229287 52.52210416
1212471612 13.40437493 52.52565306
1217556812 13.38726562 52.52352917
341340986 13.40379641 52.51934643
258327368 13.401454 52.52320001
341340983 13.40272118 52.5188317
341340981 13.40564336 52.51769746
160503138 13.40070516 52.52117922
258327538 13.4009391 52.52270003
258327536 13.40049226 52.52269744
258327537 13.40053526 52.52265041
258327535 13.40032597 52.52264907
665938497 13.38529587 52.5255985
665938495 13.38536913 52.5256021
618984862 13.40777186 52.52180451
160543229 13.39493062 52.5176786
247601437 13.3956948 52.5201091
160543225 13.3948603 52.51807423
437303036 13.39188698 52.51689766
27411260 13.4010158 52.52070866
437303037 13.39192127 52.51669918
270480385 13.38434562 52.52722417
270480384 13.38421084 52.52724772
270480387 13.38421318 52.52719852
270480386 13.38430622 52.52717153
270480380 13.38342998 52.52827517
270480383 13.38406424 52.52745878
174969323 13.40438608 52.5188659
270480389 13.38394697 52.52757067
270480388 13.38400003 52.52743573
174969324 13.40436889 52.51905391
258327652 13.40036712 52.52285292
258327651 13.40029487 52.52277581
258327650 13.40028641 52.5227256
102965029 13.39200676 52.52213434
26871637 13.3957238 52.52899451
102972899 13.39410408 52.52174433
548143342 13.3894129 52.5233778
665938561 13.38405669 52.52549414
665938565 13.38408209 52.52542449
275525455 13.40427259 52.52180082
588181297 13.40220033 52.5235746
262527498 13.39306137 52.5167405
667118711 13.38403331 52.52574904
667118712 13.38559972 52.52488084
667118714 13.38538791 52.52502928
262527491 13.39304888 52.51632702
262527492 13.3928944 52.51632183
262527493 13.39286867 52.51650463
262527494 13.39303304 52.51651226
262527495 13.39302701 52.51663606
303436983 13.38189936 52.52569623
652787403 13.39568424 52.52347628
652787406 13.3958958 52.52344091
652787407 13.39579329 52.5232353
652787404 13.39606067 52.52308024
652787405 13.39599873 52.52295669
652787408 13.39498778 52.52387291
27412113 13.39166344 52.52206636
345608802 13.40377093 52.52816797
345608805 13.40327061 52.52805314
258485588 13.40733383 52.51595847
615121239 13.40168652 52.5241496
538840947 13.39480866 52.52292039
548173849 13.38941809 52.52325793
1150835221 13.38516361 52.5273255
613821274 13.38871686 52.5198641
258084194 13.40130288 52.5253224
1210473720 13.39359522 52.52207181
270480370 13.38549478 52.52817409
699669733 13.3869549 52.52253198
699669735 13.38641461 52.52238127
270480371 13.38537223 52.52849486
270480372 13.38502757 52.52874272
260123599 13.40153422 52.52558534
258496893 13.40199087 52.52126983
258496894 13.40207678 52.52117059
260123593 13.40169733 52.52569497
310270792 13.3823462 52.52392941
260123597 13.40188609 52.52535551
260123596 13.40197201 52.52546003
260123595 13.40173161 52.52553312
270480375 13.38464737 52.52836838
258327345 13.4012613 52.52298066
258327344 13.4013447 52.52292752
25662705 13.39095969 52.5157366
450169259 13.38397422 52.51671158
258496665 13.4009645 52.52194374
196739253 13.40253929 52.5163499
450169257 13.38076663 52.51651897
270480377 13.38461007 52.52815548
887148896 13.40535394 52.5221801
734960976 13.38364548 52.52880281
734960977 13.38473311 52.52906936
734960974 13.384598 52.52901546
734960975 13.38422232 52.52896282
734960972 13.38370164 52.52865848
258083937 13.39973638 52.52522139
734960970 13.3843965 52.52883911
734960971 13.38454662 52.52898931
734960978 13.38397422 52.52894388
734960979 13.38417873 52.52770294
345608752 13.40505646 52.52864129
345608755 13.40451491 52.52816076
440937804 13.40807873 52.52238622
440937807 13.40800773 52.52259099
440937801 13.4080053 52.52253717
257228863 13.40425582 52.52479836
440937803 13.40804964 52.52237079
539995492 13.40511053 52.5157594
1212134833 13.3859624 52.51955883
539995490 13.40396807 52.51575898
539995491 13.40451818 52.51602578
539995496 13.40432078 52.51570198
539995497 13.40468129 52.51588999
539995494 13.40487013 52.51571757
961626574 13.40109266 52.52605632
298489580 13.38561237 52.51861822
298489581 13.3855615 52.51890069
617915206 13.4017819 52.52309231
617915201 13.401094 52.52255796
260123880 13.40058162 52.5259062
617915203 13.40156842 52.52322231
885408470 13.40060902 52.5252245
26747821 13.38379392 52.52324
885408477 13.40129584 52.52548903
1206624310 13.38738674 52.51837522
293226261 13.39417373 52.52254581
652771279 13.39684052 52.52273214
612635819 13.39757528 52.52553714
262527499 13.39335323 52.51671963
612635813 13.39747872 52.52540001
160503242 13.40416974 52.51856348
612635811 13.3974358 52.52550437
612635817 13.39751091 52.52553052
612635815 13.39753228 52.52540647
652771277 13.39680121 52.52261798
735138190 13.40209128 52.52506817
346120236 13.38671233 52.52169597
260123951 13.40061581 52.52594039
260123950 13.40102426 52.52636661
540935060 13.38920301 52.52137368
51965353 13.38774096 52.52441346
257229109 13.40410243 52.52503833
615122872 13.40172407 52.52432487
25665646 13.39626879 52.5175377
357990108 13.40365652 52.52683097
1150835140 13.38526712 52.52778014
283031005 13.38543736 52.51776611
1212134861 13.38595117 52.51922481
25662542 13.38609844 52.51543058
357990102 13.40387461 52.52651179
357990105 13.40376582 52.52674531
1212134865 13.38614572 52.51947191
1212134866 13.38602569 52.51899993
260929342 13.39799094 52.52706516
260929344 13.39872201 52.52552088
160543143 13.3951462 52.51676816
160543144 13.39522273 52.51633708
160543149 13.39509616 52.51632878
548173809 13.38920184 52.52276097
538790365 13.39157006 52.51978447
538790366 13.39176679 52.51979621
538790367 13.39174483 52.51993107
538790362 13.39145481 52.51991791
538790363 13.3915554 52.51992386
548173804 13.38938742 52.52279861
735138170 13.40186078 52.52492141
343308180 13.39590678 52.52248906
268815749 13.38532714 52.52738543
610532718 13.39846242 52.5264765
343308182 13.39733706 52.5222879
1137737029 13.3922697 52.52467841
1217556805 13.38739277 52.52266483
1217556809 13.38663011 52.52331543
538790355 13.39152254 52.51946169
160503146 13.40313533 52.52142867
1375229169 13.38376601 52.52494982
1375229167 13.38334398 52.52491872
1375229165 13.3829569 52.52481244
538790357 13.39147518 52.5197802
1134199074 13.38995261 52.52502626
358462132 13.39770092 52.52857038
358462134 13.39779983 52.52857533
665938486 13.38448886 52.52541552
27412072 13.39212226 52.52352942
615143192 13.40251557 52.52398423
258084123 13.39934512 52.52569321
27411252 13.40372961 52.5230846
541123911 13.38555622 52.51981322
27411250 13.40290122 52.52134736
29192951 13.39340578 52.52176679
29192953 13.39480363 52.52075937
588181321 13.40257534 52.52371198
588181322 13.40258933 52.52359572
257229492 13.40391267 52.52544419
270480390 13.38409559 52.52761552
257229490 13.40430184 52.52529616
588181329 13.40317498 52.52461203
258327643 13.4007019 52.52299701
258327644 13.40080131 52.52291159
258327647 13.4004838 52.52273918
735132793 13.40259378 52.52374417
665938576 13.3847679 52.52542516
665938570 13.38466874 52.52528778
538718635 13.39324049 52.5201335
665911126 13.38648183 52.52509717
665911122 13.3865462 52.52505971
538718382 13.39511159 52.52022754
538718383 13.39524897 52.52028504
538718381 13.39494001 52.52035813
538718384 13.39508594 52.52042083
376673250 13.39989061 52.51860237
652787434 13.39873441 52.52336623
652787433 13.39858102 52.52310396
652787431 13.39871614 52.52306817
213232358 13.40411291 52.51908148
588181283 13.40013084 52.52286348
345790169 13.38376232 52.52444682
1203301060 13.38374472 52.52584819
1203301171 13.38384966 52.52686131
258496959 13.40747984 52.52280338
25665991 13.40500743 52.52001397
1393236495 13.39374458 52.51796954
665911056 13.38602887 52.52537369
1393236493 13.39377794 52.51770928
858213734 13.39121828 52.52311268
615122612 13.40165978 52.52440324
345851691 13.40333616 52.52802514
258083953 13.39919399 52.52499483
257228748 13.4045745 52.52463097
1178759082 13.38345504 52.52602824
1178759083 13.38351464 52.52582104
270480353 13.38496906 52.52835857
538835261 13.40103759 52.52129171
538835263 13.40108914 52.52122901
538835265 13.40119207 52.52099398
538835264 13.40102041 52.52121862
699669743 13.38451183 52.51796728
699669748 13.38446028 52.51826467
257228626 13.40546709 52.52481898
1217556790 13.38697401 52.52317889
1287970549 13.39687933 52.52473348
1287970548 13.3968505 52.52470406
611336094 13.4028314 52.51854982
1287970546 13.39704982 52.524592
303436603 13.38749939 52.52383017
213232977 13.40339198 52.51807348
1217556932 13.38728356 52.52221883
258083826 13.40114756 52.52380284
25665029 13.39631741 52.51743209
262524178 13.38670563 52.51896942
262524179 13.38627639 52.51894863
262524176 13.38687192 52.51876113
262524177 13.38673128 52.51876054
262524174 13.38609006 52.51864168
262524175 13.38688642 52.51866901
665938557 13.38529671 52.52571308
262524173 13.3859997 52.51905181
30731516 13.40017861 52.52289114
30731512 13.40043334 52.52226309
30731510 13.40015841 52.52271252
540686662 13.40718203 52.51538263
345790087 13.38315279 52.52476768
160787576 13.40239227 52.51661502
25664673 13.39049408 52.51894427
357990067 13.39943992 52.52413787
612635809 13.39734989 52.52549138
357990061 13.39971778 52.5241211
612635805 13.39875537 52.52550437
612635807 13.39744653 52.52528904
612635800 13.39848857 52.52601382
612635801 13.39861589 52.52570679
612635803 13.39866962 52.52571333
734960948 13.38463429 52.52898194
734960947 13.38415024 52.52902058
734960946 13.38384069 52.52870751
98973667 13.38724877 52.5262123
98973665 13.38736252 52.52630903
260123885 13.40085193 52.52599513
260124355 13.40129391 52.52565323
260124356 13.40111362 52.52571576
260124353 13.40124236 52.52585163
702043548 13.3976472 52.51625368
51965345 13.3872352 52.52714831
1162828931 13.39833183 52.52433727
51965343 13.38668719 52.52758434
1150835154 13.38444369 52.52715166
1150835150 13.38497351 52.52769213
1150835152 13.38517953 52.52723531
1212134877 13.38683203 52.51906799
357990113 13.4034318 52.52742449
357990110 13.40358468 52.52729248
1212134872 13.38732614 52.51897797
1212134871 13.38565361 52.51954081
357990115 13.39428756 52.52273976
734960973 13.38484577 52.52866929
612635796 13.39827257 52.52635304
615122464 13.40132719 52.5245925
615122465 13.40179917 52.52450114
615122460 13.40119844 52.5242335
615122461 13.40086576 52.52425312
615122462 13.40087657 52.52436401
615122463 13.40119844 52.5243444
160543152 13.39511033 52.51624907
345608724 13.40364981 52.52846536
160543156 13.3946013 52.51628813
257229028 13.40411962 52.52479291
257229026 13.40393957 52.52470004
257229027 13.40400202 52.52481563
257229024 13.40435129 52.52499131
257229023 13.40423118 52.52501738
1137737057 13.39192252 52.52503138
1213529552 13.38517082 52.52888169
548173818 13.38912137 52.52289843
1213529554 13.38501072 52.5288345
258327424 13.40196002 52.52318183
258327425 13.40188349 52.52314813
548173811 13.38916161 52.52283632
548173816 13.38916161 52.52290589
548173814 13.38919254 52.52284378
541119478 13.38826877 52.52034648
538834822 13.40121017 52.52115768
538834823 13.40142484 52.52123613
268815735 13.38501491 52.5273628
268815734 13.38517853 52.52741712
268815731 13.38558287 52.52747898
268815730 13.38567331 52.52721
268815733 13.38506923 52.5275457
268815732 13.3854439 52.5276586
25664713 13.38394278 52.51686229
539995498 13.40460409 52.51596308
539995391 13.40293039 52.51631311
539995390 13.40387453 52.51679884
262478055 13.3871642 52.5262921
615143503 13.4017058 52.52418799
1288008787 13.40478489 52.5214425
615143506 13.40189766 52.52414809
622642557 13.38751331 52.52339657
1375229173 13.38466782 52.52500808
768082168 13.40289871 52.52011153
825188310 13.39491612 52.5161769
213232982 13.40394133 52.51828772
768082167 13.40366733 52.51946169
768082166 13.4019824 52.51974047
102972987 13.40289552 52.51852979
102972983 13.40282696 52.51851193
1217556901 13.38684686 52.52337453
588181333 13.40378652 52.5228608
1376206546 13.38270587 52.52650902
588181331 13.40371997 52.52270833
588181335 13.40370597 52.52300472
670333026 13.40073777 52.52118501
441784197 13.40048011 52.51623641
1365246921 13.38966603 52.5203738
102972877 13.39711117 52.51952011
564733483 13.40362726 52.52691638
1363463121 13.4038571 52.52534067
26871570 13.39760436 52.52875814
260123598 13.40144839 52.5254809
31156706 13.39999488 52.51590667
858213761 13.39082391 52.52306884
257229575 13.40380069 52.52520807
257229576 13.40363246 52.52523891
665911115 13.3867876 52.525125
858213766 13.39092357 52.52322851
258084071 13.39916491 52.52560973
612635861 13.39836921 52.52636603
311718989 13.40149969 52.52962357
1166187578 13.4023683 52.52217793
652787421 13.39725618 52.52290916
652787423 13.39821448 52.5223754
652787424 13.39814441 52.52237423
1208647557 13.39352657 52.51762362
1166187571 13.40271221 52.52176453
29194650 13.3995628 52.5185214
29194651 13.3995374 52.51858812
29194653 13.39962097 52.5186706
213234834 13.4044134 52.51915457
376673228 13.39981467 52.51866909
257229449 13.40368887 52.52542432
160543167 13.39269064 52.51753494
262520404 13.38359904 52.51834161
262520402 13.38349963 52.51764918
262520403 13.38371136 52.51765522
262520400 13.38238316 52.51812938
262520401 13.38339561 52.5181842
659386327 13.39837357 52.52780227
588181291 13.40186136 52.52356119
1217556656 13.38671979 52.52332449
1287970499 13.39722014 52.5247707
260123594 13.40181753 52.52566362
160543162 13.39322532 52.51757006
665911069 13.3860691 52.5251727
665911061 13.38606818 52.52531712
1137737097 13.39186402 52.52492099
258327341 13.40161351 52.5228551
258327340 13.40126617 52.52308912
534694561 13.40117648 52.52070707
29194669 13.39960026 52.5177843
258083940 13.39931084 52.52524411
258083941 13.39934512 52.52518669
258083943 13.39912367 52.52515099
1178759098 13.38422718 52.527124
541123398 13.38528196 52.51983166
825188333 13.39454514 52.51721391
699669750 13.38498558 52.51798681
258084191 13.40125711 52.52543706
541114814 13.38827698 52.52086297
258327369 13.40126994 52.52311117
860313247 13.40594033 52.52497648
1287970574 13.39682929 52.52464522
29805131 13.39656811 52.52173042
258327363 13.40183144 52.52297362
1287970579 13.39684203 52.52451639
258327366 13.40141268 52.52313279
258327365 13.40163036 52.52298594
258327364 13.4015188 52.52292316
548173830 13.38903169 52.52312801
450169274 13.39263884 52.51708978
652787427 13.39832152 52.52267011
548173828 13.38907192 52.52313363
29194664 13.39855873 52.51887411
345608776 13.40331831 52.52862151
615122614 13.40138578 52.52423057
345608771 13.40339324 52.52806797
615122613 13.40147739 52.5244293
262479941 13.40266846 52.51624941
345608779 13.40327908 52.52881857
258083798 13.40283953 52.52497413
288868359 13.37961412 52.51694879
615122611 13.40163229 52.52434079
353646382 13.3943811 52.51594397
283031004 13.38387556 52.51766813
610532717 13.39644087 52.52502962
283031006 13.38555697 52.51706044
283031002 13.38399509 52.51696237
357990081 13.40043812 52.52388507
343308184 13.39701403 52.52292643
357990082 13.40062487 52.52393276
343308183 13.39754603 52.52258411
610532719 13.39738073 52.52630543
260924321 13.39714881 52.52567812
260924320 13.39677891 52.52561752
260924323 13.3970276 52.52594911
258485737 13.3946194 52.52257573
611330949 13.40263828 52.51890228
357990058 13.39976597 52.52402027
1212134859 13.38637571 52.51945833
866236145 13.40706971 52.52310278
759962271 13.38419189 52.52853459
357990053 13.39948107 52.52437977
357990056 13.39971283 52.52412714
734960958 13.38456204 52.52921411
734960954 13.38543803 52.52848648
440937808 13.40790413 52.52266483
734960956 13.38475918 52.52890281
734960957 13.38482389 52.5288438
734960950 13.38445081 52.5290686
734960953 13.38372653 52.52872939
171440818 13.40438801 52.51749261
665938492 13.38497443 52.52543337
257227741 13.40410109 52.52553236
257227740 13.40415591 52.52559246
257227743 13.40394611 52.5255648
257227742 13.40395558 52.52559699
257227744 13.40374319 52.52559506
102964984 13.38774373 52.5223547
1150835168 13.38503101 52.52713909
345608759 13.40408081 52.52809119
213231074 13.4051687 52.51901879
257228039 13.40542418 52.52502266
258083610 13.40179993 52.52367753
258083611 13.40178266 52.52378197
538805642 13.3869347 52.51790466
1212134881 13.3864105 52.51935809
538805644 13.38821177 52.51865158
1212134884 13.3868912 52.51933906
538805647 13.3868399 52.51856591
21487208 13.40238146 52.51636399
25662562 13.38578093 52.51695902
369348837 13.39374081 52.5179993
615120808 13.40191727 52.52418782
538788834 13.39155581 52.51923722
539808060 13.38911953 52.52095668
539808061 13.38905097 52.52113706
29207422 13.39813259 52.51752999
29207423 13.39960211 52.51579972
29207427 13.39748593 52.51701819
539995493 13.40491313 52.51568111
1137737096 13.3916678 52.52470457
1217556667 13.3870264 52.52367024
1137737094 13.39258578 52.52461438
29207429 13.39739029 52.51748951
1137737092 13.39121434 52.52440592
1137737090 13.39207709 52.52463793
160543168 13.39261948 52.51793509
30731520 13.40141201 52.52221028
1212471889 13.40385852 52.52591072
548173826 13.38908743 52.52310354
548173825 13.3890503 52.52309792
1217556664 13.38705373 52.52352037
548173823 13.38906572 52.52304713
548173822 13.38910277 52.52305652
548173821 13.38913068 52.52298309
548173820 13.38909363 52.52297739
539995495 13.40450971 52.51555052
345790175 13.38356057 52.52450809
268815728 13.38562688 52.52759942
268815729 13.38567557 52.52750437
268815726 13.38557457 52.52787242
268815727 13.38576032 52.52763857
268815724 13.38583902 52.52709651
268815722 13.38578881 52.52722283
268815723 13.38601169 52.52724738
