9780329 4.3573599 50.8477076
1331088748 4.3514636 50.8533229
1331089189 4.3472429 50.8546717
1335668417 4.3426248 50.8509018
350647807 4.356315 50.8463421
1335668412 4.3418039 50.8518641
313882101 4.3610427 50.8433238
350647808 4.3562495 50.8463166
313882102 4.3609414 50.8432439
313882104 4.3647273 50.8425227
1335668397 4.3416972 50.8513955
865007513 4.3591414 50.8462708
492320167 4.3599149 50.8585478
1106495254 4.3519641 50.8415904
347582062 4.3621826 50.854868
125656848 4.3471948 50.8432841
679936281 4.3638389 50.8501335
1335101979 4.3661231 50.8538118
117212742 4.3444804 50.8562173
331908839 4.358869 50.8562246
679936285 4.3638228 50.8500556
1335668300 4.3416159 50.8513141
347592833 4.3651867 50.8544725
1333804245 4.3603171 50.8587671
35711872 4.3554061 50.8445073
1316286411 4.3506666 50.8515429
35711870 4.3561016 50.8446952
1316286413 4.3497312 50.849333
495784003 4.3533668 50.8484268
1316286416 4.3490011 50.8494652
35711875 4.3572764 50.8477567
35711878 4.3597283 50.8474262
35711879 4.3600103 50.8474311
463210722 4.3529534 50.8483297
463210723 4.3530336 50.8483736
463210726 4.3521874 50.8487367
463210727 4.3523857 50.8484816
129801279 4.3548843 50.8495855
463210725 4.3524261 50.8485221
463210728 4.3527589 50.8483056
17430848 4.3481155 50.8456494
35711899 4.363158 50.8498166
347602253 4.3609362 50.8548355
35711890 4.3665909 50.8494337
35711891 4.3668551 50.8484946
35711892 4.3653327 50.847344
35711893 4.3671643 50.8477533
35711894 4.3654075 50.8470385
35711895 4.3671728 50.8466586
35711897 4.3623229 50.8488609
814661342 4.3567061 50.8458087
814661343 4.3569824 50.8457444
370387522 4.3407964 50.8545541
143808367 4.3565717 50.8580725
814661344 4.3569046 50.8456462
814661345 4.356824 50.8455985
347596034 4.3655214 50.8546351
1331088560 4.3513865 50.855714
143808369 4.359232 50.8572365
313882103 4.3646938 50.8426484
234734345 4.3621959 50.8509309
135657258 4.3618367 50.8589171
35714156 4.3575388 50.8504008
35714157 4.3581086 50.8508582
35714155 4.3454174 50.8442552
35714152 4.3468095 50.84353
35714153 4.3463186 50.8437584
256386551 4.368925 50.84565
35714151 4.3473791 50.8447743
347592725 4.3649635 50.8540444
347592727 4.364749 50.8539848
347592721 4.3649464 50.8541528
347592722 4.3649721 50.854104
865007730 4.3565718 50.8458847
53163860 4.3461426 50.8556466
865007732 4.356604 50.8458389
129807712 4.3534652 50.8502627
1300814909 4.3506395 50.8522291
1300814906 4.349071 50.8510918
75272574 4.3577677 50.8440163
1342419241 4.3570226 50.8524774
17431248 4.3532089 50.8446748
17431246 4.3528812 50.8448073
351945250 4.3619711 50.8506009
17431245 4.3526261 50.8446565
71284439 4.3641411 50.8454476
385911947 4.3569765 50.8519694
721213953 4.3555399 50.8426412
721213955 4.3548674 50.8435554
721213956 4.3550345 50.8434078
389441186 4.3612219 50.8504605
385911949 4.3556366 50.8513763
679936269 4.3637263 50.8502622
144913773 4.3547459 50.8432412
144913776 4.3547782 50.8431216
305335385 4.3565355 50.8432679
1381888413 4.3440691 50.8417102
490712222 4.3636585 50.8417957
127541280 4.3412212 50.8433341
1300814634 4.3437809 50.8507906
1381888419 4.3433278 50.8420639
490712228 4.3634014 50.841808
1342419426 4.3579481 50.8531867
1333321849 4.3523645 50.8562848
1324647659 4.3546382 50.8430353
135680460 4.369063 50.8562773
1333321841 4.3503489 50.8548276
251281805 4.3664264 50.8419718
1336977599 4.3442197 50.8486488
113484261 4.3515315 50.8532739
113484262 4.3508241 50.8533298
113484264 4.3507888 50.8531883
129956704 4.3632809 50.8476384
1336977591 4.3431954 50.849131
71287182 4.3647046 50.8432542
1336977608 4.3431282 50.8488634
9779787 4.3556874 50.8455424
319195715 4.3683391 50.8587822
1333804505 4.360416 50.8590412
1336977602 4.3430441 50.8487156
1038193091 4.3478019 50.8490202
1302463793 4.3525758 50.844507
1302463792 4.3453202 50.8430652
1302463790 4.3466024 50.8427855
1302463797 4.3526167 50.8444845
1302463796 4.3530247 50.8447995
1302463795 4.3454459 50.8425708
1302463794 4.345283 50.8528955
490712311 4.3607039 50.8426792
1302463798 4.3532902 50.8447025
490712316 4.3610963 50.8426149
332199324 4.3632669 50.8538255
113493474 4.3484179 50.8535399
1388362165 4.3687385 50.8503062
129956851 4.3678578 50.8511033
129956852 4.3680116 50.8512586
129956853 4.3679098 50.8515102
350462703 4.3509613 50.8512592
129956857 4.3674543 50.851594
71295170 4.3642191 50.8458774
71295172 4.3640099 50.8458017
1324332476 4.360384 50.8423784
1302020969 4.3492196 50.8468849
1017855275 4.3561161 50.8467211
1017855276 4.3547496 50.8460213
1207692716 4.3517553 50.8483824
17428972 4.3541278 50.853898
17428973 4.3546802 50.8548144
17428970 4.3534979 50.8527906
1302020966 4.3438853 50.8480479
1302020962 4.3522326 50.848411
148308468 4.35798 50.8483017
331909133 4.3599277 50.8569479
331909134 4.360517 50.8567285
1017735630 4.3585454 50.8534762
1302052288 4.3517779 50.8558155
113475535 4.3476726 50.8528739
1302052284 4.3507813 50.8548741
1017855297 4.3560469 50.8471266
744842608 4.3567021 50.8450076
1324332711 4.3606727 50.8425681
1324647809 4.3549266 50.8446494
1324647808 4.3570417 50.8424123
122322294 4.3432809 50.8511194
1324332717 4.3621559 50.8421346
744841944 4.3525172 50.8463064
1302021145 4.343263 50.8484871
1324647801 4.3570007 50.842006
1302021147 4.3430471 50.8486288
1324647807 4.3578133 50.8424847
333651467 4.3417319 50.8541043
1324647805 4.3535757 50.8474197
1324647804 4.3532704 50.8476256
135615710 4.3581725 50.8555949
331641887 4.3671227 50.8511184
1302020818 4.3475459 50.8483113
331908605 4.3608775 50.8556286
331908604 4.3612208 50.8561433
148321145 4.3603365 50.8463534
125734031 4.3620983 50.8413211
125734032 4.3618068 50.8413812
125733938 4.3614077 50.8422618
125734036 4.3618434 50.841452
148321142 4.3604381 50.8466467
125733934 4.3613077 50.8420684
744842730 4.3570777 50.8451272
318908746 4.3560798 50.8576058
35710786 4.3511109 50.8466631
35710784 4.3511921 50.8479025
35710782 4.3517706 50.8482866
35710780 4.352445 50.8489823
510619626 4.3565988 50.8459239
1331088956 4.3481725 50.8551383
109723407 4.368147 50.852237
127445018 4.3407572 50.8513097
1331089040 4.3508401 50.8566776
1300814686 4.3488954 50.8507737
144002978 4.3426791 50.8554417
144002972 4.3429274 50.8553239
1313216851 4.3607965 50.8571772
71283840 4.3638905 50.8449812
71283844 4.363964 50.8451117
1335668244 4.3429007 50.8494242
75275018 4.357484 50.8438005
1335668790 4.3425724 50.8515548
75275016 4.3570635 50.8440336
1302463802 4.356464 50.84449
1302463801 4.3567893 50.8446882
1302463800 4.3455227 50.8529608
560230029 4.3571605 50.8511544
1302463806 4.3460941 50.8536937
30150838 4.3547419 50.8429623
1302463804 4.3527877 50.8448829
30150836 4.3542336 50.8425087
1333804342 4.3615245 50.8584554
1302463809 4.3433128 50.8478146
30150835 4.3540566 50.8417557
1329869269 4.352907 50.8502494
1324647663 4.3544359 50.8438043
875942958 4.3527049 50.8497501
1324647660 4.3572062 50.8430564
1324647667 4.3569197 50.8425445
1324647665 4.3542849 50.8418901
1331088824 4.3503117 50.8561366
875942953 4.35294 50.8497775
1324647669 4.35494 50.8446874
8016364 4.3687346 50.8424746
1331088823 4.347982 50.8548483
1316286410 4.3501068 50.8489874
1331088770 4.349054 50.8542726
35711873 4.3553528 50.8443596
17430692 4.3469271 50.8452704
17430693 4.3459333 50.8452538
1335668422 4.3420381 50.8498318
17430691 4.3462811 50.8455405
350647058 4.3561024 50.8467894
1335668426 4.3424405 50.8520714
1335668427 4.3418649 50.850222
707118788 4.3473656 50.8552475
560424074 4.3576565 50.8505435
1331089196 4.3489537 50.8544599
707118786 4.3469163 50.855344
1313216927 4.3611036 50.8570871
707118782 4.3470665 50.8552898
109750220 4.3605586 50.854896
865007503 4.3584118 50.8459643
351947817 4.3615493 50.8519165
734060510 4.3507797 50.8547472
495784000 4.352479 50.8489861
1333804126 4.3599298 50.8589649
1333804125 4.3604218 50.859001
351947818 4.3622447 50.8516938
1333804121 4.3611777 50.8579066
145327 4.3600528 50.8458537
145326 4.3605559 50.8431026
145325 4.3617097 50.8454258
145324 4.3624415 50.8468554
145323 4.3636607 50.8491913
145322 4.3644782 50.8508183
145320 4.3653398 50.8525313
130096835 4.368012 50.8513851
1329614836 4.3428483 50.8529143
679936291 4.3637853 50.849998
1324647790 4.3567874 50.8429654
113531949 4.3513893 50.8562746
1316286407 4.3502191 50.851561
35711864 4.3548284 50.8456373
1316286404 4.3497239 50.8493541
35711861 4.3550645 50.845306
1366777634 4.3450031 50.8458783
1316286401 4.3505733 50.8489829
1316286400 4.3505678 50.8490157
35711851 4.3522328 50.843784
35711869 4.3555673 50.844654
35711868 4.3547936 50.8461722
347581921 4.3617878 50.855101
30150660 4.3569665 50.8449612
492320756 4.3632279 50.8538936
1302463840 4.3531508 50.8447195
1150934140 4.357644 50.8475091
35711889 4.3661511 50.8495135
35711888 4.3642349 50.8503371
463210724 4.3525231 50.8486071
112135865 4.349817 50.8502925
135657240 4.3621485 50.8572936
35711882 4.3650673 50.8488675
35711881 4.3625106 50.8476966
35711887 4.3640539 50.8499759
135657245 4.3618685 50.8587278
35711884 4.3647697 50.8474826
35714149 4.3479735 50.8444438
35714148 4.3486635 50.8450093
1324647787 4.3570868 50.8419587
1331088558 4.3502589 50.8548332
143808352 4.3570292 50.8567103
35714141 4.347949 50.8476369
109728421 4.3626522 50.8542697
35714143 4.3490234 50.8463839
35714142 4.3487482 50.8474618
35714145 4.3476669 50.8455282
35714144 4.3470678 50.8458296
1331088552 4.3488532 50.8550462
35714146 4.3483994 50.8455072
140520290 4.3513475 50.8430302
1330977603 4.349656 50.8493776
112135862 4.3495339 50.8503964
1330977609 4.3512095 50.8485831
129954348 4.3562873 50.8558529
389441266 4.3613307 50.8504155
129864891 4.3584075 50.8534663
503948981 4.3682779 50.8445134
1331088489 4.3495107 50.8564778
865007722 4.3566067 50.8455273
865007723 4.35641 50.8455562
865007727 4.3565075 50.8459372
704321092 4.3685082 50.8489573
71359797 4.3658154 50.8447227
1342419258 4.3579618 50.8536173
702330674 4.3425179 50.8515968
1300814916 4.3502225 50.8528719
9779933 4.3609395 50.8476217
1300814913 4.349739 50.8506994
1342419254 4.3570753 50.8526014
8086478 4.3465615 50.8499419
192586501 4.3585593 50.8478535
351945249 4.3620054 50.8506659
347590971 4.3642426 50.8547814
347590970 4.3638134 50.8549547
385911951 4.3564187 50.8521861
1324332868 4.3600163 50.8417162
385911953 4.3568089 50.8520346
1207692731 4.3523105 50.8489599
113586898 4.3545067 50.8562611
113586899 4.3546612 50.8563152
679923055 4.3636666 50.8504467
679923057 4.3613332 50.8505862
679923052 4.3633567 50.849775
117244782 4.3451247 50.8529248
129956832 4.3663482 50.8498728
143818299 4.3495221 50.8589979
1300814743 4.3499156 50.8508703
679923059 4.3612443 50.8505604
111735389 4.3655329 50.8531048
1333321614 4.3518718 50.852516
1300814753 4.3465806 50.8536513
870486770 4.3620225 50.8570158
1300814757 4.3484475 50.851866
679936274 4.3638014 50.8502012
1300814623 4.3482746 50.8509988
1324332516 4.3592438 50.8433177
1300814627 4.3492007 50.8509227
1300814626 4.34689 50.8538127
1342419438 4.3532266 50.8507557
113575623 4.3546736 50.8561094
145023364 4.3600002 50.8425999
145023361 4.3590675 50.8419631
129956917 4.3682665 50.8512814
135680419 4.3683091 50.8526148
1333321854 4.3532547 50.8565216
135680414 4.3679985 50.8524823
135680412 4.367004 50.8577323
1331088569 4.3491749 50.8546426
351945405 4.3618337 50.8507039
351945406 4.3617479 50.8507255
1331088568 4.348171 50.8548803
351945408 4.3617136 50.8506713
347602285 4.3607903 50.8548572
1336977580 4.3439363 50.8488252
17429783 4.3475646 50.848207
17429786 4.3477444 50.8479194
17429784 4.3468483 50.8480055
17429785 4.3470054 50.847705
1329869866 4.3528765 50.850234
319195707 4.3683303 50.859022
319195704 4.3669477 50.8555881
319195705 4.367265 50.8561748
1336977610 4.3438311 50.8487748
140520300 4.3517677 50.8428138
1329614821 4.3473229 50.8514552
1329614822 4.3429036 50.8528081
1329614824 4.3476654 50.8518598
148315063 4.3586477 50.8476963
305031201 4.363389 50.8550555
305031203 4.3638011 50.8547451
305031205 4.3639469 50.8543511
305031204 4.3639127 50.8545934
129956829 4.363741 50.8510195
1342419325 4.3579463 50.853261
129956825 4.3667733 50.8497852
71287172 4.3645157 50.8432934
129956827 4.3661737 50.8504666
206258406 4.3422105 50.8568661
129956820 4.3677877 50.8502779
129956823 4.3675739 50.8501796
129956822 4.3675669 50.8510371
356619555 4.350575 50.8508464
71295162 4.3639297 50.8456162
71295160 4.3639259 50.8456764
71295166 4.3646395 50.8456575
71295165 4.3646107 50.8455665
71295164 4.3645365 50.8454967
71295169 4.3645678 50.8457908
71295168 4.3646183 50.8457318
347596032 4.3659296 50.8544432
493520210 4.3524808 50.849449
148308476 4.3566176 50.8454971
1366777557 4.3448213 50.8456641
148308472 4.3564825 50.8449194
493520216 4.3514937 50.8500945
1329870014 4.3527239 50.8504673
1366777425 4.3444719 50.8450354
1017855281 4.3561029 50.8468765
331768689 4.357753 50.841451
331768688 4.35771 50.8414167
305325014 4.3604901 50.8424243
305325015 4.3601716 50.8425994
305325016 4.3604822 50.8428054
305325013 4.3606225 50.8425926
1336977321 4.3439087 50.8488256
1313207004 4.3606728 50.8573616
71310529 4.3657471 50.8445885
1336977325 4.3432518 50.8488521
1313207000 4.3602893 50.8580266
347592729 4.3645859 50.8540824
35714150 4.347555 50.8447217
119449323 4.3462311 50.8544623
1324333095 4.3601087 50.8417782
1017720842 4.3609888 50.8515352
1302020821 4.3469963 50.8476589
134459712 4.3549706 50.8477562
1302021068 4.3488516 50.8469975
1335668926 4.3426845 50.8490947
1324647586 4.3571731 50.8417954
1324647584 4.3546519 50.8433499
351038507 4.3590554 50.8446627
351038504 4.3588752 50.8446952
331794603 4.348912 50.8512002
351038508 4.3591412 50.8445922
331776723 4.3509699 50.8473493
331794609 4.3489989 50.8510385
318908755 4.3564746 50.8584076
234510492 4.3541211 50.8485349
134461311 4.356802 50.8467337
75275795 4.3563339 50.8440715
135662421 4.3642528 50.8563795
814661411 4.3566096 50.8458697
135662425 4.3637686 50.8568563
1331088948 4.3509473 50.8533671
1150934177 4.3583804 50.8473441
1150934174 4.3582166 50.8477055
1331088943 4.3487872 50.8541223
1342419178 4.3563478 50.8531081
117232599 4.342442 50.8540923
234734340 4.3630312 50.8507692
1300835088 4.3494625 50.8503936
1300835080 4.3495987 50.8503984
1300835081 4.3493307 50.8502428
135696189 4.3683089 50.8556252
1335668259 4.3424242 50.8520702
1313216848 4.3609891 50.8564503
1343538300 4.3560861 50.8512881
135696187 4.3689793 50.8556412
1335668785 4.3415675 50.8511931
347601054 4.3653326 50.8536272
8195799 4.3424893 50.8476897
347601053 4.3652296 50.853611
1388362167 4.3686078 50.8507863
1335668788 4.3431925 50.8518835
17430760 4.3483006 50.8458385
75275021 4.3575098 50.8436379
1302463876 4.3566836 50.8449425
1302463877 4.3463364 50.8425844
127504193 4.340664 50.8501182
744839686 4.3567967 50.8455401
30150829 4.3555594 50.8440551
30150828 4.3558576 50.8442535
365056934 4.347658 50.841467
1343538305 4.3556796 50.8513614
560230033 4.3615333 50.8524821
560230030 4.3568787 50.8514948
560230031 4.3565749 50.8516076
129871418 4.3616144 50.8524077
1324647617 4.35706 50.8419286
1324647614 4.3572521 50.8430576
1313216878 4.3606175 50.856765
875942966 4.3520419 50.8502212
1313233221 4.361471 50.8576171
1330917521 4.3491914 50.8416125
1324647619 4.3570706 50.8430944
1313206998 4.3605489 50.857993
1313206999 4.3611981 50.8584401
1330917422 4.3498077 50.841821
1313206993 4.3613102 50.8584233
1300814513 4.3504085 50.8510891
1335668431 4.3413144 50.8518446
1313206997 4.3612735 50.8582646
1017799954 4.354842 50.8467833
707118773 4.3466374 50.8540504
707118775 4.3467769 50.8547073
251747620 4.3530833 50.8566482
1331089165 4.3504128 50.8561086
707118778 4.3470773 50.8550054
1313216939 4.3622407 50.8556563
1302021083 4.3437539 50.8482866
1331089009 4.3498841 50.85494
1302463908 4.3470388 50.8476397
865007531 4.3591439 50.8463331
865007530 4.3591736 50.8463114
1302463902 4.3562287 50.8440482
1302463900 4.3552373 50.8444146
1324647729 4.3549218 50.8447638
1330917516 4.3508194 50.8420158
123471348 4.363167 50.8537516
1330977595 4.3516636 50.8483348
1324647722 4.355818 50.8424655
1330917518 4.3498408 50.8417874
1324647721 4.3567134 50.84271
1324647727 4.3571727 50.8429753
1335668595 4.3426484 50.8511971
1333804468 4.3603818 50.8587564
9780275 4.3504378 50.8509061
306140302 4.3627682 50.8428048
1333804463 4.3614872 50.8583719
1313223376 4.3616833 50.8559429
113531977 4.34831 50.8557234
94598431 4.3457424 50.8590373
1335668320 4.3420737 50.8491502
206289581 4.3527741 50.8582656
495784025 4.3518408 50.8503478
206289584 4.352167 50.8586276
206289587 4.3519609 50.8572128
707118685 4.3462763 50.8545376
129958407 4.3560779 50.8527758
135631773 4.3634707 50.8541409
708685738 4.3433906 50.8461032
707118683 4.3468198 50.8545787
708685735 4.3447397 50.8453917
708685734 4.3462391 50.8455051
708685737 4.3448756 50.8458453
708685736 4.3428591 50.8458456
1335668616 4.3421395 50.8515069
1333804795 4.3602303 50.8584276
125657518 4.3470973 50.8422113
130097224 4.3658403 50.8528609
347590742 4.3635044 50.8549331
129956706 4.3629581 50.8478573
1335668379 4.3414343 50.8513016
492320252 4.3592883 50.8572204
814661362 4.3561411 50.845595
135657236 4.361615 50.8572131
814661365 4.3560663 50.8457585
814661366 4.3561053 50.8458595
814661367 4.3562099 50.8459747
142059664 4.366699 50.8419126
75276571 4.3569529 50.8438531
1331088547 4.3492929 50.8534578
35714139 4.347045 50.8472321
17430261 4.340984 50.8487252
17431247 4.353225 50.8445654
35714135 4.3443269 50.8470234
35714136 4.342672 50.8460489
35714137 4.3459174 50.8469903
35714130 4.3432692 50.8495206
35714131 4.3437148 50.8480067
35714133 4.3434747 50.847839
1330977615 4.3490806 50.8495242
1324332894 4.3605586 50.8418571
1330977613 4.3520707 50.8487183
1330977612 4.3512074 50.8485827
1018009645 4.352105 50.8486515
127830040 4.3463154 50.8425947
154509256 4.3474353 50.8467742
1333321597 4.3528292 50.8566526
154509255 4.3473758 50.8467
704321088 4.3684626 50.8490384
1331088494 4.3518052 50.8557542
704321084 4.3685198 50.8488597
1333804663 4.3599634 50.8571059
1300814432 4.3466091 50.8499065
1300814436 4.3489045 50.8507572
1300814434 4.3470175 50.8537761
1300814927 4.3471134 50.8506148
1302020935 4.3435873 50.8478541
1324332871 4.3592202 50.8436525
492320818 4.3597947 50.8585966
721213970 4.3551331 50.8432404
1333321620 4.3513803 50.8527458
1329615014 4.3474842 50.8514222
111966415 4.3530082 50.8543248
113594483 4.3489878 50.8574206
113594480 4.3487753 50.8573968
347581489 4.3612213 50.8547597
347581485 4.3610582 50.8554045
347581487 4.3609552 50.8551823
347581486 4.3609724 50.8552636
1300814656 4.3499014 50.8508541
305335384 4.356966 50.8434166
744841524 4.3569875 50.845091
305335381 4.355766 50.8439915
305335380 4.3549562 50.8435213
305335383 4.3563513 50.8437749
305335382 4.3562601 50.8437119
744840036 4.3517472 50.8468965
503948933 4.3679307 50.8442052
111744333 4.3690245 50.849718
117354066 4.3570042 50.8540352
192586474 4.3576852 50.8477184
192586477 4.3578445 50.8478753
117354065 4.3558903 50.855318
192586470 4.3581917 50.8472858
117354061 4.3557866 50.8554454
135680406 4.3647767 50.858824
135680404 4.3645742 50.8582605
192571525 4.3567423 50.844983
192571522 4.3568455 50.8449878
17429795 4.345597 50.8487591
1336977622 4.3431147 50.8492863
1336977623 4.3431489 50.849032
17429793 4.3480231 50.8489467
17429792 4.3478808 50.8488369
1302021013 4.3522018 50.8475715
1366777630 4.3447373 50.8458728
1329614834 4.3418641 50.8530237
1366777636 4.344744 50.8458854
1302021017 4.3438274 50.8480513
1302021014 4.3476791 50.8480759
1302021015 4.3519642 50.8481997
1302021018 4.3473663 50.8496952
1329614838 4.3468857 50.851481
1324332909 4.3643916 50.8415886
333671172 4.3585609 50.8528553
129956836 4.367203 50.851167
30150616 4.3604087 50.8424547
129956834 4.3672044 50.8514792
134462359 4.3573711 50.8435466
129956833 4.3655187 50.8524279
129956830 4.3634688 50.8504848
192586506 4.3575862 50.8477531
1302020947 4.3422294 50.8515148
9779956 4.3550979 50.8466165
877234810 4.3410193 50.853267
877234813 4.3409281 50.8531857
71295159 4.3639482 50.8457363
148308482 4.3567071 50.8458421
1336977483 4.3433879 50.8487564
148308488 4.3568769 50.8465081
345750155 4.3427123 50.8550955
30150618 4.3585712 50.8421388
1381888411 4.3426618 50.8414135
1331089005 4.347982 50.8548813
250848912 4.3500691 50.8415556
117228496 4.3451614 50.8541069
117228494 4.344453 50.8544748
1302021126 4.3470916 50.8476595
1313207031 4.3607466 50.8580154
1313207033 4.3606876 50.8580005
1313207036 4.3606197 50.8583227
135694008 4.3664335 50.8578837
135694002 4.3666809 50.8583785
1302020839 4.3498915 50.8467485
117359250 4.3543861 50.8531335
1302020835 4.3431983 50.8483219
1302020834 4.3491345 50.8469617
1335668919 4.3416189 50.8513691
331641709 4.3642045 50.8500387
347596993 4.3644485 50.855036
1017720858 4.3604102 50.8507887
1324647594 4.3572121 50.8422442
331776733 4.3512029 50.8479906
331776734 4.3502247 50.8484213
331776735 4.3506732 50.8487744
666296291 4.3428507 50.8530778
129868741 4.3587124 50.8534116
1324647599 4.356869 50.8433473
318908762 4.3568094 50.8590795
744840718 4.3570474 50.8457389
1324332607 4.360037 50.8421549
332201152 4.3511694 50.8547035
1150934181 4.3582271 50.8478636
1150934185 4.3584673 50.8475585
1335668880 4.3416146 50.8515354
470866712 4.3471412 50.8504983
17431019 4.3534376 50.8472015
877234776 4.3417167 50.854134
331776138 4.3470056 50.8452875
331776139 4.3467506 50.8453967
347583253 4.3638306 50.8540174
331768690 4.3571854 50.8417656
1300835094 4.3493548 50.850283
1300835096 4.3497788 50.8503026
331776136 4.3463951 50.8450027
1300835090 4.3496093 50.8503731
1300835093 4.3446577 50.85229
1300835092 4.3498051 50.8503268
152155778 4.3572153 50.8422497
712051679 4.3661849 50.8494668
666296312 4.342883 50.8528169
127822263 4.3457817 50.8429276
1302463866 4.355229 50.8443715
30150850 4.3596613 50.8449169
1302463860 4.3522892 50.8438647
1302463863 4.3556258 50.8439023
127822266 4.3456382 50.8427582
127822268 4.3460492 50.8428013
1302463869 4.3456931 50.8528098
1302052247 4.3509975 50.8548691
17431016 4.3495566 50.8464893
875942972 4.3520005 50.850367
135597991 4.358224 50.8556491
8762097 4.3684263 50.8584422
1324647602 4.3583681 50.8416623
1354732081 4.3438815 50.8479969
112087810 4.3465158 50.8582247
8195277 4.3644416 50.8464422
1330917430 4.3507511 50.8421234
1313206986 4.3604929 50.8580061
1313206984 4.360841 50.8583711
347582291 4.3628864 50.8545646
347582290 4.3626461 50.8545213
1335668130 4.3430053 50.8499476
113576590 4.3540066 50.8549148
1335668137 4.3426805 50.8515191
679919819 4.3621809 50.8509043
865007523 4.3591683 50.8462011
865007526 4.3592004 50.8462285
492320130 4.3596574 50.857941
1302463915 4.3467703 50.8531347
1302463914 4.3536791 50.8445665
1302463917 4.3522023 50.8438367
1302463916 4.3523048 50.8442435
1324647739 4.3571634 50.8430028
1330917500 4.3508299 50.8420839
1324647657 4.3573656 50.8429858
1333804252 4.35996 50.8570447
1330917504 4.3492404 50.8416051
32090509 4.3519238 50.8415194
1324647732 4.3569756 50.8430236
1336977594 4.3433258 50.8485243
32090501 4.3529027 50.8414191
1324647736 4.3548367 50.8428909
1331088625 4.3488363 50.854337
206289602 4.3530303 50.8584048
206289600 4.3544842 50.858817
1333804477 4.3604724 50.8567266
71298088 4.3647691 50.8419664
1335668353 4.3420605 50.8514506
206289593 4.3512924 50.8574078
206289590 4.3524343 50.8579314
206289591 4.3518049 50.8581653
331781104 4.3456395 50.8432944
1335668358 4.3417067 50.852034
333645300 4.3554537 50.8452715
351947939 4.3613763 50.8520672
333645309 4.3558604 50.8454248
707118698 4.3460683 50.8541943
475196409 4.3603659 50.8423877
1017924441 4.3553863 50.8509867
1331088716 4.3491641 50.8545899
135641821 4.3656788 50.8530349
1331088715 4.3491021 50.8549269
135641825 4.3657639 50.8531213
1342419498 4.3537262 50.8512659
1333321743 4.3529913 50.8560695
135657227 4.3617247 50.8573642
1302052269 4.3510072 50.8549466
512685189 4.3665047 50.8557331
127515536 4.3445304 50.8505145
35714129 4.3429247 50.849525
35714128 4.3427575 50.8487741
35714126 4.3498235 50.8524312
35714125 4.3483862 50.8518409
492320794 4.3611079 50.8545004
127515538 4.345304 50.8509393
35714120 4.3484212 50.8509749
17430608 4.344865 50.8437034
1274552987 4.3553282 50.8509684
113532962 4.3491981 50.8561745
9780391 4.3562693 50.8450826
1274552984 4.3514133 50.8529778
1274552981 4.355834 50.8507884
1107018447 4.350762 50.8511651
668049302 4.3477102 50.8512296
507081978 4.3683524 50.8585412
668049304 4.3468696 50.8509404
9779919 4.3550887 50.8469161
35711857 4.3560258 50.8471738
1300814931 4.349872 50.8511914
1342419237 4.3536908 50.8512784
332542796 4.3625388 50.8484569
1342419232 4.3538928 50.8520096
721213969 4.3550955 50.8431308
1331088448 4.3481618 50.8549424
35711852 4.3510851 50.8427889
721213965 4.3557999 50.8427658
94597835 4.3532304 50.8568811
94597836 4.3534703 50.8566667
1329615004 4.3469846 50.8509806
1333321633 4.3514704 50.8529373
125893 4.3543292 50.8489844
125892 4.3553283 50.8500063
125891 4.3523097 50.8509279
679936253 4.3634048 50.8503472
125896 4.3445883 50.8434286
1329614814 4.3439789 50.8520123
347592881 4.3649457 50.8545421
125898 4.3549931 50.8488054
1300814731 4.3454387 50.851069
1300814730 4.3498771 50.8528455
1300814645 4.3460781 50.8536976
135662395 4.3669112 50.8556008
1300814643 4.3475748 50.8502582
1324332591 4.3637418 50.841774
135680430 4.3680978 50.8525638
1329869992 4.3521949 50.8503963
1342419124 4.3578681 50.8532914
135680434 4.365879 50.8532699
251281794 4.3668813 50.8427306
135680438 4.3689573 50.8531342
347583730 4.3625307 50.8551097
30150851 4.3596442 50.845177
30150852 4.3594382 50.8455835
192571530 4.3566857 50.8450329
306138074 4.3558092 50.8460494
1336977636 4.3439578 50.8489165
1336977634 4.3440805 50.8487961
1336977632 4.343858 50.8485225
144356879 4.3589268 50.8589886
1336977638 4.3431281 50.8486344
35710808 4.3557982 50.8485997
1302021002 4.3495324 50.8465351
1366777625 4.3447303 50.8458594
35710800 4.350297 50.8499882
1343538218 4.3556795 50.8513613
35710802 4.3537358 50.8504921
122352650 4.3453933 50.8453238
122352656 4.343427 50.8453114
35710806 4.3541857 50.8480091
122352654 4.3437955 50.8451613
1150934223 4.3585442 50.8475267
129956807 4.3681858 50.8487549
129956809 4.3687742 50.8490509
1207692742 4.3511437 50.8495391
1150934221 4.3582152 50.8476505
744840936 4.3569599 50.8456551
1342419337 4.3565496 50.852919
130840001 4.3563706 50.8445795
347595213 4.3640709 50.8551931
877234807 4.3429183 50.8552447
129956855 4.3677213 50.8515893
148308492 4.3574797 50.8476237
1376041716 4.3451838 50.858995
1376041718 4.3469354 50.8582248
125660351 4.3433018 50.84218
1302020999 4.3436103 50.847782
1302020997 4.3433746 50.8479134
1302020991 4.3436129 50.8482889
1313207026 4.3610535 50.8578105
1302021130 4.343761 50.8481808
1302021133 4.3430929 50.8482203
1302021132 4.3488136 50.8469862
148176041 4.359487 50.844468
306139434 4.3646908 50.8463909
117267724 4.347251 50.8526399
490712294 4.3609177 50.8424469
144006121 4.3413354 50.8568231
1324332574 4.3603379 50.8424032
1329870143 4.3524869 50.8502345
1302020964 4.3468952 50.8478542
1038188860 4.3444702 50.8459259
1207692692 4.3505751 50.8489836
129803593 4.3536415 50.8496302
560430259 4.3679615 50.8446951
1150934191 4.3585663 50.8480112
1150934194 4.3583816 50.8474738
74977046 4.3626768 50.8543298
1150934196 4.3578843 50.8478741
74977048 4.3607284 50.8549041
127445023 4.3427399 50.8511851
117219500 4.3462599 50.8581554
1329870032 4.3528181 50.8501503
346140684 4.3493644 50.8548449
113530808 4.3544037 50.8557025
346140683 4.3498835 50.8548436
346140682 4.3498863 50.8553078
113530807 4.35386 50.8558583
1335668231 4.3425599 50.8517059
493428972 4.3460343 50.8427503
493428971 4.3457271 50.8426865
493428970 4.3456726 50.8427174
66314284 4.3689338 50.8587185
1302463850 4.3453398 50.8527487
1302463852 4.3527079 50.8448003
666296322 4.3441816 50.8534781
1302463857 4.3518661 50.842819
30150847 4.3584983 50.8436508
30150846 4.3583138 50.8433831
30150842 4.3541234 50.8437546
1333804316 4.3613129 50.857696
1324647631 4.3571229 50.8481753
332390200 4.3466493 50.8583342
1324647634 4.3561178 50.8429497
1324647636 4.3560271 50.8476314
1331088856 4.3480911 50.8551674
1331088852 4.3496047 50.8547413
507082007 4.3683486 50.8584153
507082000 4.3684624 50.8583858
1331089144 4.3485459 50.8549239
1331089145 4.3495299 50.8546631
865007559 4.3571147 50.8454928
1335668128 4.3423759 50.8494391
865007557 4.3568579 50.8455836
1335668698 4.3418154 50.8518454
1313216959 4.3612003 50.8563727
331778012 4.3555215 50.8499054
1017758834 4.3529981 50.8495019
1329869502 4.3524084 50.8506153
1302463928 4.3567401 50.844947
1302463929 4.3559804 50.8438773
1302463927 4.3456399 50.8526769
1302463920 4.3534324 50.8441978
870486772 4.3622049 50.8573002
1324647709 4.3569851 50.843071
1324647704 4.3562286 50.8424868
1324647707 4.3570673 50.8419126
1324647702 4.3559001 50.8424619
617739241 4.367412 50.8439073
1333804444 4.359964 50.8591183
332980424 4.3508601 50.8434969
1333804443 4.3614133 50.8580635
1335668346 4.341668 50.8518863
1335668340 4.34261 50.8512321
370391239 4.3499702 50.8526612
112085249 4.3469212 50.8587388
345748978 4.3419026 50.8557765
1017799871 4.3522502 50.8472061
1324332713 4.3609889 50.8423954
181309515 4.3466613 50.8480185
181309514 4.3469974 50.8476392
181309517 4.3478411 50.8478732
1329869432 4.3528189 50.8504227
475196410 4.3609284 50.8420963
135641837 4.365846 50.853723
135641830 4.366041 50.8538336
347591747 4.3647146 50.8546405
347591749 4.3646889 50.8546025
1313207019 4.3610417 50.8575255
512685205 4.3659118 50.8549355
35714112 4.3493451 50.8509475
1336977332 4.3432245 50.849275
35714110 4.3497558 50.8511122
35714111 4.3493692 50.8510516
35714116 4.3488569 50.8511823
35714117 4.3489666 50.851113
35714114 4.3507746 50.8515734
1324647802 4.3571667 50.8429735
770266502 4.362976 50.8546345
35714119 4.3471706 50.8505569
1331089030 4.3491795 50.8540677
1331088528 4.3498856 50.8551877
1343538283 4.3565814 50.8521117
679936312 4.3632865 50.8500929
17430604 4.342617 50.8448214
135617580 4.360981 50.8555453
1302021142 4.3495879 50.8468028
152155362 4.3581165 50.8425192
347594313 4.3639507 50.8557025
347594310 4.3637533 50.8554099
1333321932 4.3522611 50.8526417
1324332852 4.3645934 50.8419729
1324332850 4.3637774 50.8418545
9780032 4.3533878 50.8484281
206269923 4.3430688 50.8575917
206269922 4.3426126 50.8580268
206269925 4.3420629 50.8571874
206269924 4.3419188 50.8574327
492320870 4.363597 50.8537798
129802710 4.3545626 50.8492119
206269928 4.3436793 50.856139
1331088452 4.3490066 50.8540786
1331088455 4.3500505 50.8550517
1331088454 4.3514432 50.8565021
129959301 4.3572141 50.8523229
129959300 4.3581348 50.8532673
1281249675 4.3461798 50.8581803
71284452 4.3630158 50.8436729
30150474 4.3540533 50.8414249
30150472 4.353862 50.8415091
30150473 4.3539122 50.8414166
389441309 4.3614525 50.8504519
389441308 4.3612179 50.8505359
112103993 4.3496952 50.8484555
154504344 4.346139 50.8459182
112103996 4.3493233 50.8481325
112103998 4.3492836 50.8479774
1324332582 4.3643888 50.8416246
75276425 4.3567994 50.843947
347583728 4.3625564 50.8548496
347583729 4.3623676 50.855088
347583726 4.3622989 50.8550663
192571502 4.3568158 50.845561
492419600 4.3675153 50.8534582
192571507 4.3571313 50.8457668
1333804770 4.3613184 50.8582226
1342419597 4.3539842 50.8520832
127521974 4.3412701 50.8475152
1366777615 4.3450114 50.8458289
1366777616 4.3447297 50.8458317
1366777611 4.3450071 50.84582
1302021032 4.3492576 50.8467666
319195069 4.3656815 50.8531696
35710810 4.3559481 50.8485496
1366777618 4.3445677 50.8458476
35710816 4.3568678 50.8496431
1342419376 4.3566349 50.8528088
35710814 4.3567893 50.8489086
129956816 4.368841 50.848931
117354139 4.3546649 50.8536987
144356880 4.3589724 50.8590694
129956818 4.3679699 50.8496049
111955666 4.3571993 50.8539443
111955665 4.3563131 50.8530741
1330968560 4.3608641 50.856324
52708375 4.3470823 50.8546192
206289599 4.3535261 50.8590788
113464368 4.3505345 50.8522937
129958395 4.3572286 50.8538983
1300814677 4.3507371 50.8524734
347581242 4.3611355 50.8554966
129824998 4.3599861 50.8524322
1302020987 4.3477744 50.8482779
129958397 4.3580834 50.8535412
1302021100 4.3477724 50.8481729
127794071 4.343391 50.844015
1302020989 4.3475373 50.8482914
1302021103 4.3432262 50.8484666
1302021105 4.346734 50.8479313
1302021106 4.3432898 50.8478554
129958399 4.3568285 50.8524769
125652760 4.3484076 50.8415159
493443630 4.3504268 50.8548227
1302020858 4.3477102 50.8482773
490712281 4.3611992 50.8422083
1168301141 4.3421306 50.8550997
560430264 4.3682696 50.8456664
1150934218 4.3582452 50.8481752
331773501 4.357596 50.8435448
331773502 4.3578363 50.8433876
560430262 4.3678166 50.8446529
1038188851 4.3446584 50.8460742
1038188853 4.3444977 50.8459676
1038188858 4.3449539 50.8461092
109713945 4.3679862 50.8524456
1207692689 4.3505697 50.8490158
206258528 4.3440545 50.8586506
687169941 4.3480292 50.8540713
687169940 4.3477589 50.8538356
1324332620 4.3609162 50.8426369
312966870 4.3548026 50.8516273
250850557 4.3612937 50.8505343
1329615058 4.3446569 50.8523434
74977053 4.3626425 50.8556952
74977052 4.3619053 50.8554077
74977051 4.3613317 50.8559362
1331088997 4.3478418 50.8557679
1331088992 4.3491036 50.854955
74977058 4.3633549 50.8544164
1331088999 4.3487639 50.8538381
117214269 4.3467832 50.8569706
1333321661 4.3515739 50.8526688
113531235 4.3488869 50.8572679
1343538242 4.3565901 50.8521209
1335668200 4.3417959 50.8518781
1335668753 4.3418641 50.8518651
1335668756 4.3425294 50.8513258
1038177725 4.3466247 50.8454079
1038177727 4.3465846 50.8449548
1038177720 4.3462915 50.84509
1333804785 4.3610947 50.8576341
1343538277 4.356271 50.8512227
1302463844 4.3463415 50.8429119
1302463843 4.3516748 50.8440595
493428969 4.3456384 50.8428413
1343538271 4.3557932 50.8508029
1017924440 4.3560858 50.8512881
1302052261 4.3518236 50.8560169
1324647628 4.3572914 50.8430493
1324647626 4.354139 50.8472535
1324647625 4.3558745 50.8424791
1324647623 4.3560462 50.8428952
1324647622 4.3576116 50.8431114
1324647621 4.3564285 50.8473615
1017731200 4.3601424 50.852867
312967053 4.3537591 50.8520658
331779482 4.3561786 50.8453009
39666337 4.3453763 50.8430358
39666332 4.345956 50.8429099
1324332665 4.3642057 50.841957
1331089152 4.348733 50.8537013
707118743 4.3460041 50.85392
71285100 4.363434 50.8436469
1331089154 4.3516177 50.8540646
150545663 4.3586843 50.8422163
679919835 4.3631418 50.8500621
1335668111 4.3421355 50.8512625
306139891 4.3608536 50.8431858
875623301 4.3552568 50.846388
346137420 4.3433284 50.8484426
493522316 4.3536675 50.8495955
1302463933 4.3456277 50.8424746
1302463932 4.3457063 50.8527362
1333804279 4.3604483 50.8591221
1302463930 4.343304 50.8483056
1302463937 4.3454582 50.8527098
1302463936 4.3476506 50.8518843
1302463934 4.3533512 50.844125
1331088920 4.3491267 50.8545868
1302463939 4.3525508 50.8446752
1324647712 4.3570471 50.8424218
1324647711 4.3543316 50.8424858
1324332955 4.3603385 50.8423462
1324647717 4.3564207 50.8428046
1324647716 4.357367 50.8429997
1335668596 4.3408419 50.8513046
1324647714 4.3544851 50.8432613
1335668599 4.3423592 50.8491387
150545664 4.359157 50.8425238
94597279 4.3548175 50.8561473
1335668378 4.3415467 50.8517368
1333804452 4.3614137 50.8582072
1324332950 4.3606762 50.8425758
1396032481 4.3524448 50.8508832
1335668374 4.3424315 50.850595
1335668376 4.3435817 50.8517496
1335668377 4.3427871 50.8505848
94602586 4.345363 50.8588386
94602587 4.3455689 50.8587519
117267884 4.3458894 50.8525788
316775933 4.3560454 50.8581421
1335668570 4.3436063 50.8516873
347598921 4.3640156 50.854324
94602589 4.346698 50.8583742
134463036 4.3574082 50.8430032
870486765 4.3625911 50.8561218
1017864032 4.3552096 50.8463627
1388362149 4.3516823 50.857214
250850032 4.3619795 50.855547
9780099 4.3539572 50.8468292
26658069 4.3620395 50.8555721
1388362146 4.350152 50.8577337
1388362147 4.3515403 50.8571839
1331088519 4.3483754 50.8551965
347591756 4.3659248 50.8543208
152155779 4.3567262 50.8427081
347591750 4.3654871 50.8543804
347591752 4.36553 50.8544237
135680443 4.3689606 50.8526273
1331088511 4.3509313 50.8535099
814661339 4.3563977 50.8460679
347591758 4.3659897 50.8545136
1331089022 4.3480097 50.8551684
1331089020 4.3489358 50.8536865
256386500 4.3682561 50.845525
35714108 4.3477841 50.850088
135680447 4.3688488 50.8559933
135617591 4.3618762 50.856888
679936300 4.3635653 50.8499303
135617596 4.3619595 50.8570161
1274552968 4.3531855 50.8522949
113477274 4.3500585 50.8527823
17431437 4.3592366 50.8461267
347593464 4.3644464 50.854719
119448187 4.3456262 50.8548363
17431439 4.358187 50.8471286
17431438 4.3588706 50.846533
347592225 4.3648434 50.854207
1331089100 4.3517972 50.8560459
1342419212 4.3571968 50.8524475
1342419219 4.354818 50.851731
1331088469 4.3511332 50.8537146
1331089105 4.3476993 50.8549259
1329615025 4.3432747 50.8529994
1329615022 4.3444558 50.8528099
389441310 4.3614712 50.8505253
9780288 4.3509639 50.8506761
1313223381 4.3613366 50.8561965
1300814716 4.3496298 50.8508013
1300814713 4.3502439 50.8528571
1300814711 4.3487697 50.8509818
1300815044 4.3507776 50.8524535
1300815042 4.3485362 50.8505393
113594477 4.348569 50.857441
113594476 4.3485155 50.857762
1342419107 4.3569999 50.8525272
1333321810 4.3531324 50.8565555
1388362166 4.3684412 50.8506857
75276450 4.356815 50.8437741
1300814885 4.3496207 50.8525735
192571517 4.3580615 50.8458161
1300814883 4.3502986 50.8528036
192571513 4.3580034 50.8458868
1329615119 4.3440587 50.8520123
1329615113 4.343307 50.8529766
117265100 4.3465721 50.8513765
1342419586 4.3538015 50.851936
1333321928 4.3514968 50.8526327
9779977 4.3533067 50.8483153
9779978 4.3550657 50.8464447
1342419589 4.3533499 50.852847
1336977561 4.3445827 50.8485339
319195070 4.3656229 50.8530561
251281929 4.368248 50.8454577
35710829 4.3515912 50.8450556
1342419367 4.3533211 50.851409
35710827 4.3522509 50.8453864
1342419365 4.3577762 50.853291
35710825 4.3526573 50.8459401
35710823 4.3531084 50.8457937
145023431 4.3665377 50.8547535
35710821 4.3535583 50.8454663
192586533 4.3576259 50.847646
113494731 4.3523588 50.8553095
1342419561 4.3529061 50.8520989
1333804521 4.361167 50.8561461
125733942 4.3621027 50.84209
113462493 4.3500517 50.8523181
113462491 4.3500281 50.8522106
135631802 4.3622028 50.8565999
370394543 4.3611514 50.8498122
140511339 4.3562822 50.844531
1396032478 4.3534886 50.8504137
1302463966 4.3553341 50.8445264
1396032473 4.351883 50.8502697
1396032472 4.3528179 50.8497633
1396032471 4.35282 50.8496362
1300814663 4.3471358 50.8538093
1396032476 4.3526259 50.850344
1300814660 4.3506773 50.8525457
347591889 4.3655472 50.8544671
1302021117 4.3493573 50.8467132
744841310 4.3567104 50.8451744
1302021112 4.3418531 50.851885
493443620 4.350453 50.8552968
1343538231 4.3558643 50.8513663
493443624 4.3506879 50.8552916
1336977360 4.3428211 50.8487931
1336977363 4.3446352 50.8485612
493443627 4.3506617 50.8548176
1302463807 4.3536591 50.8444727
1329614978 4.3444616 50.8527055
1302020860 4.3437013 50.8481117
1313223420 4.3617904 50.8558109
351038940 4.3586692 50.8445001
1324333057 4.3606185 50.8425178
135680367 4.3656908 50.855998
1302463805 4.3459746 50.8537042
1324333052 4.364211 50.8419654
1302020867 4.3466828 50.8479268
318908575 4.3560928 50.8571192
127811732 4.3450131 50.8444612
1302463722 4.3510314 50.8442019
1302463723 4.352365 50.8442161
1302463720 4.3515249 50.8425711
1302463721 4.3554408 50.8440265
1302463724 4.3453287 50.8529602
1302463725 4.3552167 50.8443076
1302021023 4.343343 50.84777
1366777602 4.3449827 50.8457885
1302463729 4.3525595 50.8445653
1366777607 4.3447401 50.8458086
30150834 4.3518172 50.84245
135680389 4.3625875 50.856064
1302020889 4.3497377 50.8468231
1300814789 4.3497114 50.8507066
135680381 4.3632257 50.8559246
1302020883 4.3435731 50.8478237
1017799922 4.3546555 50.8468006
135680385 4.3628956 50.8554771
1300835115 4.3494739 50.8503687
1302020884 4.3494089 50.8466524
30150833 4.352907 50.8428493
35710777 4.3540253 50.8480782
35710773 4.3531469 50.8469959
35710771 4.3526948 50.8471874
117214271 4.3483287 50.8574888
1331088980 4.3491528 50.8552256
35710778 4.353718 50.8482419
1335668640 4.3423858 50.8520956
1329614883 4.3435915 50.8522805
814677246 4.3566078 50.8459618
814677247 4.3566683 50.8459452
814677248 4.3567353 50.8459526
1324647661 4.3564076 50.8428163
731907035 4.3541997 50.8476488
347583046 4.3626633 50.8543479
347583045 4.3626118 50.8543966
1335668812 4.3416301 50.8520308
1335668814 4.3428629 50.8499517
192573747 4.3561717 50.8463113
351038942 4.3589524 50.8443971
1335668212 4.3425243 50.8507
192573741 4.3557532 50.8462513
1302020861 4.343326 50.848523
347582569 4.3627233 50.8544237
1335668219 4.3415002 50.851275
444014465 4.3626887 50.8465675
351038941 4.3587808 50.8444242
1316286396 4.3506955 50.851605
1302020864 4.3523679 50.8483497
1343538267 4.3562261 50.8512386
1300835067 4.3496172 50.8501548
1343538263 4.3554712 50.8504475
1343538262 4.3560245 50.8517789
123995760 4.3558348 50.842477
1331088870 4.3502922 50.8553006
150547436 4.3486815 50.8573932
316779170 4.35686 50.8586463
1316286395 4.3495194 50.8494066
335194161 4.3609932 50.8440229
39666325 4.3459958 50.842711
1017720805 4.3609759 50.8503887
1331089127 4.3491344 50.8550413
150545592 4.3586142 50.8428307
707118731 4.346691 50.8539691
347597163 4.3655472 50.8547272
865007573 4.3574248 50.8454528
865007575 4.3573604 50.8454105
1302463946 4.345645 50.843286
1302463947 4.3452515 50.8528476
1302463944 4.355284 50.8444236
1302463945 4.3516831 50.8441317
1302463942 4.3521832 50.8442213
1302463943 4.3459036 50.8537104
1302463940 4.350926 50.8427946
1343538316 4.3538636 50.8505519
1343538319 4.3568015 50.8520269
1302463948 4.356619 50.8445987
1333804201 4.3602345 50.8568743
919148045 4.3678759 50.8446464
365059791 4.3505641 50.8430649
331642692 4.363269 50.8498598
335195760 4.3612806 50.845648
335195761 4.3617783 50.8455559
1330917394 4.3508405 50.8420478
251747750 4.3532744 50.8567239
1324647768 4.3571801 50.8430321
1324647769 4.3548747 50.8445862
94602598 4.3489363 50.857854
94602591 4.3469211 50.8583146
123536174 4.3687812 50.8455517
123536172 4.3681137 50.8441745
94602597 4.3486531 50.8579515
123536170 4.3669069 50.8418675
347581629 4.3621826 50.8547543
1336977334 4.3431622 50.8491184
347581625 4.3616333 50.8550523
347581627 4.3619938 50.8548789
347581623 4.3614702 50.8552961
1017864026 4.3550523 50.8467605
330236138 4.3553637 50.8431498
1329869415 4.3523125 50.8504557
1388362159 4.3686428 50.8502742
1331088724 4.349267 50.8535179
1333804516 4.3611649 50.8572848
1388362152 4.3521629 50.85716
331794596 4.3464752 50.8535486
1388362156 4.368514 50.850428
814661326 4.3563871 50.845529
492366150 4.3579445 50.8553026
1331088506 4.3477008 50.8548396
1333804730 4.3613958 50.8581658
333124660 4.3514872 50.8441009
333124662 4.3521263 50.8437508
1331089053 4.3503135 50.8561075
1331089051 4.3475472 50.8549501
1274466183 4.3522571 50.8457872
1274466187 4.3523773 50.8459849
1333321553 4.3520713 50.8525815
331779479 4.3571156 50.8477526
679936332 4.3633357 50.8501987
708685605 4.3438779 50.8450595
708685604 4.3429675 50.8446284
708685607 4.3434323 50.8449366
708685606 4.3435825 50.8448621
347600795 4.3651981 50.8539817
150547441 4.3485485 50.8579334
150547440 4.3486157 50.857867
150547442 4.3487025 50.8574795
349738052 4.3591717 50.845782
1017860314 4.3560815 50.8467886
1017860312 4.3557045 50.8466474
1017860311 4.3562244 50.8466722
1017860310 4.3557387 50.8463547
1309049633 4.3500546 50.8415703
135657308 4.3675149 50.8586721
8086481 4.34734 50.8503848
8086483 4.3489363 50.8494897
8086482 4.3503703 50.8490399
75276624 4.3569766 50.8436742
1331088478 4.348281 50.8559371
1313223392 4.3618243 50.8558414
9119558 4.3503992 50.8414943
1324332636 4.3605494 50.8416468
1313223399 4.3616526 50.8560597
332389510 4.3413627 50.8531088
1336977771 4.343163 50.8490129
351949196 4.36305 50.8507244
351949197 4.3629727 50.8505023
1300814504 4.3506189 50.8521946
351949195 4.3622088 50.850887
331769969 4.357217 50.8431443
351949198 4.3632903 50.8504372
351949199 4.3630843 50.849917
113538118 4.353783 50.8557517
1017865017 4.3547239 50.8462555
1017865010 4.3546745 50.8462578
345714098 4.3596868 50.8590954
71290189 4.3618697 50.8438414
1333804099 4.3594885 50.859189
71290183 4.3640832 50.8454674
71290186 4.3635433 50.8450546
71290187 4.3619977 50.8439348
71290184 4.3636961 50.845168
875629656 4.352969 50.8497687
875629655 4.3529484 50.8495836
1333321779 4.3526808 50.8561553
875629652 4.3533308 50.8494257
1300814478 4.3481385 50.8505693
53163863 4.3449996 50.853853
1300814472 4.3465377 50.8536095
1300814473 4.3471917 50.850532
125733947 4.3621222 50.8421278
35710831 4.351562 50.8459973
1336977517 4.344643 50.8486003
1342419390 4.3530533 50.8523471
1336977511 4.3432713 50.8489413
251281938 4.3681497 50.845368
368877300 4.3624792 50.8551801
148308510 4.3580785 50.8482325
17431009 4.3509378 50.8474269
122323545 4.3437192 50.8517481
335194221 4.360654 50.844201
1324332942 4.36297 50.8419077
1342419557 4.3540015 50.8539452
1316286399 4.3502881 50.8518296
1336977689 4.3436415 50.8485984
8086312 4.3669328 50.8428444
1300814982 4.3496396 50.8526522
330957607 4.3683005 50.858435
1376041721 4.348046 50.8581226
1330968548 4.3592211 50.8569587
330957602 4.3682121 50.8587323
75276844 4.3571001 50.843763
1300814690 4.3483129 50.8509439
129611288 4.3617855 50.8583989
32088381 4.3590773 50.8463002
1342419125 4.3550142 50.8556522
17428880 4.3653232 50.8431713
1342419485 4.3579696 50.8535805
368838894 4.3656206 50.8538634
1342419481 4.3552121 50.8520916
17428464 4.359331 50.8418919
17428465 4.3601429 50.8423979
17428466 4.3600661 50.8426453
17428467 4.359585 50.8426852
1335668414 4.3425012 50.8516107
17428462 4.3589327 50.8421215
17428463 4.3590084 50.8419147
135662387 4.3680531 50.8575412
1336977353 4.3432815 50.8490058
1274574506 4.3552144 50.8505367
135662382 4.3673182 50.8561609
134461457 4.3562211 50.8467181
1324333049 4.3611181 50.8422851
94595636 4.3529606 50.8518987
1329614965 4.345254 50.8526496
350462653 4.3514614 50.8512564
143701406 4.349284 50.857763
1313223414 4.3619975 50.8555545
1313223415 4.3614833 50.8560154
1313223416 4.3620903 50.8556551
135680377 4.36382 50.8569517
1150934232 4.3581953 50.8474189
94596169 4.3553669 50.856001
1324332542 4.3607336 50.8426732
1150934238 4.3580557 50.8477094
707116766 4.3474455 50.8540112
1302020878 4.3417441 50.8520867
1302463737 4.3435146 50.8479439
1302463736 4.3566827 50.8443606
1302463738 4.3465766 50.8427995
1302021054 4.3432565 50.8484457
1302021053 4.346831 50.8478407
1302021051 4.3524958 50.8477306
1302020899 4.3433443 50.8483462
1300835108 4.3494015 50.8503052
1300835105 4.3493714 50.8503106
1300835104 4.3496775 50.85021
347602551 4.3606517 50.8550557
347602550 4.3607903 50.8550035
1336977443 4.3442044 50.8486015
1376041762 4.347897 50.8580267
113474475 4.3500955 50.8532414
1329614891 4.3428636 50.8528058
370394535 4.3607348 50.8499265
305324916 4.3604893 50.8416502
305324917 4.3597635 50.841981
305324914 4.3600196 50.8421647
305324915 4.3606282 50.841746
1333321825 4.3503735 50.8553518
1329870065 4.3523797 50.8505245
347584008 4.3629894 50.8548951
1017731191 4.3595317 50.8519033
1335668821 4.3415239 50.8519243
306139447 4.3646356 50.8467957
135611320 4.3602533 50.8547445
135611323 4.3599171 50.8547168
1335668777 4.3415081 50.8517565
1335668740 4.3415589 50.8510296
1343538250 4.3566192 50.8515913
1343538254 4.355762 50.8514033
1300835076 4.3445036 50.8525421
1343538259 4.3560495 50.8518038
1331088882 4.3489386 50.8541564
1331088880 4.3514399 50.8562697
1302052206 4.3507825 50.8549723
335195374 4.3607001 50.8457079
335195371 4.3607313 50.8456372
125733998 4.3630354 50.8417052
335194179 4.3606025 50.8441035
125733992 4.3631452 50.8416825
316779149 4.3563804 50.8587595
1244788488 4.3650036 50.8474053
1244788489 4.3649716 50.8474566
1331089138 4.3511722 50.8544216
1274529951 4.3531114 50.8506626
1331089135 4.349063 50.854074
1331089134 4.3514061 50.8557002
707118724 4.3466696 50.8541723
679919856 4.3629378 50.8506853
1331089133 4.3511437 50.8546015
865007566 4.3574121 50.8453847
865007561 4.357296 50.8454189
865007562 4.3573598 50.8454612
1316286403 4.3507483 50.8517184
497691286 4.3632327 50.8499743
1302463955 4.3465217 50.8536564
331642689 4.3636638 50.8498382
1343538326 4.3558644 50.8513662
1302463956 4.3533403 50.844595
112100195 4.3495288 50.8483375
1302463953 4.3464975 50.8536586
125733917 4.3610434 50.8415371
331642682 4.3638869 50.850315
1302463959 4.3459817 50.8428955
331642685 4.3639728 50.8502066
331642686 4.3639213 50.8500278
331642687 4.3638011 50.8498815
1324647775 4.3547118 50.8429381
1324647777 4.3570776 50.841873
135611296 4.3587312 50.85621
1324647771 4.3558909 50.8424342
1324647770 4.3570579 50.8481835
1324647773 4.3559373 50.842608
192573753 4.3554057 50.8462508
1324647779 4.3578731 50.8424799
127523215 4.3414295 50.8470655
679923107 4.3639785 50.8500181
331781101 4.3456665 50.8424388
1336977466 4.343226 50.8492352
331781103 4.3466228 50.8427884
331781102 4.3459603 50.8422909
331781105 4.3449695 50.8428136
1333804430 4.3612027 50.8575916
331781106 4.3452682 50.842657
1313217033 4.3605111 50.85722
1335668399 4.340833 50.8513303
57049793 4.3583959 50.8551686
122352658 4.3431606 50.845548
503948815 4.3679149 50.8446041
1300835065 4.3497079 50.8503662
1017864010 4.3539744 50.8468156
1017864012 4.3550142 50.8467379
351947940 4.3616177 50.852014
347581632 4.3617449 50.8546405
1335668551 4.3412629 50.8517896
347581630 4.3620367 50.8546784
75272577 4.3561365 50.8439414
75272576 4.3571922 50.843367
75272575 4.3580509 50.8438158
113533671 4.3485605 50.8568334
75272573 4.3573643 50.8442602
75272572 4.3569776 50.8444834
129860060 4.3566869 50.8524156
135611299 4.3591698 50.8553421
1017983645 4.3568989 50.8495378
1324332377 4.3605644 50.8425508
331781079 4.355002 50.8453
331781078 4.3557468 50.8456015
1335668488 4.3425471 50.8515895
1335668487 4.3414816 50.851713
1335668484 4.3414941 50.8513675
1335668485 4.3426876 50.8512518
1388362160 4.3521237 50.8569194
1388362162 4.3506895 50.8574963
1388362163 4.350798 50.8573947
113473124 4.3498117 50.8527065
113473123 4.3483317 50.8535459
1333804721 4.3611943 50.8579354
113491120 4.3474342 50.8553995
1331089046 4.3515872 50.8540075
1333321783 4.3515374 50.8527168
1313200878 4.3609856 50.8590819
1333321781 4.3515419 50.8524543
679936321 4.3636136 50.8500319
1336977546 4.3435667 50.8487709
679936326 4.3636619 50.8501437
1268700409 4.3413508 50.8567413
30150661 4.3566665 50.8447628
1313201017 4.361504 50.8591128
865007582 4.3574731 50.8453529
148176044 4.3601604 50.8442026
148176042 4.3601975 50.8443198
148176043 4.360223 50.8442471
1324332807 4.3609496 50.8425168
1324332809 4.3595841 50.841724
1331088407 4.3480066 50.8551063
113482997 4.3471353 50.8536431
351036283 4.3587121 50.8446573
113482999 4.3494152 50.8534464
331774522 4.3574062 50.8443138
331908840 4.3590579 50.8564413
35711883 4.3651522 50.8481569
1316286389 4.3503286 50.8515968
332389509 4.3416008 50.8531712
1342419463 4.3571188 50.852444
1300814511 4.346971 50.853836
331769970 4.3568855 50.8430307
744840669 4.3567292 50.8452538
31385124 4.3456591 50.8557822
1336977766 4.3430063 50.8487043
306138493 4.3607475 50.846308
1342419164 4.3559948 50.8532078
306138495 4.3611595 50.8468011
492320244 4.358945 50.8564402
1300814869 4.3480143 50.8504064
1302463779 4.3565823 50.8450045
71307185 4.3644703 50.8462365
75276276 4.3566681 50.8438649
9780175 4.3580821 50.8483194
143808356 4.3577074 50.8577019
111741804 4.3683236 50.8521695
875629645 4.3534975 50.8495788
1342419194 4.3557321 50.8528132
1300814468 4.3496602 50.8507911
1333321944 4.350371 50.8552987
1333321762 4.3513024 50.8527602
94602600 4.352904 50.8567026
1324332979 4.3610201 50.8425053
9779737 4.3521675 50.8481084
1342419384 4.3558995 50.8525988
148308506 4.3577347 50.8479018
1324332559 4.3608092 50.8426645
1324332973 4.3607527 50.8425519
94594049 4.3579085 50.855432
192586557 4.3581143 50.8471812
8194551 4.3689623 50.8542042
17431018 4.3538437 50.8470355
1342419545 4.3579731 50.8532113
113490477 4.346803 50.8540591
17431013 4.3506003 50.8470671
17431012 4.3498371 50.8484925
17431011 4.35121 50.8477665
1336977494 4.3443468 50.8484656
1336977698 4.3432713 50.8491073
17431015 4.3499472 50.8463817
1330968537 4.361357 50.8559354
17430265 4.343613 50.8482294
1300814996 4.3484645 50.8504467
254404991 4.3413104 50.8536774
335193812 4.3606291 50.8441592
1331088550 4.3478277 50.8557894
8086305 4.3683761 50.8456464
35714147 4.3480368 50.8450906
707118734 4.3465301 50.8538675
1300814689 4.345589 50.8510455
1342419497 4.3557986 50.852807
1300815022 4.3499704 50.8524828
1300815023 4.3475819 50.8503047
1300815021 4.3496343 50.85263
1336977439 4.3436136 50.8482902
1336977438 4.3433577 50.8491302
135662396 4.3672282 50.8561844
495784006 4.3532831 50.8483258
1336977432 4.3431862 50.8491127
135662391 4.3664871 50.8547649
127506673 4.3423896 50.8521132
490712250 4.3610134 50.8423537
1150934228 4.3577506 50.8475679
1331089120 4.3488668 50.8540602
1324333039 4.3607376 50.8426802
1313223403 4.3614712 50.8562902
1313223401 4.3621372 50.855613
1313223400 4.3615147 50.8560643
1324333033 4.3600344 50.8418327
1150934225 4.3582124 50.8475336
919148062 4.365512 50.8472822
1366777395 4.3443199 50.8444662
1324332571 4.3616587 50.8421816
1302021045 4.3432454 50.8481868
1302021040 4.3477189 50.8478339
1302021043 4.3438211 50.8481947
332980428 4.3515056 50.8431684
113537497 4.3536118 50.854091
94596168 4.3551561 50.8556405
113537493 4.3523093 50.8526363
331778011 4.35512 50.8500373
330957563 4.3664725 50.8547983
113537499 4.3527933 50.8530589
347602548 4.3608075 50.8549006
119445858 4.3460212 50.8541032
1333321777 4.351683 50.852642
1329869179 4.3528285 50.8501806
1302020798 4.3467843 50.847915
113479362 4.3497483 50.8525242
113471390 4.3509381 50.8528544
113471392 4.3507578 50.8530641
154504340 4.3450756 50.8465193
1335668837 4.3427578 50.8509998
347584032 4.3627748 50.8552202
347584031 4.3626289 50.8552744
1335668834 4.3413864 50.8512245
1038183061 4.3479334 50.845012
1017731186 4.3583148 50.852205
666296292 4.344242 50.85298
1343538313 4.3560944 50.8512973
1302463890 4.3510153 50.8428663
1302463891 4.3460151 50.8427307
1343538241 4.3557138 50.8513494
1302463893 4.3555105 50.8439797
1302463898 4.3522521 50.8442674
1302463899 4.3454892 50.852948
1324647646 4.3570673 50.8419439
331776137 4.3466698 50.8448943
1331088891 4.3483339 50.854987
1333804208 4.3602962 50.8585678
1331088897 4.3508087 50.8566683
1324332784 4.3613492 50.8421487
1324332781 4.3608064 50.8426588
687169938 4.3477065 50.8535978
368906662 4.3595415 50.8579694
1324332905 4.3593652 50.8416792
1313216991 4.3612439 50.8567009
1331089101 4.3475233 50.8553494
347584030 4.3625088 50.8552365
679919849 4.3628734 50.8501129
1331089108 4.350978 50.8535068
1335668166 4.3418642 50.8518649
345713819 4.3598256 50.8590802
1274529948 4.3540808 50.8516345
1302463968 4.3568474 50.8448825
192586494 4.3585533 50.8476654
744839717 4.3571127 50.8457493
1302463960 4.350985 50.842842
422080731 4.3545534 50.8483497
1302463963 4.3532437 50.8446209
1302463965 4.3565039 50.8450108
1343538335 4.3547654 50.8502424
1302463967 4.346322 50.8429392
332542661 4.3657335 50.8486905
1324647749 4.3571953 50.8418116
35711886 4.3638966 50.8496621
71283420 4.3644757 50.8450042
1324647740 4.3544618 50.8439616
1324647741 4.3580171 50.842435
1324647743 4.3577573 50.8429318
1324647744 4.3568387 50.8419322
1324647764 4.3562541 50.8427443
1324647746 4.3572289 50.8429249
1324647747 4.356346 50.8427904
870486738 4.3652533 50.8523624
712051681 4.3665005 50.8494037
250849632 4.3499374 50.8416893
1324647763 4.3571716 50.8430349
1335668381 4.3414811 50.8520671
338908193 4.368749 50.8510418
338908194 4.3683713 50.8524128
1335668386 4.3419255 50.8518897
17430759 4.3474325 50.8461847
1333804366 4.3611237 50.8572592
113483000 4.3493843 50.8532959
143803888 4.3555632 50.8572262
1342419255 4.3559631 50.8526292
1335668544 4.3416565 50.8515446
1017864007 4.3542816 50.8468519
143803883 4.3537659 50.8576714
1335668548 4.3424567 50.8519818
1313216881 4.3612608 50.8564811
1017864001 4.3550679 50.8468121
117225052 4.3485504 50.8573487
117225053 4.3473623 50.8557704
109728417 4.3680495 50.8525173
8086479 4.3455268 50.8528361
129826151 4.357185 50.8522268
1017983675 4.356738 50.8490428
129826153 4.3559309 50.8527139
919148048 4.3674897 50.843908
1388362172 4.3684782 50.8508777
71285344 4.3644988 50.8434324
1388362170 4.368769 50.8505857
1388362177 4.3499661 50.8575599
1388362174 4.3687878 50.8505219
1335668494 4.3420618 50.8502163
332389839 4.348142 50.8584071
1335668490 4.3415965 50.8498444
1331089078 4.3511997 50.8544191
1333804719 4.3602677 50.8584222
1333804427 4.3612018 50.8579338
1331089070 4.3519783 50.8560413
123466898 4.3611347 50.8456155
1331089077 4.3488888 50.8543689
347596231 4.3651609 50.8546242
347596237 4.364912 50.8548193
347596234 4.3649893 50.8546947
865010054 4.3570224 50.8452394
1331088994 4.3495427 50.8547432
1333321570 4.3520207 50.8523627
347597848 4.3662424 50.8545375
347590690 4.3634958 50.8550252
1331088675 4.3488501 50.8549812
125734040 4.3613792 50.8415478
30150659 4.3586405 50.8460685
351949202 4.3616595 50.8499441
351949200 4.3626809 50.8499929
351949201 4.3625865 50.8497978
1324332813 4.364366 50.8416234
1324332810 4.361672 50.8422073
123492107 4.3579044 50.8413033
123492104 4.358847 50.8419748
94597550 4.3456165 50.8582062
9780008 4.3608696 50.8484321
495783998 4.3529851 50.8494758
331774531 4.3578308 50.844056
490712289 4.3609482 50.842329
335198129 4.3660244 50.8445213
94596958 4.3556501 50.8560281
1366777589 4.3448488 50.8457559
370387520 4.3407878 50.8545053
865007646 4.3569152 50.8452834
865007641 4.3563948 50.8447212
129953554 4.3667063 50.8528172
1329615062 4.3434211 50.8524134
129956845 4.367353 50.8510779
1329615096 4.3444278 50.8528105
826064059 4.3560643 50.8456752
1336977756 4.3434245 50.8489354
1300814527 4.3500005 50.8528376
331773506 4.357341 50.8434569
1300814521 4.3502582 50.8524393
1329615090 4.3428687 50.8529152
1300814523 4.349661 50.8524303
1335668216 4.3417257 50.8513471
679923110 4.3639731 50.8503093
347602232 4.3611079 50.8548301
1300814856 4.346467 50.853691
1329615064 4.3472305 50.8516277
1300814859 4.3500343 50.852239
117260456 4.3465041 50.8536515
1105599388 4.3541157 50.8416071
94596955 4.3548004 50.8562773
94596957 4.3556077 50.856197
94596956 4.3551099 50.8563271
135598018 4.3599234 50.8587374
234734327 4.3630312 50.8524354
507081993 4.3684847 50.858522
1300814451 4.3447583 50.8513475
1333321759 4.3516351 50.8527461
129959299 4.3579127 50.8533521
129959298 4.3577794 50.8534054
1300814459 4.3456464 50.8494824
744840277 4.3570178 50.8450874
251281955 4.36899 50.8482564
1300814457 4.3465661 50.8537195
102257320 4.3584779 50.859085
1342419532 4.3558279 50.8529021
35714162 4.3559457 50.8509099
17431020 4.3529265 50.8474082
17431021 4.3525709 50.8476145
192571499 4.3567674 50.8455334
127830342 4.3459069 50.8426736
1376041747 4.346964 50.8581865
192571492 4.3566891 50.8451845
192571496 4.3567837 50.8454988
9779837 4.3483936 50.8505392
129956841 4.3671291 50.8513217
71279645 4.3644563 50.8458523
1300815033 4.3491329 50.8511375
1316286412 4.342064 50.8515021
1329614946 4.3482696 50.8510002
1336977402 4.3430662 50.8488085
1329614944 4.3419343 50.8531019
490712241 4.3610379 50.842502
333651464 4.341895 50.8542723
1324333024 4.359549 50.8416964
1017720837 4.3588223 50.8513804
94593714 4.3566832 50.8544046
1302463719 4.3435464 50.8477603
1302463718 4.3530627 50.8449008
345747889 4.340991 50.8552219
1330968451 4.3611682 50.8558528
345747886 4.3412742 50.8551081
1300814624 4.3453422 50.8509105
1302463717 4.3527534 50.8445162
345747882 4.3414716 50.855287
1366777652 4.3449011 50.8459314
1302021073 4.3494634 50.8466868
1331088723 4.3517674 50.8557557
335200585 4.3653661 50.845144
113501066 4.3511628 50.8524835
1300814628 4.3473085 50.8503201
113501067 4.3516348 50.8534914
113535607 4.3530435 50.8520678
492267492 4.3688871 50.8513539
492267493 4.3689472 50.8514731
492267490 4.3689043 50.8512238
492267498 4.3687841 50.8516465
1302021091 4.3498896 50.8467371
74977045 4.3633892 50.8541401
347584028 4.3627663 50.854841
117257139 4.3457246 50.8530418
331641958 4.3675777 50.8508407
331641955 4.368024 50.8511875
331641954 4.3678867 50.8510574
331641957 4.3682317 50.8510181
335195039 4.3612205 50.8455288
331641950 4.3670284 50.8512471
331641953 4.3675348 50.8509815
127808235 4.3445739 50.8446746
127445020 4.3415726 50.8509955
1335668841 4.3423083 50.8499675
1331088728 4.3472122 50.8546906
1038183072 4.3500309 50.8426409
1302463888 4.3555484 50.8446785
1302463880 4.3526592 50.8444612
1302463886 4.3530377 50.8448798
1302463885 4.3477734 50.848223
135611308 4.3592025 50.8552319
345713818 4.3599141 50.859012
135597977 4.3596172 50.855957
331778001 4.3545687 50.8491922
347584116 4.3627882 50.8551801
331778003 4.3537154 50.8501553
331778004 4.3539774 50.8503991
331778005 4.3542996 50.8503703
250849795 4.3614776 50.8504286
707118704 4.3467876 50.8543145
347597156 4.3650322 50.8548626
347597157 4.3650837 50.8547326
1335668627 4.3416504 50.8513841
1335668624 4.3414833 50.851186
679919874 4.3630665 50.8507496
1335668158 4.3432427 50.8511792
1335668159 4.3420428 50.8514462
1302463958 4.3453286 50.8430609
707118708 4.3469192 50.8543365
347597159 4.3652039 50.8546892
75275477 4.3570978 50.8435241
1343538346 4.3558737 50.8513767
125733951 4.3625384 50.8420393
1343538343 4.3564479 50.8521743
1302463971 4.3456851 50.8528358
75275478 4.3562659 50.844028
1324647758 4.355814 50.8424483
1324647756 4.359306 50.8433704
71282576 4.3642556 50.84543
1324647754 4.3575745 50.8430532
1324647752 4.3574565 50.8433135
1324647751 4.3546127 50.8429756
1324647750 4.3569195 50.8425381
113464369 4.350466 50.8523359
1274466188 4.3519886 50.845619
870486748 4.3637498 50.8535955
1335668718 4.3432373 50.8509861
870486745 4.3633636 50.8527353
113464367 4.3509622 50.8520305
1336977587 4.3434245 50.8491428
1331088934 4.348502 50.8535786
150545656 4.3599002 50.8424242
17430767 4.3495135 50.8446344
1331089209 4.348974 50.8543265
17430765 4.3519025 50.8440904
17430762 4.3498639 50.8449775
17430763 4.3508155 50.8455944
1313217015 4.3607892 50.8568856
17430761 4.3489624 50.8453157
334503847 4.3671522 50.8425583
135687475 4.3678142 50.8553279
334503840 4.3672821 50.8426206
334503843 4.3672654 50.8425153
8195561 4.3479291 50.8466559
1302463861 4.3458509 50.8426693
1017863974 4.3551398 50.846856
35714285 4.3610403 50.8441251
8195566 4.3483805 50.8471146
346140681 4.3493676 50.8553169
250849800 4.3621993 50.855639
1313216834 4.3610915 50.8563223
875623299 4.3553251 50.8466431
410998475 4.3657639 50.8459918
347601163 4.3641976 50.8539107
1333804523 4.3613102 50.8581819
875623290 4.3551405 50.8463256
130097256 4.3678725 50.8523648
71292157 4.3639904 50.8455244
1343538295 4.3557137 50.8513497
1343538291 4.3558737 50.8513765
135687490 4.3668911 50.8546748
1335668236 4.342942 50.850359
75276071 4.3571579 50.8435621
1331089067 4.3482761 50.8557601
1331089066 4.3487393 50.854691
71291857 4.3616922 50.8438781
1333804708 4.3600815 50.8567824
1017860296 4.3562479 50.8463393
503948899 4.3678277 50.8442269
1331088796 4.3481772 50.8548619
1333321568 4.3515487 50.8526201
250849798 4.3633824 50.8534999
1335668443 4.3419632 50.8518215
1335668441 4.3417554 50.8520658
1335668447 4.3427271 50.8508548
135687495 4.3680172 50.8544214
1336977616 4.343239 50.848787
865007694 4.3565826 50.8445823
1329869756 4.352696 50.8505047
256385877 4.3690273 50.8455675
53164379 4.3464478 50.8500746
1331088648 4.3515358 50.8564705
1365185797 4.3680224 50.8521926
53164374 4.3448 50.8513178
53164373 4.3439819 50.8519006
53164371 4.3423406 50.8527634
1316286426 4.3503532 50.8518479
1342419372 4.3559487 50.853158
493428975 4.3460355 50.8428467
1331088420 4.3519266 50.8559179
1343538368 4.3553143 50.8520529
1329615010 4.3434494 50.8529684
1333321695 4.351256 50.8524816
347596112 4.3653841 50.8545917
133150696 4.3684002 50.8480947
296301813 4.363949 50.8461562
296301811 4.3635179 50.8457973
296301810 4.3632006 50.8459245
347600696 4.3643684 50.8542082
351949522 4.3620719 50.8506519
32088952 4.3522948 50.8421705
17430850 4.3477057 50.8454593
1331088595 4.3520153 50.8544981
1329615085 4.3434727 50.8529858
1342419146 4.3540744 50.8516702
1342419145 4.3558642 50.8528662
1342419143 4.3543878 50.8524083
1342419142 4.352837 50.8508779
1324647639 4.3569087 50.8425409
492269601 4.3664552 50.8530103
492269600 4.3671675 50.8528477
492269602 4.366428 50.8531178
17431141 4.3516904 50.8460947
17431140 4.3540242 50.8449523
129459304 4.347487 50.8412844
17431142 4.3523822 50.8464099
71285820 4.3646865 50.8433942
335198774 4.3653689 50.8432592
135598006 4.3598891 50.8586724
347582060 4.3621788 50.8550446
347582061 4.3622389 50.8549092
679923108 4.3640375 50.8501806
1300814555 4.3474629 50.8502005
679923106 4.3638765 50.8498792
234734333 4.3637408 50.8522288
1105599378 4.3541348 50.8414858
679923105 4.3637692 50.8498047
52708148 4.3521326 50.8545446
1300814447 4.3450209 50.8514346
1300814445 4.3443175 50.8506594
1333321963 4.3523405 50.8562493
1333321960 4.3526396 50.856692
332389411 4.3414979 50.853052
500123524 4.343495 50.8480465
143818305 4.3492378 50.8581613
1324647633 4.3546392 50.843086
731907040 4.3535364 50.8474834
1342419031 4.3556262 50.8527127
35712174 4.3457827 50.8478845
35712175 4.3474409 50.8503013
30150849 4.3594244 50.8443558
35712170 4.3498242 50.8484002
35712171 4.3459169 50.8496228
1330968510 4.3614155 50.8559178
1017747127 4.3550042 50.8487775
134463035 4.3579228 50.8432489
1333321984 4.3518519 50.8524967
1324332487 4.3606147 50.841861
125654957 4.3476532 50.8413779
1376041777 4.347964 50.858047
351032268 4.3589531 50.8438132
192586488 4.3585605 50.8476971
251281896 4.3676073 50.8442612
251281895 4.3671903 50.8435056
251281894 4.3671817 50.8433105
17428874 4.3667729 50.8459623
192586481 4.358208 50.8481902
1324332915 4.3605542 50.8424348
1324332837 4.3633967 50.8417994
192586486 4.3585675 50.8480373
1300814534 4.3491478 50.8509987
117278957 4.3470044 50.8537916
1336977416 4.3438009 50.8484854
674682696 4.3472805 50.8503491
112087807 4.3434213 50.8551127
1329614932 4.3473905 50.8513926
206258405 4.3409672 50.8573566
490712277 4.3611868 50.842182
335200581 4.3653919 50.8459949
335200580 4.3657352 50.8459407
335200583 4.3651601 50.8451765
335200582 4.36504 50.8453066
347596455 4.364397 50.8549602
1150934241 4.3584689 50.8474428
127541278 4.3421501 50.8428219
1302020955 4.3433857 50.8481623
140507932 4.3567754 50.8450787
1324332517 4.3604492 50.8424468
1324332514 4.3597793 50.8419724
347582594 4.362586 50.8544562
1302463769 4.3513162 50.8430981
1302463766 4.352743 50.8448643
1302463767 4.3530004 50.8449234
1302463764 4.34762 50.8483058
1302463765 4.3533199 50.8446679
1302463762 4.3466691 50.8479851
1302463760 4.3524744 50.8445859
1366777647 4.3449506 50.8459191
143808372 4.3560196 50.8569736
1366777641 4.3445861 50.8459029
127796693 4.3438282 50.8433171
1336977525 4.3446215 50.848638
1366777648 4.3447939 50.8459202
335200728 4.3659927 50.8456101
333647152 4.3535573 50.8519084
1331088474 4.3493069 50.8535153
1017855339 4.3561995 50.8469799
1302463716 4.3566096 50.8449698
1302021081 4.3476792 50.8483014
345713017 4.3594207 50.8591575
113586897 4.3535111 50.8565482
1302021086 4.3434646 50.8477347
113537549 4.352552 50.8558512
331641948 4.3670713 50.8515072
331641949 4.3670112 50.8513717
331641946 4.3677247 50.851641
331641947 4.3673631 50.8516535
331641944 4.3680583 50.851583
331641945 4.3679038 50.8515559
331641943 4.3679038 50.8522224
1335668855 4.341815 50.8518446
1302020933 4.3520978 50.8481397
1335668852 4.3422478 50.8506002
1302020938 4.3434079 50.8480309
134461953 4.3571938 50.8434687
1017799880 4.3533182 50.8465401
1316286397 4.3516041 50.8482868
370394540 4.3610267 50.8498994
74974676 4.3630115 50.8555326
256386560 4.368725 50.8457246
679904865 4.3659159 50.8483044
17430263 4.3431935 50.8482635
135597969 4.3614675 50.8574729
1324647696 4.3575831 50.8431384
1316286392 4.3504007 50.8517856
1324332767 4.3591623 50.843466
1335668098 4.3426167 50.8512162
1313223394 4.3621563 50.855621
52706679 4.3478447 50.8415174
52706677 4.3487483 50.8430873
679919865 4.3629056 50.850184
679919862 4.3627071 50.8502247
1335668140 4.3413324 50.851683
1330977611 4.3502652 50.848932
1300814880 4.3457637 50.8494562
475195761 4.3602847 50.8416895
475195760 4.3603425 50.841729
668049303 4.3469047 50.8509532
1017855325 4.3561738 50.8462773
668049305 4.347238 50.8497884
475195764 4.3600208 50.8418226
497691278 4.361493 50.8506992
1343538350 4.3551843 50.8501307
125733960 4.3625185 50.8420008
129572487 4.3489306 50.8437912
347598045 4.3659897 50.8541614
870486756 4.3646832 50.8553361
1335668704 4.3416844 50.8514171
1331088923 4.3482966 50.8563749
135611313 4.3606187 50.8546467
1038186968 4.3511642 50.8466816
492320124 4.3596059 50.8579572
347596326 4.3643455 50.8548951
135687449 4.3686336 50.8531571
148549145 4.3618024 50.8475711
192552688 4.3548492 50.8522671
503948824 4.3675972 50.8440153
1333804558 4.3611001 50.8574945
117266465 4.3461726 50.8520328
17430605 4.3439329 50.8441404
71283419 4.364421 50.8454472
17430607 4.3417232 50.8457029
1302463949 4.3457531 50.8527779
17430602 4.342182 50.8452132
1281249671 4.3422403 50.8540319
332389845 4.347288 50.858746
332389844 4.3473812 50.8587399
1333804395 4.3602089 50.8571646
1331089093 4.3493651 50.8549501
365056574 4.3479327 50.8413802
1331089097 4.3492283 50.8560948
1331089094 4.3491199 50.8545241
1335101980 4.3659637 50.8538568
9780368 4.3493615 50.8507872
1335668459 4.3426856 50.8503664
875943054 4.3534669 50.8504906
1331088783 4.351785 50.855755
497691302 4.3631093 50.8499879
1331088788 4.351278 50.854064
744840775 4.3527952 50.8462211
330236134 4.3542105 50.8419094
330236135 4.354242 50.8422929
1302052154 4.3503776 50.8561451
113587664 4.35376 50.8567379
113587662 4.3546012 50.856494
330236139 4.355726 50.8424611
130096654 4.3610398 50.8543834
1331088655 4.3490802 50.8541465
1336977751 4.3443189 50.848429
306139890 4.3606589 50.8432977
150545662 4.3594457 50.8417556
150545660 4.3594581 50.8423597
306139894 4.3649758 50.8424466
306139895 4.3644258 50.8420956
1331088659 4.3513645 50.8542562
75720431 4.3559635 50.8568399
9780090 4.3586404 50.8476559
1333804608 4.3613793 50.8581279
1333804609 4.3599071 50.858847
1331088439 4.3512079 50.8545947
1331088437 4.3513842 50.8543059
1331088436 4.3490736 50.8543552
117215437 4.3467267 50.8571852
1300815000 4.3491344 50.8508318
249293188 4.3567825 50.8480126
679919832 4.3630302 50.8506674
117215439 4.3447633 50.856552
332390313 4.345525 50.858661
790062495 4.3636806 50.8559609
345754558 4.344248 50.8503063
296301807 4.3634809 50.8455326
296301808 4.36284 50.8463765
296301809 4.3625797 50.84567
347581973 4.3614846 50.8554004
347581975 4.3616934 50.8552419
30150746 4.3530781 50.8426894
94593595 4.3542888 50.8524848
75276066 4.3565252 50.8439532
332389262 4.3443474 50.856173
345714104 4.3600024 50.8591754
331641956 4.3681949 50.8511921
1342419601 4.3560539 50.8531171
1300814838 4.3502338 50.8508461
150547130 4.3433706 50.8551413
1300814783 4.3497001 50.8523806
1300814833 4.3498099 50.8512009
1300814830 4.3450403 50.8514334
94598045 4.348102 50.8582862
8086513 4.3529823 50.851657
335196700 4.3660972 50.8446614
1017924427 4.3560941 50.8512973
1302020824 4.3434257 50.8477808
94598046 4.3487181 50.8581092
234734305 4.3617602 50.8501584
347582058 4.3618784 50.855283
744840525 4.3570793 50.8451555
1335668461 4.3432716 50.851895
35711902 4.3613917 50.8505802
35711903 4.3600218 50.8496517
35711900 4.3619729 50.8491377
35711901 4.3610622 50.8494633
35711906 4.3625808 50.8522886
35711904 4.3591659 50.8499321
35711905 4.3619674 50.8512648
1342419518 4.3537421 50.8505942
1342419519 4.3563973 50.8530886
1324332982 4.3629804 50.8419279
1336977644 4.3438537 50.8484849
1342419045 4.3580276 50.8531573
1300814946 4.3431933 50.8518829
1263538440 4.3685352 50.8586836
1300814949 4.3493821 50.850742
1300814490 4.3475395 50.8502401
1300814493 4.3501426 50.8509206
125654965 4.346523 50.8415828
1309049690 4.3498697 50.8417581
351032274 4.3592087 50.8436809
351945748 4.3618509 50.8506226
143808362 4.3581268 50.8583495
370394538 4.3608722 50.8499428
368873432 4.3632431 50.8551801
1343538211 4.3569459 50.8519813
1300815013 4.3458191 50.8496857
1274494226 4.3428544 50.8530312
1336977738 4.3434118 50.848887
495783950 4.3535035 50.848434
1300814544 4.3500682 50.8522324
1017874370 4.3525245 50.8470281
1017874372 4.3528725 50.8468135
1336977394 4.3440265 50.8487616
125734045 4.3613418 50.8414756
1336977464 4.3433181 50.8490746
1336977462 4.3430576 50.8486798
1336977399 4.3440652 50.8488508
1336977468 4.3446421 50.848573
264491511 4.3561304 50.845041
264491510 4.3556843 50.8454349
1150934272 4.3578686 50.8480306
1324333001 4.3631851 50.8417597
351038939 4.3586692 50.8445922
1324333008 4.3638211 50.8419131
1335668355 4.3415484 50.8512482
1330968477 4.3618508 50.8554931
332390147 4.3458295 50.8590985
1330968475 4.3611481 50.8561324
9119428 4.3442625 50.8416875
1302463775 4.3517616 50.8440439
1324647581 4.3572944 50.843056
1302463772 4.3553937 50.8442132
71297848 4.3603781 50.8428972
331776725 4.3512445 50.8476798
734057740 4.3499873 50.8527814
75275706 4.357278 50.8436542
1335668239 4.3419291 50.8498349
490712197 4.3643415 50.8417955
335200731 4.3661129 50.845854
490712193 4.3638754 50.8418723
1324666485 4.3553988 50.8492849
129802277 4.3539892 50.8499619
75274091 4.3566698 50.8442864
1333321679 4.3515819 50.8528091
347599299 4.3654403 50.8539122
94603219 4.3454019 50.8591002
560430263 4.3679045 50.8448175
9780421 4.3515535 50.8476179
731907041 4.3536531 50.8471147
1324332434 4.3595889 50.8416772
1324332436 4.3595069 50.841764
129953558 4.3679755 50.8522564
347597849 4.3655643 50.8535514
127832218 4.3452339 50.8421502
1302020927 4.3431225 50.8489958
1302020929 4.3476888 50.8478425
129953553 4.3671659 50.8526893
444013652 4.3644962 50.8448531
1300814578 4.3472173 50.8536896
1017799893 4.3554555 50.8504187
129953555 4.3655599 50.8532083
877234796 4.3455684 50.8580723
113579692 4.3533294 50.8550348
331641708 4.3680583 50.8492475
1300814540 4.348764 50.8509931
877234798 4.3418623 50.854159
1335668556 4.3416911 50.8520628
32088376 4.3608581 50.8470676
1324647684 4.3553618 50.8431517
138186778 4.3660562 50.8445826
1324647686 4.3571323 50.8430836
1324647683 4.3570839 50.8419028
1313207052 4.3608823 50.8575572
1313207053 4.3604397 50.8575963
250849790 4.3568475 50.845041
1313207056 4.3602922 50.8572853
1313207054 4.3612335 50.8580806
250849794 4.3585686 50.8484102
492267520 4.368514 50.8515549
113579695 4.3535119 50.8554174
113501068 4.3524504 50.8556195
130096274 4.3621476 50.8515249
1324332492 4.3638041 50.8419165
492320155 4.3593312 50.8572096
368839425 4.3654895 50.8538981
1300814603 4.3499458 50.8507499
331778060 4.3547681 50.8508825
1331088708 4.3483444 50.8559358
17429305 4.3648633 50.8422166
1335668601 4.3415903 50.8518562
181309516 4.3475076 50.8482669
125733975 4.363244 50.8418735
57054324 4.3455211 50.8586315
57054325 4.3456251 50.8583958
154508460 4.346555 50.8463982
127832147 4.3445129 50.8415703
306139396 4.3648148 50.8463654
71310480 4.3650516 50.8431824
332542800 4.3621868 50.8477037
71310483 4.36512 50.8433091
870486763 4.3632992 50.855905
870486761 4.3636318 50.8559999
870486760 4.3644472 50.8560337
1331088918 4.3476041 50.8550617
1335668736 4.3432516 50.8518683
560424073 4.3579058 50.8509216
113491890 4.3486788 50.8547547
1331088916 4.3483395 50.8557589
127428404 4.3430089 50.8511849
331777269 4.3527997 50.848836
875943034 4.3523754 50.8507311
1335668518 4.3421556 50.8514777
74974679 4.366397 50.8547401
492269598 4.3658533 50.8531418
192552692 4.3553339 50.8528254
1335668514 4.3426418 50.8512366
74974674 4.3633032 50.8551259
1335668288 4.342826 50.8490849
127541276 4.3427878 50.8424587
1313216815 4.3611423 50.8563406
865007498 4.357798 50.8459698
865007499 4.3578325 50.8458982
1335668287 4.3418881 50.8492523
1017983681 4.3522959 50.8480493
1207692672 4.3522997 50.8489921
1333804542 4.360367 50.856792
27122577 4.3673596 50.8427568
344634450 4.3690815 50.8588189
347591844 4.3647661 50.8546838
94593593 4.3554363 50.8534081
1342419553 4.3560214 50.8532366
94593596 4.3533371 50.8517414
94593594 4.3548752 50.8529747
1333804380 4.3598794 50.8590552
1331089083 4.3483308 50.8549453
1331089084 4.3500416 50.8549425
1017924425 4.3557621 50.851403
1331089089 4.3509797 50.8537265
503948923 4.3679786 50.8439205
1335668469 4.3416533 50.8512067
331781095 4.3478297 50.8416729
331781094 4.3485323 50.8415557
1017863971 4.3550679 50.846682
331778002 4.3549754 50.8495948
150547418 4.3473989 50.8555503
35714113 4.3504897 50.8510136
492320398 4.3591338 50.8553023
1335668190 4.3414429 50.8518929
1333804162 4.3611096 50.8574
113475534 4.3497602 50.8526144
117232597 4.3459887 50.8537577
75720427 4.3554378 50.8569415
109728416 4.3682446 50.8522556
140467429 4.3488238 50.8463227
492269599 4.3671931 50.8527896
347581897 4.3618994 50.8547163
330957605 4.368083 50.858485
347593170 4.3641052 50.8542883
35714115 4.3503909 50.8516788
1342419349 4.3541349 50.8516466
347581899 4.3619766 50.854803
770266461 4.3564111 50.8447196
770266460 4.3563028 50.8447196
770266466 4.3580554 50.8481418
1331089036 4.3485428 50.8548832
1331088682 4.3513386 50.8562727
707118701 4.3465301 50.8542739
117268750 4.3468485 50.8532069
1367156774 4.3406849 50.8446714
875942944 4.353511 50.850334
744840400 4.3567033 50.8452456
249293191 4.3575899 50.8485285
422080730 4.3552645 50.8480685
150547128 4.3414206 50.8530791
135657288 4.3620712 50.857336
117222048 4.3468607 50.8556684
1335668254 4.3416387 50.8514056
135657281 4.3644485 50.8578587
135598022 4.3600895 50.858673
135657283 4.3668023 50.8573692
9780138 4.358794 50.8480582
234734315 4.3614997 50.8501943
1335101953 4.3658229 50.8530676
1333321724 4.3519862 50.8524757
1333321727 4.3528216 50.8566416
1333326730 4.3510562 50.8553426
1336977657 4.3431037 50.848758
71284689 4.3627862 50.8428453
1342419502 4.3556426 50.8527282
1300814950 4.3442833 50.8504085
1300814953 4.3461182 50.8537734
1274574508 4.3555085 50.8504345
1300814486 4.3497011 50.8512236
71284449 4.3631566 50.8435332
71284444 4.3634345 50.8436293
71284445 4.3633668 50.8435313
71284442 4.3633942 50.8437419
1342419292 4.3565479 50.8523917
71284441 4.3632934 50.8437856
770266488 4.3631505 50.8538449
1333321651 4.3516356 50.8526987
9779864 4.3531022 50.8481878
410998477 4.3646126 50.8462105
133150695 4.3680569 50.8473089
1336977720 4.3442112 50.8488793
1300814552 4.3500991 50.8528216
350667952 4.3560883 50.8517889
1329614914 4.3469789 50.8509884
1366777598 4.34459 50.845775
490712215 4.3638696 50.8420356
1366777595 4.3447864 50.8457719
1331088487 4.3489478 50.8545172
1381888447 4.3461551 50.8430284
1336977355 4.3440272 50.8488281
1342419472 4.3545304 50.8548367
264491506 4.3560591 50.8447511
127798798 4.3441992 50.8436228
8082216 4.3689753 50.8559484
264491508 4.3555991 50.8447052
1274574504 4.3555381 50.8508937
1324332846 4.3641327 50.8419814
1150934268 4.3582578 50.8482475
1300814532 4.3491882 50.8511262
1342419181 4.356076 50.852775
135680452 4.3689885 50.8562633
1302463745 4.352948 50.8449423
1302463746 4.3456818 50.8428871
702327463 4.3517972 50.8556564
350667557 4.3562529 50.8512709
350667554 4.3564076 50.8521296
350667555 4.3569032 50.8519444
350667550 4.3557708 50.8514503
332389295 4.3433155 50.8551724
251281981 4.3689251 50.8488856
251281982 4.3688436 50.8487729
1343538228 4.3556364 50.8513762
1324647755 4.3543076 50.8418746
1313207030 4.3604338 50.858386
71310477 4.3647947 50.8426827
71310471 4.3611039 50.8432951
71310470 4.3609666 50.8433602
71310473 4.3628377 50.8429483
1329614864 4.3444308 50.8526936
1329614867 4.3471666 50.8506369
347599048 4.3657407 50.8543728
1017799930 4.3546855 50.846249
127800215 4.343235 50.8444942
1324332739 4.3606084 50.8424672
1324332404 4.3586704 50.8435953
731907034 4.3541815 50.8473403
140520295 4.3514677 50.8425948
731907036 4.3544292 50.8478839
1324332400 4.3642871 50.841582
1336977388 4.3433014 50.8485103
1302020913 4.3431483 50.8483316
129953562 4.3688959 50.8490132
129953561 4.3687181 50.8496976
129953560 4.3684576 50.8506299
1324332680 4.3640531 50.8419982
130096390 4.3635283 50.8536443
1335668893 4.3423436 50.8520936
1331088932 4.351828 50.85593
1336977340 4.3445884 50.848523
335200142 4.365855 50.8461513
1324332742 4.3609162 50.8423882
1324332747 4.3632278 50.8418422
135662370 4.3665806 50.8547427
206269921 4.3416474 50.8576387
135680372 4.3662263 50.8563942
135662376 4.3669967 50.8555711
492267518 4.3686127 50.8515977
875574624 4.3616605 50.8583434
877234788 4.3430471 50.8553734
1335668713 4.342126 50.8519705
129956925 4.368205 50.8515438
331778059 4.3552986 50.8507038
331778058 4.355154 50.8505201
347582576 4.3630924 50.8545321
125734009 4.3630293 50.8414989
206269927 4.344647 50.8582557
1313223418 4.3619349 50.8555283
206269926 4.342634 50.8564843
125734004 4.3629384 50.8415177
150545655 4.3593896 50.8420539
1168301138 4.342557 50.854939
1342419097 4.355637 50.853327
113532643 4.3483185 50.8559238
1313201038 4.360879 50.8587346
1324647784 4.3558269 50.8424329
1324647785 4.3561257 50.8424448
1324647786 4.3594613 50.8432079
117222045 4.3471955 50.8556847
1324647780 4.3548319 50.8444099
1324647781 4.3570592 50.8424182
1324647782 4.357669 50.8431964
1324647783 4.357622 50.8428508
870486774 4.3616148 50.8575711
112194147 4.3483973 50.850459
1331088907 4.3516019 50.8542534
1150934136 4.3578841 50.8477135
122352653 4.3443363 50.8453844
71291860 4.3618204 50.8439703
71291865 4.3633895 50.8450871
1313217018 4.3614035 50.8562979
74974668 4.3635437 50.8540642
135631797 4.3623949 50.8563565
74974667 4.3656159 50.8534776
1302021059 4.3438779 50.8479485
1335668503 4.3422705 50.8517112
142065107 4.3665132 50.8419537
1335668297 4.3419072 50.8494536
1330917480 4.3501184 50.8415055
1302463838 4.3513863 50.8430641
1302463839 4.3510759 50.8428754
75275020 4.3576128 50.8437301
1333804575 4.3611654 50.8578766
75275022 4.3573639 50.8437192
75275023 4.3565526 50.8442114
1302463830 4.343773 50.8482607
1331089160 4.3476732 50.8551179
1324647658 4.3549392 50.8447263
332389826 4.3487725 50.858037
1333804377 4.3604883 50.8591495
338908220 4.3686631 50.852597
1331089166 4.349367 50.8552217
338908222 4.3689386 50.8510342
1324647651 4.3572115 50.84293
1324647656 4.3580163 50.841383
332389828 4.3481335 50.8583152
1324647654 4.3558698 50.842426
1017924435 4.3558187 50.8508311
1017924437 4.3561956 50.8512486
113500986 4.3526962 50.8561917
113500987 4.3529198 50.8562347
1330917461 4.3505295 50.8420831
203317164 4.3583721 50.8435196
203317165 4.3583538 50.8430883
331781080 4.3554519 50.8446476
331781081 4.3553371 50.8445517
331781082 4.355205 50.8443048
331781083 4.3553149 50.8440917
331781084 4.3546984 50.8437931
331781085 4.3540863 50.8438612
331781086 4.3537336 50.8441572
331781087 4.3523218 50.8436601
331781088 4.3527797 50.8429764
331781089 4.3527036 50.8428402
350647390 4.3566236 50.8467083
875943038 4.3526111 50.8507621
1335668183 4.3416015 50.8519545
150547422 4.347152 50.8555477
1335668181 4.342758 50.8494282
1335668180 4.3413999 50.8519369
150547427 4.3488029 50.8572413
30150617 4.3593648 50.8417058
30150615 4.3596613 50.8428574
150547429 4.3488371 50.8573601
331776722 4.3494936 50.8479291
356196737 4.3444413 50.8528105
1313206995 4.3609827 50.8573188
117275129 4.3453981 50.8525991
129868743 4.3589851 50.8533001
140467431 4.349049 50.8464874
117275125 4.3450634 50.851873
492320148 4.3589793 50.8564077
117275122 4.3450204 50.8514287
1313207058 4.3608174 50.8575572
135680391 4.3628516 50.8570838
331641710 4.3656808 50.8528293
347583972 4.3631611 50.8546134
347583971 4.363101 50.854673
347583970 4.3629379 50.8546513
1335668108 4.342402 50.8502066
1333804621 4.3611294 50.8572024
770266470 4.3581636 50.8480905
9780239 4.3533401 50.8465248
1331088699 4.3515193 50.8540833
316778145 4.3565481 50.8580256
35711858 4.3553673 50.8476691
35711854 4.35087 50.842238
35711855 4.3511062 50.8420301
347597272 4.3651352 50.8545809
35711850 4.3527507 50.8445874
57051780 4.3409156 50.8532493
135687481 4.3689859 50.8549793
35711853 4.3489923 50.8438804
1335668387 4.3432623 50.8511904
71278937 4.3643279 50.84588
30150470 4.3541439 50.8415589
32088948 4.351772 50.8412329
30150471 4.3540264 50.8416667
345747024 4.3411884 50.8554224
1333804756 4.361434 50.8580614
332201134 4.3496192 50.8548035
1300814768 4.3470536 50.850594
135657274 4.3626745 50.8582186
75276220 4.3566484 50.8440393
135657278 4.3635207 50.8580469
1316286386 4.3502736 50.8516479
1316286387 4.3516967 50.8483615
1333321710 4.3503464 50.8547743
9780121 4.3539353 50.8491027
1329614917 4.3466124 50.8513803
1336977658 4.3433244 50.8491109
1331089072 4.3501557 50.8551759
135597981 4.3602583 50.8567267
1342419062 4.3558383 50.8526266
94598189 4.3471861 50.8586664
1342419066 4.358082 50.8531372
1342419069 4.3566034 50.8524485
192586497 4.3586685 50.8478508
71284451 4.3630082 50.8436056
71284453 4.3630453 50.8437249
1300814967 4.3497223 50.8527572
71284455 4.3631861 50.8437924
71284454 4.3631103 50.8437711
1313207059 4.3603483 50.8572964
71266057 4.3610782 50.8431651
1342419269 4.3537522 50.8512557
1329614890 4.3477161 50.8512432
331794606 4.3483507 50.8508898
679923068 4.3612852 50.850423
9780052 4.3610379 50.8479265
679923065 4.3612073 50.8504888
335198180 4.3653146 50.8431279
125652765 4.3480975 50.841565
679923063 4.3612089 50.8505181
117218107 4.3468377 50.8554728
1300814561 4.3477299 50.852856
1300814480 4.3454256 50.8510218
206258529 4.3419682 50.8590078
1333321885 4.3516338 50.8525622
1300814569 4.3483265 50.850213
770266490 4.3633332 50.8541823
206258526 4.3448193 50.8584803
113534196 4.351125 50.8572147
770266497 4.3628721 50.8545995
206258523 4.3412809 50.8574872
495783970 4.3531262 50.8481659
1333321669 4.3519685 50.8523527
112185298 4.3489465 50.8493812
490712206 4.3646253 50.8415077
490712205 4.3642968 50.8414867
1313200776 4.3612993 50.8587996
251281795 4.3668899 50.8426005
1333321868 4.3516617 50.8527763
1396032480 4.3524929 50.8507466
347583727 4.3624792 50.8548333
17429685 4.3500154 50.8416101
1302463756 4.3566199 50.8443174
1302463755 4.3566422 50.8445848
1302463754 4.3453966 50.8528188
1331088865 4.3489095 50.8544636
1302463750 4.3456615 50.8427306
1331089068 4.3483707 50.8551344
129956914 4.3655232 50.8528508
1302463759 4.3459592 50.8422993
71284443 4.3634298 50.8436996
1333326728 4.3510621 50.8556753
1331088936 4.347504 50.8553394
1016181069 4.3665675 50.8493644
347584007 4.3631096 50.8547272
1329870115 4.3525496 50.8501911
1331089064 4.3488796 50.8541154
17429533 4.3625631 50.8467149
17429535 4.3648118 50.8425526
17429536 4.3665257 50.8459147
1342419314 4.3547414 50.851653
1335668882 4.3430844 50.850355
129956705 4.3632957 50.847808
1342419088 4.3546632 50.8515733
129956707 4.3681139 50.8490975
1335668886 4.3425057 50.8519861
129956702 4.367396 50.8470705
129956703 4.3633356 50.8477907
1324332418 4.3641282 50.8419723
356196858 4.3444399 50.8529196
1302020904 4.347077 50.8476399
1336977448 4.3430004 50.8494724
1343538282 4.3547814 50.8502593
1336977444 4.343285 50.8494733
1335668774 4.3416762 50.8519835
1366777419 4.3440663 50.8449159
306139446 4.3649789 50.8467295
731876115 4.3495762 50.8503562
1366777413 4.3448491 50.8448927
306139445 4.3645437 50.8464212
127444018 4.3439739 50.8508963
1324647674 4.3551445 50.8431806
206289580 4.35032 50.8576869
1017799851 4.3541042 50.8469022
1324332733 4.3640478 50.8419882
370394287 4.3605858 50.8500262
1017799856 4.3517721 50.8468766
492267501 4.3688013 50.8517332
492267503 4.3687498 50.851809
492267505 4.368767 50.8519066
492267506 4.3688871 50.8519716
332200048 4.3494329 50.853507
332200047 4.3507754 50.8533785
332200046 4.3510709 50.8546092
332200045 4.3497284 50.8547376
744899103 4.3556799 50.8467733
495784022 4.3499977 50.8485043
368834787 4.3660154 50.8541181
475195759 4.3604605 50.8418463
125733920 4.3611986 50.8418372
251748056 4.3529791 50.8568262
1396032479 4.353665 50.8504321
475195757 4.360512 50.8418873
71307930 4.3621171 50.8454998
770266481 4.3630896 50.8529905
1324647799 4.3572116 50.8430517
1324647798 4.357995 50.841395
71307934 4.3620454 50.8453714
351947611 4.3619603 50.8524658
351947610 4.3618692 50.8523429
1324647793 4.3534076 50.8472136
1324647792 4.3549587 50.8435128
1324647791 4.3570307 50.8424152
125734020 4.3625476 50.8412324
1324647797 4.3559014 50.8424472
1300814557 4.3498768 50.8511794
1324647794 4.3578742 50.8424853
1329615099 4.3433754 50.8523966
1300835073 4.3444358 50.8529663
347592099 4.3650819 50.8545026
127546152 4.3422856 50.8446454
1324332647 4.361388 50.8422238
1324332648 4.3608364 50.8420588
135662415 4.364605 50.855323
1329614831 4.3453921 50.8528176
135662417 4.3644216 50.85602
1150934146 4.3582248 50.8480218
1150934144 4.3587194 50.8480098
127822265 4.3456299 50.8428183
1331088972 4.3511712 50.8542707
1150934143 4.3580054 50.8480285
1331088970 4.3492202 50.854259
1017991110 4.3490103 50.8495515
410998472 4.3663947 50.8458719
71291871 4.3635465 50.8451994
127428398 4.3419045 50.8502762
1333804297 4.3605259 50.8567211
8195521 4.3496515 50.8460391
1333804290 4.3601413 50.8573195
712051632 4.3662097 50.8495284
71282592 4.3643003 50.8450411
35710819 4.353027 50.8444312
1335668262 4.3421799 50.851692
127822264 4.3456731 50.8428819
744842118 4.3569525 50.8456343
71364598 4.3609924 50.8433439
1335668265 4.3428021 50.8508203
71364595 4.3608477 50.8433628
1335668269 4.3424082 50.8520688
17431007 4.3494217 50.8480158
1313216879 4.361314 50.8564872
1302463828 4.3532497 50.8447494
1324332396 4.3604668 50.8424371
1330917493 4.3491589 50.8416351
877234772 4.341824 50.8542593
1330917491 4.3507986 50.8421083
1324332393 4.3625038 50.8420465
1302463820 4.3563465 50.8450235
1302463823 4.3569651 50.8448118
1302463822 4.345565 50.8526747
1302463825 4.3433652 50.8483928
1302463824 4.3557663 50.8439988
1302463826 4.3449835 50.8428154
1324647649 4.3569061 50.8425327
1324647648 4.3567731 50.8429768
1331088809 4.3508347 50.8533746
332389830 4.3472162 50.8587009
332389831 4.3469418 50.8587957
1324647641 4.3577575 50.8424806
1324647640 4.3542838 50.8438274
1331088800 4.3512933 50.855706
1324647642 4.3553655 50.8449157
1324647645 4.3540942 50.8472205
1335668663 4.3435527 50.8517803
1324647647 4.354364 50.843828
1331088805 4.3523965 50.8556817
1330917478 4.3497581 50.8418714
1331088751 4.3480942 50.8551994
1324332650 4.3593773 50.841673
1366777593 4.3449534 50.8457709
1366777619 4.3450129 50.8458531
333645295 4.3556498 50.8450167
1329615122 4.3428882 50.8529166
1335668401 4.342764 50.8512172
490712212 4.3645623 50.8419556
333645298 4.355335 50.8453993
1313216907 4.3610843 50.8567833
1313207016 4.3611686 50.8580918
35710793 4.3517571 50.8503543
734060531 4.3507871 50.8553451
150545692 4.3594562 50.8419264
150545693 4.3601515 50.8425063
144320632 4.3539041 50.8415998
150545695 4.3589756 50.8422353
1342419477 4.3559268 50.8526235
1313207017 4.3607083 50.8574957
125656850 4.3480076 50.8432733
1333804172 4.3611775 50.8578748
347583969 4.3629808 50.8545213
123995772 4.3564851 50.8417976
17430453 4.3414186 50.8495105
71362686 4.3646144 50.8426339
1335668319 4.3414356 50.8517213
351036932 4.3591241 50.844473
1324332452 4.3606398 50.8417073
1335668316 4.3414544 50.8516621
1335668317 4.3425208 50.8517034
1335668314 4.3426608 50.851262
1336977385 4.3429947 50.8488166
345754560 4.3436397 50.8507644
345754561 4.3449044 50.851422
495784017 4.3507803 50.8488675
264491509 4.3551667 50.8452937
1316286428 4.3491382 50.849567
495784013 4.3523004 50.8480765
35711848 4.3522009 50.8441631
1316286425 4.3502405 50.851816
123536165 4.3682672 50.8415795
1316286427 4.3445741 50.8504864
865007699 4.3564914 50.8445145
1316286420 4.3500887 50.8490404
1316286423 4.3439246 50.8509129
1316286422 4.350209 50.8491364
32088953 4.3520444 50.8423466
1331088593 4.3476471 50.8550549
113532961 4.3482845 50.8564669
9779889 4.3497125 50.8502011
113532963 4.3494736 50.8565415
1331088597 4.3503605 50.8562142
1333804747 4.3603282 50.8586367
493584387 4.3683452 50.8591538
493584386 4.3682822 50.8589975
679923086 4.3614608 50.8505412
1300814806 4.3497263 50.8523471
1300814805 4.3500124 50.8526814
1300814778 4.3470956 50.8505452
1333804210 4.361434 50.8581226
702327466 4.3517922 50.855693
1300814808 4.3479968 50.850803
1309049515 4.3500296 50.8415957
1331088579 4.3492976 50.8536602
814661355 4.356378 50.8455599
117248929 4.3433711 50.8530412
1331088577 4.3525828 50.8561817
117357267 4.3540854 50.852563
1342419186 4.3531903 50.8507672
35714163 4.3551603 50.8500559
17430267 4.3449031 50.8485203
35714161 4.3552794 50.8520999
1316286394 4.3495338 50.84942
1316286393 4.3503683 50.8510332
347596902 4.3660412 50.8545949
1316286390 4.3502688 50.849138
347592733 4.3646374 50.8541853
347592731 4.3645859 50.854142
1331088541 4.3487616 50.8540676
347592735 4.3647146 50.8542124
1302463749 4.3459223 50.8536951
35714138 4.3468432 50.8469096
17430262 4.3425863 50.8483808
1342419073 4.356688 50.8525323
113502394 4.3525926 50.8563086
1309049087 4.349896 50.8417313
1300814970 4.3499555 50.8507665
1300814977 4.3505692 50.8525038
113530929 4.3507801 50.8567301
1324332889 4.3625115 50.8420613
113530928 4.3515171 50.8565194
113531627 4.3513396 50.8556705
1324332880 4.3607556 50.8425586
94598047 4.3491004 50.8580271
113531628 4.3476869 50.855673
9780063 4.3543523 50.8467669
679923078 4.3614767 50.8504958
679923076 4.3614658 50.8504669
679923070 4.3613767 50.8504182
495783960 4.352313 50.848017
1300814574 4.3457313 50.8494642
1333321893 4.3530101 50.8561017
1333321891 4.3514794 50.8524399
1336977700 4.3433603 50.8491478
206258534 4.3408327 50.8581431
1331089015 4.3487135 50.8538438
256386498 4.3687077 50.84544
206258531 4.3418176 50.8590427
1300814609 4.3505289 50.8525495
490712230 4.3633627 50.8417227
1366777575 4.344659 50.8457164
490712234 4.3633803 50.8417564
331642679 4.3635265 50.8504288
368837370 4.3658523 50.8543402
492267972 4.369033 50.8511913
32088379 4.3603407 50.8468456
1396032474 4.3520209 50.8502951
1300814607 4.3472287 50.8536366
1300814606 4.3463918 50.8501169
1330968428 4.3622921 50.8556778
1300814598 4.3459165 50.8497004
259408249 4.3425565 50.8414615
1330977614 4.3504155 50.849078
1313200761 4.3610374 50.8590728
119449593 4.3453275 50.8543677
1300814594 4.3441023 50.8505462
129956908 4.3671766 50.852492
1324647734 4.3571564 50.843003
1257844052 4.342719 50.8563512
75275559 4.3564585 50.8441513
347599938 4.3646374 50.8540228
9779792 4.3547047 50.8462785
1336977673 4.3446084 50.848631
338909235 4.3685086 50.8520226
1336977676 4.3434441 50.8487102
1336977674 4.3441943 50.8489276
71310475 4.3645431 50.8426199
1302463788 4.3459285 50.8536702
1302463789 4.3553324 50.8440988
1329614809 4.3469908 50.8509721
1302463785 4.3536697 50.8445224
1302463786 4.3506415 50.8438844
1302463787 4.3522658 50.8439282
1302463780 4.3526708 50.8448343
1302463781 4.3477895 50.8478553
1302463782 4.3471529 50.852587
1302463783 4.3516785 50.8440918
113533340 4.3504543 50.8562485
1302020980 4.3494712 50.8467058
490712301 4.3606444 50.8425827
1017758779 4.3540258 50.8499964
1309049068 4.3499704 50.8416558
1324332465 4.3621495 50.8421222
113536059 4.3520163 50.8523
1207692704 4.3516909 50.8483655
347582574 4.3632812 50.8542991
347582575 4.3632641 50.8543696
1302020974 4.3498877 50.8467614
347582572 4.3630632 50.8542654
347582573 4.363204 50.8542666
331909128 4.360215 50.8584227
331909125 4.3599162 50.8585381
1336977452 4.3431837 50.8486989
1336977450 4.3439789 50.8487993
351035549 4.3575418 50.8453418
305030998 4.36308 50.8551584
1302463954 4.3456829 50.8432663
1366777405 4.3438637 50.8446865
1302052290 4.3483117 50.8557593
798966515 4.3549784 50.843375
1017799869 4.3522316 50.8471937
1313207060 4.3613928 50.8584568
1313207067 4.3605401 50.8573337
347601388 4.3655348 50.8538851
1324647810 4.3544303 50.8475627
1324647812 4.357432 50.8429842
1336977377 4.3433335 50.8487279
731876081 4.348875 50.8572514
1329614923 4.3446146 50.8523307
35711849 4.3521397 50.8439448
1342419157 4.3536851 50.8518083
1302020801 4.3438125 50.8479522
1302020807 4.348648 50.8468636
8195528 4.3528068 50.8447966
1302020809 4.3496375 50.846467
125733928 4.361411 50.8420471
117246680 4.343527 50.8522361
125734027 4.3621352 50.8413925
1333804211 4.3595911 50.8591489
125734024 4.3625827 50.8413002
368835954 4.3658004 50.8543559
125733924 4.3612924 50.8418179
71307921 4.3613774 50.8440591
1302020907 4.3437415 50.8481487
71307924 4.3613224 50.8439547
117266387 4.3477464 50.8519345
144002982 4.341609 50.8558884
35710797 4.3510561 50.8496863
35710792 4.3511372 50.8485717
144002984 4.3408311 50.856189
35710799 4.3495987 50.8493231
1331088963 4.3501409 50.8550499
1324647678 4.357253 50.8430633
1329614980 4.3477293 50.8512254
1324647643 4.3583912 50.8416501
345712960 4.3590286 50.8591923
71282586 4.3643193 50.8448905
1329615089 4.3470102 50.851352
145332 4.3592579 50.8424618
1336977365 4.3437843 50.848803
1335668078 4.3420927 50.8518504
1313216864 4.3608811 50.856591
1324332381 4.3609225 50.8426511
1300814844 4.350441 50.8522909
1302463818 4.3521377 50.843816
668049299 4.3459229 50.8524986
668049297 4.34566 50.8524035
1302463816 4.3459281 50.8536851
1302463810 4.3514385 50.842517
1302463811 4.3528393 50.8448755
1302463813 4.3431195 50.8482785
331773504 4.3576647 50.8432738
351036934 4.3594553 50.8444111
1335668675 4.3418045 50.8518644
133146402 4.3628665 50.8476782
731907037 4.3539058 50.8473126
1335668672 4.3424081 50.8520692
