574831 26.11694403 44.43676572
258035131 26.12490843 44.4496741
256196390 26.10834009 44.44663214
256196391 26.10820724 44.44608832
258035134 26.12505118 44.44928576
256205792 26.12898724 44.43921851
256206761 26.11549463 44.43713477
256206760 26.11557183 44.43794991
258035138 26.12443301 44.44914671
258035139 26.12428407 44.44924738
258035132 26.12504673 44.44955818
256028166 26.10873253 44.44066908
258035133 26.12508982 44.44938417
258035135 26.12492679 44.44917311
1191290513 26.12706652 44.44691218
258037080 26.11536354 44.45254448
1191290510 26.12685672 44.4460755
993098751 26.1195824 44.44879442
256690384 26.12737363 44.4510701
256690385 26.12777697 44.45123548
256194223 26.10481869 44.4479118
1191290519 26.12896494 44.44453909
258035137 26.12460811 44.44910631
256205095 26.12747656 44.44149202
256205096 26.12821468 44.4418475
256205097 26.12918983 44.44250531
257553617 26.10557272 44.44561801
255931470 26.12299778 44.45147386
256196727 26.11152312 44.44786243
256196556 26.11137216 44.44683699
256196557 26.11186778 44.44872736
257553618 26.10625937 44.44578347
256202909 26.12174309 44.44138792
256202907 26.12520197 44.44361231
257604856 26.11444497 44.43957298
257604854 26.11457363 44.44084913
257604855 26.11513849 44.44059289
256026114 26.10511449 44.43910762
256026111 26.10693487 44.43950224
256026113 26.1058298 44.43942068
257586071 26.1156352 44.4446131
256202503 26.12556247 44.44679248
256201012 26.11609897 44.44590199
256027241 26.10699664 44.43844713
257605671 26.11317444 44.43819248
257605672 26.11250724 44.4382468
256198660 26.12122811 44.44736849
256198661 26.12155416 44.44736237
256198662 26.12227517 44.44768097
31405201 26.11633852 44.43842022
256197047 26.10549494 44.45200301
1008781448 26.12184728 44.44466683
31405267 26.11902132 44.43862331
257587093 26.11617139 44.44209216
248730520 26.12260928 44.4399785
256197049 26.10608612 44.45211373
257587097 26.11688494 44.44235049
256200015 26.11546236 44.44710974
707299148 26.11665528 44.44895644
998463929 26.12370454 44.44808556
1008775486 26.12334454 44.44643089
979631193 26.1261161 44.43773274
256204181 26.11778633 44.4401132
256689551 26.12853227 44.44976504
256689550 26.1279229 44.44952004
154290883 26.11972607 44.4405483
154290884 26.12016226 44.44047923
398004494 26.10628401 44.43762922
257587953 26.11283908 44.44190441
256690386 26.12794 44.45026754
1008840996 26.12032973 44.44540452
257587954 26.11498166 44.44134617
1008781439 26.1219176 44.44555003
257553530 26.10929873 44.4455735
257553531 26.10807581 44.44557526
257553532 26.10777926 44.44550201
257676005 26.11139027 44.43796039
257676006 26.11223692 44.43796852
1008781435 26.12134327 44.44497302
256196734 26.11160476 44.44805178
21458604 26.12907139 44.44047647
21458608 26.1243476 44.43962889
257676796 26.10952588 44.43919043
256199695 26.12065302 44.45005841
256199692 26.12012094 44.45120413
256199693 26.11970889 44.45092233
257676792 26.10965572 44.4395092
256199691 26.12028397 44.45124696
256028121 26.10644779 44.44020263
256028120 26.10564104 44.44004941
248730519 26.12418298 44.44064268
256200747 26.1122438 44.4468618
256200746 26.11201112 44.44817558
21763335 26.10610908 44.44629049
256198506 26.11874983 44.44724393
419645903 26.12509543 44.45005179
282447761 26.11684664 44.44062131
248730516 26.12686619 44.4401132
494791585 26.11121416 44.44239408
1008835211 26.11916021 44.44413299
256028029 26.10584162 44.44082968
1008835192 26.11883843 44.4443168
1008835196 26.11880624 44.4442785
257676176 26.11052618 44.43913419
509167772 26.11681763 44.43829206
257676178 26.11093832 44.43995478
256027427 26.10558639 44.43930669
245958120 26.10570591 44.44180961
256028383 26.10718247 44.44016542
154285159 26.12103859 44.44025519
659932 26.1271542 44.43813347
659933 26.12276912 44.43902246
129548921 26.1106675 44.43628258
129548920 26.11065576 44.4362597
154297108 26.11849309 44.44410357
154285151 26.12055194 44.44012057
154285152 26.12048907 44.4402686
154285153 26.12053417 44.44035677
492968117 26.11907547 44.442193
492968114 26.1188598 44.44195059
154290175 26.11962146 44.44030757
492968119 26.11889534 44.44226651
1015079736 26.11486532 44.44492801
1141965392 26.12194317 44.44876592
1141965391 26.12250652 44.44893314
1141965390 26.12316148 44.44916146
256683038 26.12641231 44.44676876
1008817939 26.12265169 44.44810534
382923317 26.1214804 44.4378961
1191290522 26.12843244 44.44502709
129565271 26.1096791 44.44224748
1191290524 26.12710298 44.4469872
1191290525 26.12915169 44.444653
256203395 26.12370001 44.44149202
256203394 26.12380303 44.44159009
257553648 26.10793818 44.44378514
256203396 26.12370102 44.44137057
256203391 26.12434366 44.441633
256203393 26.1240948 44.44168204
581974648 26.12693928 44.45260869
272633085 26.12086701 44.43897519
257553647 26.10751246 44.4435336
256206518 26.11856727 44.43784572
256206519 26.11946858 44.43841569
256026629 26.10935808 44.43829189
257554860 26.11132992 44.44305122
492964801 26.11917848 44.44260346
1008775461 26.12351603 44.4459874
257604734 26.11158657 44.44113889
258035648 26.12043602 44.44458519
248737266 26.12740951 44.43791362
257677103 26.10714341 44.44214849
1005974663 26.10700519 44.44622729
256026248 26.1044208 44.4413455
257677104 26.1071212 44.44089749
257605022 26.11199578 44.44041344
257605025 26.11202914 44.44017966
256027110 26.10534474 44.43852332
129553787 26.10856456 44.44024152
788756402 26.112595 44.44189863
493892492 26.11251788 44.44584667
256199162 26.12313591 44.4492804
257586267 26.11700019 44.44433826
256197016 26.10786626 44.45085167
256197017 26.1061494 44.45057272
256206359 26.12312493 44.43830539
256204138 26.11728492 44.44036298
998469521 26.12298571 44.45133288
31405198 26.1168401 44.43805058
31405197 26.11660532 44.43788847
272634475 26.1105587 44.44963177
256206804 26.11683356 44.43634427
129574492 26.10511532 44.45283248
257605731 26.1107897 44.44129924
125211096 26.12629463 44.44746262
21493526 26.10898801 44.44478393
129557400 26.11115239 44.44484897
21493529 26.1094341 44.44585446
257554835 26.11144877 44.44225653
256195440 26.10795679 44.44756052
318802961 26.11870004 44.4426737
492965901 26.11908938 44.44154114
492965904 26.11903582 44.44141088
257676130 26.11098911 44.4395159
1015114898 26.11033339 44.43987498
256200637 26.11129027 44.44654212
256200636 26.11232477 44.44587198
256193917 26.10441787 44.44995154
256193916 26.10479346 44.44928786
1020744933 26.1110617 44.44547057
256689545 26.12852372 44.45240576
258035141 26.12422841 44.44950126
258035140 26.12421676 44.44937729
258035142 26.12431173 44.44961693
256028170 26.1055713 44.44085114
256028171 26.10453546 44.44092004
256689543 26.12926183 44.45077598
256198931 26.11911562 44.44614473
256198933 26.1180481 44.44662309
509167706 26.11672468 44.437937
257720600 26.10867629 44.43634679
257554849 26.11157232 44.44226508
125219750 26.12232429 44.45124562
1141965389 26.12269611 44.44914411
257554841 26.11130343 44.4419951
257676974 26.10880294 44.44006928
257554843 26.11131802 44.44262232
257554842 26.11143151 44.44265694
257554845 26.1112 44.44246491
257554844 26.11122649 44.44254336
257554847 26.11131877 44.44229283
257554846 26.11126093 44.44233214
256201652 26.123999 44.44636962
256200702 26.11364106 44.44893741
129570849 26.10932237 44.44624263
257677080 26.11034278 44.44071979
256686296 26.12926183 44.44681729
256196831 26.10794824 44.44923212
1014910003 26.11659141 44.45083658
318803426 26.12816338 44.44788272
1005917731 26.10427361 44.43932354
999787033 26.12495252 44.44356101
1141965383 26.12160454 44.44899039
1008841003 26.1199005 44.44574919
257605027 26.11202888 44.44006894
492965874 26.12008624 44.44136202
1008817944 26.12282947 44.44801633
1008817947 26.12267927 44.44780192
256203503 26.12073031 44.44067696
125214623 26.12616589 44.44691729
1008773716 26.12305478 44.44673716
257553042 26.10495607 44.44277303
256199353 26.12107363 44.44878997
256199351 26.1221036 44.44935383
257605136 26.1110627 44.440323
248728876 26.11003248 44.43605208
125211106 26.12583111 44.4486023
256198117 26.11467916 44.45215992
256206154 26.12537229 44.43849834
256198507 26.12011231 44.44845302
248730518 26.12305754 44.44019358
248730517 26.12552023 44.44210591
256198508 26.12009513 44.44850818
248730515 26.12139164 44.43908666
248730512 26.12579717 44.43670738
248730511 26.12538469 44.43744482
509167802 26.11653944 44.43843271
257554026 26.1079495 44.44551106
256201937 26.12745938 44.44435368
257586409 26.11461973 44.44457941
1005898306 26.11272701 44.44066867
492964804 26.11940169 44.4422971
248737257 26.12547388 44.43728632
513275646 26.11625546 44.44449903
1005898309 26.11327972 44.44102121
256027599 26.10680411 44.4364555
257585613 26.11362773 44.44351549
129553800 26.10933427 44.43843782
256689548 26.12880694 44.44825161
1191290499 26.12753239 44.44635453
256195402 26.10597598 44.4473011
256689544 26.12824904 44.45207493
256196690 26.11048167 44.45023409
256027539 26.10666463 44.43616809
129553809 26.1096755 44.43778931
256196695 26.11135062 44.4480802
256689541 26.12811166 44.45032872
998463835 26.12538067 44.4474575
510600905 26.12508001 44.44949297
998463839 26.12498119 44.4477103
257586408 26.1138786 44.44412603
293649768 26.12396321 44.45030173
256198659 26.11965977 44.4465712
257676407 26.11047698 44.43911726
21458613 26.12775551 44.44308567
920703594 26.12041364 44.44222762
256196998 26.10883639 44.45061681
21458616 26.12138259 44.44322012
21458615 26.1220606 44.44318332
509167891 26.11607701 44.43816549
256196995 26.10613012 44.45225916
21458618 26.12124906 44.44241797
1014973689 26.11560737 44.44564223
257604163 26.11410567 44.44028964
256200753 26.11290144 44.44776554
256200754 26.1127297 44.44766747
256200755 26.11212033 44.44763679
256200691 26.11202821 44.44539371
256200690 26.11239048 44.44571214
21458614 26.12215414 44.4407011
256028031 26.10808118 44.43915154
257585532 26.1138874 44.44431303
257585530 26.11361097 44.44370417
494791577 26.11172387 44.44234949
31405199 26.11686281 44.43819952
248729685 26.1175793 44.43685213
258035749 26.1222077 44.45108779
256196997 26.10831964 44.45112693
248728473 26.11215788 44.43680989
256201614 26.12152851 44.44420667
256201615 26.12129684 44.44423123
248728479 26.1137538 44.43770617
256201611 26.12629212 44.44528517
257677046 26.11023952 44.44064771
258037163 26.10923511 44.45279577
257676101 26.10986493 44.43785302
257676102 26.10995872 44.43802828
257554606 26.1091606 44.44501569
257554605 26.10942052 44.44478728
256206741 26.11668763 44.43741062
509167614 26.11615513 44.4379857
999802082 26.12468036 44.44294368
154290181 26.12042831 44.44217657
257587092 26.11594709 44.44152789
492968106 26.11782883 44.44102917
973006735 26.11934687 44.44191648
492968109 26.11844037 44.44172722
248728508 26.1141661 44.43675683
249676319 26.1253919 44.4376868
272633170 26.12028959 44.43857428
257587096 26.11721737 44.4427535
1191290532 26.12895849 44.44481637
973006727 26.11900581 44.44211463
256197048 26.10594874 44.4520279
1014952757 26.1167489 44.44770628
256206738 26.11406116 44.43655256
248730492 26.12298051 44.43644511
248730493 26.12238992 44.43907543
257585534 26.11414171 44.44488107
248730496 26.1255121 44.43668458
256199547 26.12097062 44.45007676
248730498 26.12652706 44.4365933
256205080 26.12931773 44.43818092
256028030 26.10726553 44.4396371
256198392 26.11573821 44.44668033
256198394 26.12053291 44.44952532
1390590368 26.11068619 44.43918222
1390590367 26.10530174 44.43658198
256201971 26.12658389 44.44401673
1390590362 26.10541397 44.43654888
154301522 26.11769027 44.4447074
272633820 26.11547938 44.44964627
154301521 26.117398 44.44489239
125202289 26.12596841 44.44746874
999787067 26.12464608 44.44410449
256203426 26.12399179 44.44127761
256195308 26.10622769 44.45042864
256203429 26.12438666 44.44151038
256203428 26.12434366 44.44142463
257554851 26.11176117 44.4424147
256206363 26.11978608 44.43703679
256206362 26.1208075 44.43757608
256206361 26.121065 44.43777833
256206360 26.12254993 44.43817673
125222137 26.12247533 44.45102216
256206365 26.1177176 44.43652809
257587710 26.11853056 44.44328047
365946685 26.10547717 44.43703846
154266748 26.12022228 44.43843849
256206206 26.12137404 44.43663228
256206207 26.12283307 44.43702447
256206208 26.12380303 44.43728808
31405200 26.1167743 44.43833682
31405203 26.11609344 44.43807338
31405202 26.11610618 44.43826138
257554078 26.10663387 44.44333201
257554075 26.10709932 44.4447245
676817338 26.1281897 44.43928112
1390043722 26.10953108 44.43800909
21493535 26.1194006 44.44351281
21493534 26.11805438 44.4441257
256199164 26.12270441 44.44889416
256199165 26.1220435 44.44790158
256199160 26.12333951 44.44979488
256199161 26.1231593 44.44949473
255924482 26.12423017 44.45051346
256199163 26.12320029 44.44898167
998463909 26.12427309 44.44811624
257553923 26.10791639 44.4461371
245958405 26.10421553 44.43802401
245958406 26.10442214 44.43747969
245958408 26.10577951 44.43686781
245958409 26.10597288 44.43619667
31990773 26.12608391 44.4478937
318802919 26.11792689 44.44181606
318802918 26.11759698 44.44145019
256027108 26.10611713 44.43841301
256027109 26.1056557 44.43851971
256200145 26.11424439 44.44500161
256200147 26.11503489 44.44643717
256200149 26.11623861 44.44816577
1005974682 26.10729646 44.4478709
257554124 26.10680688 44.44521409
432811971 26.12021046 44.44313739
676804639 26.12892521 44.43955748
21562712 26.1240922 44.43686714
21562713 26.12041657 44.43888776
509167734 26.11686767 44.43814672
256198820 26.11937411 44.44431697
256203610 26.11922819 44.43950651
257587718 26.11820442 44.44288828
257676104 26.11064713 44.43853882
257554852 26.1117589 44.44250782
257554853 26.11169621 44.44259223
1191290477 26.12754161 44.44718937
257676107 26.1117641 44.43859389
257554854 26.11160208 44.44264202
129570850 26.10952571 44.44601364
129570851 26.10978253 44.44578179
256200714 26.11431061 44.44865561
256196829 26.10913864 44.44979027
256200716 26.11338374 44.44846207
256200717 26.11170333 44.44811129
255931118 26.12528947 44.45339767
318803418 26.12697969 44.44947511
257604456 26.1117289 44.43727961
21763432 26.11432469 44.43769451
1005917707 26.10508347 44.43933292
256198298 26.11808908 44.44783729
1191290492 26.12812633 44.44589461
256197698 26.11865897 44.45132257
256692740 26.12783389 44.4460506
1008817952 26.12251842 44.44788607
256203469 26.12426646 44.44166972
256203468 26.12374293 44.44153493
1008840978 26.12025178 44.44600693
154292898 26.12019001 44.44301602
129565261 26.10858443 44.44040656
1008773705 26.12259352 44.4463236
154292896 26.12034248 44.44247077
1342453880 26.11022082 44.4511183
256198129 26.11548734 44.44998222
256688575 26.12566549 44.44876022
256198122 26.11493229 44.44970486
398008058 26.10580993 44.43776107
256691693 26.12591443 44.44896851
248730501 26.12727967 44.43619424
256198043 26.11426384 44.44935483
256691697 26.12794863 44.44995498
256691696 26.12776842 44.45020006
256691695 26.12782852 44.45022462
256691694 26.12600889 44.44882761
256193913 26.10579518 44.44802487
1390254314 26.10597774 44.43638216
256027813 26.10689882 44.43661526
254499655 26.12771486 44.45351586
256027811 26.10644344 44.43785872
256204063 26.11927973 44.43958623
256204347 26.12246326 44.4393968
494789929 26.12060047 44.44040606
583425 26.11901931 44.45112308
583423 26.11957193 44.4515301
256687300 26.12651533 44.44698937
1005898312 26.11395228 44.44153141
256692739 26.12871248 44.44515223
256692738 26.12794863 44.44477722
256195337 26.10642231 44.45007056
1008851048 26.11887883 44.44424866
1390043748 26.10846012 44.44071569
583429 26.12283911 44.44717436
1191290489 26.12726157 44.44748491
256027520 26.10681559 44.43621863
256027521 26.1072258 44.43640026
1191290485 26.12865841 44.44481989
256196685 26.11050899 44.44851329
256196681 26.11178539 44.45048337
256196682 26.11083756 44.45028061
256196683 26.1105649 44.45003368
256683939 26.12933047 44.44671981
256026459 26.10858501 44.43665994
972212853 26.10976778 44.43684207
256684059 26.12587151 44.44876634
473243031 26.12925839 44.44255434
473243030 26.12840008 44.4411694
257553419 26.10657629 44.44516204
473243032 26.12890652 44.4430078
257605091 26.11158917 44.44191899
256196965 26.11172948 44.45103909
256196967 26.1100785 44.4510468
256196969 26.10992452 44.45067297
256196968 26.11004497 44.45073709
788756394 26.11189268 44.4411611
256026549 26.10824378 44.43778621
257554503 26.10724441 44.44217498
257585526 26.11242694 44.4418283
257585527 26.11283849 44.44252752
257585528 26.1133347 44.44342732
257585529 26.1132995 44.44360979
965236343 26.12779751 44.44028444
256026467 26.10792418 44.43850471
256199159 26.12287599 44.45018699
1008775464 26.12269184 44.44533521
123364603 26.12597243 44.4475202
493892491 26.11279994 44.44883004
493892490 26.1130125 44.44885653
256683201 26.12928253 44.44375622
256683200 26.12903359 44.44365204
973009471 26.11898218 44.44131902
248728469 26.10974976 44.43665331
257554619 26.10868928 44.44375354
920703582 26.12126851 44.44237757
1008738001 26.12324152 44.44687831
256204233 26.11959372 44.44030782
256204230 26.11844573 44.44039977
272634611 26.10932078 44.44973738
129557396 26.1107607 44.44559672
129557397 26.11174474 44.44543252
256198255 26.11328449 44.44678528
256198254 26.11528106 44.44831422
258035129 26.1246667 44.44973252
256197701 26.11641287 44.4503734
129557398 26.11114837 44.44482869
256198509 26.11964879 44.44884521
256026677 26.10874678 44.43853639
1008817904 26.12229722 44.44828262
257585805 26.11496004 44.44330729
998464240 26.12570438 44.44562128
256199694 26.12034398 44.45056694
973006738 26.11933623 44.44198538
258037092 26.11392152 44.45264867
1191290504 26.12709393 44.44683062
258037099 26.11156972 44.45277741
249676307 26.12486971 44.43721188
248728510 26.11419301 44.43768127
256203622 26.11732977 44.44115381
256197366 26.11418546 44.45003838
256197367 26.1137507 44.44999563
1191290530 26.12862421 44.44486733
1008773706 26.12296903 44.44672962
256197368 26.11185228 44.44981793
256206576 26.12067884 44.4372268
256199576 26.12152851 44.45064036
31404976 26.12250434 44.43628493
256206575 26.12089333 44.43739838
248737232 26.1288232 44.43629423
513275665 26.11693909 44.4446245
256688572 26.12606036 44.44909717
248737238 26.12749911 44.43609516
154301513 26.11612629 44.44604859
154301510 26.11515609 44.44637699
272633817 26.11619913 44.44902609
258036319 26.11954586 44.44363737
993069103 26.11826712 44.4421935
257555123 26.10469128 44.4423624
256201008 26.1162516 44.44573351
249676306 26.12521303 44.43675842
256201003 26.11587182 44.44600827
256201007 26.11626149 44.44548323
256201006 26.11668763 44.44529128
256201005 26.11632453 44.44503287
256201004 26.11521518 44.44551978
256204080 26.1167391 44.4397578
256204081 26.11699659 44.43897343
256687673 26.12802591 44.44995498
256687674 26.12697868 44.4513519
256687675 26.12634358 44.45159699
1342453879 26.10857328 44.45098452
999802114 26.1249894 44.44289431
1014973671 26.11534527 44.44573477
256691692 26.12603463 44.44925039
781520837 26.10492656 44.44280924
256028384 26.10683906 44.43991421
257721022 26.10689723 44.43623799
999802119 26.12550439 44.44305508
258036323 26.12029688 44.44325976
1390043716 26.11096547 44.43944181
1014952766 26.11541543 44.44842042
256199477 26.12152851 44.45048731
513275671 26.1175917 44.44428588
965236351 26.12739434 44.44021571
129553797 26.10915473 44.43914391
129553790 26.10867294 44.44001169
707299202 26.11644816 44.44885628
271130652 26.11279097 44.44905174
998463859 26.12497046 44.44806259
509167868 26.11621933 44.43837152
258036849 26.11979748 44.45186714
998463918 26.12409078 44.44793997
256202051 26.12573422 44.44773612
256202501 26.12613764 44.44581834
257676018 26.11262031 44.43839432
256202505 26.12502184 44.44717244
256684062 26.12655816 44.44715483
31990760 26.1259037 44.44777107
256204352 26.12210821 44.43923276
256684064 26.12864391 44.44820869
256684065 26.12771687 44.44947712
1008738045 26.12346247 44.44702827
257554712 26.1101795 44.44202712
256199689 26.12096198 44.45104479
256196725 26.11041897 44.4478533
1390254323 26.10689304 44.43638761
1390254321 26.10600313 44.43627579
256196728 26.11165463 44.4479569
1390254326 26.10690402 44.43631896
1390254325 26.10926906 44.43738003
1390254324 26.10687184 44.43657511
256199478 26.1226615 44.4499787
257586314 26.11404188 44.44149847
257586315 26.115026 44.44318508
257554579 26.11262316 44.44529824
256205119 26.12868163 44.44040229
256199575 26.12115083 44.45078747
1014910005 26.11673407 44.4505091
256198819 26.11853299 44.44540159
1014952760 26.11603979 44.44798338
1191290467 26.12883066 44.44484637
257587708 26.11754351 44.44231227
257587709 26.1177409 44.44233683
257587706 26.11711779 44.44177038
257587707 26.11741811 44.44214539
257587705 26.11681403 44.44139311
257554863 26.11089959 44.44425411
257554861 26.11116647 44.44376779
256196832 26.10738363 44.44844078
256201773 26.12659253 44.44538927
257586266 26.11607014 44.44340863
125211256 26.12625784 44.44735089
256196830 26.10888123 44.44967393
965236419 26.12770388 44.44097318
154285148 26.12067918 44.44005964
256027000 26.10839751 44.4399122
257586031 26.11657431 44.4439283
1141965388 26.12178148 44.44860658
256028603 26.10459414 44.4388544
154284164 26.12081664 44.44005402
965246831 26.12894759 44.43943502
256204615 26.12640008 44.44080311
256204617 26.12425138 44.44020489
1008782496 26.12079426 44.44443784
1141965384 26.12163647 44.44872602
1141965385 26.12180403 44.4488582
1141965386 26.12220544 44.44903657
1141965387 26.12217007 44.44942834
256203470 26.1240777 44.44131432
256026552 26.10729554 44.43642181
256196847 26.1062825 44.4503278
492965899 26.11861203 44.44167206
129565278 26.11058971 44.44378103
494789928 26.12050399 44.44017992
256688571 26.127983 44.44988759
271132657 26.11294771 44.44924159
256202275 26.12448967 44.44269918
129552279 26.11021261 44.43702413
256202276 26.12304773 44.44225192
256026635 26.10938523 44.43793013
256026634 26.10996652 44.43706746
256026633 26.10843296 44.43722848
993077029 26.11101719 44.44555984
998464305 26.12665916 44.44605353
257605868 26.10965823 44.43983802
256198034 26.11384072 44.44907571
256198032 26.11359764 44.45221482
154284163 26.12100884 44.44012393
256199968 26.11638261 44.44918133
256198194 26.11623233 44.45119483
257586924 26.11497714 44.44299213
256204057 26.12046418 44.4389979
965236403 26.12725327 44.44072809
256204350 26.12217677 44.43937182
256204351 26.12210494 44.43931013
256204059 26.11933983 44.4394636
257586886 26.1147525 44.44263472
583436 26.11621179 44.4387596
258036401 26.11994677 44.44405822
583430 26.11545784 44.43907661
258036402 26.12111411 44.44531442
494789931 26.12074757 44.44044369
494789932 26.12092938 44.44040413
494789933 26.12102359 44.44031168
1390254313 26.10963778 44.43750567
1390254311 26.10603331 44.4361328
946442929 26.11781047 44.45023292
1302424374 26.12221206 44.43911743
257605032 26.11088408 44.43716436
257605030 26.1119563 44.43899698
258035128 26.12455807 44.44972531
509167662 26.11638957 44.43787816
1008835177 26.11923003 44.4445028
256028382 26.10798931 44.44011638
256196761 26.1078531 44.44773226
473243026 26.12849371 44.44111567
473243025 26.12771637 44.44160752
258035462 26.1231826 44.45046141
258036318 26.12009269 44.44328608
256196970 26.10918943 44.45062997
154302586 26.11025092 44.44705936
998463851 26.12508848 44.44787107
154285156 26.12084422 44.44043531
256196415 26.10707862 44.4479605
256196414 26.10748204 44.44829134
257604458 26.11384256 44.43997682
256028227 26.10579199 44.44164843
257554571 26.10968832 44.44390592
257554573 26.11245829 44.44424472
257554676 26.10849927 44.44418353
257604457 26.11310537 44.43901366
318803192 26.1119107 44.44923799
1008775478 26.12231449 44.44556529
1008851009 26.11870038 44.44401254
318803191 26.11522608 44.44985171
1337355397 26.11020238 44.44685987
659934 26.1225755 44.43933469
1008775473 26.12309149 44.44618672
129548924 26.11022183 44.43694819
1008775475 26.12301186 44.44622411
256195334 26.10523066 44.44851228
257554943 26.10496629 44.44275098
256683938 26.12800873 44.4478227
256202552 26.12668691 44.44263179
256202554 26.12622339 44.44320168
256202555 26.12774261 44.44388799
256202556 26.12782852 44.44401061
257676902 26.11028109 44.43908943
