574831 248729685
574831 256206741
574831 256206804
258035131 258035132
258035131 258035129
256196390 129570849
256196390 256196391
256196390 256195440
256196391 257553923
256196391 257553531
256196391 21493529
258035134 258035133
258035134 258035135
256205792 659932
256205792 965246831
256205792 256205080
256206761 256206741
256206761 256206738
256206761 256206760
256206760 31405203
256206760 21763432
258035138 258035139
258035138 258035137
258035139 258035140
258035132 510600905
256028166 129565261
256028166 129565271
256028166 1390043748
258035133 256687675
258035133 510600905
258035133 256688575
258035135 258035137
1191290513 1191290504
1191290513 1191290524
258037080 256198129
258037080 258037092
258037080 258036849
1191290510 256683038
1191290510 256692738
1191290510 1191290499
993098751 256198509
993098751 256198298
993098751 946442929
256690384 256690386
256690384 256690385
256690385 256689544
256194223 256193913
256194223 256195334
1191290519 1191290485
1191290519 1191290525
258035137 256202051
258035137 998463929
258035137 419645903
256205095 473243025
256205096 21458613
256205096 473243025
256205096 473243026
256205096 256205097
256205097 473243031
257553617 257553618
255931470 998469521
256196727 256196728
256196727 256196725
256196556 256200747
256196556 256200637
256196556 154302586
256196556 256196728
256196557 493892491
256196557 318803192
256196557 256200717
257553618 21763335
257553618 257553419
256202909 256202276
256202909 920703582
256202909 256203503
256202909 21458614
256202907 999787033
256202907 256201971
256202907 999802082
257604856 257604458
257604856 257604855
257604856 583430
257604854 257604855
257604854 257604163
257604854 257587954
256026114 256028603
256026114 1005917707
256026114 256027427
256026114 256027110
256026111 256028030
256026111 256027241
256026111 256026113
256026113 256027427
257586071 1015079736
257586071 257586031
257586071 513275646
256202503 256202501
256202503 125214623
256202503 256202505
256201012 256201003
256201012 154301513
256201012 256201008
256027241 256027108
256027241 256026467
257605671 257605672
257605672 257676006
257605672 257676018
256198660 256198659
256198660 256198661
256198661 256198662
256198662 256199165
256198662 583429
31405201 509167868
31405201 583436
31405201 509167802
256197047 129574492
256197047 256197017
256197047 256197048
1008781448 256201615
1008781448 1008775464
1008781448 1008781435
31405267 256206519
31405267 31405199
31405267 21562713
257587093 257587092
257587093 257587706
257587093 257586886
248730520 154284163
248730520 248730518
256197049 256196995
256197049 256197048
257587097 257587707
257587097 257587096
257587097 257586924
256200015 256198392
256200015 256200147
256200015 1014952760
707299148 256199968
707299148 256198298
707299148 707299202
998463929 583429
998463929 998463918
1008775486 1008775473
979631193 249676319
256204181 256204138
256689551 256691694
256689551 256689550
256689551 256689541
256689550 256689548
154290883 154290175
154290883 492968106
154290883 154290884
154290883 492965874
154290884 256203503
154290884 154285153
398004494 256027813
398004494 256027811
398004494 398008058
257587953 788756402
257587953 1005898312
256690386 256689541
1008840996 1008841003
1008840996 256198820
257587954 282447761
257587954 257586314
1008781439 1008781435
257553530 257554606
257553530 257553531
257553530 21493529
257553531 257554026
257553532 257554124
257553532 257553923
257553532 257554026
257676005 257676006
257676005 257676107
257676005 257605032
257676006 257604456
1008781435 1008782496
256196734 256196728
256196734 256196695
21458604 256205119
21458608 248730516
21458608 256204617
21458608 659934
257676796 129553797
257676796 257676792
257676796 257676902
256199695 256199694
256199695 256199547
256199692 256199693
256199692 256199691
256199693 256199694
257676792 257605868
256199691 256199689
256028121 256028384
256028121 256028120
256028121 256028029
248730519 256204617
248730519 256203470
248730519 248730518
256200747 256198255
256200747 256200755
256200746 256200716
256200746 256200717
256200746 256200755
21763335 256195402
21763335 1005974663
256198506 256198659
256198506 256198298
256198506 256198507
256198506 256198933
419645903 581974648
419645903 258035140
282447761 256204138
282447761 256203622
282447761 583430
248730516 256204615
248730516 965236351
494791585 257554845
494791585 257554846
1008835211 256198820
1008835211 1008851048
256028029 256028170
256028029 257677104
1008835192 1008835177
1008835192 1008835196
1008835196 1008851048
257676176 1390590368
257676176 1015114898
257676176 257676407
509167772 31405200
509167772 31405199
257676178 257605136
257676178 257676130
257676178 1015114898
256027427 256027109
245958120 257677103
245958120 256028227
245958120 256026248
245958120 257554943
256028383 256028384
256028383 256028382
154285159 154284163
154285159 494789933
659932 248737266
659932 256206154
659933 248730493
659933 256206154
659933 659934
659933 256206359
129548921 129548920
129548921 129548924
129548920 248728473
129548920 248728876
154297108 1008851009
154297108 21493534
154297108 154301522
154285151 154285148
154285151 494789928
154285152 494789928
154285152 154285153
154285153 494789929
492968117 492968119
492968117 973006727
492968114 492965899
492968114 993069103
492968114 973006727
154290175 256204233
1015079736 256200145
1015079736 257586409
1141965392 1141965388
1141965392 1141965385
1141965392 1141965386
1141965391 1141965389
1141965391 1141965386
1141965390 1141965389
1141965390 256199162
1141965390 256199163
256683038 125211256
256683038 256687300
1008817939 1008817944
1008817939 1008817952
1008817939 1008817904
382923317 272633085
382923317 256206361
382923317 256206360
1191290522 256692739
1191290522 1191290530
1191290522 256692738
129565271 257554503
129565271 257554841
129565271 129565278
129565271 257554712
129565271 257554619
1191290524 1191290477
1191290525 1191290532
256203395 256203396
256203395 256203468
256203394 256203468
256203394 256203393
257553648 257554676
257553648 257553647
257553648 257554075
256203396 256203426
256203396 256203391
256203396 21458614
256203391 248730517
256203391 256203469
256203391 256203429
256203393 256203469
272633085 248730515
272633085 21562713
257553647 257554078
257553647 257554503
256206518 248729685
256206518 256206519
256206518 256206741
256206519 272633170
256026629 129553800
256026629 256026677
256026629 1390043722
257554860 257554842
257554860 257554861
257554860 257585527
492964801 492964804
1008775461 256201652
1008775461 1008775473
1008775461 1008775464
257604734 1005898306
257604734 257605091
257604734 257605022
257604734 788756394
257604734 257605136
258035648 258036402
258035648 258036401
258035648 1008782496
248737266 248737257
248737266 248737232
257677103 257554503
257677103 257677104
1005974663 257553923
1005974663 1005974682
256026248 256028171
256026248 257555123
257677104 1390043748
257605022 257605025
257605025 1005898306
257605025 257605027
256027110 256027109
256027110 398008058
129553787 129565261
129553787 129553790
788756402 257585526
493892492 256200690
493892492 257554579
493892492 256198255
256199162 256199161
257586267 21493534
257586267 257586031
257586267 513275646
256197016 256196997
256197016 256197017
256197017 256195308
256206359 256206208
256206359 256206360
256204138 256204080
998469521 255924482
31405198 509167734
31405198 509167706
31405197 256206741
31405197 509167662
31405197 509167706
272634475 318803192
272634475 256196685
272634475 256196683
256206804 256206365
129574492 258037163
257605731 257554841
257605731 257677080
257605731 257554712
125211096 125211106
125211096 125211256
21493526 257554676
21493526 257554026
21493526 257554606
129557400 257554863
129557400 129557398
21493529 129570850
21493529 129570851
257554835 257554849
257554835 257554841
257554835 257554847
256195440 154302586
256195440 1005974682
256195440 256196761
318802961 21493535
318802961 993069103
318802961 257587718
492965901 492965899
492965901 973006735
492965901 492965904
492965904 973009471
492965904 492965874
257676130 1390043716
257676130 257605030
1015114898 257605868
256200637 256200636
256200637 993077029
256200636 256200690
256193917 256195308
256193917 256193916
256193916 256195334
1020744933 129557396
1020744933 129557398
256689545 256689544
258035141 258035140
258035141 258035142
258035140 258035462
258035140 583429
258035142 258035128
256028170 256028171
256028170 256028227
256028171 1005917707
256689543 256689544
256689543 256689541
256198931 256198819
256198931 256198659
256198931 256198933
256198933 154301513
257720600 256026459
257554849 494791577
125219750 31990773
125219750 293649768
1141965389 1141965387
257554841 257605091
257676974 257605868
257676974 257677046
257676974 129553790
257554843 257554842
257554843 257554844
257554842 257554854
257554845 257554844
257554847 257554846
256201652 1008738001
256201652 256202505
256201652 998464240
256200702 256200714
256200702 493892490
256200702 256198034
129570849 129570850
257677080 257605136
257677080 257677046
256686296 256683939
256686296 256683938
256196831 256196832
256196831 256196830
1014910003 1014910005
318803426 256683938
318803426 318803418
1005917731 256028603
1005917731 1005917707
999787033 21458615
999787033 999787067
1141965383 256199353
1141965383 256199351
1141965383 1141965385
1008841003 1008840978
257605027 257604457
257605027 257605030
492965874 154290181
1008817944 1008817947
1008817947 1008817952
256203503 154290181
256203503 154285156
125214623 125202289
125214623 998464305
1008773716 1008738001
1008773716 1008773706
257553042 257554078
257553042 257554943
257553042 781520837
256199353 256199165
256199353 256198394
256199351 256199547
256199351 1141965387
125211106 256688575
256198117 256198122
256206154 249676319
256198507 256198508
248730518 21458614
248730517 256204615
248730517 256202552
256198508 256198509
248730515 256204352
248730515 154284163
248730512 248737257
248730512 248730496
248730512 248730498
248730511 249676307
248730511 248737257
248730511 249676319
509167802 31405200
256201937 256201971
256201937 256202556
257586409 257585534
257586409 257585805
257586409 257586408
1005898306 257604458
1005898306 1005898309
492964804 154292896
513275646 513275665
1005898309 257604163
1005898309 257585526
1005898309 1005898312
256027599 1390254323
256027599 1390254321
256027599 1390254324
256027599 256027521
257585613 257585528
257585613 257585805
257585613 257585530
129553800 129553797
129553800 257676902
1191290499 1191290504
1191290499 256692740
256195402 256193913
256196690 256196682
256196690 256196683
256027539 1390254311
256027539 256027520
129553809 257676101
129553809 129552279
129553809 1390043722
256196695 256196685
256689541 256691695
998463835 256202051
998463835 998463839
998463835 256202505
998463839 998463851
257586408 257585530
257586408 257585532
293649768 258035129
293649768 255924482
256198659 1008840978
257676407 257676104
257676407 257676902
21458613 256202552
21458613 256683200
920703594 154290181
920703594 920703582
920703594 154292896
256196998 1342453879
256196998 256196970
21458616 256201614
21458616 21458618
21458616 21458615
21458616 258036323
21458615 256202276
509167891 31405203
509167891 31405202
256196995 256196997
21458618 920703582
1014973689 256201003
1014973689 1014973671
257604163 257604458
256200753 256200716
256200753 256200754
256200754 256200755
256200691 256200690
256200691 129557397
256200691 257554579
21458614 154284163
256028031 256027000
256028031 256028030
256028031 256026467
257585532 257585534
257585530 257585529
494791577 257554851
31405199 509167734
248729685 256206365
258035749 258035462
258035749 125222137
258035749 258036849
256196997 1342453879
248728473 248728479
256201614 256201615
256201614 256201611
256201615 1008782496
248728479 248728510
248728479 257604456
256201611 256201971
256201611 256201773
256201611 998464240
257677046 257605868
258037163 258037099
258037163 256196970
257676101 257676102
257676102 257676104
257554606 257554605
257554605 257554571
509167614 31405203
509167614 509167662
999802082 999802114
999802082 256202275
492968106 492968109
492968106 256203622
973006735 973006738
492968109 492965899
248728508 248728510
248728508 256206738
272633170 154266748
272633170 21562713
1191290532 1191290485
973006727 973006738
1014952757 1014952760
248730492 31404976
248730492 21562712
248730492 256206207
248730493 256206360
248730493 1302424374
257585534 256200145
248730496 249676306
256199547 256199477
248730498 248730501
256028030 256027000
256028030 256028384
256198392 154301513
256198392 154301510
256198392 256198298
256198394 256198509
256198394 583425
1390590368 1390043716
1390590367 365946685
1390590367 1390590362
154301522 256198819
154301522 154301521
272633820 256198129
272633820 318803191
272633820 272633817
154301521 154301513
154301521 513275665
125202289 256202051
125202289 123364603
256203426 256203470
256195308 256196847
256203429 256203428
256203428 256203470
257554851 257554852
256206363 256206362
256206363 154266748
256206363 256206365
256206362 256206361
256206362 256206575
256206362 154266748
256206360 256206207
125222137 31990760
257587710 257587718
365946685 245958408
365946685 398008058
365946685 245958406
256206206 256206575
256206206 256206207
256206207 256206208
256206208 21562712
31405200 256204059
31405202 509167868
257554078 257554075
257554075 257554124
676817338 965246831
1390043722 256026635
21493535 258036319
21493535 21493534
21493535 154292898
256199164 1008817904
256199164 256199163
256199165 1008817904
256199160 256199159
256199160 256199161
255924482 255931118
998463909 998463918
998463909 998463859
245958405 245958406
245958408 1390254314
245958409 1390254321
245958409 1390254311
31990773 125211256
318802919 257587707
318802919 993069103
318802919 318802918
318802918 257587706
318802918 256203622
256027108 256027109
256027108 256027811
256200145 257554579
256200145 256200147
256200147 256198255
256200147 154301510
256200149 1014952766
256200149 707299202
256200149 1014952760
1005974682 256196415
257554124 257553419
432811971 154292898
432811971 258036323
432811971 258036318
676804639 256205119
676804639 965246831
21562712 249676307
21562713 256204057
256198820 1008835177
256198820 258036401
256203610 256204081
256203610 256204059
257587718 257587709
257676104 257676107
257554852 257554853
257554853 257554854
1191290477 1191290489
257676107 257605030
129570850 1337355397
129570850 129570851
129570851 129557396
256200714 256200716
256200714 256198254
256196829 272634611
256196829 256196970
256196829 256196830
256200717 256196728
318803418 256688571
318803418 256688572
257604456 257605032
21763432 248728510
21763432 257604457
21763432 583430
1191290492 256692739
256197698 1014910005
256692740 256683939
256203469 256202275
256203468 256202276
1008840978 258036402
154292898 154292896
1008773705 1008773706
1342453880 256196965
1342453880 256196967
256198129 318803191
256198129 256197701
256688575 256691693
256198122 256198043
256198122 318803191
256691693 256691692
256691693 256688572
256691693 256691694
248730501 248737238
256198043 256197366
256198043 256198034
256691697 256691692
256691697 256691696
256691696 256691695
256691695 256687673
256691695 256687674
256691694 256684059
256691694 256684065
256193913 256196415
256193913 256195334
1390254314 1390254321
1390254314 1390254324
256027813 1390254324
256027813 256026467
254499655 256687675
256204063 256204059
256204063 256204233
256204347 256204350
256204347 659934
494789929 494789931
583425 583423
583425 946442929
583423 258036849
256687300 1191290489
1005898312 257586314
256692738 256683201
256195337 256196847
256195337 256196832
256195337 256195334
1008851048 1008851009
1390043748 256027000
583429 258036402
583429 1008738001
1191290489 256683938
256027520 1390254326
256027520 257721022
256027521 256026552
256027521 257721022
1191290485 1191290530
256196685 272634611
256196685 256196761
256196685 256196725
256196681 256197368
256196681 256196965
256196681 256196682
256196682 256196683
256196683 272634611
256026459 256026633
256026459 256026552
256026459 972212853
972212853 129548924
972212853 248728469
256684059 256684062
473243031 473243032
473243030 473243025
257605091 257585526
256196965 258037099
256196967 256196968
256196969 256196968
256196969 256196970
788756394 257585526
256026549 256026633
256026549 256026552
256026549 256026677
256026549 256026467
257585526 257585527
257585527 257585528
257585528 257585529
257585529 257554573
965236343 965236351
965236343 965236419
965236343 256205119
256026467 256026677
256199159 258035462
256199159 256199478
1008775464 1008775478
123364603 31990760
493892491 493892490
493892491 271130652
493892490 271132657
256683201 256683200
256683200 998464305
257554619 257554571
257554619 257554676
1008738001 1008738045
256204233 256204230
129557396 993077029
129557397 993077029
129557397 129557398
256198255 256198254
256198254 1014952766
258035129 258035128
256197701 1014910005
256197701 256198194
256026677 129553797
257585805 257586315
998464240 256202501
258037092 258037099
258037092 256197366
249676307 249676306
256197366 256197367
256197367 256198034
256197367 256197368
256197367 256198032
1191290530 1191290467
256197368 318803192
256206576 256206575
256199576 256199477
256199576 256199575
248737232 248737238
513275665 513275671
154301513 154301510
272633817 1014952766
272633817 256199968
272633817 707299202
258036319 258036318
258036319 258036401
258036319 1008851009
257555123 257554943
256201008 256201007
256201007 256201006
256201006 256201005
256201005 256201004
256201004 1014973671
256204080 256204081
256204081 583436
256687673 256688571
256687674 256687675
999802114 999802119
258036323 258036318
256199477 256199478
965236351 965236403
129553797 129553790
129553790 256027000
998463859 998463851
998463918 1008738045
256202501 998464305
257676018 257604457
257676018 257605030
256684062 256684064
256204352 256204351
256204352 1302424374
256204352 659934
256684064 256684065
256196725 154302586
1390254323 1390254326
1390254325 1390254313
256199478 1141965387
257586314 257586886
257586315 257586266
257586315 257586924
257554579 257554573
256205119 473243026
256198819 1008835177
257587708 257587707
257587708 257587709
257587706 257587705
257587706 257587707
257554863 129565278
257554863 257554861
257554861 129565278
257554861 257554573
256196832 256196414
257586266 257586031
256196830 256196847
154285148 256204059
154285148 154284164
1141965388 1141965384
154284164 154284163
256204615 256204617
1141965384 1141965385
129565278 257554571
256202275 256202276
129552279 129548924
256026635 1390254313
256026635 256026633
256026634 1390254313
154284163 256204057
256199968 946442929
257586924 257586886
256204057 256204059
256204350 256204351
583436 583430
494789931 154285156
494789932 154285156
494789932 494789933
257605032 129548924
257605030 257604457
256196761 256196414
473243026 473243025
154302586 1337355397
256196415 256196414
257604458 257604457
1008775478 1008775475
1008775473 1008775475
256202552 256202554
256202554 256202555
256202555 256202556
