78080610 19.06709517 47.49620002
276491158 19.0465834 47.49736611
1382906626 19.05273521 47.49540776
260694037 19.0506456 47.49761028
260694036 19.05039482 47.49886496
260694035 19.04974069 47.49880193
419032433 19.0611343 47.50085072
276491152 19.0466523 47.49722848
1382906629 19.04730382 47.49862943
276491156 19.04663059 47.49724332
260488497 19.04755008 47.50845244
1252311009 19.05620038 47.49694651
84700678 19.05344893 47.49912547
84700676 19.05430472 47.49919253
260692411 19.05077326 47.49691156
65156237 19.06574619 47.50338348
826166170 19.0657741 47.50317552
1252311007 19.05608227 47.49703293
715294483 19.0522064 47.50611523
78110555 19.06084571 47.5087422
272436600 19.05319404 47.4958044
262686722 19.058436 47.49820439
171514790 19.04669681 47.49893328
262686721 19.05797801 47.49799509
171511153 19.04705429 47.49831846
78110557 19.0587551 47.50758558
49405170 19.04690828 47.49937081
49405175 19.04700618 47.49925514
49405178 19.04721338 47.49879171
699789623 19.04103969 47.49848543
84708751 19.04835843 47.49862331
260099082 19.05151104 47.50320402
78104878 19.05749488 47.50857682
697033084 19.05996251 47.49439582
695792851 19.04776483 47.50849267
697033083 19.05989587 47.49437788
49405192 19.04811871 47.4987824
260538699 19.04808166 47.50558272
263780686 19.06047506 47.49586039
260301744 19.05207849 47.50057814
78076523 19.06183603 47.49704827
78076522 19.06082744 47.49784187
251279202 19.051188 47.49617094
262143838 19.05470781 47.50349312
262143839 19.05467051 47.50261452
87812428 19.06624449 47.51165131
260230281 19.05136603 47.50389444
262143830 19.0461488 47.50575497
262076003 19.05392653 47.49632324
262143832 19.04588661 47.51012203
87812426 19.06655957 47.50388589
262076007 19.05496798 47.49757281
262143836 19.05483052 47.50637532
262143837 19.05475911 47.50469726
171495910 19.05101701 47.50605261
171495912 19.05076236 47.50739782
171495914 19.05087099 47.50835018
421427628 19.06733213 47.50769823
260655997 19.05119948 47.50930462
171495919 19.05172067 47.51093013
275379343 19.05764391 47.50967653
275379342 19.05814154 47.50929339
262771136 19.05081224 47.49536024
260238669 19.05056933 47.50276783
206339349 19.06306457 47.504998
260692303 19.05100158 47.4970243
1252311001 19.05512372 47.49748757
260692301 19.04850696 47.49686739
260692300 19.04949184 47.49718741
272429027 19.05372277 47.49588997
272429026 19.05332589 47.4960447
261678700 19.05028367 47.50435771
260692304 19.05011813 47.49659548
49405226 19.04665523 47.5004732
272429029 19.0534672 47.49560063
49405222 19.04680091 47.50054017
695792770 19.04671608 47.50862141
695792772 19.04674676 47.5086412
275476633 19.06005094 47.50366008
260098938 19.04594428 47.51011842
260098939 19.05250178 47.50910966
272073015 19.05549671 47.51012463
272073017 19.05592109 47.51013921
272073016 19.05562437 47.51018229
78288933 19.05609669 47.50106614
260489140 19.04683569 47.50853458
275379338 19.05905123 47.50988247
78288936 19.05836743 47.49913209
78288935 19.05719724 47.50020783
78288934 19.05660338 47.50071368
275379334 19.0594627 47.51043258
78287007 19.0558993 47.5009327
260489149 19.04745109 47.5058921
748596781 19.04804353 47.4989093
275379332 19.05778632 47.51013812
275379333 19.05777332 47.50975247
263737836 19.06041429 47.49580917
272436602 19.05283923 47.49547717
26732182 19.04544799 47.50514837
26732186 19.04801419 47.50580476
750846348 19.05982421 47.49473101
272914313 19.05634287 47.51064279
78044843 19.06045964 47.5103382
78044842 19.05812629 47.50895468
272914317 19.05678417 47.51001952
826166218 19.06638866 47.50274989
750846340 19.0601941 47.49459363
826166214 19.05596543 47.51018741
275407469 19.05811698 47.49704953
750846345 19.06081998 47.49666782
260190333 19.05498098 47.50875511
260190332 19.05510779 47.50991131
263388713 19.05334391 47.4954371
260238797 19.04889328 47.50259801
274980899 19.06426108 47.50602453
921201262 19.05332329 47.49776031
260228325 19.04692924 47.50721879
921201260 19.05209157 47.4975832
921201261 19.05244059 47.49824738
715576754 19.05446616 47.49774279
260228323 19.04681759 47.50666801
262770850 19.05573878 47.4945425
262770851 19.05345572 47.49548203
1269080314 19.05500269 47.49729269
260228329 19.04577044 47.50844799
1269080316 19.05517057 47.49739042
273116239 19.05531634 47.50228872
78079148 19.06151081 47.50112037
275407462 19.06581123 47.49867117
275407463 19.06614349 47.49842181
275407466 19.06539616 47.49806282
78088084 19.05479632 47.49813817
275407468 19.057113 47.49749067
421427633 19.06451154 47.50581197
421427630 19.0663025 47.50700966
748400913 19.05212417 47.50038267
748400916 19.0520427 47.50073153
260495949 19.05253698 47.50330167
251280090 19.04871148 47.49521414
263550911 19.05640699 47.49469187
263550914 19.0559428 47.49458089
26732174 19.04603648 47.50098584
263550902 19.0558962 47.49459807
74972164 19.06497648 47.5040335
260201940 19.05119143 47.50480446
26732173 19.04583909 47.50163518
171502654 19.04613203 47.50536798
681601576 19.05602419 47.51058077
695792856 19.04714968 47.51077079
695792812 19.04763231 47.50842058
274952646 19.0644247 47.5028866
274952647 19.06388683 47.50330251
260097307 19.05171027 47.50225519
681570873 19.04579307 47.51001139
244940973 19.05007496 47.505961
695792692 19.04517851 47.5050778
695792690 19.04509259 47.50496758
35500844 19.06668924 47.49668634
35500843 19.06598021 47.49644276
260097308 19.04783431 47.50185822
35500840 19.06652328 47.49602618
78074774 19.05969613 47.49565453
78091727 19.06339942 47.5023515
681601407 19.05583283 47.51050961
78091729 19.06211942 47.5033663
276491160 19.04655691 47.49736888
251281316 19.0472247 47.50052743
276491164 19.04648927 47.49750223
276491166 19.04648533 47.49758136
276491169 19.046514 47.49758848
78049846 19.0553999 47.49752386
251281319 19.04752879 47.4986721
74973791 19.06603034 47.50465954
260661594 19.04800958 47.49876069
274963763 19.06345994 47.50527821
1387278409 19.05503462 47.50700756
419032440 19.06249602 47.50184473
699789629 19.05997693 47.49451911
1387278400 19.05542932 47.50683196
274963761 19.06374082 47.50548918
78074787 19.06453433 47.49803306
260184948 19.06485813 47.50387659
495400702 19.05853549 47.50110997
260184944 19.06200007 47.50611372
171482657 19.05203692 47.51179807
715294468 19.04809097 47.5056507
262560145 19.06437776 47.4953356
260661574 19.04742276 47.49842307
276245873 19.05452282 47.49914416
262770888 19.05503789 47.49481424
678564897 19.04613748 47.50557409
78057625 19.06071931 47.49548773
263542808 19.0542567 47.4963524
262770883 19.05336947 47.49487308
78057626 19.06280347 47.49546342
260098977 19.0463477 47.5117591
78077549 19.0631255 47.49750751
682349130 19.06251622 47.49495112
78077553 19.06449947 47.49547599
262684390 19.06313833 47.49503569
260230764 19.05065281 47.50320763
262770882 19.05223649 47.49447662
276497617 19.04797228 47.49600422
171509690 19.04679077 47.498094
262770849 19.05596199 47.49439179
421427598 19.06706391 47.50790158
495406165 19.04786784 47.49667737
826166251 19.05679616 47.50980142
421427596 19.06604333 47.50721803
421427594 19.06515602 47.50662384
260538979 19.0472459 47.50574114
256427097 19.04822349 47.50500496
276230859 19.04783037 47.50100302
826166155 19.05675802 47.50976563
748596769 19.04759526 47.49856741
826166158 19.06625162 47.50266976
695792644 19.04690032 47.49889832
48833376 19.0674198 47.50186904
695792640 19.04684123 47.49904258
256427098 19.04850093 47.50361449
260823302 19.05154834 47.49826373
260539058 19.0520831 47.5068437
78281383 19.0549021 47.50198379
78281382 19.0587763 47.50457212
78281381 19.06081738 47.50595983
715351813 19.04755654 47.50599092
695792728 19.04758252 47.50590719
262075960 19.05981448 47.49435583
260238489 19.05259926 47.50295609
262075685 19.05145354 47.5120015
78102898 19.06152121 47.50537997
244941186 19.05247948 47.50473573
244941182 19.05158622 47.50610793
244941181 19.05227044 47.50575086
78077552 19.06420836 47.49590917
262560151 19.06578123 47.49571546
280158944 19.06671891 47.49598042
280158945 19.06721076 47.49495078
280158947 19.0668065 47.49582074
272914285 19.05706706 47.51159137
294514567 19.06013568 47.49429867
280158943 19.06584434 47.49557741
78092819 19.06299307 47.50266666
78092818 19.06211213 47.50213097
49405195 19.04815241 47.49893847
260097052 19.04959854 47.4994962
260097053 19.04786097 47.4993206
260097050 19.04745981 47.50009199
260097051 19.05122463 47.49966049
263550906 19.05630507 47.49484148
275505562 19.05904134 47.49579803
272895495 19.05428553 47.5119233
715351718 19.04575024 47.50554861
695792793 19.04688708 47.50996319
695792791 19.04673033 47.50932114
275407459 19.06366848 47.49895892
275407458 19.06464414 47.4993854
681570993 19.04482479 47.50590224
420816485 19.06312391 47.50548977
78285283 19.05644856 47.50475384
276497611 19.04729963 47.49594337
78080609 19.06512149 47.4983328
78080608 19.06421624 47.49920468
276497614 19.0474873 47.49586667
275407457 19.06365759 47.50039407
260202154 19.05272767 47.5023577
78101041 19.06226301 47.50445938
78101531 19.06250147 47.50461101
1387278444 19.05726572 47.51118091
1387278446 19.05729027 47.51125719
826166203 19.06629847 47.50269717
714247420 19.05506077 47.49758873
260689001 19.0472143 47.49782502
1387278393 19.05502431 47.50670481
260689008 19.04833128 47.49587531
251279396 19.05065767 47.49595192
267346052 19.06622689 47.49471559
681601571 19.05600072 47.51038874
78085940 19.06112013 47.49811227
263780669 19.06012922 47.49603129
78085944 19.05902348 47.49948891
750846339 19.05989034 47.49597103
260198088 19.04712881 47.51077447
715294478 19.05168856 47.50596016
495400926 19.05996771 47.5000023
276495243 19.04691524 47.49713259
715294476 19.0487461 47.50564567
276495245 19.04718379 47.49662339
715294474 19.04877678 47.50575782
276495247 19.04707567 47.49658743
715426926 19.04576792 47.50932709
715426924 19.04669027 47.50850306
697398227 19.05709347 47.49644008
697398226 19.05767148 47.49619072
251281320 19.04729133 47.4988228
49405184 19.04738077 47.49864729
263542807 19.05397288 47.49607278
275451426 19.06060758 47.49563843
260488498 19.04762636 47.50839234
275451424 19.06061328 47.49560482
275451422 19.06067581 47.49560583
275451420 19.06064211 47.49559594
260488492 19.04572509 47.50939423
260488493 19.04667233 47.50929783
260488490 19.0460747 47.51092694
1244340613 19.0617554 47.49716763
262076008 19.0549161 47.49753048
260488494 19.04657477 47.50871722
275451428 19.06063667 47.49565218
714247455 19.05993158 47.49438718
262143845 19.05446641 47.49781907
262143841 19.05461553 47.50132312
262143840 19.05466791 47.50255409
262143842 19.05457621 47.50039927
277187554 19.06522341 47.50657372
277187556 19.06610812 47.5071659
275484238 19.05968951 47.50342598
277187552 19.06535828 47.50647347
275484234 19.06014716 47.5035911
275484237 19.05978682 47.50335683
277187559 19.0662377 47.50706179
260238838 19.04976693 47.50302809
262771101 19.05615939 47.49406121
272871715 19.05496572 47.51167788
260099148 19.05379779 47.50461051
260099149 19.0549643 47.50471159
681571188 19.04561596 47.50888813
272429031 19.05320812 47.4957453
272429032 19.05324508 47.49578227
262143831 19.0461441 47.50570309
695792766 19.04670049 47.50865654
49405238 19.04672857 47.49990943
74959983 19.06617082 47.50711703
74959984 19.06136572 47.51088621
695792761 19.04678783 47.50862301
74973794 19.05953294 47.50978298
78110549 19.06470507 47.51080348
260098940 19.05367759 47.50891998
74973792 19.06438631 47.50591833
260538978 19.04794588 47.50622101
275383341 19.05883062 47.50936472
260192726 19.0552549 47.51067012
262143835 19.05485919 47.50709189
260230027 19.05145219 47.51005841
826166185 19.06226334 47.5060123
260489153 19.04505471 47.50497068
84708496 19.04674743 47.5017361
695792648 19.04688657 47.49916453
260306950 19.05069908 47.49960743
260231386 19.04830546 47.4987332
681571243 19.04559459 47.50876307
826166362 19.06297807 47.50547862
826166360 19.05585932 47.51035286
260184967 19.06087907 47.50687672
275958439 19.04650478 47.51173261
78276299 19.05892047 47.50744988
78276298 19.05675358 47.50593468
826166204 19.05579318 47.51027223
260097010 19.05070051 47.5021495
750846335 19.06064379 47.49457066
826166160 19.06590536 47.50324912
750846337 19.06635899 47.49598159
260097011 19.05493027 47.5025613
826166167 19.0558226 47.51019478
78285802 19.05484133 47.50025301
272871683 19.05615243 47.51129139
715351826 19.04972192 47.50494377
715351823 19.04967138 47.50489683
715351822 19.0496925 47.50492508
921201257 19.05316621 47.49894719
921201256 19.0515739 47.4987829
260495308 19.04499679 47.50368942
260495309 19.04500366 47.50472542
256427107 19.04901717 47.50655779
715197013 19.05517594 47.49725564
256427099 19.04646253 47.50270538
260192347 19.05602989 47.51074841
921201259 19.05370743 47.49780767
921201258 19.05179543 47.49764892
262075959 19.05894469 47.495578
78048802 19.06007918 47.50006291
263707345 19.05778246 47.49501029
26733991 19.05481988 47.49947751
263707346 19.05803132 47.49474593
263707343 19.0564178 47.49466429
276497607 19.04756358 47.4955573
244940460 19.04613363 47.50412897
262767994 19.05922214 47.49407831
262771134 19.05163609 47.49426422
244941469 19.04739837 47.5115985
260098750 19.0534201 47.5069685
276497605 19.04760448 47.4955702
681570868 19.04587982 47.51009118
272429023 19.05320812 47.49600774
260495307 19.04520902 47.50473758
681570947 19.04531027 47.50826476
260224668 19.04709553 47.50096681
272429022 19.05307686 47.49586977
681570949 19.04529678 47.50821766
695792725 19.04759518 47.50583108
251281467 19.05418327 47.49424964
26732169 19.04521011 47.50482751
78274483 19.05599267 47.50644874
695825499 19.04513492 47.50439702
260306257 19.05399426 47.50341617
78274484 19.05825101 47.50796008
715351743 19.04608903 47.50542883
715351746 19.0460198 47.50546001
261678703 19.05067301 47.50448671
260099208 19.04901113 47.50723354
171507014 19.04660762 47.50017723
261678701 19.05046858 47.50435394
495420562 19.05503512 47.5071032
260184924 19.05194782 47.51163722
260184927 19.05670111 47.50979262
78277529 19.05496212 47.50369814
276491172 19.04667979 47.49757524
695792775 19.04670393 47.50869023
419032478 19.06241849 47.4949818
276491177 19.04702563 47.49768203
276491174 19.04672413 47.49762419
495399975 19.0593114 47.5015367
262560146 19.0625806 47.4948994
695792777 19.04668851 47.50873356
419032475 19.06297287 47.49511146
1252310996 19.05508977 47.49752369
1252310997 19.05621546 47.49697191
699789630 19.06041597 47.49451543
699789631 19.06020667 47.4944586
699789632 19.06007701 47.49447327
260676612 19.05277033 47.49756971
260676611 19.05291333 47.49688323
1387278418 19.05527392 47.5071203
1252310998 19.05505247 47.49750777
272428444 19.05315397 47.49576827
419749800 19.05629082 47.50952222
695792838 19.04761722 47.50847297
260197669 19.0550223 47.50962406
411754309 19.06681899 47.50159579
78107252 19.06417198 47.50741794
78107249 19.06614332 47.50859937
78107250 19.06507203 47.50796176
78091138 19.06297044 47.50393987
78107257 19.06122348 47.50565288
78107254 19.0632369 47.50686658
78107255 19.06216184 47.50620324
74950168 19.06719902 47.50780208
274980912 19.06542567 47.50642343
262771067 19.05751809 47.49525597
262771068 19.05803911 47.49493108
262771069 19.05880614 47.4940877
260098985 19.05305113 47.51072142
260098984 19.05035567 47.51114093
260098987 19.04791428 47.50976898
683890802 19.05216818 47.4974822
251281075 19.04993214 47.50507729
251281074 19.05023422 47.50514913
251281077 19.04955042 47.50473447
251281071 19.05111549 47.50493531
272428443 19.05352957 47.49556501
215427389 19.04607931 47.51195507
171497655 19.05331197 47.50763713
1387278402 19.0552844 47.50685359
263737823 19.06120479 47.49612408
260203378 19.05320904 47.50023289
263737820 19.0609302 47.49627889
84703615 19.04679462 47.49960844
260202783 19.0527964 47.50331441
260238905 19.04970943 47.50346864
1269080337 19.05897386 47.49570473
495419551 19.05501408 47.50639451
272110312 19.05931417 47.51035421
260200218 19.05095632 47.50503522
1269080331 19.05646793 47.49679019
260238908 19.04958839 47.50393954
263550899 19.05586451 47.49446706
826166243 19.0560262 47.51028061
748596770 19.0476536 47.49866153
748596771 19.04802794 47.49867562
695792658 19.04689646 47.4996879
275475750 19.06036677 47.50403928
276230866 19.05224512 47.50231093
276230863 19.05213373 47.50291024
695792653 19.04646957 47.50001069
276230861 19.0479851 47.5001401
78071724 19.06602271 47.50128742
715294482 19.05206248 47.5061542
78047740 19.0605298 47.5033554
715197007 19.05177004 47.49759008
78277717 19.05493873 47.50272558
78300256 19.06695863 47.51020979
260901620 19.0553476 47.5099383
245934445 19.05384162 47.49726343
260225317 19.04593271 47.50545993
171473179 19.05504937 47.50848236
274954916 19.0596393 47.50419661
274954917 19.06050281 47.50352882
826166332 19.0629085 47.50541643
274954915 19.05948114 47.50409577
49405201 19.04809189 47.499173
49405232 19.04658591 47.5003328
826166233 19.06304562 47.50554039
78279141 19.06017357 47.5064816
274954918 19.06038747 47.50343134
1387278395 19.05507997 47.5067872
78285281 19.05708366 47.50423198
78285284 19.05499849 47.50595169
260656296 19.04830672 47.50581708
260656299 19.04863579 47.5055041
260656298 19.04876747 47.50585581
78281928 19.05807943 47.50341441
695792785 19.04754589 47.50847666
78101529 19.06402279 47.50338046
275959876 19.04994622 47.51121662
275959874 19.04973206 47.51097237
275959872 19.04898624 47.51110958
260184965 19.05936932 47.50791616
276497608 19.04752033 47.4955635
276497609 19.04749091 47.4955863
276491139 19.04670787 47.4975361
260481514 19.0453122 47.50855117
276491137 19.0466559 47.4976086
276491134 19.04661969 47.49760634
251281923 19.05409493 47.4968026
260481511 19.04477936 47.50588112
276497604 19.04761546 47.49559761
276491131 19.04649732 47.49779543
260481490 19.05516437 47.51050558
276497598 19.04730198 47.49604839
78283636 19.05864663 47.50205143
78283632 19.05740133 47.50297369
1387278454 19.05696472 47.51166966
1387278453 19.06219461 47.51161979
1387278452 19.05721157 47.51147621
260658396 19.05142412 47.49886002
84700040 19.0519443 47.49648023
681570910 19.04552476 47.50889349
171497654 19.0520075 47.50751467
419749847 19.05952908 47.508003
171497651 19.04893402 47.50722633
171497650 19.04789357 47.50713497
171497653 19.04977481 47.5073052
260097360 19.04683871 47.5042065
681601565 19.05553494 47.51032479
695792874 19.04738144 47.51160101
260531373 19.05084358 47.49890947
78071722 19.06380008 47.500525
78071723 19.06460818 47.50098206
695792878 19.04738773 47.51174929
276495238 19.04680141 47.49722152
276495236 19.04677543 47.4971284
695825502 19.04511833 47.50428043
275451430 19.06064874 47.49566718
681601580 19.05533461 47.51033141
260198071 19.04816054 47.51058831
275451434 19.06067799 47.49556392
275451435 19.06074521 47.49555319
84708501 19.04627813 47.50561449
1387278429 19.05502783 47.50742004
260526912 19.05314517 47.50049424
1387278422 19.05532572 47.50721468
495404787 19.05487033 47.50133863
276234798 19.05579771 47.49697853
1387278425 19.0556009 47.50724268
262076024 19.05490923 47.4974765
748724270 19.04671097 47.49963786
715351716 19.0457546 47.50551894
277187547 19.06444892 47.50586511
277187544 19.06367368 47.50553872
78083906 19.06674623 47.49926461
74972961 19.06607778 47.50589512
74972962 19.0670251 47.50643039
277187549 19.0643237 47.50597139
263542810 19.05366996 47.49622031
695792755 19.04683997 47.50855914
695792759 19.0467295 47.5085464
244941054 19.05187531 47.50583234
275383339 19.0594347 47.50887622
275383338 19.05883179 47.50847406
275383335 19.06015638 47.50926523
260192559 19.0558314 47.51088679
260098958 19.04580698 47.50941107
260098810 19.04953383 47.50853592
256427113 19.0455971 47.5026198
256427112 19.04541848 47.50324719
256427111 19.04524573 47.50402998
260658386 19.05481057 47.49902883
260658382 19.05454344 47.49923502
748724267 19.04820756 47.498799
748724260 19.04693468 47.49796022
748724263 19.04691851 47.49839809
78090346 19.06125969 47.50281141
251279656 19.05136804 47.49558336
251279657 19.05148824 47.49549653
260238385 19.05306429 47.500842
251279655 19.05093587 47.49606608
698790911 19.05536001 47.51019369
715562065 19.054353 47.4974164
78289108 19.05727209 47.50115146
715562066 19.05376007 47.49761313
275475744 19.06103673 47.50417071
260680226 19.05264804 47.49547641
275475746 19.06029317 47.50370073
78285798 19.05814799 47.50237069
275475741 19.06000039 47.50430373
275475742 19.06045461 47.50459089
681570940 19.04527708 47.5082744
275958444 19.04607973 47.51009252
275958447 19.04596406 47.50939582
260184926 19.05423993 47.51083114
275475748 19.06007659 47.5038558
78090349 19.05481057 47.49895708
275958442 19.04628919 47.51089903
171512364 19.04719528 47.49836691
695792794 19.04684768 47.50997099
78047739 19.05524266 47.50695643
260230206 19.05121918 47.50462367
826166286 19.06586278 47.50322523
715267373 19.05067209 47.5031658
715267372 19.05071149 47.50314652
715267377 19.05084568 47.5031518
715267374 19.05065021 47.50315977
715267379 19.05112639 47.50317251
715267378 19.05085532 47.50311601
263707352 19.05624673 47.49413547
74961443 19.06529088 47.50652359
274963762 19.06371056 47.50508702
244941470 19.04686729 47.50996738
275379330 19.05812846 47.510333
251280825 19.04878474 47.50292876
274963766 19.06328023 47.50514619
274963765 19.06312182 47.50494101
171514788 19.04684877 47.49848543
275505555 19.05936597 47.49566936
681570956 19.04528806 47.50829989
1269080323 19.0560588 47.49701172
74972141 19.06695737 47.50519858
695792932 19.0549099 47.5105055
681570958 19.04515739 47.50798397
681570998 19.04488112 47.50589864
263780665 19.0600014 47.49591713
260228327 19.04645708 47.50823342
276836665 19.06220048 47.51152038
682349127 19.06304269 47.49505137
276836666 19.06222478 47.51172766
78278584 19.0581744 47.50496498
35523902 19.04644317 47.49948263
78089505 19.05174548 47.49740961
78278583 19.06025093 47.50639459
260184939 19.06021866 47.50732976
260523671 19.04682513 47.4994641
275265796 19.05913379 47.49568881
260184934 19.06724219 47.50178824
276491147 19.04672623 47.49725086
276491145 19.04669999 47.49738338
419032468 19.05879147 47.49592644
276491142 19.04672069 47.4973926
78087214 19.06065033 47.49662649
419032466 19.06508008 47.5030539
78087211 19.05714862 47.49846951
260222760 19.04614083 47.51091831
276491149 19.0467103 47.49723401
1387278416 19.05503487 47.50705668
260228328 19.04631124 47.50833777
260692784 19.05053002 47.4981789
419749792 19.06555617 47.50328239
260097358 19.04673134 47.50485442
681601496 19.0556688 47.5105537
272112017 19.05821522 47.5115446
78107248 19.06699836 47.50912031
695792805 19.04766223 47.5083796
1269080317 19.0589379 47.49568822
695792803 19.04770733 47.50838337
681601499 19.05566209 47.51046853
260097357 19.04766542 47.50282969
826166133 19.06219671 47.50596092
275451885 19.05687202 47.49682799
275451884 19.05741273 47.49736091
275451886 19.05657513 47.49696554
272436599 19.05293906 47.49575997
78083904 19.06319994 47.50223633
272436597 19.05273689 47.49575997
272436596 19.05262893 47.49567137
260099137 19.05253606 47.50449458
263737844 19.06068 47.49563869
276495262 19.04704876 47.49689446
273116238 19.05593006 47.50202871
276495265 19.04741782 47.49700376
261678698 19.0500841 47.50452451
261678699 19.05015987 47.50441353
495400229 19.05981214 47.50187164
276245888 19.05348548 47.49897778
273118139 19.0646578 47.50286984
260099189 19.04893511 47.50854204
78277531 19.05745917 47.50544442
78277533 19.05960712 47.50691654
826166139 19.06642797 47.50277286
251281928 19.05373249 47.49772393
171460501 19.05520343 47.50988817
260184959 19.05798513 47.5088572
1269080324 19.0565318 47.49686001
1269080320 19.05661251 47.49694819
260200225 19.04949401 47.50447296
1269080322 19.0564038 47.49672012
277187537 19.06379824 47.5054373
495418896 19.05502532 47.50785774
1269080329 19.05504577 47.49731792
1269080328 19.05525733 47.49744088
695792662 19.04700803 47.49950668
260189711 19.06299022 47.50507017
695792660 19.04694541 47.4997024
695792667 19.04647326 47.50008076
78079146 19.06295887 47.49973626
695792704 19.04614201 47.50568264
49405214 19.04734087 47.50043162
681501635 19.04580262 47.50938626
262143235 19.04923024 47.5051757
244939985 19.04940852 47.5002924
244939987 19.0483726 47.50434522
715197017 19.05483438 47.49798092
715197018 19.0547353 47.49797933
244939986 19.04904826 47.501977
715197023 19.05473329 47.4977837
260189710 19.06386051 47.50538659
275379329 19.05835813 47.51032864
260184952 19.06358223 47.50496548
275379323 19.05740938 47.50953588
277187574 19.06713096 47.5078507
74947384 19.06314554 47.5119725
275379326 19.05846198 47.5102377
275379324 19.05845343 47.51017701
84709286 19.04982418 47.49497517
74950169 19.06227348 47.51145198
272914301 19.0566245 47.51156849
272914303 19.05684863 47.51168852
272914302 19.05675836 47.51166187
78049712 19.06005546 47.49442046
272914304 19.05706011 47.51152239
272110310 19.05810382 47.51148526
826166221 19.06571836 47.50314426
715267367 19.05059758 47.50312431
260190225 19.05616232 47.5104014
910694784 19.05464964 47.49920996
750846352 19.05923563 47.49554749
750846350 19.06055813 47.49469161
795452699 19.04766969 47.50715793
695792867 19.04741782 47.51159548
262684210 19.05861202 47.4957526
78292716 19.06556279 47.51127974
260228330 19.04568461 47.50852326
260488495 19.04661131 47.50857263
78110550 19.06385389 47.51030869
78110553 19.06183394 47.50924821
78110552 19.06278126 47.50976873
78087213 19.05991373 47.49705707
275959869 19.04868273 47.51140069
695792876 19.04739519 47.51164359
681601503 19.05567986 47.51037793
78285279 19.05761591 47.50377969
78285278 19.05926991 47.50249248
263780689 19.06034313 47.49574254
78289864 19.0579439 47.50159126
78285277 19.05995899 47.50197641
260488505 19.04574328 47.50552858
262143834 19.05485977 47.50784533
692474498 19.04883293 47.50286271
692474499 19.04869949 47.50300722
260238323 19.05484578 47.50041469
260495952 19.0515832 47.50286011
260481500 19.0547467 47.4976433
263550907 19.05607389 47.49492111
695792859 19.0471133 47.51077691
251280086 19.04899387 47.49612903
695792849 19.0477256 47.50845168
681570968 19.04524858 47.50829737
695792843 19.04781386 47.50843131
681570964 19.04533978 47.50829737
695792841 19.04786231 47.50843182
695792840 19.04782803 47.50837583
275379327 19.05841873 47.51030702
695792681 19.04505102 47.50472819
695792683 19.04508748 47.50473037
260098986 19.04795677 47.50851103
715426941 19.0475966 47.50843031
274952645 19.06452511 47.50287059
260692293 19.05093797 47.49731557
260692294 19.05071258 47.49729528
260692297 19.04994622 47.49756719
260098988 19.04848718 47.51143036
260692299 19.0494107 47.49728606
1269080330 19.0589364 47.49571286
275451440 19.05968901 47.49581973
84700043 19.05106529 47.50046968
260489929 19.04666479 47.50865687
419032454 19.0644765 47.50279406
260230253 19.05263538 47.50401489
261678704 19.05068584 47.50457706
260489927 19.04675271 47.50931887
275505557 19.05958583 47.49577296
260523663 19.0471325 47.49815317
419749845 19.0636114 47.50558943
251280015 19.04849531 47.49514239
260523666 19.04709394 47.49788478
78047984 19.06684087 47.50405889
260197824 19.05388647 47.50970369
260197825 19.05275349 47.50987761
260197826 19.05008427 47.5102755
78287478 19.0548648 47.50103026
261678705 19.05055483 47.50472073
84708497 19.04629246 47.50337133
262771042 19.05670874 47.49560382
262771043 19.05733981 47.49633329
84708498 19.04609457 47.50479021
260202653 19.05276212 47.50348834
695792744 19.04667828 47.50861161
695792747 19.04667359 47.5085842
695792740 19.04776516 47.506091
245934447 19.0494573 47.49548337
78088931 19.05617682 47.49794111
695792749 19.04666219 47.50861111
84700038 19.05310377 47.4950911
84700039 19.05239508 47.49568797
261678702 19.05061669 47.50441873
260656300 19.04815333 47.50529221
368785634 19.0549555 47.49736259
260098807 19.05217564 47.50812412
260098808 19.05327258 47.51116834
695792696 19.04494683 47.50597148
78077546 19.06176319 47.49871702
78077547 19.06248094 47.49841117
260539666 19.04541731 47.50870817
260539667 19.04575141 47.51003536
256427106 19.04908481 47.50587517
49405188 19.04780917 47.49856699
256427100 19.04921649 47.50112959
260230828 19.04959912 47.50497763
260658391 19.05169778 47.49767884
84700680 19.0524224 47.49905054
256427108 19.04995502 47.5066453
256427109 19.05089882 47.50673331
260539668 19.04581914 47.51012572
171513992 19.04729729 47.49852776
260192560 19.05575546 47.51022663
715562070 19.05436616 47.49720526
715562071 19.05478258 47.4975345
78289107 19.05679189 47.50150099
695792638 19.04713141 47.49834604
681601458 19.05571364 47.51076592
263780677 19.06013392 47.49592392
78081361 19.06479132 47.49944826
260202153 19.0530088 47.5011601
695792633 19.04713032 47.49788369
695792636 19.04716804 47.49815267
695792637 19.04709788 47.49833414
695792731 19.04784077 47.50603509
695792733 19.04766877 47.50601221
78102900 19.06121217 47.50517712
262075658 19.05336034 47.51133371
78084913 19.06456912 47.50283329
417853307 19.05139059 47.4989689
260098749 19.05353661 47.50624104
78104882 19.05692323 47.50990804
251281080 19.04971429 47.50386678
251281081 19.04977699 47.50357132
263718473 19.05399367 47.49642709
277187572 19.06726507 47.50774903
171499478 19.04761462 47.50856551
261678696 19.05031653 47.50475048
261678697 19.05012744 47.50465921
715267365 19.05091433 47.50279918
260523651 19.04695908 47.49951163
263780680 19.06030139 47.49583826
715267362 19.0501126 47.5030612
263780682 19.06038026 47.49590883
260488501 19.04768797 47.50611179
715267369 19.050513 47.50308098
715267368 19.05050688 47.50311501
750846355 19.06005471 47.49479924
260489147 19.04772912 47.50610274
750846354 19.0572658 47.49742453
274963771 19.06298343 47.50535398
84700683 19.04860243 47.49869188
262560143 19.05989344 47.49423648
215423844 19.04694374 47.49782368
681601404 19.05566192 47.51046703
262771081 19.05818471 47.49475448
826166314 19.05687663 47.50987258
826166315 19.062334 47.5060713
260224647 19.04610362 47.50089489
78088932 19.05586493 47.49814932
260099904 19.05414497 47.50255929
260099905 19.05493001 47.5026219
263780674 19.06020869 47.49599072
260099903 19.04984027 47.50949598
84703614 19.04623999 47.50014102
260306260 19.05496178 47.50349781
272114486 19.06189403 47.51180629
266843415 19.04615299 47.50591423
715351721 19.04574253 47.50553847
