78080610 35500844
78080610 35500840
276491158 276491160
276491158 276491156
1382906626 84700038
1382906626 272436602
1382906626 260680226
260694037 260692784
260694037 260692294
260694037 260692297
260694036 260531373
260694036 260694035
260694036 260692784
260694035 260097052
260694035 84700683
260694035 260692297
419032433 78079148
419032433 495400229
419032433 78048802
276491152 276491149
276491152 276491156
1382906629 49405178
1382906629 171513992
1382906629 260661574
260488497 715426924
260488497 715426941
1252311009 1269080323
1252311009 1252311007
1252311009 1269080317
84700678 84700676
84700678 260203378
84700678 276245888
84700678 84700680
84700676 26733991
84700676 260658382
260692411 260692303
260692411 260692294
260692411 260692304
65156237 74972164
65156237 419749792
65156237 87812426
65156237 826166160
826166170 826166203
826166170 826166221
826166170 826166286
1252311007 1252311001
1252311007 1252310997
715294483 260539058
715294483 260098749
715294483 715294482
715294483 244941181
78110555 275383335
78110555 419749847
78110555 78110553
78110555 78107254
272436600 272436602
272436600 272429032
272436600 272429022
262686722 262686721
171514790 260523671
171514790 171509690
171514790 171514788
262686721 78087211
262686721 750846354
262686721 78087213
171511153 748724260
171511153 748724263
171511153 695792637
78110557 260184965
78110557 78276299
78110557 78274484
49405170 35523902
49405170 49405175
49405175 49405238
49405175 49405178
49405178 49405184
699789623 35523902
84708751 260692299
84708751 49405188
84708751 84700683
84708751 260231386
260099082 715267379
260099082 260495949
260099082 260495952
260099082 260230281
78104878 419749800
78104878 78274484
78104878 260184959
78104878 1387278425
697033084 1269080337
697033084 78049712
697033084 714247455
695792851 695792843
695792851 171499478
697033083 262075960
697033083 714247455
697033083 1269080317
49405192 748596771
49405192 49405195
260538699 715294468
260538699 260656300
260538699 26732186
263780686 263737836
263780686 263737820
263780686 263780689
263780686 263780682
260301744 748400913
260301744 84700043
260301744 748400916
78076523 78077549
78076523 1244340613
78076523 750846345
78076523 78057626
78076522 78085940
78076522 1244340613
78076522 78087213
251279202 260692303
251279202 251279655
251279202 84700040
262143838 260306257
262143838 262143839
262143838 260306260
262143838 262143837
262143839 260099904
262143839 260099905
262143839 262143840
87812428 78292716
260230281 260230206
260230281 260230253
262143830 262143831
262143830 715351718
262143830 266843415
262143830 715351813
262076003 263542807
262076003 263542810
262076003 263718473
262076003 263542808
262143832 260098938
262143832 681570868
262143832 260488490
262143832 260539668
87812426 78047984
262076007 262076008
262076007 714247420
262143836 260098749
262143836 495419551
262143836 262143835
262143836 262143837
262143837 260099148
262143837 260099149
171495910 244941182
171495910 256427109
171495910 244940973
171495912 171497654
171495912 171495914
171495912 256427109
171495912 171497653
171495914 260655997
171495914 260098810
171495914 260098807
421427628 277187572
421427628 421427630
260655997 260098939
260655997 260099903
260655997 260230027
171495919 260230027
171495919 260098985
171495919 260184924
171495919 260098984
275379343 275379323
275379343 275379342
275379343 275379333
275379342 275379338
262771136 251279656
262771136 84709286
262771136 262771134
260238669 715267365
260238669 260238797
260238669 715267369
260238669 260097010
206339349 78101531
206339349 260189711
206339349 274963766
206339349 274963765
260692303 260692293
1252311001 1252310996
260692301 251280086
260692301 260692300
260692301 260661574
260692301 495406165
260692300 260692299
260692300 260692304
272429027 272429029
272429027 272429026
272429026 272429023
261678700 261678699
261678700 715267368
261678700 261678701
260692304 251280086
260692304 251279396
49405226 49405232
49405226 49405222
272429029 272429031
272429029 272428443
49405222 251281316
695792770 695792766
695792770 695792755
695792772 695792775
695792772 695792761
275476633 275484234
275476633 274954915
275476633 275484238
260098938 275958444
260098938 260222760
260098938 260098958
260098939 260197825
260098939 260098940
260098939 260098807
272073015 260901620
272073015 272073016
272073017 260184927
272073017 826166167
272073017 272073016
78288933 78287007
78288933 78289107
78288933 78288934
260489140 695792744
260489140 695792785
275379338 275379334
78288936 78087211
78288936 78288935
78288936 78085944
78288935 495400702
78288935 78090349
78288935 78288934
78288934 26733991
78288934 78289108
275379334 272114486
275379334 272110312
78287007 78285802
78287007 78287478
260489149 262143831
260489149 695792733
748596781 260661594
748596781 260097053
275379332 275379330
275379332 275379333
275379333 275379324
263737836 275451430
263737836 263780689
272436602 272428444
272436602 272436596
26732182 260225317
26732182 26732169
26732186 260538979
26732186 260538978
26732186 260656296
750846348 699789629
750846348 750846355
750846348 750846352
272914313 260190225
272914313 1387278444
272914313 272914304
78044843 74973794
78044843 74959984
78044843 78110553
78044842 275379323
78044842 275383341
78044842 275383338
78044842 260184959
272914317 681601571
272914317 78104882
272914317 260190225
826166218 826166203
826166218 826166286
826166218 826166139
750846340 750846355
750846340 750846350
826166214 826166251
275407469 275451884
750846345 78087214
750846345 263737820
260190333 171473179
260190333 260197669
260190333 260098940
260190332 260197669
260190332 698790911
263388713 260680226
263388713 262770851
260238797 692474498
260238797 244939986
274980899 419749845
274980899 277187549
274980899 78107254
274980899 421427594
921201262 921201260
921201262 921201261
921201262 921201259
260228325 260228327
260228325 260228323
921201260 921201258
921201261 921201257
921201261 921201258
921201261 921201256
715576754 262143845
715576754 715562065
260228323 266843415
262770850 263550907
262770850 262770888
262770850 263550899
262770851 84700038
262770851 262770888
262770851 272428443
1269080314 1269080329
1269080314 715197013
1269080314 715562065
260228329 260228330
260228329 260228328
1269080316 1269080329
1269080316 1269080328
1269080316 1269080331
273116239 78285279
273116239 78281383
273116239 273116238
78079148 419032440
78079148 78079146
275407462 78083906
275407462 78080609
275407462 275407463
275407462 78081361
275407463 275407466
275407466 35500844
275407466 78080609
78088084 715197018
78088084 78090349
78088084 78088932
78088084 78049846
78088084 715197017
275407468 275451886
275407468 78088931
275407468 750846354
421427633 274980912
421427633 277187547
421427633 74973791
421427633 260189710
421427630 274980912
421427630 74972962
421427630 277187559
748400913 260526912
748400913 84700680
748400916 260097307
748400916 260238385
260495949 260238489
260495949 260202653
260495949 260202783
251280090 245934447
251280090 260689008
251280090 251280015
263550911 263707343
263550911 263550914
263550911 263550906
263550914 263707352
263550914 263550899
26732174 260224647
26732174 695792696
26732174 26732173
263550902 263550899
263550902 263550906
74972164 274963762
74972164 74973791
260201940 260230206
260201940 251281071
26732173 256427113
26732173 84708496
171502654 84708498
171502654 715351743
171502654 678564897
171502654 84708501
681601576 260190225
681601576 260192347
695792856 695792867
695792856 260198088
695792856 695792793
695792856 260198071
695792812 695792805
695792812 695792785
274952646 274952645
274952646 274952647
274952647 78101529
260097307 276230866
260097307 260495952
260097307 260097010
681570873 681570868
681570873 681570910
244940973 251281074
244940973 256427106
244940973 256427108
695792692 695792690
695792692 695792704
695792690 695792683
35500844 35500843
35500843 750846337
35500843 78074787
35500843 78077552
260097308 84708496
260097308 260097357
260097308 244939986
35500840 280158944
35500840 750846337
78074774 275505555
78074774 78057625
78074774 275451440
78091727 78083904
78091727 78092819
78091727 419032454
681601407 681601496
681601407 260190225
681601407 260192347
681601407 681601404
78091729 78091138
78091729 78092819
78091729 78090346
276491160 276491164
251281316 49405214
276491164 276491166
276491166 276491169
276491169 276491131
78049846 275451886
78049846 714247420
78049846 715197017
78049846 715197023
78049846 1269080328
78049846 78088931
78049846 78048802
251281319 748596770
251281319 251281320
74973791 78047984
74973791 74972141
260661594 748596770
274963763 274963762
274963763 274963761
274963763 420816485
274963763 274963766
1387278409 495419551
1387278409 1387278418
1387278409 1387278416
1387278409 1387278393
419032440 78083904
419032440 78092818
419032440 78071722
699789629 78049712
699789629 699789632
1387278400 78274483
1387278400 1387278402
1387278400 78047739
274963761 277187537
274963761 277187544
274963761 74973792
78074787 275407459
78074787 78080609
78074787 78077549
260184948 419749792
260184948 260184952
260184948 78101529
495400702 495399975
495400702 495400926
495400702 78289864
260184944 260184967
260184944 78107257
260184944 826166133
260184944 78107255
171482657 262075685
171482657 260184924
171482657 262075658
715294468 260656296
262560145 262560151
262560145 262684390
260661574 171512364
260661574 49405188
276245873 262143845
276245873 276245888
276245873 262143842
262770888 251281467
678564897 695792704
678564897 260225317
678564897 84708501
78057625 275451435
78057625 78057626
263542808 263542807
263542808 715197013
263542808 263718473
262770883 84700038
262770883 251281467
262770883 262770882
78057626 419032475
78057626 78077552
260098977 275958439
260098977 260222760
78077549 78077547
78077549 78077552
682349130 419032478
682349130 262560146
78077553 750846337
78077553 419032475
78077553 78077552
262684390 682349127
262684390 262560146
260230764 715267373
260230764 715267374
262770882 251279657
262770882 262771134
276497617 251280015
276497617 276497614
276497617 276495265
171509690 215423844
262770849 262771101
262770849 263550899
421427598 78107249
421427598 421427596
421427598 277187574
495406165 260689008
495406165 260689001
826166251 826166155
826166251 826166314
421427596 78107250
421427596 277187556
421427596 421427594
421427594 78107252
421427594 277187554
260538979 695792725
260538979 84708501
256427097 260097358
256427097 260656300
256427097 244939987
276230859 256427100
276230859 260224668
276230859 276230861
826166155 260184959
826166155 260184927
748596769 49405188
748596769 49405184
826166158 826166203
826166158 826166221
826166158 260184934
695792644 695792638
695792644 695792648
48833376 260184934
48833376 826166139
695792640 260523651
695792640 695792637
256427098 692474499
256427098 84708497
256427098 244939987
260823302 260658396
260823302 260692784
260823302 260658391
260539058 171497654
260539058 260098750
260539058 256427109
78281383 78287478
78281383 260097011
78281383 495404787
78281382 78278584
78281382 78285279
78281382 274954915
78281382 78281381
78281381 78278583
78281381 78107257
715351813 260488501
695792728 695792704
695792728 695792740
262075960 262075959
262075960 262771069
262075960 262560143
260238489 276230863
260238489 260202154
78102898 78101531
78102898 78107257
78102898 78102900
244941186 260230206
244941186 260099137
244941186 244941181
244941182 715294482
244941182 715294478
244941181 244941054
262560151 280158944
262560151 280158943
280158944 280158947
280158945 267346052
280158945 280158947
280158947 280158943
272914285 1387278454
272914285 1387278452
272914285 272914304
294514567 262560143
294514567 78049712
294514567 262560146
280158943 267346052
78092819 78092818
78092818 78090346
49405195 260097053
49405195 748724267
49405195 49405201
260097052 260097053
260097052 244939985
260097052 260306950
260097053 49405201
260097053 260097050
260097050 276230861
260097050 49405214
260097051 417853307
260097051 260306950
260097051 84700043
263550906 263550907
263550906 262771067
275505562 275505557
275505562 419032468
275505562 275265796
272895495 272871715
715351718 715351721
695792793 695792775
695792793 244941470
695792793 260098987
695792791 260489929
695792791 275958447
695792791 695792794
695792791 260489927
275407459 78080608
275407459 78079146
275407458 78080608
275407458 78081361
275407458 275407457
681570993 681570998
681570993 681570968
420816485 419749845
420816485 826166233
420816485 274963771
78285283 78277531
78285283 78285281
78285283 78285284
78285283 78277529
276497611 276497598
276497611 276497609
78080609 78080608
276497614 276497598
276497614 276497604
275407457 78071722
275407457 78079146
260202154 260202153
260202154 262143840
260202154 276230866
78101041 78101531
78101041 78091138
78101041 78102900
78101041 78047740
78101531 273118139
78101531 78101529
1387278444 1387278446
1387278446 1387278452
260689001 171512364
1387278393 1387278395
1387278393 495419551
260689008 251280086
251279396 245934447
251279396 251279655
681601571 681601503
681601571 826166360
78085940 78077546
78085940 78085944
263780669 263780665
263780669 263780674
78085944 495400926
750846339 78087214
750846339 263780665
750846339 275451440
260198088 244941469
260198088 244941470
260198088 695792859
715294478 244941054
495400926 78048802
276495243 276495262
276495243 276495238
715294476 260656299
715294476 715294474
276495245 276495262
276495245 276495247
715294474 260656298
276495247 276495236
715426926 681501635
715426926 260228330
715426924 260488495
697398227 697398226
697398227 262771043
697398227 1269080322
697398226 262684210
697398226 262075959
697398226 262771043
251281320 171507014
263542807 263542810
263542807 272428443
275451426 275451424
275451426 275451428
260488498 795452699
260488498 715426941
275451424 275451434
275451424 275451420
275451422 263737844
275451422 275451420
275451420 275451434
260488492 681570868
260488492 681501635
260488492 681571188
260488493 681501635
260488493 260488494
260488490 260222760
262076008 262076024
260488494 260488495
275451428 275451430
714247455 1269080330
262143845 715197023
262143845 251281928
262143841 260202153
262143841 495404787
262143841 262143840
262143841 262143842
262143840 260097011
262143842 260203378
262143842 260238323
277187554 74961443
277187554 277187549
277187554 277187556
277187556 74959983
277187556 277187574
275484238 275484237
277187552 74961443
277187552 274980912
277187552 277187559
277187552 277187547
275484234 275484237
275484234 274954918
277187559 277187572
277187559 74959983
260238838 260238905
260238838 251280825
260238838 715267362
262771101 262771081
272871715 272871683
260099148 260306257
260099148 260098749
260099148 260099137
260099149 78277529
260099149 78285284
681571188 681571243
681571188 681570910
272429031 272428444
272429031 272429032
262143831 695792704
262143831 260489153
695792766 695792775
49405238 171507014
49405238 748724270
74959983 74961443
74959983 74950168
74959984 74950169
74959984 78110552
695792761 171499478
74973794 275383335
74973794 275383341
78110549 78292716
78110549 74947384
78110549 78107248
78110549 78110550
260098940 171497655
260098940 260197824
74973792 74961443
74973792 277187547
74973792 277187549
260538978 695792731
260538978 171497650
275383341 275383339
260192726 681601458
260192726 681601496
260192726 262075658
262143835 262143834
262143835 495420562
262143835 260098750
262143835 1387278416
260230027 260197825
260230027 260197826
826166185 826166362
826166185 826166133
826166185 826166315
260489153 695792681
84708496 260224668
84708496 256427099
695792648 695792662
260306950 260531373
260231386 84700683
260231386 748724267
826166362 826166332
826166362 826166233
826166360 826166204
260184967 78279141
260184967 260184939
275958439 695792874
275958439 275958442
78276299 78277533
78276299 78276298
78276298 78277531
78276298 78274483
826166204 826166167
260097010 84700043
260097010 244939986
750846335 419032478
750846335 699789630
750846335 750846350
826166160 826166286
826166160 826166139
260097011 260099905
826166167 260192560
78285802 260238323
78285802 78287478
78285802 26733991
272871683 260192559
715351826 251281075
715351826 262143235
715351826 715351822
715351823 251281077
715351823 262143235
715351823 715351822
715351822 261678697
921201257 921201256
921201257 276245888
921201256 260658396
921201256 921201258
260495308 84703614
260495308 260481511
260495308 260495309
260495309 695792681
260495309 260481511
256427107 171497651
256427107 256427106
256427107 256427108
715197013 1269080329
715197013 276234798
256427099 256427113
256427099 84708497
256427099 260097357
260192347 272914301
921201259 276245888
921201259 251281928
262075959 262684210
262075959 262560143
78048802 78077546
263707345 263707346
263707345 263707343
26733991 260658386
263707346 263707352
276497607 276497608
276497607 276497605
244940460 260097360
244940460 256427111
244940460 84708498
244940460 84708497
262767994 262560143
244941469 695792876
244941469 695792874
244941469 695792867
260098750 171497655
260098750 260098749
276497605 276497604
272429023 272429022
260495307 256427111
260495307 84708498
260495307 695792683
260495307 26732169
681570947 681570949
681570947 681570940
260224668 260224647
260224668 49405214
272429022 272436599
695792725 695792731
78274483 78274484
695825499 695792683
695825499 695825502
695825499 695792667
260306257 260099904
260306257 260202783
715351743 715351746
715351746 260225317
261678703 261678704
261678703 261678702
260099208 171497651
260099208 171497653
260099208 260099189
171507014 49405232
171507014 260224647
261678701 261678702
495420562 1387278416
495420562 1387278418
495420562 1387278429
260184924 260098808
260184927 419749800
78277529 260306260
276491172 276491137
276491172 276491174
276491172 276491139
695792775 695792777
419032478 419032475
276491177 215423844
276491177 276491174
276491177 276495265
495399975 78283636
495399975 495400229
695792777 260489929
695792777 260489927
419032475 682349127
1252310997 1269080337
1252310997 1269080323
699789630 78049712
699789630 699789631
699789631 699789632
260676612 260676611
260676612 251281928
260676612 683890802
260676611 245934445
260676611 84700040
1387278418 1387278425
1252310998 1269080323
695792838 695792849
695792838 695792803
695792838 695792785
695792838 695792755
260197669 260197824
411754309 78071724
411754309 419032466
411754309 260184934
78107252 78107250
78107252 78110553
78107252 78107254
78107249 78107250
78107249 78107248
78107249 78110550
78107250 78110552
78091138 419032454
78107254 78107255
78107255 419749847
78107255 826166315
74950168 277187572
74950168 277187574
274980912 74972961
262771067 262771068
262771067 262771042
262771068 262771081
262771069 262771081
260098985 260098808
260098985 260197825
260098984 260197826
260098984 275959876
260098987 260198071
260098987 260099903
260098987 260098986
683890802 715197007
683890802 78089505
251281075 251281074
251281074 261678696
251281074 260200218
251281077 260200225
251281071 260200218
215427389 260481514
171497655 262143834
171497655 171497654
1387278402 1387278395
263737823 263737820
263737823 263737844
260203378 260526912
84703615 260523671
84703615 84703614
260202783 260202653
260238905 251281081
495419551 78285284
272110312 272110310
260200218 244941054
260200218 261678705
1269080331 1269080324
1269080331 1269080322
260238908 251281080
260238908 260200225
826166243 826166314
748596771 49405188
695792658 260523651
695792658 695792653
275475750 275475748
275475750 275475741
276230866 276230863
276230863 260495952
695792653 695825502
276230861 244939985
78071724 78084913
78071724 78071723
78047740 78285278
78047740 78090346
78047740 274954918
715197007 260658391
78277717 260306260
78277717 78285281
78277717 260099905
78300256 78292716
260901620 171473179
245934445 715562065
245934445 260481500
245934445 251281923
245934445 715562066
171473179 495418896
171473179 171460501
274954916 274954915
274954916 275475748
274954916 78102900
274954917 275475746
274954917 274954918
826166332 826166133
826166332 274963771
826166233 826166315
78279141 78277533
78279141 78278583
1387278395 78047739
78285281 78285279
78285281 78278584
260656296 260656298
260656299 260656300
260656299 262143235
260656298 256427106
78281928 78285279
78281928 78285278
78281928 78283632
695792785 695792759
275959876 275959869
275959876 275959874
275959874 275959872
275959872 275959869
260184965 419749847
260184965 260184939
260184965 260184959
276497608 276497609
276491139 276491142
260481514 260539666
260481514 260481511
276491137 276491134
276491134 276491131
251281923 715562070
251281923 263718473
260481490 681601565
260481490 681601580
260481490 681601404
260481490 260184926
78283636 78289864
78283636 78285278
78283636 78285798
78283632 78285798
78283632 273116238
1387278454 272914303
1387278453 276836665
1387278453 276836666
260658396 417853307
260658396 276245888
84700040 84700039
84700040 78089505
681570910 681570956
171497654 260098807
419749847 275383338
171497651 171497650
171497650 695792840
171497653 256427108
171497653 260098810
260097360 260097358
260097360 244939987
681601565 681601503
681601565 260192560
681601565 698790911
695792874 695792876
695792874 695792859
260531373 417853307
78071722 78081361
78071722 78071723
78071723 78083904
78071723 78083906
695792878 695792876
276495238 276495236
695825502 695792681
681601580 698790911
260198071 260098988
260198071 260197826
275451434 275451435
1387278429 1387278422
1387278429 495418896
1387278429 1387278416
260526912 260238385
1387278422 1387278425
495404787 78287478
495404787 273116238
276234798 715562071
276234798 1269080322
1387278425 78047739
262076024 368785634
748724270 35523902
715351716 260488505
277187547 277187537
277187544 419749845
277187544 277187549
74972961 74972962
74972961 74972141
263542810 84700039
695792759 695792747
275383339 275383335
275383339 275383338
260192559 681601458
260192559 681601496
260098958 681501635
260098958 275958447
260098810 260099903
260098810 260099189
256427113 256427112
256427112 256427111
256427112 84708497
260658386 78090349
260658386 910694784
260658382 910694784
748724260 215423844
748724263 171514788
78090346 78285277
251279656 251279657
251279656 251279655
251279657 84700039
260238385 260202153
715562065 715562070
715562065 715562066
78289108 78289864
78289108 78289107
715562066 251281928
275475744 275475746
275475744 275475742
260680226 84700039
275475746 275475748
78285798 78289107
275475741 275475742
681570940 681570958
681570940 681570956
275958444 275958447
275958444 695792794
275958444 275958442
260184926 260098808
260184926 260197824
275958442 260222760
275958442 695792859
171512364 695792638
171512364 171513992
695792794 244941470
695792794 695792859
78047739 1387278416
260230206 261678704
715267373 715267372
715267372 715267377
715267377 715267379
715267377 261678702
715267374 715267367
715267379 715267378
715267378 715267365
715267378 715267369
274963762 260189710
274963762 260184952
244941470 260489927
275379330 275379329
251280825 692474498
251280825 692474499
251280825 260097357
274963766 260184952
274963766 274963771
274963765 260184952
275505555 275265796
275505555 750846352
681570956 681570964
681570956 681570968
695792932 260481500
263780665 263780689
260228327 260228328
276836665 74950169
78278584 78277531
78278584 78278583
78089505 260692293
78089505 260658391
260184939 78277533
275265796 750846352
275265796 1269080330
276491147 276491145
276491147 276491149
276491145 276491142
419032468 275451885
419032468 78087213
78087214 78087213
419032466 273118139
419032466 419749792
78087211 78088931
419749792 826166221
260097358 84708498
681601496 681601404
272112017 272110310
695792805 260489147
695792803 695792740
681601499 681601503
681601499 681601404
275451885 275451884
275451885 1269080320
275451884 750846354
275451886 1269080320
272436599 272436597
272436597 272436596
260099137 260230253
276495262 276495265
261678698 261678699
261678698 260200225
261678698 261678697
495400229 78285277
273118139 78084913
260099189 260098986
78277531 78277533
1269080324 1269080320
1269080324 1269080328
260200225 244939987
277187537 260189710
495418896 262143834
1269080329 368785634
695792662 695792660
260189711 274963771
695792660 695792667
78079146 78077546
262143235 260230828
244939985 256427100
244939985 84700043
715197018 715197023
244939986 256427100
715197023 260481500
275379329 275379327
275379323 78104882
74947384 74950169
275379326 275379327
275379326 275379324
84709286 245934447
74950169 272114486
74950169 78110550
272914301 272914302
272914303 272914302
715267367 715267368
795452699 260488501
795452699 262143834
695792867 260098988
262684210 1269080330
78110550 78110552
78110553 78110552
275959869 260098988
681601503 260192560
78285278 78285277
260488505 715351721
260238323 78287478
260495952 715267365
260481500 715562071
263550907 262771042
251280086 245934447
695792849 695792840
695792843 695792840
695792841 695792840
695792841 260098986
695792681 695792683
260098986 171499478
274952645 78084913
260692293 260692294
260692297 260692299
275451440 275505557
260489929 695792744
260489929 695792749
419032454 78084913
260230253 260202653
261678704 261678705
260523663 260523666
260523663 695792637
260197824 260197825
260197826 260099903
261678705 261678696
262771042 262771043
695792747 695792749
78088931 78088932
368785634 715562071
78077546 78077547
260539666 260539667
260539667 260539668
84700680 417853307
256427108 256427109
695792638 695792636
695792638 695792637
263780677 263780674
263780677 263780680
695792633 695792636
695792733 260489147
78104882 826166314
251281080 251281081
261678696 261678697
263780680 263780682
715267362 715267368
715267362 715267369
