773545405 773545439
773545405 773545355
773545407 773545440
773545407 773545445
773545407 773545415
773545401 773545437
773545401 773869890
773545403 773545361
773545403 773545353
773545403 773545438
836759977 836760128
836759977 836760043
773545409 773545392
773545409 773545357
26678250 248730148
26678250 51483329
26678250 305286930
923228331 265561820
923228331 119093863
923228331 923228279
517234944 299719417
517234944 299719247
517234944 517250378
517234945 517250364
517234945 689962600
517234945 299719417
787115245 787115237
787115245 375635308
787115242 787115236
787115242 787115229
787115243 787115251
787115240 704836869
787115240 704836850
787115240 787115234
787115240 26678245
335396954 738766177
335396954 335396958
797447954 797447868
797447954 797447807
797447956 797447842
797447956 797447866
787115248 611856641
787115248 306513541
787115248 731247840
787115248 787115231
787115248 672003297
787115249 449297847
787115249 787115235
279136229 288676543
279136229 91756114
279136229 112064282
836760055 836760046
836760055 775817602
788416841 788416619
788416841 788416782
788416841 775498743
836760053 836759910
836760053 775847167
836760051 836760012
836760059 836760012
836760059 836760021
776954934 776955386
776954934 776955021
319682535 93182161
319682535 93182151
319682535 319682536
319682536 319682537
319682537 319682538
319682537 305286836
319682537 93182151
319682538 248730148
319682538 319682539
319682538 20997909
319682539 319682540
731247854 309164503
731247854 673542151
737921930 738033051
923228209 923228103
778087760 778087865
778087760 778087686
254913158 254913155
254913158 784485154
516186126 516186125
516186126 516186128
587685640 923228112
587685640 587685641
254913155 784485172
254913157 784485154
254913157 254913156
254913156 784485172
778087789 778087759
778087789 33324491
778087789 257680452
778087789 778087661
778234287 250199788
778234287 250199789
517250378 517250380
778087781 778087806
778087781 778087737
517250374 517250388
517250374 517250372
517250377 517250376
517250377 517250372
517250376 517250388
517250370 517250386
517250370 517250369
517250372 517250367
92741846 237321743
92741846 279134566
92741846 583203503
893958605 788416423
893958605 438095864
893958605 788416462
893958605 788416681
893958607 299719895
893958607 299719894
893958607 13870878
893958607 315029323
787115246 704836869
787115246 704836852
775847163 775847264
775847163 775847089
775847163 775847138
1145811359 1145811355
775847167 775847115
775847167 836759968
775847167 307464181
775847167 775847326
775847167 775847212
775847168 775847266
775847168 775847191
738766229 215252774
738766229 738766213
738766229 738766174
738766229 335513226
775202868 18128903
775202868 18701150
521812473 521812475
521812473 773545382
521812473 773545417
775847207 775847265
775847207 775847273
775847207 775847329
565709359 315231601
565709359 315231605
565709359 565709356
773545351 773545359
773545351 773869890
773545351 773545386
773545353 773545421
773545353 773545367
773545355 773545457
773545355 773545439
773545357 773545424
768058413 449297864
768058413 449297827
565709352 565709349
565709352 565709356
93182144 11206074
93182144 307410680
93182144 257683267
98068011 20997906
98068011 773567069
98068011 98068023
98068011 98068029
13870874 13870875
13870874 315029311
13870875 1029366102
13870872 315029309
13870872 13870871
13870873 430592618
13870873 315029353
797447794 797447894
797447794 257683270
797447794 821713408
13870878 315029340
13870878 315308689
13870879 315029320
13870879 13870880
797447953 797447918
797447953 797447888
253415966 305286945
253415966 253415963
253415964 253415965
253415964 253415963
253415965 305286945
608986270 776954823
608986270 305286879
608986270 257689252
608986270 776955288
608986275 305286818
608986275 776955356
608986275 305286890
608986275 305286904
608986277 22120197
608986277 305286873
608986277 776954994
608986277 776955250
775817602 775817693
775817602 775817432
775817602 775817517
775817608 775817696
775817608 775817544
563245832 540999022
563245832 563245813
563245832 1145811412
563245832 563245836
563245836 540999022
563245836 563245851
563245836 1145811412
289881360 583203494
715866554 715866617
715866554 715866574
265561820 923227911
265561820 13879914
265561822 265561825
265561822 923228279
265561823 265561824
265561823 923228279
265561824 265561825
775817559 775817443
775817559 775817677
775817554 775817455
775817554 775817638
704836829 704836850
704836829 449297847
536515138 536515139
536515138 536515137
536515139 536515140
776955219 776954947
776955219 776955297
536515136 536515127
536515136 536515145
536515137 536515156
536515137 536515145
983565050 254905461
983565050 983585386
371195936 544554724
371195936 27140864
371195936 17209208
371195935 215252774
371195935 544554724
371195935 371195940
371195935 608986264
583203506 583203507
583203506 583204671
583203506 583203496
583203501 91761568
583203501 583203508
583203501 583203503
583203501 587685634
583203503 583203509
1130748936 1115417553
1130748936 1130748905
1130748936 288676524
583203509 583204672
583203509 583203508
583203508 583204671
1130748932 1130748955
1130748932 1115417547
1130748932 1115417254
784485255 20997905
784485255 18128901
784485255 257697840
567152889 315308768
567152889 315308766
567152889 315308760
775817397 775817693
775817397 775817474
775817397 775817500
1115417288 1115417543
1115417288 1115417237
567152887 563245800
257879646 257879647
257879646 257680468
257879646 257680464
1115417442 1115417393
1115417442 1115417328
836759968 836759913
836759962 836759903
836759962 449297830
18703873 510159879
18703873 254904281
18703873 473469776
673542143 673542148
673542143 673542150
673542148 305286836
673542148 309164503
797447948 797447922
797447948 797447848
797447949 797447928
797447949 797447923
797447949 797447864
836760063 836760128
836760063 880146693
797447944 797447879
797447944 797447906
797447945 797447919
797447945 797447923
797447940 797447840
797447940 797447849
797447940 797447875
248730148 26678244
788416853 788416782
788416853 775499099
788416853 775498845
1029366084 1029366102
1029366084 1029366086
248730145 257693043
248730145 788416673
248730145 26678249
715866567 922251309
773545379 773545443
773545379 773545421
319682540 20997908
319682540 20997909
784485321 257697839
784485321 784485316
773566967 773567008
773566967 773567051
773566967 773567076
775817443 775817590
775817443 788416569
775817443 836760155
371188634 15917989
536702470 536702460
536702470 536702468
536702470 536702476
536702476 536702463
288676527 288676525
288676527 288676514
288676527 33324490
288676527 11206923
778087776 778087811
778087776 778087626
778087776 778087797
248728379 254660475
248728379 248728724
248728379 254660477
1115417267 1115417452
1115417267 288676547
1115417264 1130748970
1115417264 35138375
1115417264 91758432
776954814 776954604
776954814 776955351
776954814 776954831
776954817 776955240
776954817 776954677
517250369 517250367
517250366 517250359
517250366 516186084
517250366 516186120
517250367 689962600
517250364 517250383
517250363 517250359
517250363 517250361
517250361 516186047
517250361 516186040
375635308 704836852
775847115 775847279
775847115 775847099
775847112 775847297
775847112 775847138
775847112 775847199
775847118 775847212
775847118 307464168
994401982 994401981
994401982 305286947
994401982 315815597
775847281 775847104
775847281 775847199
775847280 775847259
775847280 775847094
775847280 775847315
775498743 775499099
738766217 738766174
738766217 220413169
738766213 544554727
738766213 544554730
738766213 608986266
536702456 536702455
536702456 536702446
788416529 788416619
788416529 788416752
788416529 775498983
773567093 773567039
773567093 773567002
773567093 773567064
773567092 773567013
773567092 773567112
1147589328 1147589311
1147589328 1147589309
1147589328 563245819
773567090 773567073
773567090 773567008
773567090 773567051
773567097 773567105
773567097 773566989
773567097 773567023
773567096 773567106
773567096 773567103
773567096 773567020
773567095 773566957
773567095 773567017
773567095 773567032
773567094 773566964
773567094 773567108
773567094 773567015
773567099 773566969
773567099 773566952
776955250 776955369
776955250 305286932
1147589327 1147589311
1147589327 1145811380
1147589327 1147589309
565709345 315220297
565709345 315308780
93182156 93182161
93182156 93182154
93182154 18128903
93182154 783673768
784172096 689964657
784172096 784172061
784172096 784172012
93182151 15739246
773567079 773566964
773567079 773566957
773567079 773566988
773567070 773567101
773567070 773566931
773567073 536527129
773567073 773567039
773567076 773566946
773567076 773567058
784172075 784880888
784172075 784880926
608986269 13879913
608986269 673548098
608986269 220414616
608986266 738766192
608986266 17209208
608986264 15917989
608986264 738766177
608986264 738766175
535727987 535727964
535727987 797447866
788416782 788416752
801398471 257693043
315308805 315220295
315308806 315220300
339082474 339082475
339082474 339082468
339082474 339082469
510142662 510142653
510142662 510142646
315308809 315029314
315308809 20997907
315308809 315232084
563245823 518332600
563245823 1145811412
563245823 518727044
563245821 518332596
563245821 1145811419
563245821 563245819
563245813 540999015
563245813 563320501
563245829 563245776
563245829 1145811405
563245829 518332603
536527111 536527110
536527111 536527107
536527111 536527104
697806314 510159902
697806314 510159901
697806314 697806327
310172218 508063245
310172218 93194998
536527112 536527108
536527112 536527114
536527112 536527131
536527115 536527114
536527115 536527116
536527114 536527122
536527117 536527118
536527117 536527123
536527117 536527131
536527116 536527110
536527119 536527118
536527119 536527122
923227911 923227957
923227911 552433250
923227911 923227802
220413169 215252774
220413169 371195940
220413169 371195941
18128895 18128897
18128894 1163637970
18128897 20997908
18128897 788416681
563245793 563245774
563245793 315220291
563245793 315220289
563245797 563245800
563245797 315308760
563245797 563245779
704836830 375634610
704836830 704836877
22120198 776955274
22120198 536617045
22120198 305286905
22120197 305286818
22120197 305286879
22120197 776955369
248728945 18128902
248728945 18128901
248728945 248728944
248728944 248729083
248728944 784485154
51483329 26678245
51483329 787115238
983565063 776955332
983565063 776955284
51483320 787115229
51483320 787115238
250199788 778234322
250199788 249824557
250199789 91761568
315029324 315029321
315029325 315029326
315029325 315029323
315029320 315029340
315029320 315029321
315029321 315029323
775817492 775817533
775817492 775817585
544554727 215252774
544554727 544554724
544554727 17209208
544554724 738766177
521761734 521761732
521761734 521761736
521761736 521761743
521761739 521761741
521761739 521761749
257879652 536612699
257879652 257879653
257879653 536662534
257879653 257879650
257879650 738695998
257879650 536662536
257879651 738695998
257879651 983775804
776955332 776955245
1115417452 1115417333
1159213537 1159213587
1159213537 1159213647
836759950 836760122
836759950 836759913
776954792 776955260
776954792 776954954
673542150 673542151
776954797 776954696
776954797 776955291
776954797 776954891
776954797 776955266
257680374 305286829
257680374 257680406
776954556 776955245
776954556 776955353
776955025 776954671
776955025 776954584
776955025 305286879
776955025 305286877
449297831 704737788
449297831 449297840
776955021 776954826
776955021 776954761
15739246 788416648
15739246 20997909
254904281 510173229
254904281 254904282
254904282 16808415
254904282 248728380
536702463 536702464
536702460 536702461
536702460 536702464
536702461 536702451
536702466 536702468
536702466 536702459
517250353 517250352
517250353 517240856
517250353 517353545
517250352 517353540
517250352 517240855
536662534 536662524
536662536 792056194
257680401 778087674
257680401 33324491
257680401 257680470
257680401 305286871
257680401 776954703
257680404 305286871
257680404 1352311273
257680404 536619144
257680407 536547856
257680407 536547865
257680406 1334943246
257680406 536619144
257680409 536652788
257680409 536547854
776954954 776954831
776954954 776954604
776954957 776955230
776954957 776954631
715866574 715866631
517871431 517871430
517871431 517871433
517871430 517642318
517871430 517871429
517871433 517871432
517871432 315308704
517871432 517871424
517871432 563269609
517871435 517642320
517871435 923228154
517871435 517871440
517871435 517871437
517871435 305286813
517871437 305286811
517871437 517871436
517871436 517642320
517871438 923227802
517871438 305286817
517871438 517871440
517871438 923228154
315231596 315231598
315231596 315308765
315231596 315308777
315231592 315308783
775847297 775847272
775847297 775847123
26678253 305286836
26678253 307464187
26678253 305286892
775847299 775847105
775847299 775847170
773567084 773566995
773567084 773566952
773567085 773566955
773567085 773566997
516169702 510142648
516169702 516169698
516169702 510142647
773567087 773566999
773567087 773566957
773567087 773566979
773567081 773567044
773567081 773566994
773567081 773566949
315220295 315308745
315220295 315220293
315220297 315308746
315220297 315220300
93182161 319682016
315220291 315308723
315220291 315308750
773567089 773567005
773567089 773566960
315220293 315308745
315220293 315308781
994410565 994410567
994410567 315815606
773545359 773545411
773545359 773545434
1145811355 563245845
1145811355 1145811380
536612699 536612701
773567069 93195000
773567069 893958735
978299338 698302443
978299338 319060332
978299338 978299340
978299338 299720104
773567061 773567105
773567061 773567034
773567061 773567126
773567066 773567128
773567066 773566974
773567064 773567010
773567064 773567046
16808413 517642318
16808413 518362035
16808413 518362042
16808413 518362044
16808413 13870880
776954696 776954949
784172069 784172041
784172069 521761684
784172061 784172041
784172061 784172031
788416462 788416756
698302446 510142644
698302446 698302438
698302443 698302431
778234487 288676531
587685638 923227945
587685638 587685636
544377145 1143048369
544377145 563269608
776954690 776955004
776954690 776954947
776954690 776955388
521761686 521761688
521761686 521761684
587685635 923227945
587685634 923227945
587685634 587685611
587685636 587685641
279134596 279134515
279134596 279134618
292015421 292015277
292015421 292015275
510142657 510142656
510142657 698302438
510142656 510142655
510142655 510142654
510142654 510142653
510142653 698302426
510142653 510142644
339082475 315231605
563245816 14886728
563245816 1145811362
563245816 518332600
563245816 14886734
339082476 339082471
339082476 339082478
339082476 339082472
339082471 339082479
339082472 339082480
339082479 339082480
339082479 565709349
339082478 565709365
339082478 315308692
563245819 1145811424
775817712 775817640
775817712 775817471
536527101 836760018
536527101 536527097
536527101 536702396
536527101 536527105
536527106 536527107
536527106 536527105
536527104 536527108
536527104 536527096
536527105 836760094
536527105 536702403
797447797 797447896
797447797 797447796
797447797 797447845
536527108 536527110
797447796 797447858
13870871 673548098
13870871 315268580
797447934 797447869
797447934 797447910
797447934 797447834
500836970 257680475
500836970 257680470
500836970 778087797
500836970 776955388
516186100 516186102
516186100 516186098
516186102 516186104
983610215 305286947
983610215 257689253
516186104 516186106
516186106 516186109
516186109 516186111
516186109 516186073
776955230 776955240
776955230 776955002
776955230 776954677
983565073 994401977
983565073 994401985
983565073 994401971
775498818 788416610
775498818 775499086
1130748957 91758432
516186078 516186080
516186078 516186076
775817488 775817678
775817488 775817454
775817488 775817633
1130748951 288676512
1130748951 1130748915
775817486 775817407
775817486 788416569
775817486 775817579
516186076 516186072
516186076 516186070
516186070 516186068
516186073 516186052
516186072 516186075
516186072 516186132
438095864 438095866
438095864 775499086
288676512 11206916
288676512 1115417557
288676512 112064321
773545395 248729083
773545395 18128902
773545395 254671993
776954912 776955304
776954912 776955353
776955307 776954966
776955307 776955271
776955307 776954975
776955304 254905461
776955301 776954966
776955301 307464189
776955301 776955351
776955301 776955271
776955300 776955266
776955300 776954891
776955300 776955381
584802270 33324489
775498786 438095865
775498786 775499105
773545399 773545388
773545399 773545436
773545399 773545376
516186075 516186111
587686975 923228112
587686974 923228112
587686974 587685611
587686974 587685618
775817485 775817640
775817485 775817630
775817485 775817471
776954545 776955263
776954545 776954842
299719895 299719896
299719894 299719897
299719897 430592620
299719897 299719896
449297827 731247840
449297827 449297830
544554730 335513223
480372905 563245858
480372905 518727045
480372905 18128905
536702455 536575427
536702453 536702443
536702453 536575432
536702453 536575427
536702451 536702448
536702450 536702448
536702450 536702443
536702459 536702458
536702458 536527133
778087690 778087744
778087690 778087797
923228112 923228290
536662524 792056204
315230130 315308694
315230130 563269607
315230130 315308692
315230130 315029313
257680412 536652788
257680412 257680418
257680412 536619144
257680412 583185319
258382967 257879647
258382967 258382970
776954949 776955266
776954947 776954824
257680418 776955364
257680418 257680421
776954761 776955386
776954761 776955288
776954940 776955226
776954940 776955356
517871422 517871423
517871422 20997906
517871423 517871424
517871424 315029317
517871424 315029318
517871429 20997906
517871429 563269608
315815599 994402056
315815599 994402044
315815599 994402054
315815599 994401974
1172896054 307464168
1172896054 307464176
315815597 994401977
315815597 994402046
257697838 775499044
257697839 257697840
565709363 315308765
565709363 315220285
565709363 565709367
565709365 315231598
565709365 565709367
315220289 315308768
315220289 315308750
315220287 315220285
315220287 315308726
315220287 315308749
315220284 315308729
315220284 315220283
315220284 315308748
315220285 315308749
315220283 565709361
315220283 315308748
517353540 536515123
517353540 517353545
788416619 775498865
517353545 536515142
788416610 788416356
788416610 775498888
311930238 1143048369
311930238 563269609
341771822 252627084
341771822 341771793
341771822 258109340
112064321 288676545
112064321 112064282
510159891 510159890
510159891 510159892
18128905 18128903
18128905 98068023
18128905 776954682
510159890 510159889
773567057 773566972
773567057 773567124
773567054 773567121
773567054 773566969
510159893 698302415
510159893 510159888
510159893 510159881
773567051 773567027
797447802 797447910
797447802 797447901
510159895 510159911
510159895 510159896
258382970 258382969
258382970 258382971
775847139 775847245
775847139 775847128
775847139 775847315
775847138 775847243
299720107 299720106
299720107 299720104
299720106 299720105
299720105 978299340
299720105 299720104
775847136 775847312
775847136 775847243
291504274 689962600
305286882 536527128
305286882 305286879
305286882 305286818
305286882 776955274
305286887 305286870
305286887 305286871
305286887 583185319
307457689 307457686
307457689 307457691
307457686 305286859
307457686 307457702
307457683 922251301
307457683 305286957
307457683 305983050
307457683 305286961
510142644 510142645
510142645 698302426
510142645 510142647
510142646 510142648
510142646 698302426
510142647 516169665
563245800 315308757
339082468 339082480
339082469 565709349
430592619 430592618
430592619 299719896
536527134 536702437
536527134 536527133
536527134 536527125
536527133 536527132
536527132 536527123
536527132 536527131
257693043 253416181
776954824 776955286
776954824 776955388
776954824 305286866
315029346 315029347
315029346 315029345
536575430 536575432
536575430 536575435
536575433 536575432
536575433 536575435
536575433 536575429
536575433 775817517
536575432 836760136
516186113 516186139
516186113 516186111
775817585 775817402
516186116 516186089
516186116 516186094
776954823 776955310
776954823 776955295
776954823 994446816
775817580 775817668
775817580 775817454
254660475 248728376
254660475 254660474
254660474 254660477
254660477 248728380
536515165 536515167
536515165 536515150
536515165 536515126
776955226 776955260
536515166 536515167
536515166 536515159
536515166 536515153
536515161 536515159
536515161 536515153
536515163 536515168
536515163 536515162
536515162 536515157
536515169 536527129
536515169 536515167
536515169 517353602
536515168 517353602
673548098 539562055
775498865 775498872
775498865 775498983
371195940 371195941
371195940 738766175
371195941 583203494
784171984 784172012
784171984 773545371
784171984 784172020
784171984 784172002
1130748944 1115417553
1130748944 33324489
1130748944 1130748960
689962600 689962598
516186068 516186066
516186066 516186065
516186065 516186082
516186062 516186048
516186062 516186042
516186062 516186061
516186063 516186093
516186063 516186091
516186060 516186059
516186060 516186061
521761712 521761732
521761712 521761710
521761710 521761708
776955310 776954507
776955310 776954671
775817455 775817680
775817454 775817548
257680369 257689261
257680369 305286829
257680369 119093863
292015277 305286820
292015275 305286824
292015275 563245858
1159213647 1159213619
260305169 13870880
836760091 449297847
836760091 836760043
449297859 449297864
449297859 449297857
836760094 836759926
776955004 776954863
449297857 787115238
449297857 449297852
449297850 787115235
449297850 449297852
776955002 305286824
776955002 552433250
776955002 563245843
315308701 315308698
315308701 315308704
315308706 315029348
315308706 563269607
315308706 315029347
315308704 315308689
752086224 704836871
752086224 620388580
536702448 536702435
536702448 836760136
536702445 536702435
536702445 536702438
536702445 536702433
536702446 536702422
536702446 536702438
776954682 305286817
778125372 778125481
778125372 778125354
1115417254 1115417311
1115417254 1115417236
775847067 775847243
775847067 775847153
923228103 923228402
923228103 923228279
776954975 776954835
257680429 257680430
257680429 33324490
257680429 11206074
365229217 792056190
365229217 778234153
365229216 365229219
365229216 778234458
776954991 776955340
776954991 776954854
365229219 792056198
365229218 792056190
365229218 792056198
776954994 776954532
776954994 776954584
776954994 776954960
1147589311 1145811414
27140864 738033041
27140864 738766177
112064318 112064296
112064318 288676545
773567042 773567017
773567042 773567110
773567044 773566944
773567046 773566992
773567046 773566962
773567049 773567116
773567049 773566988
258109340 17209206
258109340 518362052
784172049 784880888
784172049 784172002
1145811424 1145811405
1145811424 1147589309
544377161 1143048380
544377161 1144215248
544377161 563269607
775847128 775847306
775847129 775847104
775847129 775847329
563320501 1145811362
563320501 518332596
587685618 587685616
587685618 583203492
587685611 923228290
775847123 775847252
775847123 775847321
305286899 26678251
305286899 305286845
305286895 776954966
305286895 305286896
305286895 305286940
305286896 26678251
305286890 305286902
305286890 307464189
305286892 783673776
773545445 773545443
773545445 773545414
307457691 305983050
307457693 305286956
307457693 307457695
307457693 305983050
307457695 307457699
307457699 307457702
773545373 773545441
773545373 773545422
773545373 773545349
826747405 26678245
826747405 393959318
536527128 776954826
536527128 305286820
536527129 517353600
983775789 983775786
983775789 257680468
697806327 510159881
697806327 510159896
536527125 536527123
923227945 923228290
341771815 518362061
341771815 341771798
341771815 341771793
773545374 773545442
773545374 773545419
773566931 773567024
299719417 516186120
784880852 20997915
784880852 788416681
784880852 784485316
517250383 517250384
517250383 517250386
536575427 536575429
983610236 983565092
983610236 257689260
516186125 516186122
797563711 257683268
797563711 797563695
516186122 516186046
516186122 516186137
516186120 516186118
521812475 773545394
521812475 689964657
516186129 516186139
516186129 516186131
516186128 516186168
983565092 983610222
994402044 994402043
994402044 994402051
565709367 315308795
994402049 994402051
1130748970 1115417309
1130748970 1115417543
1130748970 1115417236
775498872 775499105
776955356 776955260
776955356 776955345
516186053 516186047
516186053 516186054
516186052 516186058
516186051 516186059
516186051 516186050
516186051 516186058
516186050 516186049
516186056 516186058
516186056 516186055
516186055 516186054
784880807 784880893
784880807 784880841
248728377 248728724
248728377 16808415
248728377 93195007
248728377 689962598
248728375 18128901
776955369 776955260
776955369 305286931
375634613 704737782
375634613 787115250
375634613 711066571
375634613 449297830
776955364 994446815
775817440 775817363
775817440 783673757
775817440 775817423
776955362 776954826
776955362 776954842
776955362 776954610
319682013 319682012
319682013 319682015
319682012 18128903
319682012 319682016
319682016 319682015
257680397 257680395
257680397 257680399
775817590 775817368
775817590 836760096
775817590 775817677
775817593 775817504
775817593 775817680
279134568 91757711
279134568 983775786
279134568 279135373
305983050 27139858
279134566 279135373
279134566 91761568
797447919 797447828
518362038 299720356
518362038 518362044
518362035 517642318
518362035 563269609
1115417311 1115417435
1115417311 91756114
449297847 704836877
449297845 704836877
449297845 449297840
521761708 521761706
315308731 315308729
521761701 521761703
521761701 521761699
521761703 521761684
521761706 521761697
778087626 778087668
778087838 778087744
778087838 257680470
778087838 257680479
778087838 778087879
536702435 536702436
536702435 836759926
536702437 536702436
536702431 536702428
536702431 536702433
711066571 307457707
711066571 704836871
711066571 449297830
119093863 552433250
119093863 563245843
583203507 583204672
836759986 836759908
836759986 836760046
257680430 257680432
257680430 778087811
257680432 257680479
257680432 257680437
257680436 257680452
257680436 257680479
257680436 257680458
257680437 257680458
257680437 797563687
776954966 776954624
778125198 778125179
778125198 778125247
776954960 776955242
776954960 776954986
335513226 13879913
335513226 335513223
776954748 776954532
776954748 776954969
536617045 18128903
776954969 776954906
775847241 775847107
775847241 775847268
775847245 775847152
775847245 775847289
776954986 776954891
1145811380 1145811414
788416673 788416308
788416673 26678244
773567034 773566955
773567037 773566992
773567037 773566960
978299340 510159880
978299340 252627084
773567032 773567091
773567032 773566952
773567039 773567008
773567039 517353600
983775804 536612701
784172031 521761781
1145811419 518332596
1145811419 1145811405
1145811414 563245848
783673763 775817668
783673763 775817427
783673763 783673780
698302431 516169638
250203160 587685677
250203160 536652768
689964657 689964659
689964657 521812478
250203162 583203497
250203162 587685591
775817528 775817662
775817528 775817408
775817528 775817479
93195000 310227804
93195000 93194998
93195007 257700502
93195007 689964659
689964659 521812465
689964659 773545417
517250380 517250381
517250381 517250384
517250386 517250388
587685608 923228290
257879649 21482733
257879649 33324491
257879649 305286864
257879649 778087661
305286861 11206074
305286861 305286912
305286861 611856639
305286861 797563742
305286864 21482733
305286864 1334943245
305286864 305286871
305286866 776955391
305286866 305286870
305286866 797563742
254671993 508063246
254671993 254671994
254671993 773545384
254671994 257700502
254671994 508063245
254671995 508063245
254671995 310227804
254671995 773545392
254671995 254671996
254671996 508063246
254671996 773545392
254671996 310227807
257879647 258382971
776954604 776955345
783673766 775817375
783673766 775817563
783673766 775817350
93194998 98068029
93194998 257700502
237321743 91760811
923227957 923227802
923227957 923227967
923227957 13879914
305286918 309164503
305286918 305286929
305286918 305286856
305286918 787115230
536515149 536515150
536515149 536515147
315308745 315308746
315308745 315561714
536515142 536515141
521812464 773545453
521812464 521812461
521812465 773545453
521812465 521812478
536515147 536515146
536515146 536515155
536515146 536515156
536515145 536515152
536515144 536515151
536515144 536515127
536515144 536515126
775817699 775817611
775817699 775817405
994402051 994402094
994446816 776954671
775817696 775817402
775817696 775817533
775498845 775499000
521761751 521761780
521761751 521761752
1130748960 1130748905
18128902 310227805
18128902 508063246
18128901 21511431
299719247 299719366
516186040 299719366
516186040 516186042
91758432 792056202
516186042 516186041
775499000 788416752
516186048 516186049
521761754 521761752
521761754 521761759
784880832 773545434
784880832 773545414
518332603 315232084
518332603 518332611
775817479 775817403
775817478 783673760
775817478 775817402
775817478 775817650
33324529 265561818
33324529 715866638
33324529 257690326
775817471 775817544
516186138 516186169
516186138 516186143
516186138 516186186
516186131 516186140
516186132 516186133
516186133 516186134
516186134 516186135
516186135 516186137
279134515 35138374
279134515 279135373
292842945 1115417337
292842945 98870252
1115417309 1115417237
288676543 112064296
288676545 1115417557
288676547 288676523
288676547 570105735
288676547 288676546
288676546 11206916
288676546 1115417557
288676546 98870252
521761779 521761780
521761779 521761778
521761778 521761776
521761776 521761773
521761771 521761784
521761771 521761769
521761773 521761755
565709361 566710754
565709361 315308777
792056189 792056206
792056189 91757712
792056189 792056200
792056188 792056197
536702428 536702426
536702429 536702424
536702429 536702419
536702426 536702424
536702424 536702422
536702422 536702420
536702420 536702396
536702420 536702419
797447880 797447928
797447880 797447818
923228286 776954507
923228286 257689252
923228286 776954849
923228286 305286947
797447889 797447868
797447889 797447829
797447888 797447828
836760122 836760155
836760126 836759881
836760126 836760018
797447869 797447808
797447868 797447933
797447863 672003257
797447863 21482737
797447865 797447902
797447865 922251301
797447865 797447930
797447864 797447929
797447864 797447884
536702396 536702403
536702399 536702405
536702399 536702401
517353605 517240866
517353605 893958735
517353605 517353600
517353602 517240857
517353602 517353600
257690322 922251334
257690322 257690324
536515141 536515140
257690327 922251334
257690327 535728069
257690327 257690345
257690326 265561818
257690326 257690324
257690326 257683270
775847252 775847096
305286912 307410686
305286912 305286907
307464176 307464178
994401974 994401973
994401974 994401971
994401974 994401975
994401976 994401977
775847259 775847279
775847259 775847099
994401970 994401971
778087879 778087877
778087879 778087606
778087877 778087674
517250268 315029348
517250268 299720039
307410686 731247826
307410686 305286856
307410686 307410680
307410680 672003243
307410680 305286921
836759881 836774027
836759881 836760021
307410689 672003257
307410689 257683266
922251321 821713395
922251321 797447840
922251321 797447901
922251321 821713408
775847329 775847170
775847326 775847279
788416648 20997905
788416648 319144702
775847321 775847199
773567027 773567000
773567027 773567131
773567024 773567023
773567023 773567114
773567020 773567000
773567020 773567131
775847071 775847087
775847071 775847220
775847071 775847268
788416423 788416356
773567029 773566944
773567029 773567101
783673757 775817611
783673757 775817638
783673756 783673782
783673756 783673781
516169638 516169646
516169638 516169637
783673758 783673777
783673758 783673781
773567058 773566992
773567058 773566941
587685677 587685682
517353469 257680399
517353469 257680393
517353469 257680389
1029366086 315029308
305286873 776955291
305286870 776955291
305286870 776954703
305286877 536652789
315220300 315308746
563245851 563245845
563245851 563245848
315561714 315561715
563245858 305286817
563245858 776954677
257689261 315815606
257689261 983610240
784172082 773545394
784172082 784880926
784172082 784172002
923227967 220414616
923227967 13879914
923227967 305286813
583203492 249824570
583203492 583203489
583203497 536652767
583203497 583203496
583203496 583203495
583203495 91760811
583203495 289881351
583203495 583203494
516186045 516186181
516186045 516186046
516186046 516186041
375634618 375634610
375634618 704836864
375634618 787115250
516186041 516186082
536515159 536515157
536515154 536515155
536515154 536515150
305286900 305286902
305286900 307464187
305286900 305286904
536515157 536515156
305286906 305286836
305286906 305286845
305286906 305286907
536515151 536515152
305286904 305286905
305286905 776955274
305286905 305286818
704737782 704737788
704737782 375634610
704737788 836760010
704737788 449297830
518332612 563245848
518332610 518332611
776955340 776955286
776955340 776955388
775817464 775817389
775817464 775817563
516186098 516186096
775817468 775817521
775817468 775817566
775817468 775817436
340876323 340876326
340876323 518362048
258616744 258616743
258616744 787115231
516186094 516186086
516186093 516186084
516186091 516186089
783673782 783673769
783673782 775817403
516186141 516186140
516186141 516186142
516186143 516186142
821713408 257683266
672003265 672003243
672003265 305286921
672003265 672003260
672003265 257683266
672003260 672003257
672003260 672003280
784485167 775499044
784485167 784485316
783673781 775817662
1163637970 788416684
1163637970 20997908
518362057 518362048
518362057 518362063
518362050 518362046
518362050 518362059
315231601 315231603
315231601 566710753
776954507 776955295
776954507 776954871
518362059 518362052
315231603 315308780
315231603 315308777
1115417333 288676522
315308757 315308760
315308757 315308750
315308757 315232084
315308750 315308749
776955297 776954863
776955291 776955391
98870258 288676522
521761769 521761783
521761767 521761781
521761767 521761765
521761765 521761763
521761763 521761761
521761761 521761759
536702413 536702419
536702413 536702414
536702412 536702416
536702412 536702409
536702416 536702405
792056198 792056203
792056198 792056190
536702414 536702409
792056197 792056207
792056194 792056195
792056194 792056204
792056195 778234153
299719969 299719964
299719969 299720039
797447895 797447911
797447895 797447833
797447895 797447813
797447896 797447858
775817474 775817678
775817474 775817647
797447899 797447837
797447899 257690348
797447899 257690350
315383703 315383700
315383703 315383706
315383700 315383697
315383706 583203489
315383709 583203489
315383709 315383712
738033051 738033059
797447879 797447817
319060332 16808415
319060332 340876329
797447873 797447811
797447873 797447938
797447875 797447813
20938594 18703872
20938594 473469775
20938594 20938593
252627084 510159879
20938593 510142593
257680458 257680464
257680452 983775792
540999022 540999020
778125179 778125481
778087606 778087806
775847266 775847105
775847265 775847104
775847265 775847153
775847264 775847152
775847264 775847312
775847268 775847192
517250270 315029344
517250270 517250272
778087865 792056205
517250272 517250273
517250273 299720039
788416788 20997908
788416788 788416375
788416788 26678244
922251334 257690319
922251334 257690356
315029316 315029315
315029316 315029317
315029316 315029318
922251332 257690354
922251332 797447827
788416652 788416756
315383675 315383679
315383675 315383712
784172012 248728725
698302415 510159880
698302415 510159887
983610222 257689253
516169645 516169648
516169645 516169642
516169644 516169655
516169644 516169643
516169647 516169646
516169647 516169648
516169646 516169651
516169641 516169640
516169641 516169637
516169640 516169639
516169643 516169642
516169642 516169695
516169649 516169654
516169649 516169667
516169649 516169648
516169648 516169639
517353472 98068023
517353472 257680389
305286845 307464189
563245845 518727046
307464189 307464187
563245843 480372897
563245843 257689252
307464181 307464178
517240856 517240855
517240856 517240857
773567013 773567124
773567010 773567091
773567010 773567121
773567017 773567128
773567015 773567126
773566949 773567112
773566949 773566977
773566946 773566962
773566944 773567112
258382971 778087661
773566941 773567119
773566941 773567000
299720356 516086178
299720356 518362052
11206923 11206916
11206923 288676513
11206923 288676524
994402078 994402080
994402074 983610360
305286936 305286932
305286936 305286940
994402076 983610360
305286932 305286931
305286931 305286940
305286930 309164503
305286930 305286922
983610360 315815606
983610360 994402086
775817678 775817389
510159903 516169698
510159903 516169699
510159903 510159904
510159902 510159899
510159902 510159904
510159901 510159878
510159901 510159885
510159900 510159899
510159900 510159908
510159900 510159910
510159909 510159908
510159909 510159910
510159908 510159896
784880926 784880788
14886728 91760811
14886728 258382969
775498888 775498983
516186080 516186082
516186084 516186086
516186086 516186088
516186088 516186096
983610240 257689260
797563742 611856640
516086188 341771793
516086188 341771798
518362046 518362044
518362046 518362042
518362046 518362048
776954532 776954906
11206074 611856640
518362042 517642318
315308726 315308727
249833279 15917989
775817521 783673760
775817521 775817510
563269608 98068029
248728725 248729083
248728725 248728724
510159878 510159877
510159878 510159897
315308748 315308746
315308748 315308749
33324490 257683269
33324490 91757711
510159877 510159880
510159877 510159887
315308743 220414616
315308743 305286811
315308743 315232084
776955286 776954854
776955284 776954849
521761750 521761784
521761750 521761749
521761755 521761743
776955281 776955242
776955281 776955381
776955288 776954826
776955288 776954842
536702401 536702403
797447849 797447911
797447848 797447923
797447848 797447823
797447845 797447834
797447845 797447907
797447842 797447903
257680464 983775792
775847289 775847089
775847289 775847315
257680468 797563633
778125162 91757712
778125162 288676530
18701150 310227804
18701150 310227807
783673764 783673776
778087674 778087650
518727045 518727046
518727044 480372897
518727044 518727046
783673777 775817662
783673777 783673769
773567091 893958735
778087811 257680475
731247840 672003297
731247840 704836871
922251309 715866617
922251309 751999383
922251309 751999375
922251301 307457705
922251301 797447830
775847306 775847176
792056185 792056206
792056185 792056202
516169656 516169693
516169656 516169699
516169656 516169658
783673776 783673768
516169655 516169699
516169655 510159897
21482737 305286956
21482737 672003280
516169653 516169654
516169653 516169651
516169658 516169659
516169659 516169661
775847272 775847178
775847272 775847192
775847273 775847156
516186118 516186096
516186118 516186186
521812461 521812459
797447884 797447910
797447884 797447823
521812478 521812480
773567008 773567002
257690356 257690355
773567002 773566962
773566972 773566989
773566972 773567101
773566977 773567106
773566977 773566994
994402036 994402037
570105738 570105737
570105738 570105733
570105738 33324488
570105737 570105735
258382969 21482733
570105735 570105733
994402037 994402080
994402037 994402094
570105733 288676523
715866638 715866617
715866638 33324489
305286856 611856641
305286856 305286921
305286921 672003280
305286922 305286929
994402084 994402086
994402086 994402080
305286929 787115229
563245769 563245776
563245769 563245774
775817666 775817427
775817666 775817353
880146710 880146696
880146710 880146699
775817668 775817389
510159910 510159911
510159911 510159898
49969051 248728380
784880841 784880888
14886734 13879914
14886734 220414616
775817407 775817383
775817405 775817568
797563687 797563633
1159213587 778087648
1159213587 792056200
775817408 775817624
775817408 775817370
773566999 773567116
1159213619 778087648
773566995 773567110
773566994 773567103
773566997 773567114
516186169 516186171
516186168 516186181
516186168 516186179
516186189 516186188
516186189 516186179
516186189 516186186
516186188 516186185
792056206 35138374
792056204 792056205
792056205 792056200
516186185 516186184
516186184 516186181
315308772 315308765
315308772 315308768
315308772 315308692
33324488 585995028
33324488 570105741
33324488 585995046
521761741 521761699
315029353 315029347
778087686 778087648
611856640 257680475
611856641 307457702
611856641 672003280
535728069 535727978
672003243 257683266
1334943246 21482733
1334943246 1334943245
797447858 797447922
704836864 704836850
773545457 773545455
773545457 773545363
773545455 773545411
773545455 773545371
773545451 773545390
773545451 773545414
773567005 773567119
778087668 778087744
257690317 27139858
715866617 715866634
715866613 715866631
715866613 715866634
517642321 257680389
517642321 517871440
517642321 517871443
517642320 20997907
775817517 775817510
775817517 775817647
310227805 20997905
310227805 310227807
773566974 773566979
1115417435 1115417377
776954671 994446815
315383697 315383694
776954677 776954631
566710754 566710753
566710753 315231598
783673768 783673780
783673769 775817624
516169668 516169688
516169668 516169667
783673760 775817630
26678251 305286942
516169661 516169693
516169661 516169688
776954871 257680421
516169667 516169695
516169665 516169693
516169665 516169654
510159887 510159886
510159887 510159883
775847191 775847156
517871443 20997906
517871443 20997907
1144215248 1143048368
1144215248 1143048369
773567105 773566964
773567106 773567131
773567108 773566988
1145811362 518332600
473469775 17209206
473469775 473469776
473469776 18703872
778234322 583203493
13870880 510142593
305286824 305286820
563245776 563245779
994402093 994402094
305286957 305286956
775817652 775817363
775817652 775817568
775817650 775817361
775817658 775817624
775817658 775817370
775817658 775817373
775817432 775817424
775817436 775817361
773566982 893958735
516186175 516186177
516186175 516186173
516186177 516186179
516186171 516186173
983610262 536547860
983610262 257680421
583185319 536652789
583185319 776955266
518362061 340876329
518362061 518362052
518362063 340876329
518362063 340876326
775817504 775817423
775817500 775817422
521812480 521812459
315308766 315029314
315308766 315029313
510159892 510159882
510159894 510159888
510159894 510159884
510159897 516169637
510159899 510159898
315029348 315029308
585995028 33324489
784880877 784880794
784880877 773545439
315029344 315029345
315308783 315308781
315308783 315231607
315308780 315231607
836760096 836760014
611856639 305286942
797447827 257690353
773545440 773545381
773545440 773545345
773545441 773545397
773545441 773545446
773545442 773545428
773545443 773545444
773545444 773545381
773545444 773545438
797447828 797447818
773545446 773545382
773545447 773545412
773545447 773545388
773545447 773545415
836759931 836760147
836759931 836760014
778087650 778087759
257680393 257680395
797447918 797447817
836760010 704836877
778234153 778234458
112064296 112064282
315383683 315383679
315383683 315383687
315383687 315383691
20997909 20997915
20997905 20997915
20997907 315029317
26678249 26678248
26678249 26678246
26678248 26678247
776954849 254905464
26678243 26678246
26678243 26678245
26678243 26678244
26678247 26678246
26678245 787115251
797447830 797447829
751999383 751999371
751999381 751999371
751999381 751999379
299719964 299720037
307457702 704836871
315231605 315231607
1143048380 1143048371
536652768 536652767
583204672 583204671
517240854 517240866
517240854 517240858
517240854 517240862
517240857 517240858
517240853 517240855
517240853 517240867
517240853 517240862
517240859 517240860
517240859 517240858
305286945 305286942
787115238 787115236
784880917 784880794
784880917 784880751
775817424 775817510
775817424 775817351
775817427 775817375
775817422 775817350
552433250 305286817
585995046 33324489
1115417377 1115417547
510159882 510159885
510159883 510159884
288676514 288676530
288676514 288676513
510159886 510159885
288676513 35138375
288676513 1130748915
983565013 254905461
983565013 776954599
510159888 510159889
438095871 438095866
438095871 438095870
521761781 521761783
775817353 775817375
775817351 775817566
797447837 797447938
773545439 773545371
773545434 773545426
773545434 773545363
773545437 773545361
773545436 773545369
773545436 773545349
773545430 508063245
773545430 773545392
773545432 773545422
773545432 784880788
836759922 836759903
836759922 836759910
91757712 91757711
787115237 787115234
787115234 449297830
787115231 787115230
787115230 672003297
787115230 787115229
797447902 797447803
797447903 257690345
797447906 797447807
797447907 797447808
1115417393 1115417553
778087648 778125354
773545382 773545422
438095870 438095869
773545386 773545426
773545386 773545419
773545384 773545424
773545384 508063245
773545384 508063246
776954610 776955263
778087737 778087759
516169688 516169695
797447833 797447933
775847220 775847090
775847220 775847192
775847156 775847105
788416569 775817383
792056207 792056203
249824557 587685587
249824557 587685586
773545369 773545376
773545369 773545397
773545361 773545428
792056202 288676531
773545363 773545411
773545365 773545412
773545365 773545376
773545367 773545414
775847087 775847107
1143048403 1143048371
1143048403 1143048366
583203493 249824570
583203493 587685587
775817638 783673780
775817630 775817544
775817633 775817548
775817633 775817370
254905464 776954599
254905464 983585386
289881351 289881346
880146693 880146698
265561818 257683269
880146699 880146698
535727964 535727978
288676523 11206916
288676523 288676524
288676522 98870252
738033041 738033059
288676525 288676524
776955242 776954584
784880788 773545394
784880893 784880751
775817368 775817579
836760147 836759908
773545428 773545390
773545428 773869890
521761688 521761690
27139858 305286961
257690348 257690345
797447930 797447803
797447930 797447807
438095865 438095867
438095866 438095869
438095867 438095869
587685589 587685682
587685589 587685683
587685589 587685590
776954624 776954831
922251290 257690354
922251290 257690355
775847099 775847094
775847090 775847178
778125354 778125247
775847096 775847178
775847094 775847176
1143048366 1143048368
305286811 305286813
305286813 923228154
773545397 773545349
257683270 257683267
536527096 536527097
17209206 516086178
289881346 289881341
288676530 35138375
288676530 288676531
288676531 35138374
1115417557 1115417337
776955271 776954835
315029315 315029314
315029311 517628115
315029313 315029318
536547859 536547857
536547859 536547854
536547856 536547857
775817373 775817548
775817373 783673780
315308689 315308694
773545412 773545345
773545415 773545345
521761692 521761690
521761692 521761694
521761697 521761694
517628115 315029309
797447928 797447929
257690350 797447811
257690350 257690351
257690351 257690352
257690352 257690353
776954584 776954906
587685591 587685684
587685591 587685592
587685683 587685684
923228154 923227802
751999379 751999375
731247826 309164503
517240866 517240867
517240860 517240861
517240861 517240862
257683267 257683268
257683268 257683269
299720039 299720037
1352311276 1352311273
315383691 315383694
536515123 536515124
536515124 536515126
1130748905 1130748904
536547863 536547862
536547863 536547865
536547862 536547860
315308694 315308696
315308696 315308698
