773545405 10.01081952 53.55539392
773545407 10.01190121 53.5552231
773545401 10.01193197 53.55569106
773545403 10.01207253 53.55541588
836759977 10.020998 53.55423588
773545409 10.01216239 53.55462396
26678250 10.01848276 53.55370648
923228331 10.00925521 53.55205164
517234944 10.00951748 53.55434837
517234945 10.00965226 53.55464014
787115245 10.0217315 53.55339207
787115242 10.01925348 53.55314506
787115243 10.02222453 53.55451416
787115240 10.02091804 53.55414753
335396954 10.00599691 53.54834944
797447954 10.02096414 53.5526465
797447956 10.0207276 53.55087876
787115248 10.01936923 53.55292017
787115249 10.02025637 53.55411216
279136229 10.0160583 53.54855999
836760055 10.01377716 53.55288463
788416841 10.01760073 53.55615844
836760053 10.01877646 53.55339199
836760051 10.00740683 53.55398551
836760059 10.00875967 53.55211719
776954934 10.01274191 53.55244961
319682535 10.01465592 53.55461457
319682536 10.01480537 53.55461734
319682537 10.01529529 53.55484851
319682538 10.01649483 53.55537858
319682539 10.01785906 53.55601184
731247854 10.01901158 53.55294389
737921930 10.00583598 53.54883877
923228209 10.00899897 53.55185827
778087760 10.01289019 53.54977796
254913158 10.01262021 53.55634812
335396958 10.00602214 53.54825112
516186126 10.00865238 53.5550786
587685640 10.00830101 53.5493986
254913155 10.0132719 53.556731
254913157 10.0134356 53.55592559
254913156 10.01389183 53.5562379
778087789 10.01107106 53.55091723
778234287 10.00913023 53.54830728
517250378 10.01053923 53.55462832
778087781 10.01167758 53.55096509
517250374 10.00974027 53.55491649
517250377 10.00951522 53.55509922
517250376 10.00964522 53.5551086
517250370 10.00966743 53.55488263
517250372 10.0095754 53.55489948
92741846 10.0097505 53.54996748
893958605 10.01695147 53.55643898
893958607 10.0070278 53.5541669
787115246 10.02146479 53.55347807
775847163 10.01812988 53.55387881
1145811359 10.01009809 53.552286
775847167 10.01861721 53.55333172
775847168 10.0180024 53.55369223
738766229 10.00648013 53.55036939
775202868 10.01277427 53.55445347
521812473 10.01013372 53.55525118
775847207 10.01779846 53.55374076
565709359 10.00640419 53.55342501
773545351 10.01174287 53.55565116
773545353 10.01192803 53.55539703
773545355 10.01084006 53.55535981
773545357 10.012196 53.55470502
768058413 10.01959127 53.55305202
565709352 10.00625482 53.55351093
565709356 10.00634568 53.55352954
93182144 10.01754391 53.55213529
98068011 10.00987413 53.5535836
13870874 10.00823723 53.55257794
13870875 10.00808401 53.55261231
13870872 10.00794327 53.55215147
13870873 10.00723056 53.55397277
797447794 10.01964869 53.55185592
13870878 10.00710257 53.55430034
13870879 10.00650444 53.55460133
797447953 10.02159371 53.55199288
253415966 10.01545798 53.55233838
253415964 10.01386651 53.55171829
253415965 10.01551481 53.55195801
253415963 10.01397187 53.55226907
608986270 10.01304307 53.55234886
608986275 10.01359871 53.55251977
608986277 10.01349536 53.5522456
775817602 10.01364959 53.55289193
775817608 10.01358019 53.55331236
563245832 10.01004613 53.55206874
563245836 10.01017739 53.55210713
289881360 10.00633101 53.55018952
715866554 10.02092743 53.55061238
265561820 10.00903208 53.55202691
265561822 10.0088978 53.55191711
265561823 10.00964581 53.55201878
265561824 10.00970062 53.55187637
265561825 10.00895271 53.5517747
775817559 10.01756972 53.55294113
775817554 10.01454897 53.55336282
704836829 10.02071017 53.55423722
536515138 10.01004068 53.55292529
536515139 10.01006901 53.55288824
776955219 10.01346896 53.55150028
536515136 10.01014998 53.5528677
536515137 10.01009449 53.55294783
983565050 10.01036363 53.5519104
371195936 10.00606749 53.55006253
371195935 10.00656143 53.55010796
583203506 10.00856731 53.55032958
583203501 10.00926904 53.54968216
583203503 10.00968461 53.54992096
1130748936 10.01894276 53.54993429
583203509 10.00896394 53.55018499
583203508 10.0087927 53.55012523
1130748932 10.01510502 53.54850316
784485255 10.01446716 53.55607831
567152889 10.0077556 53.5533168
775817397 10.01371304 53.55284071
1115417288 10.01453581 53.548634
567152887 10.0085979 53.55119828
257879646 10.01150508 53.55053552
1115417442 10.01943168 53.5498508
836759968 10.01801229 53.55336827
836759962 10.02064747 53.55312477
18703873 10.00808258 53.55615634
673542143 10.01811253 53.55264022
673542148 10.0178102 53.55287022
797447948 10.02078058 53.55176347
797447949 10.02096087 53.55199439
836760063 10.02415941 53.55386976
797447944 10.02175757 53.55220453
797447945 10.02109901 53.55181804
797447940 10.01948272 53.55248138
248730148 10.0175652 53.55445968
788416853 10.01757743 53.55630722
1029366084 10.00760029 53.55298966
248730145 10.02110119 53.55602114
715866567 10.02104938 53.55078698
773545379 10.01187916 53.55537783
319682540 10.01785906 53.55606842
784485321 10.01578446 53.55645474
773566967 10.0114475 53.55355653
775817443 10.01743896 53.55292587
371188634 10.00657769 53.54825573
536702470 10.01202241 53.5533075
536702476 10.01224126 53.55340909
288676527 10.01749747 53.5496234
778087776 10.01375839 53.55144529
248728379 10.01060067 53.55626606
1115417267 10.01813357 53.54897414
1115417264 10.01458442 53.5487371
776954814 10.0155175 53.55255179
776954817 10.01001486 53.55229597
517250369 10.00968637 53.55481851
517250366 10.00925613 53.55464718
517250367 10.00960717 53.55480543
517250364 10.01032357 53.55473192
517250363 10.00859857 53.554516
517250361 10.00858323 53.55456143
375635308 10.02244497 53.55348872
775847115 10.01849358 53.55342937
775847112 10.01793677 53.55402952
775847118 10.01785856 53.55342996
994401982 10.01282548 53.55208156
775847281 10.01753452 53.5538561
775847280 10.01838277 53.55366918
775498743 10.01781883 53.55625324
738766217 10.00675329 53.55034726
738766213 10.0063565 53.5503533
536702456 10.01271677 53.55258397
788416529 10.01724249 53.55616179
773567093 10.0110118 53.55353758
773567092 10.01289237 53.55401158
1147589328 10.00932268 53.55214652
773567090 10.01139083 53.55335
773567097 10.01238644 53.55429849
773567096 10.01203632 53.55386121
773567095 10.011203 53.55393539
773567094 10.01190146 53.55407327
773567099 10.0110574 53.55376658
776955250 10.01363408 53.55226018
1147589327 10.00953692 53.55223772
565709345 10.00626941 53.55306593
93182156 10.01512531 53.5541752
93182154 10.01435266 53.55359307
784172096 10.01062112 53.55546861
93182151 10.01524668 53.55488883
773567079 10.01165822 53.55407512
773567070 10.01264561 53.55416581
773567073 10.01129268 53.55330616
773567076 10.0113366 53.55363691
784172075 10.01057368 53.55527633
608986269 10.00615047 53.551783
608986266 10.0061094 53.55032757
608986264 10.00656881 53.55002699
535727987 10.02524629 53.55251901
788416782 10.01747333 53.55626204
801398471 10.02194323 53.55541538
315308805 10.00683401 53.55031256
315308806 10.00711992 53.54978718
339082474 10.00603798 53.55330683
510142662 10.00936828 53.55633823
315308809 10.00819381 53.55248666
563245823 10.0101913 53.55200311
563245821 10.00881784 53.55209866
563245813 10.00888004 53.55195122
563245829 10.00863503 53.55217871
536527111 10.01085967 53.55262027
697806314 10.00867317 53.55610538
310172218 10.01139679 53.55475137
536527112 10.01095648 53.55283568
536527115 10.01102689 53.55272697
536527114 10.01107366 53.5527527
536527117 10.01148027 53.5527491
536527116 10.01104659 53.55270861
536527119 10.01133149 53.55272228
536527118 10.01136376 53.55269948
923227911 10.00894273 53.55209933
220413169 10.00676436 53.5502637
18128895 10.01920813 53.55774924
18128894 10.02034489 53.55720852
18128897 10.01725708 53.55671567
563245793 10.00772928 53.5521917
563245797 10.00810521 53.55226152
704836830 10.02062208 53.554056
22120198 10.01319269 53.55319711
22120197 10.01348237 53.55237024
248728945 10.01343023 53.55585719
248728944 10.01312312 53.55598493
51483329 10.01870052 53.55377496
983565063 10.01275348 53.55227686
51483320 10.01948708 53.55306317
250199788 10.0087295 53.54879426
250199789 10.00924549 53.54826998
315029324 10.00616162 53.55464299
315029325 10.00699201 53.55402407
315029326 10.006918 53.55395869
315029320 10.00656998 53.55455934
315029321 10.00644316 53.5544772
315029323 10.00700299 53.55412281
775817492 10.01381228 53.55338176
544554727 10.00630771 53.55021139
544554724 10.0063176 53.55008173
521761734 10.0104855 53.55573624
521761736 10.01057184 53.55576876
521761739 10.01032457 53.55588711
257879652 10.01129008 53.55055287
257879653 10.0104244 53.55028683
257879650 10.00967036 53.55063007
257879651 10.0109854 53.5508946
776955332 10.01023204 53.55214661
1115417452 10.01824623 53.54881002
1159213537 10.01527484 53.54903826
836759950 10.01735079 53.55323843
776954792 10.01364934 53.552416
673542150 10.01821513 53.55262412
673542151 10.01897227 53.55288011
776954797 10.01340149 53.55156968
257680374 10.00985108 53.55187646
776954556 10.01012911 53.55215264
776955025 10.01326603 53.55223244
449297831 10.02051831 53.55332787
776955021 10.01295054 53.55245724
15739246 10.0159086 53.55519938
254904281 10.00869999 53.55667233
254904282 10.0097044 53.5562001
536702463 10.01242918 53.55326609
536702460 10.01219038 53.55317968
536702461 10.01215878 53.55316409
536702466 10.01192761 53.55328646
536702464 10.01221033 53.55316459
536702468 10.01194354 53.55327188
517250353 10.0102726 53.55315202
517250352 10.00983574 53.55319191
517250359 10.00926929 53.55459806
536662534 10.01266958 53.54982918
536662536 10.00879161 53.55041457
257680401 10.01149879 53.5510469
257680404 10.01133392 53.55130691
257680407 10.0099302 53.55190948
257680406 10.01004613 53.55137572
257680409 10.01027068 53.55107532
776954954 10.01364808 53.55243779
776954957 10.01099127 53.55233914
715866574 10.02098342 53.55059973
517871431 10.00833731 53.55421442
517871430 10.00840872 53.55420361
517871433 10.00827964 53.55441601
517871432 10.0081814 53.55441408
517871435 10.00878859 53.55223152
517871437 10.00860167 53.552229
517871436 10.00868666 53.5523181
517871438 10.00899688 53.55218952
315231596 10.00693158 53.55333474
315231592 10.00581259 53.55308748
775847297 10.01786443 53.55408777
26678253 10.01592301 53.55277248
775847299 10.01769922 53.55363213
773567084 10.0111061 53.55378158
773567085 10.0123483 53.55405441
516169702 10.00910668 53.55612424
773567087 10.01150332 53.55391351
773567081 10.01245542 53.55399783
315220295 10.00643042 53.55196262
315220297 10.0066569 53.5521477
93182161 10.01461192 53.55459714
315220291 10.00775761 53.55214082
773567089 10.01140869 53.55376817
315220293 10.00637292 53.55210503
994410565 10.01071048 53.55180898
994410567 10.01099747 53.55175961
773545359 10.0115164 53.5556033
1145811355 10.01001511 53.55227996
536612699 10.01127944 53.5505952
773567069 10.01052322 53.55379533
978299338 10.00873411 53.55562417
773567061 10.01220178 53.55407838
773567066 10.0113454 53.55381083
773567064 10.01094483 53.55360757
16808413 10.00794386 53.55495278
776954696 10.01338137 53.55154386
784172069 10.00978327 53.55559073
784172061 10.01059799 53.55549937
788416462 10.01696966 53.55642507
698302446 10.00973817 53.55634686
698302443 10.00880619 53.55562669
778234487 10.01331272 53.54843753
587685638 10.00886419 53.54961209
544377145 10.00845977 53.55427343
776954690 10.01351263 53.55144462
521761686 10.01012869 53.55569089
587685635 10.00865766 53.5496711
587685634 10.00881491 53.5495219
587685636 10.00874618 53.54972516
279134596 10.01280629 53.54938008
292015421 10.01095933 53.55244299
510142657 10.00956827 53.55641249
510142656 10.00946258 53.5564627
510142655 10.00934749 53.55637729
510142654 10.0094609 53.55632339
510142653 10.0094376 53.55630596
339082475 10.00589381 53.55332317
563245816 10.00853353 53.55186791
339082476 10.00686603 53.5534831
339082471 10.00679956 53.55357622
339082472 10.0068828 53.55345653
339082479 10.00641508 53.55349567
339082478 10.00700727 53.55354991
563245819 10.0091045 53.55212439
775817712 10.0135361 53.55362308
536527101 10.01091248 53.55249638
536527106 10.01086294 53.55260141
536527107 10.01087468 53.55261289
536527104 10.01071332 53.55272169
536527105 10.0108906 53.55260426
797447797 10.02020239 53.55167127
536527108 10.01085481 53.55278799
797447796 10.02031153 53.5515623
13870871 10.00629271 53.55195206
797447934 10.02005202 53.55181326
500836970 10.01356518 53.55142073
516186100 10.00907802 53.5548569
516186102 10.00910081 53.55476612
983610215 10.01298641 53.55209682
516186104 10.00895371 53.55475313
516186106 10.00894843 53.55477408
516186109 10.00889152 53.55476897
776955230 10.01025936 53.55228348
983565073 10.01252474 53.55192817
775498818 10.0168731 53.5561058
1130748957 10.01355873 53.54833351
1130748955 10.01526009 53.54854356
516186078 10.00871709 53.55482144
775817488 10.01482029 53.55279981
1130748951 10.01766913 53.54917212
775817486 10.01730812 53.55301212
516186076 10.00870318 53.55486653
516186070 10.00866026 53.55486318
516186073 10.00884592 53.5547657
516186072 10.008816 53.554875
438095864 10.01637421 53.55616238
288676512 10.01771817 53.54901789
773545395 10.01224093 53.55522243
776954912 10.01007538 53.55208089
776955307 10.01565873 53.55249731
776955304 10.01012869 53.55201669
776955301 10.01560333 53.55258842
776955300 10.01286789 53.55153339
584802270 10.02437792 53.55145703
775498786 10.01680697 53.55583003
773545399 10.01119202 53.55502403
516186075 10.0088227 53.55484684
587686975 10.00823932 53.54951888
587686974 10.00840034 53.54936876
775817485 10.01340693 53.55348201
776954545 10.01316822 53.55242732
299719895 10.00704633 53.55415483
299719894 10.00625868 53.5546704
299719897 10.00599339 53.55462731
449297827 10.01964047 53.55301891
544554730 10.00636991 53.55039227
480372905 10.01027864 53.55252698
536702455 10.01270361 53.55263762
536702453 10.01279204 53.55271842
536702451 10.01255542 53.55286443
536702450 10.01243371 53.55281867
536702459 10.01174237 53.55320809
536702458 10.01175796 53.55319594
778087690 10.0126498 53.55119643
923228112 10.00834887 53.5494167
536662524 10.01240664 53.54944193
315230130 10.0076976 53.55369449
257680412 10.01229658 53.55144412
258382967 10.01072959 53.55024777
776954949 10.01269028 53.55143356
776954947 10.01353484 53.55151352
257680418 10.01306051 53.55190286
776954761 10.0129575 53.55241466
776954940 10.01354976 53.55248557
517871422 10.00854283 53.55345301
517871423 10.00849899 53.55357547
517871424 10.00838031 53.55356198
517871429 10.008443 53.55409247
315815599 10.01217102 53.55180823
1172896054 10.01783853 53.55289201
315815597 10.0127275 53.55202809
257697838 10.01695298 53.55698037
257697839 10.01546452 53.55629707
565709363 10.00708631 53.55323793
565709365 10.00691481 53.55353079
315220289 10.00769827 53.55230452
315220287 10.00747322 53.5521026
315220284 10.00718882 53.55206438
315220285 10.00741429 53.55226177
315220283 10.00713031 53.55221903
517353540 10.00977036 53.55298748
788416619 10.0173699 53.55605819
517353545 10.01003238 53.55296711
788416610 10.016899 53.55608602
311930238 10.00792358 53.55447401
341771822 10.00795719 53.55586574
112064321 10.01765337 53.54900012
510159891 10.00833856 53.55616171
18128905 10.01014914 53.55263167
510159890 10.00834879 53.55617143
773567057 10.01293294 53.55411024
773567054 10.01090921 53.55366323
510159893 10.00822323 53.55619121
773567051 10.01159041 53.55343918
797447802 10.02020172 53.5520648
510159895 10.00844149 53.55642372
258382970 10.01045541 53.55030192
775847139 10.01813408 53.55373154
775847138 10.01800701 53.55397311
299720107 10.00808099 53.55551001
299720106 10.00797144 53.55578963
299720105 10.00805567 53.55588804
299720104 10.00863553 53.55562082
775847136 10.01781732 53.55388577
291504274 10.00999793 53.55480778
305286882 10.01324156 53.55249772
305286887 10.01184446 53.55121689
307457689 10.02127687 53.55309728
307457686 10.02133957 53.55318688
307457683 10.02098702 53.5529164
510142644 10.00958696 53.55623664
510142645 10.00945109 53.55614469
510142646 10.00923777 53.55624142
510142647 10.00929863 53.55603187
563245800 10.0081198 53.55220042
339082468 10.00605559 53.55328202
339082469 10.00598266 53.55340423
430592619 10.00699201 53.5539923
430592618 10.00716443 53.55403203
536527134 10.01188 53.55286527
536527133 10.01157389 53.55311547
536527132 10.01138723 53.55302562
536527131 10.01120568 53.5529428
257693043 10.02118869 53.55609691
776954824 10.01361388 53.55152936
315029346 10.00752627 53.55384453
536575430 10.01273823 53.55307901
536575433 10.01299848 53.55289427
536575432 10.01276547 53.55288304
536575435 10.01297141 53.55309041
516186113 10.00892756 53.55485497
775817585 10.01383466 53.55326903
516186111 10.00887107 53.55485002
516186116 10.00905027 53.55474827
776954823 10.01305473 53.55229656
775817580 10.01479967 53.55294389
254660475 10.01105841 53.55662464
254660474 10.010614 53.55683947
254660477 10.01013061 53.55646572
536515165 10.01044552 53.55293191
776955226 10.01355378 53.55241424
536515166 10.01051551 53.55301447
536515161 10.01046086 53.55302252
536515163 10.01045357 53.5532127
536515162 10.01032868 53.55316484
536515169 10.01074819 53.553063
536515168 10.0105249 53.5531516
673548098 10.00614829 53.55198182
775498865 10.0171497 53.55596171
371195940 10.00679227 53.5501554
371195941 10.00786683 53.55042136
784171984 10.01068491 53.55543323
1130748944 10.01950711 53.55009597
689962600 10.00963223 53.55471373
516186068 10.00865674 53.55487969
516186066 10.00861902 53.55487693
516186065 10.00862388 53.55485388
516186062 10.00856488 53.55469378
516186063 10.0088517 53.55467828
516186060 10.0086735 53.55468381
516186061 10.00857133 53.55467283
521761712 10.01043907 53.55568989
521761710 10.01040747 53.55567019
776955310 10.0130709 53.55222288
775817455 10.01451443 53.55336584
775817454 10.01480721 53.55289084
257680369 10.01000002 53.55203362
292015277 10.01282741 53.55255497
292015275 10.010888 53.5523725
1159213647 10.01736629 53.54961217
260305169 10.00635046 53.55472999
836760091 10.02048998 53.55422691
449297859 10.01900722 53.55362023
836760094 10.01190917 53.55277869
776955004 10.01238392 53.55121823
449297857 10.01893086 53.55374043
449297850 10.01982286 53.55399859
776955002 10.01025903 53.55226362
449297852 10.01982873 53.55395592
315308701 10.00777279 53.55391812
315308706 10.00802324 53.55376892
315308704 10.0075282 53.55434862
752086224 10.02471077 53.55371964
536702448 10.01235559 53.55285949
536702443 10.0124498 53.55270501
536702445 10.01221654 53.55276787
536702446 10.01243564 53.55257023
776954682 10.01002299 53.55257132
778125372 10.01703412 53.5498327
1115417254 10.01515163 53.54835857
775847067 10.01783509 53.55393262
923228103 10.0093164 53.55189657
299719896 10.00687349 53.55405726
776954975 10.01573953 53.55246177
257680429 10.01584934 53.55168527
365229217 10.01083428 53.54913113
365229216 10.00980808 53.54912527
776954991 10.01379518 53.5515271
365229219 10.01019474 53.54859318
365229218 10.01106914 53.54893458
776954994 10.01339252 53.55223839
1147589311 10.00955293 53.55216756
257697840 10.01516244 53.55646186
27140864 10.00605651 53.54994904
112064318 10.01758238 53.5488661
773567042 10.01126552 53.55383372
773567044 10.01264376 53.55409112
773567046 10.01113091 53.55367052
773567049 10.0118572 53.55384621
258109340 10.00783397 53.55579919
784172041 10.01018552 53.55541438
784172049 10.01071232 53.55530642
698302426 10.00930751 53.55620781
1145811424 10.00908833 53.5521948
544377161 10.00769274 53.55410789
775847128 10.01798354 53.55366432
775847129 10.01756729 53.55377932
563320501 10.00871399 53.55196782
587685618 10.00828702 53.54932702
587685616 10.00810412 53.54949868
587685611 10.00860259 53.54944353
775847123 10.01777013 53.55404452
305286899 10.01583349 53.55260283
305286895 10.01558103 53.55247199
305286896 10.01569444 53.55243997
305286890 10.01406977 53.55254642
305286892 10.01584917 53.55286779
773545445 10.01187447 53.55529921
307457691 10.02098459 53.55305311
307457693 10.02038126 53.55292713
307457695 10.02047606 53.55299896
307457699 10.02092123 53.55307876
773545373 10.01047369 53.5551822
826747405 10.02101628 53.55427603
536527128 10.01302438 53.55249337
536527129 10.01100954 53.55317968
983775789 10.01206222 53.54994426
536527122 10.01120593 53.5526595
697806327 10.00828274 53.55629523
536527125 10.01171689 53.552789
923227945 10.0087611 53.54957303
341771815 10.00851517 53.55562283
773545374 10.01187514 53.55554614
773566931 10.01256472 53.55413798
299719417 10.00942913 53.5546067
784880852 10.01629324 53.55620932
517250383 10.01035533 53.55492403
536575427 10.01280436 53.55264206
536575429 10.01303738 53.55265346
983610236 10.01096981 53.55159172
516186125 10.00855096 53.55499687
797563711 10.01753217 53.55125779
516186122 10.0085461 53.55494809
516186120 10.0094086 53.55466528
521812475 10.01022583 53.55533014
516186129 10.00882983 53.55492102
516186128 10.00877308 53.55502269
983565092 10.01265047 53.55180052
994402044 10.01204093 53.55177386
994402046 10.01251024 53.55206228
565709367 10.00689151 53.55362543
994402043 10.01190674 53.55187428
994402049 10.01178336 53.55185676
1130748970 10.01486069 53.54839059
775498872 10.01704351 53.55591427
776955356 10.0136019 53.55248683
516186053 10.00864191 53.55458574
516186052 10.00885673 53.55472823
516186051 10.00869404 53.55471038
516186050 10.00868834 53.55472941
516186056 10.00882321 53.55462589
516186055 10.00872153 53.55461491
516186054 10.00872757 53.55459496
738695998 10.00969551 53.55065806
516186059 10.00866621 53.55470736
516186058 10.00879404 53.55472128
315029340 10.00696251 53.55432632
784880807 10.01163768 53.5552081
248728376 10.01110853 53.55660511
248728377 10.0093402 53.55533173
248728375 10.0122478 53.55750583
776955369 10.01360081 53.55238138
375634613 10.02111929 53.5532935
776955364 10.01315338 53.55201954
775817440 10.01431017 53.55350297
923228279 10.00928547 53.55196983
797563695 10.01687964 53.55108428
776955362 10.01309873 53.5524626
319682013 10.01382418 53.55416212
319682012 10.01371187 53.55418123
319682016 10.01424797 53.55443034
319682015 10.01422693 53.55434786
257680397 10.00986206 53.55238356
775817590 10.01742111 53.55301321
775817593 10.0143214 53.55330264
279134568 10.01277938 53.54981552
305983050 10.02094034 53.55300257
279134566 10.01229331 53.54935267
797447919 10.02132431 53.55188023
518362038 10.00783624 53.55519946
518362035 10.00808342 53.5548035
1115417311 10.015475 53.54844843
449297847 10.0203236 53.55412323
449297845 10.02042921 53.55395157
449297840 10.02020197 53.553911
521761708 10.01032457 53.55567514
315308731 10.00826983 53.55084372
521761701 10.01010547 53.55579139
521761703 10.01007228 53.55581017
521761706 10.01030127 53.55565242
778087626 10.01372478 53.55141361
778087838 10.01260378 53.55117598
536702438 10.01241871 53.5526165
536702435 10.01219181 53.55278581
536702437 10.01199752 53.55276921
536702436 10.01214143 53.55283979
536702431 10.01216373 53.55276402
536702433 10.01218024 53.55274952
711066571 10.02083347 53.5532334
119093863 10.00995158 53.55216236
583203507 10.00859589 53.55033452
836760136 10.01266547 53.55283929
836759986 10.01475734 53.55318739
257680430 10.01378454 53.5513748
257680432 10.01286529 53.55116936
257680436 10.01149879 53.55081372
257680437 10.01168026 53.55064692
776954966 10.01558858 53.55251172
778125198 10.01681116 53.54957001
776954960 10.01339579 53.55221601
335513226 10.00613697 53.55130062
776954748 10.01338162 53.5523155
536617045 10.01319177 53.553581
776954969 10.01331021 53.55231148
775847241 10.01733637 53.55448097
775847243 10.01786527 53.5539079
775847245 10.01806836 53.55378192
776954986 10.01350902 53.55177026
1145811380 10.0097878 53.55226194
788416673 10.0202666 53.55565879
773567034 10.01226071 53.55401066
773567037 10.01133929 53.5537639
978299340 10.00806288 53.55594168
773567032 10.0109937 53.55387118
773567039 10.01114659 53.55342334
983775804 10.01098322 53.55080399
784172031 10.01136133 53.5556567
1145811419 10.0086637 53.55210218
698302438 10.00958252 53.5564228
510173229 10.01222022 53.55928179
1145811414 10.00980473 53.55219162
783673763 10.0145571 53.55322368
1145811412 10.01018158 53.55205927
698302431 10.00885648 53.55565661
250203160 10.00758101 53.54963648
689964657 10.0101359 53.55536869
250203162 10.00850151 53.54998232
775817528 10.01525942 53.55281842
93195000 10.0118127 53.55419246
93195007 10.00979241 53.55512947
689964659 10.01000229 53.55528462
517250380 10.0105995 53.55467157
517250381 10.0105741 53.55484491
563269607 10.00778041 53.55371344
517250384 10.01050436 53.55489763
517250386 10.01021896 53.5549636
587685608 10.0084539 53.54959457
257879649 10.01043463 53.5508889
305286861 10.0157879 53.55194511
305286864 10.01040143 53.55095168
305286866 10.01363341 53.55156557
788416308 10.02001497 53.55585677
254671993 10.01216289 53.55512503
254671994 10.01131707 53.55484642
254671995 10.01189056 53.55429321
254671996 10.01269363 53.55458356
257879647 10.01102547 53.5503486
776954604 10.0136464 53.55246747
783673766 10.01406651 53.55309519
93194998 10.01126846 53.55475573
237321743 10.00854493 53.55041457
923227957 10.00884299 53.55208534
305286918 10.0192119 53.55297859
536515149 10.0103876 53.55294079
315308745 10.00634878 53.55205097
536515142 10.01002224 53.55289897
521812464 10.00981487 53.55527641
521812465 10.00992107 53.55531949
536515147 10.01034301 53.55297717
536515146 10.01037126 53.55298622
536515145 10.01017822 53.55287927
536515144 10.01021184 53.55285287
994402056 10.0121696 53.55180898
775817699 10.01417463 53.55356198
994402051 10.0119054 53.55174604
775817693 10.01365453 53.55283878
994446816 10.01313519 53.55226949
775817696 10.01364984 53.5533158
775498845 10.01743251 53.55642498
521761751 10.01072447 53.55575686
1130748960 10.01913638 53.55021324
18128903 10.01339226 53.55398048
18128902 10.0123146 53.55504214
18128901 10.01409299 53.556298
299719247 10.00953349 53.55430277
516186040 10.00846404 53.55454853
91758432 10.01340459 53.54841507
516186042 10.00842406 53.55467853
775499000 10.01726973 53.55635424
516186048 10.00858977 53.55469714
516186049 10.00858256 53.55471843
521761754 10.01089714 53.55577069
784880832 10.0116091 53.5553977
518332603 10.00857468 53.55234341
775817479 10.01571288 53.552833
775817478 10.01362377 53.55325344
33324529 10.02015261 53.5512391
775817471 10.01355513 53.55348947
516186138 10.00912487 53.5549864
516186139 10.0089092 53.55492797
516186131 10.00880787 53.5550081
516186132 10.00879362 53.55496913
516186133 10.00865247 53.5549584
516186134 10.00865783 53.55493384
516186135 10.00861282 53.5549304
516186137 10.00860829 53.55495161
279134515 10.01271132 53.54924597
784485172 10.01382821 53.55640352
292842945 10.01808806 53.54865127
315308729 10.00753717 53.55144722
1115417309 10.0149969 53.54842831
288676543 10.01613843 53.54846494
315308723 10.00836254 53.55115411
288676545 10.01761599 53.54893039
288676547 10.01818881 53.54904329
288676546 10.01799628 53.548993
257700502 10.01118414 53.55481616
521761779 10.01070737 53.55580061
521761778 10.01071902 53.5558105
521761776 10.01068583 53.55582534
521761771 10.01062607 53.55593078
521761773 10.01064769 53.55580556
565709361 10.0067952 53.55316853
792056189 10.01487393 53.54924412
792056188 10.01210154 53.54859821
536702428 10.01206642 53.55273192
536702429 10.01197028 53.55275203
536702426 10.01207882 53.55271993
536702424 10.01203373 53.55270241
536702422 10.0122141 53.55255958
536702420 10.01196592 53.55254751
1147589309 10.00930517 53.55221651
797447880 10.02072819 53.55229161
923228286 10.01293118 53.55221484
797447889 10.02085006 53.55279553
797447888 10.02148441 53.55200696
836760128 10.02284118 53.55467878
1115417236 10.01494518 53.54829554
836760122 10.01770249 53.55297231
836760126 10.01032298 53.55097088
797447869 10.0199941 53.55188442
797447868 10.02087672 53.55276067
797447863 10.01932238 53.55262153
797447865 10.02115801 53.55284876
797447864 10.02064529 53.55190596
797447866 10.02533346 53.55225851
536702396 10.01116553 53.55250862
536702399 10.01118447 53.55262127
517353605 10.01045776 53.55369961
517353602 10.01059656 53.55319091
517353600 10.01087183 53.55330188
257690322 10.02230541 53.5523642
536515141 10.01000111 53.552891
257690327 10.02384592 53.55273133
257690326 10.0200361 53.5513893
775847252 10.0177206 53.55408517
305286912 10.01862232 53.55260912
307464176 10.01891904 53.55297164
994401974 10.012283 53.55184201
994401975 10.01228233 53.55184243
994401976 10.01241896 53.55202088
775847259 10.0184945 53.55358092
994401970 10.01221788 53.5519524
994401971 10.01240563 53.55188233
994401973 10.012124 53.55192373
778087879 10.01249364 53.55113952
778087877 10.01247948 53.55115218
517250268 10.00805174 53.55360229
307410686 10.01882248 53.5526745
307410680 10.0190306 53.55258247
836759881 10.00892773 53.5506698
994402054 10.01201939 53.55189657
307410689 10.01924912 53.55247887
922251321 10.01973577 53.55197243
775847329 10.01767877 53.55368871
775847326 10.01874017 53.55338663
788416648 10.01553786 53.5554298
775847321 10.01772906 53.55402566
773567027 10.01176249 53.55351613
773567024 10.01250512 53.55420252
773567023 10.01246573 53.55420738
773567020 10.01181739 53.55376331
775847071 10.01733478 53.55432012
788416423 10.01702481 53.5564741
773567029 10.01276052 53.55407227
1145811405 10.00864199 53.55217066
783673757 10.01440153 53.55356122
783673756 10.01544307 53.55292269
516169638 10.00877853 53.55569299
783673758 10.01531348 53.55296116
773567058 10.0114304 53.55366868
587685677 10.00772853 53.54969188
517353469 10.00919662 53.55245892
1029366086 10.00778687 53.55301522
305286873 10.0135672 53.55169859
305286870 10.01346217 53.55153448
305286871 10.01145571 53.55113499
305286877 10.01326796 53.55204787
305286879 10.01325237 53.55236252
315220300 10.00671482 53.55200076
563245851 10.01017152 53.55217167
315561714 10.00620638 53.55203253
563245858 10.01026062 53.55233947
257689261 10.01083553 53.55173908
784172082 10.01050151 53.55539392
773566955 10.01235987 53.55404108
773566957 10.01142503 53.55400353
923227967 10.00868231 53.55206279
773566952 10.01107886 53.5537732
430592620 10.00620202 53.5548838
583203492 10.00779634 53.54915569
583203497 10.0082814 53.5502321
583203496 10.00850553 53.55030854
583203495 10.0083037 53.55050409
583203494 10.00809976 53.55046553
516186045 10.0083104 53.55505068
516186046 10.0083472 53.55493216
375634618 10.02096917 53.55386456
516186047 10.00864719 53.55456831
516186041 10.00837612 53.55483577
775499105 10.01702297 53.55592986
536515159 10.01048986 53.55303484
536515154 10.01044309 53.55296393
536515155 10.0104006 53.55299888
305286900 10.01415108 53.55266846
536515157 10.0104213 53.55309141
305286906 10.0178646 53.55271733
536515151 10.0102395 53.55286502
305286904 10.01358589 53.55264751
305286905 10.01338749 53.55268271
775817680 10.01452667 53.5533158
704737782 10.02101913 53.55343977
704737788 10.02058821 53.55334773
518332612 10.01015559 53.55221919
518332610 10.00908036 53.55253838
518332611 10.00892479 53.55252362
776955340 10.01364992 53.55148201
775817464 10.01417052 53.55287483
776955345 10.01364531 53.5524875
516186098 10.00917064 53.55486511
775817468 10.0136205 53.5531661
340876323 10.00843722 53.55530239
258616744 10.01309932 53.55260719
516186094 10.00906343 53.55470133
516186093 10.00887224 53.55460024
258616743 10.01097828 53.55378988
516186091 10.00891021 53.55468473
783673782 10.01546922 53.55298798
516186141 10.00886872 53.55507298
516186140 10.0088833 53.55501481
516186143 10.00902538 53.55497751
821713408 10.01958699 53.55193312
672003265 10.01915759 53.55252832
672003260 10.01924543 53.55257501
784485167 10.01625016 53.55655867
783673781 10.01531977 53.55291397
1163637970 10.01827263 53.55625952
279135373 10.0125156 53.54930279
518362057 10.00809968 53.55531228
518362050 10.00799558 53.55518304
315231601 10.00651701 53.55344848
776954507 10.0130041 53.55222104
821713395 10.01975614 53.5519778
518362059 10.0079996 53.5553096
449297864 10.01923646 53.55367446
315231603 10.00664131 53.55327054
1115417333 10.01829333 53.54878312
315308757 10.00813488 53.5522829
315308750 10.0077489 53.55223277
776955295 10.01294752 53.55229052
776955297 10.0133496 53.55142828
776955291 10.01351347 53.55159349
98870258 10.02160946 53.54962961
521761769 10.01068089 53.55592089
521761767 10.0109419 53.55582501
521761765 10.01091206 53.55582593
521761763 10.01089714 53.55581713
521761761 10.01091868 53.55580824
536702413 10.01178244 53.55270652
536702412 10.01131196 53.55265991
536702416 10.01131489 53.55264499
792056198 10.01057704 53.54874246
536702414 10.01171111 53.55270308
792056197 10.01160801 53.54844843
792056194 10.01081014 53.54969624
792056195 10.01053513 53.54935988
792056190 10.01106243 53.54894019
299719969 10.00850101 53.55258808
797447895 10.01968548 53.55253662
797447896 10.02005227 53.55161821
775817474 10.01372578 53.55274273
797447899 10.0207991 53.55157178
315383703 10.0079737 53.54945434
315383700 10.0087569 53.54974921
315383706 10.00811049 53.54932526
315383709 10.00759081 53.54912309
738033051 10.00586523 53.54895201
797447879 10.02180979 53.55215088
319060332 10.00884751 53.55557061
797447873 10.0207592 53.55141487
797447875 10.01972471 53.55216563
20938594 10.00639949 53.55639732
252627084 10.00800639 53.55596842
20938593 10.00579591 53.55612466
257680458 10.01158286 53.55069847
257680452 10.01105682 53.55080651
315268580 10.00591946 53.55275153
540999022 10.01029683 53.55208751
540999020 10.01072489 53.55212322
778125179 10.01676908 53.54962181
778087606 10.01249406 53.55112728
994401981 10.01259607 53.55211333
775847266 10.01776988 53.55359123
775847265 10.01768698 53.55383137
775847264 10.01796199 53.55380161
994401985 10.01232516 53.55198417
307464168 10.01737048 53.55323139
775847268 10.01746788 53.55438357
517250270 10.00802081 53.55435733
778087865 10.01273219 53.54943347
517250272 10.00810362 53.5543342
517250273 10.00813656 53.55430101
788416788 10.01877747 53.55564119
775847312 10.01794029 53.55379147
922251334 10.02335684 53.55265497
315029316 10.00833756 53.55284004
922251332 10.02190761 53.55243997
788416652 10.01692323 53.55631199
315383675 10.00778712 53.54938276
784172012 10.01066488 53.55547758
698302415 10.00813346 53.55608778
983610222 10.01294593 53.55196028
516169645 10.00884542 53.55590413
516169644 10.00881449 53.55592844
516169647 10.00890401 53.55584671
516169646 10.0089693 53.55581738
516169641 10.00876881 53.55590421
516169640 10.00884802 53.5558675
516169643 10.00883804 53.55593724
516169642 10.00886637 53.55592324
16808415 10.00886503 53.55557481
516169649 10.00903351 53.55594042
516169648 10.00891851 53.55585719
510142648 10.00909042 53.55613212
517353472 10.0095407 53.5525201
305286845 10.01590181 53.55264567
563245845 10.01016196 53.5522466
307464189 10.0156138 53.55264323
563245843 10.01027361 53.55219464
307464181 10.01874864 53.55337271
563245848 10.01003137 53.55220964
307464187 10.01563602 53.5527579
778087797 10.01356099 53.55140229
517240856 10.01040571 53.55327992
773567013 10.01285406 53.55404452
773567010 10.01084241 53.55371017
773567017 10.01128598 53.55384
773567015 10.01193381 53.55408316
253416181 10.02145356 53.55622214
773566949 10.0126187 53.55388149
773566946 10.01132898 53.55364479
773566944 10.0127083 53.55404519
258382971 10.01090452 53.55047173
773566941 10.01152511 53.55370061
299720356 10.00784521 53.55532494
583203489 10.0077634 53.54918939
11206923 10.01758246 53.54954151
994402078 10.01140793 53.55183128
994402074 10.01112622 53.55184561
305286936 10.01528264 53.5523637
994402076 10.01122546 53.55170698
305286932 10.01391488 53.5522953
305286931 10.01383877 53.55238616
305286930 10.01907679 53.5531759
775817677 10.01748263 53.55301522
983610360 10.01122563 53.55170672
775817678 10.01461569 53.5527895
510159903 10.00900241 53.55615299
510159902 10.00877769 53.55618191
510159901 10.0085798 53.55602491
510159900 10.00857736 53.5562757
510159904 10.00884559 53.55622784
510159909 10.00857451 53.55631367
510159908 10.00855071 53.55629531
784880926 10.01053177 53.55534447
14886728 10.00899822 53.5506356
335513223 10.00605776 53.5512085
775498888 10.01696027 53.55603933
516186080 10.00858256 53.55480929
516186082 10.00857208 53.55485002
516186084 10.00914457 53.55463318
776955351 10.01551817 53.55258456
516186086 10.00912571 53.55470803
776955353 10.01008058 53.55212389
516186088 10.00921179 53.55471734
516186089 10.00889797 53.55473452
375634610 10.02077597 53.55382081
983610240 10.01088666 53.55169373
797563742 10.01556242 53.55190739
784485154 10.01322312 53.556039
516086188 10.00804578 53.5557986
518362046 10.0080851 53.55512436
776954532 10.01338698 53.55227493
518362044 10.00788569 53.55508547
11206074 10.01576552 53.55184679
518362042 10.00817721 53.55502017
315308726 10.00778251 53.55149106
249833279 10.00628223 53.54829319
775817521 10.01345287 53.55315772
315308727 10.00824343 53.55106643
563269608 10.0085036 53.55409632
563269609 10.00816062 53.55449664
518362048 10.00804863 53.555249
248728725 10.01146577 53.55564169
248728724 10.01041979 53.55612843
510159879 10.0079939 53.55605283
510159878 10.0083845 53.55587496
315308748 10.00717197 53.55215792
315308749 10.00745578 53.55219472
315308746 10.0066859 53.55209481
33324490 10.01686438 53.55040736
33324491 10.01109847 53.55098194
510159877 10.00825349 53.55593481
315308743 10.00830001 53.55206614
776955286 10.01366443 53.55153959
521761752 10.01076772 53.55573716
776955284 10.01281517 53.55225457
521761750 10.0105166 53.55606188
521761755 10.01061333 53.5558121
776955281 10.01331524 53.55195449
521761759 10.0108839 53.55578947
776955288 10.01303142 53.55241902
536702405 10.01118129 53.55263821
536702401 10.01104793 53.55261901
536702403 10.01106034 53.5526077
536702409 10.01170876 53.55268489
518332596 10.008687 53.55204049
315383712 10.0075458 53.54928754
797447849 10.01944039 53.55253662
797447848 10.02078879 53.55178811
797447845 10.0201454 53.55165777
797447842 10.02038554 53.55123223
797447840 10.0193917 53.55245573
257680464 10.01144624 53.55057701
775847289 10.01818437 53.55383531
257680468 10.01165512 53.55039839
778125162 10.01503797 53.54922954
18701150 10.01267938 53.55448214
783673764 10.01567969 53.55346458
778087674 10.01151271 53.55099401
518727045 10.01017739 53.55247811
518727044 10.01041543 53.5520192
518727046 10.0102006 53.55228281
783673777 10.01524274 53.55297063
773567091 10.01076378 53.55380061
565709349 10.0062824 53.55346759
778087811 10.01389233 53.55146893
731247840 10.01959051 53.55294021
922251309 10.02084763 53.55073157
922251301 10.02105802 53.552818
775847306 10.01809929 53.5535727
784172002 10.01064007 53.55542393
792056185 10.01368622 53.54855102
776954863 10.0123742 53.55124119
788416684 10.01874889 53.55591754
788416681 10.01686137 53.55650779
516169656 10.00902253 53.55608753
783673776 10.01522011 53.55317272
319144702 10.01565823 53.55548168
516169655 10.00874626 53.55596029
21482737 10.01943 53.55270099
516169653 10.00914214 53.55588871
516169651 10.00901482 53.55579693
516169658 10.00896897 53.55605182
516169659 10.00896293 53.55603489
775847279 10.01861662 53.55348436
775847272 10.0177387 53.55418777
775847273 10.01786837 53.5537711
516186118 10.00937163 53.55479118
521812461 10.00953751 53.55540013
788416356 10.01730611 53.5562705
257689253 10.01298423 53.55202993
787115250 10.02131702 53.55333709
797447884 10.0203733 53.55182952
536515167 10.01055751 53.5529791
521812478 10.0100639 53.55539912
773567008 10.01125094 53.55346994
517250388 10.00993054 53.55502009
773567000 10.01157498 53.55366147
257690356 10.02260574 53.5525533
773567002 10.01113301 53.55357857
773566972 10.01281794 53.55418232
773566977 10.01241577 53.55379801
994402036 10.01154196 53.55183287
570105738 10.02072878 53.5498824
570105737 10.02064596 53.54975852
258382969 10.00961571 53.55075261
570105735 10.01845368 53.54915444
994402037 10.01164916 53.55171326
570105733 10.01824799 53.54917363
1115417237 10.01478542 53.54870072
305286859 10.02433241 53.55360891
715866638 10.02061931 53.5506698
305286856 10.01916782 53.55277944
305286921 10.01914602 53.55260979
305286922 10.01918416 53.55310466
994402084 10.01127374 53.55183446
994402086 10.01138103 53.5517022
305286929 10.01919497 53.55302126
563245769 10.00774638 53.55205323
775817662 10.01524961 53.55290802
775817666 10.01426088 53.55337908
880146710 10.02178163 53.55231617
775817668 10.01459507 53.55293358
306513541 10.02415547 53.55363364
510159910 10.00860561 53.55629724
510159911 10.00864174 53.5563249
49969051 10.01182116 53.55774379
784880841 10.01098373 53.55515957
14886734 10.00852498 53.55197763
775817407 10.01719363 53.55301413
775817405 10.01409291 53.55356198
775817402 10.01366149 53.55325679
775817403 10.0157169 53.55286938
797563687 10.01170918 53.55054617
1159213587 10.0149337 53.54946188
775817408 10.01516521 53.55281716
773566999 10.011534 53.5539229
1159213619 10.01713948 53.5499166
773566992 10.01135588 53.55374646
773566995 10.01113552 53.5537478
773566994 10.01226482 53.5539022
773566997 10.01253262 53.55411091
299719366 10.00857166 53.5541959
516186169 10.009075 53.55515747
516186168 10.00906536 53.555235
248729083 10.01205619 53.55575577
516186189 10.0092392 53.555278
516186188 10.00921749 53.55529963
792056206 10.0134159 53.54892946
775817533 10.01363911 53.55336961
792056204 10.01133409 53.54960153
792056205 10.01416659 53.54939449
516186185 10.00892287 53.55543156
516186184 10.00879487 53.55541857
792056200 10.0147617 53.54943833
516186186 10.00931824 53.55500349
315308772 10.00724649 53.55340423
315308777 10.00673251 53.55329107
33324488 10.021285 53.55004124
521761741 10.01027143 53.55585057
91756114 10.01583567 53.54849394
521761743 10.01055357 53.55578351
315029353 10.00733718 53.55376783
521761749 10.01029423 53.55589918
778087686 10.01677428 53.5503564
923228290 10.00855281 53.54949407
315308795 10.00602843 53.55432012
611856640 10.01561791 53.55182776
611856641 10.01935054 53.55282068
535728069 10.02433903 53.55304163
776955388 10.01358614 53.55146457
672003243 10.01910822 53.55252027
776955386 10.01278072 53.55240578
776955381 10.01308918 53.55165618
1334943246 10.01016079 53.55109166
1334943245 10.01024897 53.55106299
797447858 10.02016141 53.55150933
704836864 10.02080162 53.55410671
773545457 10.01111742 53.55541949
773545455 10.01106461 53.55550783
773545453 10.00988083 53.55528881
773545451 10.01180867 53.55550943
773567005 10.01153467 53.55381067
257680475 10.01398193 53.55154713
257680470 10.01250739 53.5511987
257680479 10.01272917 53.55114648
776954703 10.01334491 53.55146038
778087668 10.01267754 53.55117171
257690317 10.02358458 53.55338746
257690319 10.0235513 53.55272798
778087661 10.01049556 53.55083467
715866617 10.02083841 53.55072906
715866613 10.02178238 53.55113969
517642321 10.00889789 53.55246193
517642320 10.00871642 53.55242757
775817517 10.01349846 53.5528869
778087806 10.01168152 53.55099208
310227804 10.01189006 53.55421702
310227805 10.01282079 53.55456428
310227807 10.01280159 53.55455531
773566974 10.01152 53.55386431
1115417435 10.01530493 53.54862487
776954671 10.01316964 53.55222582
776954891 10.01343962 53.55161871
315383697 10.0088937 53.54962013
776954677 10.01025852 53.5523129
773566979 10.01148278 53.55390723
566710754 10.00653796 53.55356633
566710753 10.00662757 53.55347153
510159880 10.00807336 53.55601972
783673768 10.01480051 53.55337606
783673769 10.01522572 53.55310457
516169668 10.00898632 53.55599013
783673760 10.01343979 53.5532474
26678251 10.01575797 53.55238591
516169661 10.00899009 53.55602022
776954871 10.01305389 53.55214619
516169667 10.00896779 53.55597236
516169665 10.00923174 53.55599113
510159887 10.00834711 53.55600706
540999015 10.00881122 53.55194628
775847199 10.01779922 53.55397017
775847191 10.0179449 53.55373892
587685641 10.00818291 53.54951326
257690324 10.02189646 53.5520394
517871440 10.00895086 53.55228231
517871443 10.00886947 53.5525766
1144215248 10.00766818 53.55418517
773567105 10.01208963 53.55420747
773567106 10.01222148 53.55371511
773567101 10.01268181 53.55412163
773567103 10.01221997 53.55393321
773567108 10.01198637 53.55397571
339082480 10.00648977 53.55337372
1145811362 10.00874307 53.5518892
516169654 10.0091159 53.5559012
473469775 10.00739091 53.55592802
473469776 10.0078623 53.55622926
778234322 10.00874861 53.54883852
215252774 10.00653034 53.55023319
773566964 10.01184907 53.55413362
994401977 10.01263588 53.55197637
773566960 10.01139477 53.55378259
773566962 10.01119788 53.55360053
773566969 10.01109722 53.5537209
13870880 10.00645599 53.55474273
775847315 10.0182427 53.55377999
305286829 10.00990103 53.55197486
305286824 10.01135127 53.55238993
305286820 10.0128891 53.55249026
563245776 10.00811762 53.55210554
994402093 10.01166534 53.55184243
305286957 10.0199511 53.55272982
305286956 10.01970082 53.55277919
994402094 10.01177758 53.5517255
563245779 10.00809733 53.55216019
775817652 10.01421419 53.55344287
775817650 10.01362662 53.55323374
775817658 10.0149922 53.55321639
775499044 10.01622208 53.5566031
923228402 10.00949141 53.55191828
248728380 10.01012659 53.55646739
775817432 10.01369292 53.55289637
775817436 10.01369058 53.55316962
773566988 10.01179551 53.55391712
773566989 10.01258241 53.55436052
773566982 10.0109134 53.5533707
516186175 10.00909922 53.55519913
516186177 10.00914264 53.55522352
516186171 10.00902907 53.55518186
983610262 10.01120853 53.55151143
516186173 10.00907743 53.55521061
516186179 10.00911079 53.55524632
583185319 10.01265273 53.55146164
994402080 10.01152176 53.55170379
518362061 10.0086761 53.55554823
518362063 10.00870619 53.55550213
689962598 10.00953768 53.55470233
775817504 10.0143214 53.55337606
775817500 10.01371002 53.55286359
521812480 10.01009348 53.55541982
315308765 10.0070273 53.55335687
315308766 10.00791201 53.55334304
510159892 10.00841652 53.55612483
315308760 10.00806699 53.55237091
510159894 10.00834913 53.55613338
510159897 10.00853923 53.55580447
510159896 10.00837503 53.5563757
510159899 10.00875598 53.55619339
510159898 10.00882019 53.55624259
315308768 10.00735201 53.55325461
315029348 10.00809339 53.55364018
585995028 10.02094847 53.55043779
784880877 10.01074593 53.55537808
315029347 10.0079483 53.55388828
315029344 10.00717231 53.5542684
315029345 10.00726887 53.55400697
315308783 10.00599473 53.55312771
315308780 10.00619573 53.55317264
315308781 10.00603673 53.5529962
836760096 10.01743586 53.5530542
1029366102 10.00776222 53.55256461
536527110 10.01099647 53.55268883
611856639 10.01582151 53.55205659
776955391 10.01366082 53.55161779
563245774 10.00772467 53.55208073
672003257 10.01927418 53.5525372
797447827 10.02187274 53.55239697
797447823 10.02047489 53.55169792
773545440 10.01199366 53.55512604
773545441 10.01041074 53.55508337
773545442 10.0118764 53.5555303
773545443 10.0119028 53.55530281
773545444 10.01202451 53.55531639
797447828 10.02127838 53.55193882
773545446 10.01029188 53.55511221
773545447 10.01145252 53.55507231
836759931 10.01688282 53.55319401
536515156 10.01030454 53.55304129
797447911 10.0196434 53.55259152
797447910 10.02032837 53.55189096
836760018 10.01086554 53.55243704
778087650 10.0111579 53.5509381
257680393 10.00902999 53.55244249
836760012 10.0082472 53.55388719
797447918 10.02179076 53.55204217
836760010 10.02050314 53.5539566
257680399 10.00982233 53.55252069
836760014 10.01714761 53.55301883
788416752 10.01741457 53.55623647
788416756 10.01698668 53.55635717
778234153 10.01100502 53.5492007
112064296 10.01653581 53.54858078
315383683 10.00861802 53.54996564
315383687 10.0083622 53.55022673
738766192 10.00591083 53.55030812
893958735 10.01057553 53.55373841
20997908 10.0180542 53.5561633
20997909 10.01642257 53.55543407
994446815 10.01317543 53.55209581
20997905 10.01519513 53.55564681
20997906 10.00863403 53.55343742
20997907 10.00867367 53.55255581
26678249 10.02186947 53.5553925
26678248 10.02190954 53.55539501
776954849 10.01284803 53.55220779
26678243 10.0201884 53.55470258
26678247 10.0219123 53.55537037
26678246 10.02187207 53.55536719
26678245 10.0207499 53.55435641
26678244 10.01935054 53.55525721
536515152 10.01020689 53.55289167
797447830 10.02099272 53.55279788
775847212 10.01800843 53.55335913
751999383 10.02075661 53.55084892
751999381 10.02196762 53.55088102
773567116 10.01165478 53.55378401
773567114 10.01245232 53.55420327
773567112 10.01280704 53.55397478
773567110 10.01129704 53.55379742
299719964 10.00807386 53.55253167
788416375 10.020336 53.55630244
773567119 10.01161203 53.55373003
516169637 10.00860653 53.5557722
516169639 10.00886931 53.55588242
307457707 10.02079139 53.55328068
307457705 10.02106489 53.55280853
307457702 10.02092726 53.55312561
315231605 10.00611853 53.5533655
315231607 10.00617478 53.55316878
1143048380 10.00703191 53.55406497
536652768 10.00755787 53.55022958
536652767 10.00818057 53.55034693
583204672 10.00894743 53.55019228
517240854 10.0103286 53.55344052
517240857 10.01044871 53.55330817
583204671 10.00878113 53.5501357
517240853 10.00990598 53.55347941
305286836 10.01770853 53.55286468
517240859 10.01029406 53.55336483
517240858 10.01040588 53.55335536
17209208 10.00608777 53.55019052
305286947 10.01293939 53.55219941
305286945 10.01547341 53.55221869
305286942 10.01578622 53.55225842
305286940 10.01535472 53.55246193
775817640 10.01338791 53.5536157
775817647 10.01351246 53.5527356
787115238 10.01880899 53.55368469
784880917 10.01099026 53.55525512
775817424 10.01367339 53.55301439
775817427 10.01429206 53.55320868
775817422 10.01397078 53.55287558
775817423 10.01436591 53.55338202
536702419 10.01181169 53.5526802
775499099 10.01769143 53.55635667
552433250 10.00994722 53.55223613
13879913 10.00598082 53.55176816
704836869 10.02104729 53.55416547
585995046 10.02112289 53.55005976
775817510 10.01347382 53.55300273
1115417377 10.01526168 53.54862663
510159882 10.00839581 53.55611326
510159883 10.00839187 53.55604168
288676514 10.01730963 53.54957068
510159881 10.00818727 53.55620638
510159886 10.0083845 53.55599692
288676513 10.01736998 53.54948451
510159884 10.00828861 53.55608342
510159885 10.00847628 53.55607437
983565013 10.01015442 53.55203949
510159888 10.0082871 53.55616414
510159889 10.00831803 53.55618811
480372897 10.0105513 53.55202507
438095871 10.01594321 53.5559644
521761780 10.01075892 53.5557789
521761781 10.01095028 53.55587337
521761783 10.01074719 53.55596716
521761784 10.01066094 53.55599189
775817353 10.01403331 53.55336441
775817350 10.01394304 53.55308949
775817351 10.01366694 53.55308756
738766177 10.00631073 53.54998709
836760155 10.01756737 53.55290207
797447837 10.02093237 53.55143834
797447834 10.02001741 53.55180328
773545439 10.01077367 53.55538412
773545438 10.01210019 53.55532477
738766174 10.00664173 53.55039487
773545434 10.01156928 53.55551487
773545437 10.01198637 53.55566399
773545436 10.01092933 53.55508069
773545430 10.0118738 53.55469454
773545432 10.01044997 53.55525411
836759922 10.01898802 53.55298077
836759926 10.01202208 53.55274558
91757712 10.0149062 53.54925083
91757711 10.01462851 53.54992239
738766175 10.00680141 53.55009773
517240855 10.00986533 53.55332653
787115237 10.02175573 53.55336182
787115236 10.01867337 53.55364051
787115235 10.02025931 53.55408459
787115234 10.02143017 53.55331798
787115231 10.01931366 53.55291682
787115230 10.01932053 53.55296376
797447902 10.02152447 53.55287583
797447903 10.02094989 53.5514297
797447901 10.01975748 53.551942
797447906 10.02153193 53.55231181
797447907 10.02000642 53.55161427
13879914 10.0087067 53.55199313
1115417393 10.01930553 53.54981627
778087648 10.01708751 53.54990227
836760021 10.00844334 53.5517395
257680389 10.00920483 53.55248222
773545382 10.01022114 53.55521438
773545381 10.01208703 53.55515873
438095870 10.01637497 53.55563281
773545386 10.01180406 53.55554538
773545384 10.01215166 53.55499117
773545388 10.01125949 53.55500886
521761732 10.01047394 53.55568687
279134618 10.0134206 53.54937588
776954610 10.01317467 53.55246193
536515140 10.01001243 53.55287357
778087737 10.0111144 53.55086996
20997915 10.01576166 53.55593003
776954854 10.01378387 53.55155401
516169688 10.00896511 53.55600094
797447833 10.02078368 53.55281842
775847220 10.01746084 53.55422808
715866631 10.02198271 53.55087767
715866634 10.02074403 53.55085102
775847153 10.01765379 53.5538545
775847152 10.0180179 53.5537587
775847156 10.01792101 53.55372852
516186181 10.0087466 53.55537993
788416569 10.01731659 53.55292143
792056207 10.01148999 53.54856946
249824557 10.00794646 53.54851196
773545369 10.01086537 53.55498187
773545361 10.01202283 53.55554966
792056202 10.01336829 53.54846134
773545363 10.01136108 53.55547087
773545365 10.01127382 53.55489252
773545367 10.01192191 53.55541354
792056203 10.01100183 53.54838783
775847087 10.01730871 53.55430763
775847089 10.01818579 53.5538359
257680421 10.01306613 53.55197151
570105741 10.0215062 53.55010528
1143048403 10.00711053 53.55415223
33324489 10.02079919 53.5504662
583203493 10.00770439 53.54902351
341771798 10.00812449 53.55555913
341771793 10.00808124 53.55582366
773567128 10.0113128 53.55384822
518332600 10.00875288 53.55186288
773567121 10.01086277 53.55371654
91760811 10.00846723 53.5505351
773567126 10.01199349 53.55401451
773567124 10.01293503 53.55407864
775817638 10.01453422 53.55346131
775817630 10.01342521 53.55335276
775817633 10.01494057 53.55280576
254905461 10.01016314 53.55199766
254905464 10.01281752 53.55215088
775499086 10.01660773 53.555983
91761568 10.01012232 53.54854633
289881351 10.00953466 53.55070618
880146696 10.02397534 53.55264642
880146693 10.02351308 53.55332854
265561818 10.01998614 53.5511873
880146699 10.02169169 53.55247442
880146698 10.02359086 53.55311086
704836871 10.02087839 53.55319309
18703872 10.00683284 53.55662891
704836877 10.02040431 53.55400144
775817566 10.0136319 53.55308588
775817563 10.01414144 53.55309862
535727964 10.02491981 53.55250829
288676523 10.01807867 53.54912418
288676522 10.01834664 53.54871338
738033041 10.00600881 53.54954201
775817568 10.01410531 53.55344287
288676525 10.01761582 53.54965844
288676524 10.0176729 53.54957043
776955242 10.01332152 53.55221123
776955240 10.0100136 53.55226638
776955245 10.01020169 53.55215977
784880788 10.01041409 53.55530818
784880893 10.0117412 53.5552656
775817368 10.01741717 53.55303174
775817363 10.01421168 53.55347078
775817361 10.01368111 53.55323651
836760147 10.01590549 53.55289788
315232084 10.00823832 53.55229639
620388580 10.02472368 53.55364764
773545428 10.01191831 53.55553608
773545426 10.01158094 53.55549769
773545424 10.01213272 53.55474961
773545422 10.01043102 53.55524749
773545421 10.01193381 53.55538378
521761688 10.01014201 53.55570372
836759913 10.01786602 53.55345544
27139858 10.0220553 53.55316367
836759910 10.01892499 53.55327808
521761684 10.00999433 53.55574999
775498983 10.01702263 53.55606339
257689260 10.01091893 53.55163313
257690348 10.0208509 53.55159734
787115229 10.01930519 53.5530371
257690345 10.02096087 53.55145552
305286902 10.01407204 53.55262899
775847192 10.01759562 53.55429187
797447933 10.0208359 53.55275069
797447930 10.02124452 53.5527227
776954599 10.01280436 53.55218768
521812459 10.00976156 53.55556768
797447938 10.02078712 53.55138712
773545394 10.01038199 53.55535637
438095865 10.01685609 53.55579232
438095866 10.01617464 53.55607076
438095867 10.01665651 53.55570062
773545390 10.01192258 53.55552443
773545392 10.01202006 53.55459228
517642318 10.00822457 53.55485547
536515150 10.01042499 53.55295613
438095869 10.01660639 53.55573917
305286907 10.01806912 53.55259026
587685587 10.00786147 53.54858363
587685586 10.00806691 53.54844398
587685589 10.00780891 53.54984544
536515153 10.01048592 53.55300181
784485316 10.01597213 53.55641442
776954624 10.01551657 53.55251072
797447808 10.01981666 53.55183338
797447803 10.0215875 53.55273963
778087744 10.01265902 53.55118721
797447807 10.02121191 53.55271389
315561715 10.00614929 53.55213772
784172020 10.01076932 53.55530047
516169693 10.00906201 53.55606942
776954826 10.01302799 53.55246001
535727978 10.02486734 53.55265824
516169695 10.00893946 53.55598099
516169698 10.00909143 53.55611418
516169699 10.00895598 53.5561182
922251290 10.0220496 53.5524067
307464178 10.01888912 53.55323357
449297830 10.02067337 53.55319921
112064282 10.01626424 53.54861757
21482733 10.0102467 53.55087926
775847099 10.01837153 53.55352602
983775786 10.01226599 53.54985349
775847090 10.01759939 53.55412482
778125354 10.01712271 53.5498581
773545371 10.01073746 53.55544413
773545376 10.01113058 53.55492663
775847096 10.01769118 53.5540726
775847094 10.0182598 53.55361428
1143048366 10.00708153 53.55426186
1143048368 10.00762091 53.55430612
1143048369 10.0079711 53.5542156
536652789 10.01313838 53.55176959
536652788 10.01031778 53.55103844
305286817 10.00995283 53.55231198
305286811 10.00835063 53.55207771
305286813 10.00865071 53.55214594
305286818 10.0134589 53.55250401
773567131 10.01200263 53.55361713
773545397 10.01063537 53.55503292
257683270 10.01969018 53.55180387
536527096 10.01039003 53.5525704
536527097 10.01046539 53.55247467
775817624 10.01510913 53.55316048
536612701 10.01100812 53.5507506
17209206 10.00765561 53.55580413
289881346 10.0129761 53.54979288
289881341 10.0234627 53.55219673
797447829 10.02097361 53.55282596
305286961 10.02186176 53.55304339
738033059 10.00591569 53.54914781
288676530 10.01522103 53.54898948
288676531 10.0133356 53.54850308
775817579 10.01730636 53.55302578
784880794 10.01086043 53.55529309
1115417557 10.01775236 53.5489246
776955271 10.01566996 53.55259319
1115417553 10.01916002 53.54999648
315029315 10.00840243 53.55264818
315029314 10.00814897 53.55261893
315029317 10.00857653 53.55285831
340876329 10.00875313 53.55554287
315029311 10.00827469 53.55246554
315029313 10.00788083 53.55347598
784880888 10.01063621 53.5552899
315029318 10.0081374 53.55352074
1130748915 10.01746302 53.54945543
536547859 10.01023363 53.55134949
536547856 10.01004881 53.55155443
536547857 10.01014403 53.55155552
536547854 10.01015551 53.55133272
776955260 10.0136024 53.55241508
516186096 10.00919704 53.55477039
775817375 10.01406449 53.55319401
775817370 10.01505037 53.55281138
775817373 10.01487947 53.55327037
340876326 10.0085886 53.55538076
315308689 10.00728622 53.55432112
536515127 10.01018233 53.55283761
983585386 10.01201051 53.55180437
672003280 10.01930251 53.55265648
516086178 10.00776373 53.55540029
836759908 10.0149197 53.55328554
773545412 10.01154498 53.55497508
773545411 10.01130819 53.5555593
773545417 10.0101079 53.55523509
773545415 10.01168487 53.55515043
773545414 10.0118479 53.55540381
773545419 10.01180297 53.55553256
836759903 10.01929086 53.55287893
1115417328 10.01937476 53.54992381
521761699 10.01021997 53.55587421
521761692 10.01018024 53.55568201
521761690 10.01017848 53.5556997
521761697 10.01024159 53.55565443
521761694 10.01024159 53.55567899
517628115 10.00825324 53.55241776
797447928 10.02086171 53.55212096
797447929 10.02054982 53.55203664
787115251 10.02096657 53.55421048
257689252 10.01287611 53.55233612
257690354 10.02202956 53.55246017
257690355 10.02262493 53.55250736
797447922 10.0201754 53.55148494
797447923 10.02105852 53.55186984
257690350 10.02022972 53.55137111
257690351 10.02015923 53.5514375
257690352 10.02198003 53.55206488
257690353 10.02199461 53.55219111
776954584 10.01331909 53.55223613
836760046 10.01392561 53.55313752
836760043 10.02073062 53.55427628
776954906 10.01331557 53.55227091
587685590 10.00794411 53.54971904
587685591 10.00805911 53.54982021
587685592 10.00809423 53.54977889
783673780 10.01473999 53.55333583
315815606 10.01105648 53.55171653
776954842 10.01310527 53.55242338
776954631 10.01098322 53.55235817
797447818 10.02095341 53.55235381
778087759 10.01111373 53.55091472
797447817 10.02181222 53.55209732
797447811 10.02033516 53.5512655
797447813 10.0199278 53.55222054
98068023 10.0095956 53.55263804
98068029 10.00967347 53.55425306
776954835 10.0157718 53.55259797
536619144 10.01057033 53.55139693
776954831 10.01551699 53.5525279
587685682 10.00772283 53.54981459
587685683 10.00792877 53.5498902
587685684 10.00802324 53.54980739
923228154 10.00885791 53.552172
315383679 10.00758562 53.54958342
778125247 10.01725372 53.54969691
516186142 10.00899864 53.55508446
775847178 10.0176154 53.55413496
775847176 10.0182355 53.55363347
776955274 10.01322924 53.5526745
775847170 10.01764667 53.5536748
249824570 10.00772241 53.54909333
751999379 10.02098317 53.5506071
751999375 10.02093573 53.550618
751999371 10.02177828 53.55112971
983775792 10.01110862 53.55074113
773545349 10.01069841 53.55513174
731247826 10.01909447 53.55288832
773545345 10.01177741 53.5550532
778125481 10.01712297 53.54972331
836774027 10.00754262 53.55044122
1143048371 10.00710517 53.55411577
510142593 10.00623856 53.55550834
517240866 10.01017697 53.55361554
517240867 10.00992249 53.55354127
517240860 10.01020287 53.55342719
517240861 10.01007982 53.55343306
517240862 10.0100882 53.55345921
778234458 10.01050327 53.54935887
257683266 10.01924769 53.55235733
257683267 10.01806593 53.55137773
257683268 10.01758012 53.55124924
257683269 10.01797096 53.55067424
775817611 10.01417212 53.55357807
15917989 10.00628349 53.54835463
299720039 10.00820898 53.55362526
299720037 10.00775527 53.55353406
1352311276 10.00998779 53.55195718
518362052 10.0079768 53.55538613
1352311273 10.01014604 53.55181569
923227802 10.00890778 53.55212917
797447894 10.02010667 53.55196824
539562055 10.00602541 53.5520016
35138374 10.01306369 53.54883819
35138375 10.01526118 53.54891614
315383691 10.00855943 53.55030066
309164503 10.0191244 53.55296879
315383694 10.00917173 53.54972734
797563633 10.01178638 53.55046344
536527123 10.01165813 53.5528278
220414616 10.00794076 53.55199129
1115417337 10.01786929 53.54891631
257680395 10.00905547 53.55230536
704836850 10.02084646 53.55413748
704836852 10.0223977 53.5536209
775817548 10.01492758 53.55289687
508063245 10.01142151 53.55475933
508063246 10.01226934 53.55502847
775847104 10.01760719 53.55379667
775817544 10.0135734 53.55336022
775847105 10.01771238 53.55363783
1115417543 10.01475399 53.54836109
315231598 10.0068035 53.55350816
536515123 10.00970163 53.55271591
776955263 10.01318632 53.55243729
1115417547 10.01507879 53.5485594
536515124 10.00978243 53.55267232
776955266 10.01276999 53.5514784
536515126 10.01022852 53.55283091
393959318 10.02313606 53.55483946
1130748905 10.01904577 53.55018968
1130748904 10.01884344 53.55013696
315029308 10.00749308 53.55353733
315029309 10.00787572 53.55237191
536547863 10.01055021 53.55163741
536547862 10.0107673 53.55163003
536547860 10.01079488 53.55158577
536547865 10.01054141 53.55169306
773869890 10.01186332 53.55567514
775847107 10.01717711 53.55440503
775817383 10.01719949 53.55291414
775817389 10.01460068 53.55289461
784880751 10.01172142 53.55534279
315308694 10.00755368 53.55389876
315308696 10.00766273 53.55384537
315308692 10.00710827 53.5535717
315308698 10.0077354 53.55385878
672003297 10.01937602 53.55295621
21511431 10.01579552 53.55724549
98870252 10.01824639 53.54868438
11206916 10.01793542 53.54908227
