729620161 -0.12718792 51.50316372
454373629 -0.14558787 51.51003353
454373628 -0.1456359 51.51006898
454373625 -0.14442271 51.50912141
454373624 -0.1447071 51.50905687
454373627 -0.14570212 51.51006697
454373626 -0.14555552 51.51008198
454373621 -0.14467601 51.50926432
454373623 -0.14466377 51.50910699
1270370686 -0.14009639 51.50263474
25620548 -0.13000801 51.50755743
25620549 -0.13030004 51.50738317
1115390813 -0.14630369 51.50595112
25501289 -0.13703867 51.51321589
25501288 -0.13733329 51.51362526
603749189 -0.12971833 51.50227038
603749188 -0.13009669 51.50227767
701600728 -0.13727747 51.51338017
701600729 -0.13757947 51.513365
1322321517 -0.13470766 51.50995072
26559581 -0.13206334 51.50881262
1322321601 -0.13491084 51.51015054
587959213 -0.12375486 51.50120554
701600722 -0.13770612 51.51330859
25256289 -0.14934783 51.50996471
25377993 -0.12952471 51.50123287
25377990 -0.12956972 51.50081587
25377991 -0.13052073 51.50029468
506328021 -0.13691009 51.50661271
1394476553 -0.12670378 51.50113958
25544131 -0.12620221 51.51214979
812275479 -0.14276292 51.50293481
27301619 -0.14176447 51.50021514
1055017760 -0.13805891 51.50412404
339025850 -0.12954541 51.50135256
339025852 -0.12930628 51.50215228
1025502780 -0.14917047 51.50411146
1298730006 -0.1240577 51.50228924
1298730004 -0.12949303 51.50186117
1298730005 -0.12422919 51.50240273
1298730002 -0.12959504 51.50162103
1263027660 -0.12530669 51.50119582
1298730000 -0.12427479 51.50165632
1263027662 -0.12506881 51.50120621
821341519 -0.1254698 51.51062546
1298730008 -0.1295579 51.50161659
1298730009 -0.12411838 51.50248982
1104363468 -0.15040856 51.51164579
1104363460 -0.13037388 51.50991744
1104363462 -0.14997253 51.51111664
1104363463 -0.14721237 51.51027367
1104363466 -0.12955262 51.5100979
812227940 -0.15189249 51.5018745
26700538 -0.13867591 51.5027225
812227943 -0.15165252 51.5020553
25472772 -0.14702696 51.50659217
489796814 -0.15083863 51.50526632
812227948 -0.15068022 51.50237633
1394476534 -0.12934349 51.50186528
1394476535 -0.12834714 51.501242
1012728643 -0.1408153 51.50088946
1012728642 -0.14082603 51.50096297
1394476530 -0.12686874 51.50155498
1394476531 -0.12742412 51.50199872
701600704 -0.13743044 51.5127719
1394476533 -0.12809342 51.50151601
821341570 -0.12510678 51.51058472
821341571 -0.12512807 51.51094699
711569129 -0.14428759 51.50187693
25507068 -0.13964661 51.50032494
711569126 -0.14303123 51.50194617
711569121 -0.14678196 51.50212126
711569101 -0.14722679 51.50179546
711569123 -0.14670351 51.50186612
296375515 -0.12466966 51.5084874
25257808 -0.14837352 51.50512148
296375516 -0.12349628 51.50699224
346355667 -0.12861963 51.50665772
25474295 -0.15142042 51.50880223
1025502817 -0.14830336 51.50450566
812004146 -0.15037377 51.50921277
1394476402 -0.12820699 51.50210626
1394476405 -0.12647621 51.50168666
12197516 -0.15190682 51.49928642
223698436 -0.14180898 51.50330571
711569108 -0.14826522 51.50228203
799284838 -0.14278706 51.50644213
462025240 -0.15070226 51.51250183
1394476477 -0.12740342 51.50120068
462025245 -0.15052658 51.51223613
1298729944 -0.12952044 51.5018636
1102996994 -0.12934492 51.51307507
1102996997 -0.12903873 51.51307742
1330788638 -0.1354363 51.51294406
70706345 -0.123693 51.50750421
25473568 -0.14468506 51.50916659
25473569 -0.14539199 51.50882528
25473566 -0.14617151 51.51031759
25473567 -0.14548059 51.50981292
659653085 -0.1494697 51.50733917
25473562 -0.13420248 51.51221517
25473563 -0.14681121 51.50986212
25473561 -0.14634468 51.50944789
711569055 -0.14996943 51.5017227
711569056 -0.15000782 51.50154459
711569050 -0.15113552 51.50180367
711788354 -0.14190797 51.50042376
20959076 -0.15018879 51.50312248
20959077 -0.1502027 51.50305124
779513166 -0.15132487 51.50345047
779513164 -0.1513066 51.5034016
779513161 -0.15112923 51.5030737
256779294 -0.13935903 51.5023003
256779290 -0.13483607 51.50274362
246265061 -0.14167252 51.51284197
734915216 -0.15141623 51.50401071
734915215 -0.15184991 51.50554292
351793985 -0.12420606 51.5131552
10574747 -0.12411227 51.5103326
25473285 -0.13734419 51.51129308
347088160 -0.14283509 51.5003101
25531003 -0.14227769 51.51333147
10574748 -0.12806433 51.50977897
10574749 -0.125475 51.50976724
21554361 -0.12689749 51.51372416
957208665 -0.13111543 51.50548492
21554364 -0.12632702 51.51331219
345835201 -0.12440538 51.50260892
821344059 -0.12501919 51.51068153
345835204 -0.1245586 51.50261328
1239525698 -0.12918231 51.50680566
452229727 -0.14480006 51.5126548
109846 -0.12939387 51.49949681
25257305 -0.14690869 51.50679149
1227938934 -0.13461529 51.50951276
9512939 -0.13049391 51.51345452
178782064 -0.1362983 51.50518686
9512937 -0.13119992 51.51316618
9512935 -0.13201992 51.5128967
25472163 -0.15060578 51.51211383
26573147 -0.12775152 51.51118168
26573140 -0.1270228 51.51092989
26573143 -0.1277428 51.51093861
821849117 -0.15170842 51.50292433
1209267819 -0.12685751 51.51278933
821849111 -0.13994308 51.50378951
1209267810 -0.12695557 51.5119902
1209267813 -0.12679934 51.51253989
1209267815 -0.12615309 51.51223126
1209267817 -0.1263131 51.51258347
799284684 -0.14176229 51.50560646
425736561 -0.12617162 51.5005608
25607096 -0.13971593 51.50431431
25607099 -0.13920086 51.50466148
454535998 -0.13341048 51.50481697
725372689 -0.14260207 51.49986242
725372687 -0.14162583 51.50065049
1139318714 -0.12697267 51.50595833
725372685 -0.14135753 51.5004168
454535997 -0.13354694 51.50494974
25258022 -0.15094961 51.50777796
1122301115 -0.14333457 51.51304263
1122301110 -0.14345208 51.51301656
454373630 -0.1455945 51.50998357
1122301113 -0.14337078 51.51297189
603749198 -0.1397161 51.50120227
603749199 -0.13995549 51.50115198
603749190 -0.13604566 51.5036839
603749191 -0.1328038 51.50410618
603749192 -0.13951653 51.50223434
603749193 -0.13940547 51.50212772
603749196 -0.13936314 51.50152648
1331703741 -0.14649463 51.51303987
1334476494 -0.12959101 51.49932263
1331703749 -0.14747548 51.51351059
104386 -0.12368948 51.5008592
107813 -0.13396469 51.51072336
25533440 -0.1235568 51.51354731
1322321619 -0.13437624 51.51018248
25377987 -0.13246014 51.50055443
25377986 -0.13382949 51.50050062
25377989 -0.13165791 51.50074889
25377988 -0.13177341 51.50057572
26699537 -0.1323329 51.51160899
25475069 -0.13207641 51.51129249
677445938 -0.1396788 51.50609077
677445939 -0.1382947 51.50541644
454360130 -0.14257039 51.51101807
853294024 -0.13948283 51.50239979
677445933 -0.13490438 51.50850819
677445936 -0.13440021 51.50840803
677445934 -0.1345826 51.50862168
688060610 -0.13778692 51.51332032
812249636 -0.14244759 51.50462888
983839041 -0.14289401 51.49939614
688060613 -0.13757939 51.51329049
1025502797 -0.14964874 51.50393494
779541707 -0.15017889 51.5028831
688060618 -0.1378875 51.5135199
1371467349 -0.14943106 51.50304034
12198622 -0.12955941 51.4996103
1298730017 -0.12955313 51.50164827
1298730016 -0.12421838 51.50165808
1298730010 -0.12419189 51.50229234
1298730013 -0.12948708 51.50132591
1298730012 -0.12946252 51.50206519
21665930 -0.13876576 51.51310969
1298730019 -0.124152 51.50311988
1298730018 -0.12417932 51.50181759
1104363479 -0.130121 51.50995516
1104363477 -0.14739878 51.51022749
276502336 -0.14406371 51.50877582
1104363475 -0.12967584 51.51002381
1104363473 -0.14941614 51.51028649
1104363472 -0.15054502 51.51215809
1104363470 -0.129762 51.51008449
1394476528 -0.1274149 51.5020563
812227931 -0.1518401 51.50183494
1394476523 -0.12679607 51.50164861
27301770 -0.14158409 51.50083548
812227938 -0.15100091 51.50260968
701600734 -0.13738082 51.51342828
821341509 -0.12516419 51.51123901
701600732 -0.13759422 51.51331437
12198538 -0.1322003 51.4996916
821341504 -0.12531926 51.51087801
821341506 -0.12493487 51.5103735
821341503 -0.12515187 51.51063149
821341502 -0.12523477 51.51121378
266481785 -0.13952851 51.51075119
711569131 -0.14290248 51.50171239
1025502802 -0.14788267 51.50471001
345835193 -0.12447101 51.50293196
345835196 -0.12447076 51.50285217
345835199 -0.12437437 51.5028468
345863907 -0.1277936 51.50634138
345863908 -0.12770777 51.50610099
1394476419 -0.12930896 51.50207944
25475484 -0.13542959 51.51155929
1230997557 -0.1508673 51.51281993
346360386 -0.12464527 51.50154409
1394476414 -0.12821269 51.50208581
1394476412 -0.12685868 51.50161692
1394476410 -0.12755371 51.50119263
25257584 -0.13902241 51.5102103
347146802 -0.12780047 51.50164199
1330788614 -0.13535181 51.51304573
25473399 -0.14069729 51.51385191
9512905 -0.12516176 51.51132292
462025277 -0.15086629 51.51188358
9791152 -0.13581583 51.51465749
462025275 -0.15057092 51.51136826
686399243 -0.12582561 51.5008043
751735266 -0.1233827 51.51160564
566201836 -0.12310644 51.50683189
812264903 -0.1407195 51.50590033
370712148 -0.12952672 51.51008449
370712149 -0.13016056 51.51030183
844784051 -0.15134398 51.50743648
25257275 -0.14663536 51.5096089
370712141 -0.13021932 51.51032782
370712142 -0.13024681 51.51035959
370712143 -0.13025193 51.51039227
370712144 -0.13022837 51.51043318
370712146 -0.13006032 51.51046411
370712147 -0.13024287 51.51041541
734893861 -0.15117399 51.50481169
734893863 -0.15137189 51.5054617
734893862 -0.15122822 51.50481588
734893864 -0.15029867 51.50507999
734893869 -0.15103402 51.50532768
21666010 -0.13592178 51.51354597
21666011 -0.13552113 51.51367052
25257298 -0.14829841 51.50803302
25473573 -0.14579826 51.50959683
25473572 -0.14511187 51.50904229
25257290 -0.14680702 51.50880759
25257291 -0.14887769 51.508447
25257292 -0.14733282 51.50924169
25257296 -0.14739711 51.5077125
25257297 -0.14776189 51.50757889
711569044 -0.14853059 51.50089432
779513153 -0.15091977 51.50314511
779513151 -0.15101826 51.503385
779513157 -0.15113041 51.50310832
109634 -0.12423732 51.50624977
25257616 -0.1387086 51.50839721
1235892803 -0.15088742 51.50333169
292903606 -0.1386811 51.50264379
25473408 -0.1361558 51.51291741
292903605 -0.13881622 51.50277723
25257618 -0.13762817 51.50874397
734894076 -0.15122663 51.50498293
10574756 -0.12476924 51.51007359
1239525638 -0.12867764 51.50700188
10574754 -0.1237935 51.5104201
10574753 -0.12365579 51.51026889
26559362 -0.13186787 51.50983756
10574751 -0.12703998 51.51100608
10574750 -0.1258469 51.51111287
25472579 -0.15157037 51.5132013
292903852 -0.14461591 51.50556103
108106 -0.12754172 51.50029552
846861650 -0.15133476 51.49962614
489796844 -0.15108137 51.50552189
347145930 -0.12754709 51.50123437
442691339 -0.12714702 51.5053928
26559369 -0.13337033 51.50921529
1298729935 -0.12423498 51.50165087
1298729936 -0.12969922 51.50135809
25607313 -0.12803868 51.50642948
1298729930 -0.12955262 51.50182329
1298729931 -0.12794263 51.50143772
1298729932 -0.12944567 51.5020641
1298729933 -0.12420329 51.50293012
25607318 -0.12808009 51.50665663
25257053 -0.14593212 51.51092209
25257050 -0.14612918 51.51132627
1298729938 -0.12404278 51.50292953
1298729939 -0.129618 51.50188707
25257054 -0.14394888 51.51181041
452514276 -0.12409399 51.50881472
78596215 -0.14118033 51.50265628
1272863595 -0.12430429 51.50786438
9512941 -0.12714643 51.51183061
1272863596 -0.12454041 51.50770059
25607135 -0.13748433 51.50522248
821849108 -0.14120372 51.50297111
821849109 -0.15171438 51.50223258
361242032 -0.1403439 51.50430307
26573152 -0.12839726 51.51117992
1387235687 -0.13560813 51.5093385
1209267808 -0.12700084 51.51260392
1209267806 -0.1268565 51.51275069
1209267801 -0.12699279 51.51243226
347145688 -0.1275532 51.5011928
347088159 -0.14306677 51.50021388
34207675 -0.1335233 51.51005499
725372691 -0.14248414 51.49973552
454543428 -0.131948 51.50632487
725372693 -0.14258548 51.49968741
454373603 -0.14542602 51.50867172
454373602 -0.14557463 51.50868513
454373607 -0.14555393 51.50873366
454373606 -0.14549232 51.50869703
70833782 -0.12771782 51.51040359
454373604 -0.14540372 51.50876836
25258000 -0.14968243 51.50796622
454373609 -0.14542619 51.50872428
25472756 -0.14869664 51.5133137
1269206860 -0.12874201 51.49970602
1269206865 -0.12938549 51.4993326
25256452 -0.14825542 51.51075211
1209267797 -0.12618327 51.51244777
1209267795 -0.12700109 51.5125305
1209267798 -0.12647018 51.5127429
1322321579 -0.13490606 51.51007996
78596220 -0.13955508 51.50245512
812249680 -0.14216739 51.50460708
107763 -0.12670244 51.50559053
107762 -0.12611244 51.50206452
1115390729 -0.14682462 51.50680834
25607312 -0.12870002 51.50634197
107769 -0.1249119 51.506937
466926165 -0.13724562 51.51172148
1371467351 -0.14927256 51.5030483
25533292 -0.12693018 51.51297139
688060667 -0.13748668 51.51364211
1371467352 -0.14926602 51.50309876
779541715 -0.15089454 51.5031177
63774230 -0.14436948 51.50878111
849731575 -0.12419298 51.50808381
711569068 -0.15006356 51.50190937
21665928 -0.13936657 51.51365057
12198612 -0.13057262 51.49964232
25614027 -0.14397536 51.50113807
21665927 -0.13946322 51.51377077
1104363483 -0.15003112 51.51120624
1104363481 -0.12972831 51.51089754
1119774074 -0.13404398 51.51075513
1104363484 -0.14702864 51.50996673
489826776 -0.14919704 51.5058502
812227945 -0.1505933 51.50259593
1089089322 -0.12588562 51.51294532
812227927 -0.15100962 51.50249853
1089089321 -0.12680436 51.51256553
1394476558 -0.12820833 51.50210567
1089089325 -0.12700402 51.51256528
701600721 -0.13768449 51.51328261
1089089328 -0.12667713 51.51244056
701600723 -0.1376684 51.51326232
1394476552 -0.12819199 51.50126991
701600725 -0.13790561 51.51347212
33493019 -0.14367831 51.50168691
12198505 -0.13385933 51.4996481
821341516 -0.1250466 51.51047291
1394476391 -0.12679523 51.50150561
26652357 -0.13538433 51.51117431
821341515 -0.12557373 51.51102972
26652351 -0.13461839 51.51155627
1394476395 -0.12642978 51.501975
1394476397 -0.12942681 51.50134678
711569103 -0.14719619 51.5016652
812004140 -0.15000639 51.50902284
639259214 -0.12954994 51.50975986
711569100 -0.14747967 51.50153763
266481798 -0.1394255 51.51079394
720890826 -0.12314558 51.50781383
639259210 -0.13002159 51.50968652
639259211 -0.12950661 51.50948418
728177197 -0.14840973 51.49955623
720890829 -0.12322906 51.50773664
720890828 -0.12316888 51.50780738
1227938941 -0.13438144 51.50959046
345835185 -0.12455014 51.50253323
345835188 -0.124181 51.50253323
345832944 -0.12783366 51.50125181
1012728640 -0.1407723 51.50099641
25377951 -0.12619173 51.50312827
1394476537 -0.12679338 51.5016678
1263027649 -0.1252947 51.50116514
711692615 -0.14320783 51.49958716
1298730020 -0.12952664 51.50182278
1012728645 -0.14090113 51.50074931
1394485206 -0.13123839 51.50193477
1298730023 -0.12956469 51.50139757
1298730024 -0.1240318 51.50299667
25258024 -0.15149427 51.50896157
1012728644 -0.14084741 51.50080941
462025268 -0.15144196 51.51150321
462025269 -0.15157524 51.51176573
452488667 -0.12582066 51.51097817
268272727 -0.14621082 51.50834977
462025266 -0.15113443 51.5108993
462025267 -0.15123267 51.51109267
25378018 -0.12572486 51.49825771
25473217 -0.14676796 51.51075027
370712138 -0.13005319 51.51030494
370712135 -0.12997323 51.51039672
370712134 -0.12999326 51.51043066
370712137 -0.13000164 51.51033033
370712136 -0.12997683 51.51036101
370712131 -0.13014933 51.51046847
8916282 -0.12772 51.50216192
25257463 -0.14028917 51.50992901
734893873 -0.15033999 51.50517949
25257461 -0.13966447 51.51006303
734893877 -0.1515656 51.50472359
734893874 -0.15109252 51.50498142
734893878 -0.15033664 51.50503004
178782142 -0.12467218 51.50886283
25257281 -0.14374629 51.50984326
711569070 -0.14991302 51.50219997
25257287 -0.14412439 51.50886811
25257284 -0.14318462 51.50930841
711788371 -0.14128729 51.50055561
711788375 -0.14089418 51.50054102
711788374 -0.14112644 51.50061571
779513147 -0.15138756 51.50343764
346353263 -0.12730728 51.50513783
1012733597 -0.14169498 51.50194482
1394476504 -0.12740627 51.50118333
25531833 -0.14263409 51.51086141
26631671 -0.12542412 51.50155004
711692618 -0.14391158 51.4992275
1272863618 -0.12419969 51.50791282
711692614 -0.14305763 51.49978749
1272863617 -0.12448409 51.50774301
711692616 -0.14340699 51.49958381
1272863615 -0.12458601 51.50766581
711692610 -0.1461099 51.49868351
711692611 -0.14687659 51.49889038
1272863610 -0.1243607 51.50782766
711692613 -0.14469981 51.49935431
846861640 -0.15101641 51.49923529
846861643 -0.15084869 51.49933487
957208648 -0.13116614 51.50540622
33492948 -0.14588409 51.50132892
25257809 -0.14686067 51.5053151
849121951 -0.14948831 51.50253189
849121952 -0.14616136 51.50491923
33492943 -0.15033564 51.50208983
33492944 -0.14642489 51.50161743
33492946 -0.14627041 51.50139296
452514269 -0.12384824 51.50863492
25257049 -0.14651642 51.51124932
25257048 -0.14695128 51.51116668
25257045 -0.14199371 51.51079461
25257044 -0.14134211 51.51103324
25257046 -0.1417752 51.51145569
25257041 -0.14114438 51.51169633
25257040 -0.14147379 51.51199959
25257043 -0.14078094 51.51123709
25257042 -0.14102141 51.5115623
25607129 -0.13834801 51.5048018
25607127 -0.13867524 51.50508234
25607125 -0.13968911 51.50519583
821849170 -0.15154732 51.50207751
25257802 -0.14753658 51.50579589
25496899 -0.12715037 51.51264868
26607516 -0.1511341 51.49973946
26607519 -0.1517122 51.50111753
25496892 -0.12887813 51.51278497
454543632 -0.13270891 51.50749021
1322314691 -0.13440683 51.50996287
1322314690 -0.13462493 51.50963489
25506352 -0.15148362 51.5138224
811960982 -0.1468631 51.51009757
506328468 -0.13721938 51.50744109
811960986 -0.14595542 51.50961259
1163913429 -0.14898464 51.51003277
454373616 -0.14468799 51.50921017
454373617 -0.14556088 51.50884238
454373610 -0.14408131 51.50928528
454373611 -0.14464122 51.50915678
454373613 -0.14470601 51.5091225
25476047 -0.12443271 51.50902963
25476045 -0.12463546 51.50853459
25476042 -0.12414009 51.5087972
25472589 -0.15186223 51.51378477
1098524688 -0.14414786 51.50881321
1115390846 -0.14672706 51.50648019
25533605 -0.12377221 51.51192382
853355850 -0.13073187 51.50121753
25504198 -0.1238567 51.5080927
25504199 -0.12535891 51.50701831
25504196 -0.12527869 51.50716323
25504194 -0.12566694 51.50786589
25504195 -0.12486169 51.50743832
25504192 -0.12731876 51.50730472
25504193 -0.12604564 51.50764871
25504190 -0.12805251 51.50728133
25504191 -0.12776619 51.50712853
819203339 -0.12559771 51.51040577
345832960 -0.12806701 51.5020387
819203336 -0.12457528 51.51067852
25472633 -0.14772962 51.50632831
346624977 -0.12491919 51.5023516
25632145 -0.12773551 51.50015076
25632144 -0.12791019 51.50110462
25534108 -0.12582561 51.50045838
25632146 -0.12841268 51.49991238
25632143 -0.12789686 51.50065217
25632142 -0.12843498 51.50061629
25533330 -0.12564397 51.51187562
25534107 -0.12582561 51.50054932
812264838 -0.13935853 51.50558659
812264833 -0.1417985 51.50425597
506328529 -0.13920631 51.5082424
811960968 -0.14502411 51.50897221
811960962 -0.14590974 51.50959013
811960965 -0.14576532 51.50969264
1104463102 -0.13911143 51.50856318
1104463103 -0.13927773 51.50892896
1104463100 -0.13902032 51.50847097
1104463101 -0.1388966 51.50833871
25614031 -0.14132517 51.50094914
25614030 -0.14218348 51.50174391
25614033 -0.14204401 51.5004816
25614032 -0.14118587 51.5004769
25614035 -0.14289184 51.49992923
21665912 -0.1284152 51.5108713
21665910 -0.12964181 51.51093307
21665911 -0.12934458 51.51104179
1089089330 -0.12614412 51.51282856
1089089333 -0.12598948 51.5128853
1089089332 -0.1265343 51.51261247
1394476545 -0.12805914 51.50209637
271242424 -0.15073034 51.50730178
1394476547 -0.12684443 51.5015259
271242423 -0.15077317 51.50747814
1394476542 -0.12656808 51.50198363
821341527 -0.12507987 51.51059369
821341525 -0.125533 51.51014652
1394476388 -0.12655953 51.50116824
1394476386 -0.12929387 51.50217332
1394476385 -0.12642659 51.5019947
821341528 -0.12520191 51.51102628
1394476381 -0.12889707 51.50214767
711569115 -0.14713517 51.50203443
812004151 -0.14998066 51.50895738
25614330 -0.14007124 51.50213501
1278032912 -0.12618058 51.50811659
711569118 -0.14658574 51.50132591
26241038 -0.13556932 51.50992004
25257857 -0.14981294 51.50357762
1275832565 -0.12474728 51.50192882
1275832564 -0.12426591 51.50190987
1275832567 -0.12479279 51.5020035
25377942 -0.12794573 51.50320789
26607517 -0.15029079 51.50026233
1163257580 -0.12310736 51.50881396
25377946 -0.12644109 51.50476014
1260023850 -0.12365269 51.5030312
503556876 -0.1462762 51.51270149
1275832568 -0.12482121 51.50183552
846861638 -0.1509398 51.49910638
26631299 -0.14292872 51.5067495
26631298 -0.14034458 51.50649729
25473373 -0.13948007 51.5127729
25473371 -0.13847072 51.51194754
25473375 -0.14018741 51.51328956
78598323 -0.13134107 51.5058637
78598326 -0.1361905 51.50384953
1026069103 -0.12558681 51.50431037
25257929 -0.15052792 51.5067459
821341493 -0.12541674 51.51095529
256794592 -0.12703336 51.50777377
8916277 -0.12960241 51.50029552
25473513 -0.13832051 51.51270199
108057 -0.13877741 51.51096618
108054 -0.14144327 51.51396372
108055 -0.1406827 51.51305303
821341497 -0.12524223 51.51072772
108058 -0.13828053 51.5103481
108059 -0.13742927 51.51046654
1026069039 -0.12583081 51.50484312
711788365 -0.14163991 51.50053734
711788366 -0.14144336 51.50033659
686339678 -0.137801 51.50300497
711788360 -0.14217108 51.49979478
711788362 -0.14229848 51.49989176
711788363 -0.14167478 51.5001516
452514386 -0.12375612 51.50685687
711788368 -0.14101722 51.50032326
711788369 -0.14114304 51.50043013
799284739 -0.14165207 51.50599898
1330788578 -0.13504679 51.5131495
601725241 -0.1467911 51.50974108
1272863609 -0.12422391 51.50790277
1272863604 -0.12438753 51.50780428
1272863601 -0.12417831 51.50792816
826724263 -0.12323594 51.50892351
21554350 -0.12413951 51.50951393
1230836076 -0.12550249 51.5107615
1230836075 -0.12543283 51.51076728
21554358 -0.12702422 51.51368066
452488305 -0.12700503 51.51085831
603751939 -0.14697718 51.50644247
1298729958 -0.12957727 51.501875
1298729959 -0.1274569 51.5015979
1298729956 -0.12965513 51.50133278
33492951 -0.1478582 51.4997367
1298729955 -0.12392577 51.50304881
1298729952 -0.12941843 51.50210986
33492955 -0.146545 51.4991596
1298729951 -0.12553702 51.502967
25607332 -0.12865509 51.50698268
25607331 -0.12864629 51.50689032
25607338 -0.12907326 51.5070432
799284750 -0.12996619 51.50284546
799284754 -0.13039157 51.50309097
826724085 -0.12308674 51.50900063
370712150 -0.13043147 51.5099684
1235889286 -0.14985519 51.50253173
1235889284 -0.14951706 51.5026536
821849165 -0.14093827 51.50341593
1334476284 -0.12872256 51.50075811
108278 -0.13908729 51.50041161
108279 -0.13837961 51.5004914
108273 -0.14102267 51.5021698
108270 -0.14209321 51.50709534
108271 -0.14446244 51.50541544
108276 -0.1400067 51.50180988
108277 -0.140015 51.50176369
108275 -0.14008448 51.50201959
25506349 -0.14999148 51.51396171
26631965 -0.12878962 51.51122669
76465509 -0.15026732 51.50348726
811960995 -0.14585752 51.50958418
26582694 -0.12696379 51.51069863
25476049 -0.12500251 51.50873852
1270370642 -0.1392846 51.50183863
25476053 -0.12335412 51.50780746
63782848 -0.14029261 51.50175036
63782846 -0.14052018 51.50315668
464790882 -0.1420425 51.5151133
25533580 -0.12510309 51.51050769
849731774 -0.12444771 51.50822949
25533613 -0.12309043 51.512243
443449149 -0.1261774 51.50054941
1115390852 -0.14666487 51.50619302
109618 -0.14358234 51.50718117
25473564 -0.14677601 51.51007829
853355843 -0.13098341 51.50199528
811961003 -0.14581108 51.50971921
853355845 -0.13891236 51.5004313
25504189 -0.12770232 51.50752868
107820 -0.13558374 51.51066879
107821 -0.13522826 51.51032497
1269206873 -0.12869641 51.49970518
1188939726 -0.1311627 51.50772582
346624980 -0.12418619 51.5023464
21665755 -0.12866138 51.50749918
346624982 -0.124224 51.50198288
779541640 -0.15009826 51.5025412
346624988 -0.12496211 51.50200962
25472648 -0.14970381 51.51312377
9515387 -0.12333199 51.50956791
25533328 -0.1254983 51.51191962
25534114 -0.12489589 51.50035788
25533321 -0.12591211 51.51226856
25534116 -0.12562377 51.50031731
25534113 -0.12486077 51.50056097
1235880076 -0.15181714 51.50179923
812264821 -0.1390598 51.50301754
812264825 -0.1437835 51.5024868
346350084 -0.12741893 51.50639318
1161199696 -0.1491967 51.50077471
1161199695 -0.14913602 51.50069106
811960971 -0.14574881 51.50965676
1387235621 -0.13917052 51.50820158
811960974 -0.14562023 51.51004149
346349359 -0.12916982 51.50697019
26652119 -0.13751384 51.5093447
26652117 -0.13705803 51.50892997
1322321552 -0.13510706 51.509899
1322321556 -0.13490824 51.51004216
345400644 -0.14148342 51.50327411
345400641 -0.14218256 51.50589387
345400643 -0.14187553 51.50449854
21665909 -0.13082231 51.51060677
256794586 -0.1273046 51.50738971
256794585 -0.12710201 51.50737839
256794584 -0.12717007 51.50728368
256794583 -0.12666439 51.50723984
256794582 -0.12827841 51.50734294
256794581 -0.12797423 51.50703574
256794580 -0.12808386 51.5070924
686399233 -0.12594371 51.50054932
686399234 -0.12594363 51.50045997
256794589 -0.12721013 51.5077068
256794588 -0.1274118 51.50762398
1089089304 -0.12612627 51.51281397
1089089305 -0.12608922 51.5127838
265902336 -0.15051367 51.50326883
1089089302 -0.1264312 51.51268003
1089089303 -0.12665961 51.51261147
821341534 -0.12473772 51.51061582
821341535 -0.12479229 51.5108941
821341536 -0.12511097 51.51122049
821341537 -0.12554012 51.51113181
821341532 -0.12501047 51.51039538
821341539 -0.12510921 51.51077197
812004167 -0.15058726 51.50891027
812004163 -0.15048819 51.50909291
1298729941 -0.12417127 51.50294244
812004160 -0.14921858 51.50974519
812275491 -0.14246 51.50286843
25257844 -0.15064644 51.50504596
25257843 -0.15056639 51.50520832
25257842 -0.15098683 51.50452788
25473418 -0.14895279 51.51194703
1026069138 -0.12561799 51.50421322
25473344 -0.14802391 51.51021307
1026069133 -0.12558128 51.50427734
1106056861 -0.12340341 51.50963304
256794566 -0.12684879 51.50586672
25531181 -0.14275588 51.51319384
25531180 -0.14265287 51.51288396
25257930 -0.15154799 51.5060476
711569091 -0.14729502 51.49870849
8916243 -0.12910889 51.50332742
711569095 -0.14711883 51.50096557
711569097 -0.14801603 51.50183888
25530963 -0.1458737 51.51311849
711569098 -0.1480509 51.50147787
462025334 -0.150729 51.51111664
25502137 -0.1352866 51.51277542
347146858 -0.12763811 51.50266793
1394476516 -0.12676933 51.50166688
1394476517 -0.12943276 51.50130973
361242661 -0.14622758 51.5049872
271944974 -0.13691688 51.5055643
108287 -0.14184787 51.50214641
1230836060 -0.12575973 51.51073627
1230836067 -0.12565873 51.51074716
25502050 -0.13901873 51.51238801
489796818 -0.15083084 51.50524436
1298729949 -0.12426574 51.50178196
1298729948 -0.1295336 51.50161508
540653728 -0.126223 51.50251664
108286 -0.14057877 51.50093187
540653726 -0.12616256 51.50271336
540653724 -0.12614379 51.50247942
33492962 -0.14436487 51.49962983
33492960 -0.1451117 51.49960309
1298729942 -0.12389434 51.50292777
25607100 -0.13920086 51.50447457
25607102 -0.13906684 51.50452134
799284763 -0.14184133 51.50477833
1270370720 -0.13885729 51.5006986
25472806 -0.14748302 51.51324397
821849153 -0.14101253 51.50322558
821849158 -0.13984401 51.50351199
108269 -0.14291212 51.5067101
108268 -0.14480366 51.50573906
302313970 -0.13400719 51.50660608
108261 -0.13769866 51.51001777
108260 -0.1503011 51.51335771
108263 -0.13619746 51.50982172
108264 -0.1347836 51.51016772
108267 -0.14149868 51.50859813
799284614 -0.12993861 51.50290908
25476025 -0.1235019 51.50925628
25476020 -0.12431771 51.5083543
25476022 -0.1232061 51.50903047
26559363 -0.13120101 51.51005893
26544689 -0.12388914 51.50214272
346360828 -0.12486228 51.50183661
26559368 -0.13314402 51.50895821
25476029 -0.12393222 51.50928519
954175768 -0.13753949 51.50204658
954175762 -0.13733321 51.50267128
454366537 -0.1399896 51.5100285
454366535 -0.14124488 51.50957831
454366533 -0.1407081 51.51227343
347145765 -0.12817372 51.50127251
347145766 -0.12817816 51.50123823
454366530 -0.14086593 51.5113624
812249682 -0.1423916 51.50457624
812249681 -0.14372952 51.50518233
78596222 -0.13875947 51.50280053
811961014 -0.14649957 51.51018692
503556078 -0.14433662 51.51139701
1098524644 -0.14445079 51.50905662
25534109 -0.12562377 51.50067438
361241764 -0.14144151 51.50318694
361241766 -0.13991844 51.5038647
25531274 -0.14401769 51.50948032
779562791 -0.15171312 51.5021361
21665110 -0.12964608 51.51332778
256779288 -0.13379848 51.50050062
25501340 -0.13797719 51.51339727
25504261 -0.12658694 51.50657591
25504262 -0.12650102 51.50608272
25504263 -0.12662441 51.50623686
25533319 -0.12518892 51.51260887
345881019 -0.12931181 51.50463617
108097 -0.1339833 51.4978133
454212872 -0.14266997 51.50797711
1235880065 -0.15014537 51.50215077
1235880066 -0.15029004 51.5024785
812264815 -0.14231457 51.50334913
779541749 -0.15171622 51.50299072
25524224 -0.14212313 51.49971666
1322321549 -0.13503741 51.50993747
26652125 -0.13790041 51.50977218
1322321545 -0.13498678 51.50996429
26652129 -0.13673893 51.50903298
256794590 -0.12714911 51.50780947
256794591 -0.12704853 51.50788961
821341491 -0.12505104 51.51056469
256794593 -0.12706093 51.50763983
256794594 -0.12716386 51.50752172
821341495 -0.12478449 51.51066293
821341494 -0.12503042 51.51050929
1012728634 -0.14195248 51.50206502
26630839 -0.13105801 51.50773043
9791503 -0.15024603 51.51421652
9791504 -0.14919863 51.51433512
1394476360 -0.12658551 51.50113228
1394476362 -0.12726688 51.502047
1394476365 -0.12929706 51.5021537
1394476367 -0.12814706 51.50159723
1394476368 -0.12651712 51.50143194
42359320 -0.14498689 51.5089443
1055025245 -0.14137806 51.50019778
1208286155 -0.12729462 51.50924236
348810925 -0.12886531 51.51070827
735391282 -0.14944053 51.50287849
25472162 -0.1509994 51.51215298
25507038 -0.12610808 51.50201263
25507039 -0.12533711 51.50196377
33548723 -0.13099079 51.50757973
462025239 -0.15060243 51.51251977
452243716 -0.14402859 51.51346198
78594244 -0.14153782 51.50246576
25533438 -0.12373022 51.51275497
130114421 -0.12919446 51.50432956
78594243 -0.14203311 51.50241773
812004172 -0.14918279 51.5095478
1130845644 -0.14218943 51.50228153
108077 -0.13742616 51.50516498
108078 -0.13729448 51.50543614
108079 -0.13806696 51.50520103
108070 -0.13815447 51.51208399
108076 -0.13607014 51.5037155
8916255 -0.12484208 51.50490364
255576 -0.13339346 51.51495832
108071 -0.13718527 51.51251901
452488961 -0.12707418 51.51271808
452488960 -0.12704861 51.51285999
686339695 -0.13793176 51.5031405
108072 -0.1376617 51.51301858
21665756 -0.12974281 51.50752583
462025300 -0.15031971 51.51143792
346353256 -0.12741893 51.50535676
25474885 -0.12329042 51.50787158
21645238 -0.1294647 51.51380119
346353258 -0.12701551 51.50541024
452219937 -0.14246402 51.51277374
462025302 -0.1502265 51.51162366
1239525677 -0.12865668 51.50652277
734894077 -0.15079899 51.50539591
462025301 -0.15026892 51.51154998
734894075 -0.15122051 51.50478386
734894074 -0.15059179 51.50500816
1274040747 -0.1271818 51.5075063
1239525678 -0.12869951 51.50689191
454366540 -0.14104279 51.51110172
1298729970 -0.12418971 51.50249359
33492970 -0.14748923 51.49926647
821344575 -0.12668719 51.51088907
540653733 -0.12609174 51.50266584
1298729974 -0.12930653 51.50213769
540653735 -0.12608897 51.50251991
1298729976 -0.12959152 51.5020729
442691536 -0.12749319 51.50598884
25607356 -0.12867227 51.5065744
25257764 -0.14404871 51.50615271
25472807 -0.14694591 51.51299402
442691534 -0.12751029 51.50605816
25472802 -0.14873821 51.51376482
25472801 -0.14890091 51.5137323
442691533 -0.12777641 51.50602622
25473537 -0.14666864 51.51028247
25472808 -0.14690509 51.51290777
1298729999 -0.1241447 51.50294051
1270370714 -0.13937336 51.50120462
1239525703 -0.12877244 51.5070064
1239525706 -0.12852089 51.50669518
1298729997 -0.12414018 51.50198112
1239525705 -0.12805469 51.50680432
108255 -0.14552141 51.51239471
21665378 -0.13049249 51.51150019
108257 -0.14939309 51.51245464
108250 -0.14270031 51.51150606
108251 -0.14180638 51.51219824
108252 -0.14444039 51.5122896
108253 -0.14488539 51.51214979
21665373 -0.13129078 51.51121169
21665370 -0.12929513 51.51194192
821849148 -0.15170029 51.50295694
108259 -0.15092991 51.51323273
21665578 -0.13098878 51.51285471
21665579 -0.13025151 51.51311312
108094 -0.12753166 51.50108886
108090 -0.13400903 51.50123982
108091 -0.1338709 51.50094696
21665577 -0.13178959 51.51256419
345843901 -0.12373709 51.5014596
488815519 -0.12788077 51.51281037
130114196 -0.13118399 51.50214767
130114191 -0.1298211 51.50294051
130114190 -0.12967517 51.5031809
130114192 -0.12987256 51.50276424
464790861 -0.14831157 51.5141555
701600730 -0.1374638 51.51322578
464790865 -0.14420964 51.51438223
26559372 -0.1329302 51.50965768
464790867 -0.1437509 51.51445934
26559370 -0.1326867 51.50943012
464790869 -0.14374604 51.51469739
454366528 -0.14238993 51.51059864
734894098 -0.15178663 51.50481856
954175772 -0.13072852 51.50159689
734894090 -0.15050093 51.50481043
734894092 -0.15066991 51.5050924
734894095 -0.15136736 51.50533019
734894094 -0.15049431 51.50498679
954175774 -0.1373022 51.50270263
1089089329 -0.12651678 51.51253016
506328377 -0.13772171 51.5072794
811961025 -0.14593648 51.50971099
135770208 -0.15072472 51.50327034
260278462 -0.14427787 51.50325819
9789811 -0.13647767 51.50843904
9789817 -0.13602949 51.50690456
9789816 -0.14005532 51.50724479
9789815 -0.13905527 51.50757864
9789814 -0.13623308 51.50818088
1161199713 -0.14752544 51.49965036
9789819 -0.13821599 51.50785876
9789818 -0.13462996 51.5074115
779562788 -0.15149041 51.50200752
799284808 -0.14174569 51.50483524
260278463 -0.14818719 51.50265502
25532308 -0.12959168 51.50064881
25532309 -0.12982462 51.49931551
25532307 -0.13207449 51.49878133
25532305 -0.13177307 51.50115776
25544126 -0.12600381 51.51176163
26651414 -0.13564954 51.5093846
812264806 -0.13954989 51.50577619
677445942 -0.13780612 51.50868849
677445941 -0.13733497 51.5081528
677445940 -0.1379621 51.50552993
1235880058 -0.14979341 51.50210333
454212848 -0.1448553 51.50805733
36857015 -0.1317947 51.50738493
26652135 -0.14179238 51.50894682
107805 -0.12997767 51.51272764
107806 -0.13071368 51.51246177
107807 -0.13149748 51.51217309
107800 -0.13220843 51.5102958
107801 -0.13160074 51.50955953
107802 -0.13172102 51.50841599
107803 -0.12983124 51.51220134
26652139 -0.13851916 51.50891689
107809 -0.13306732 51.51144563
1394476389 -0.12655132 51.50121954
25620550 -0.1311472 51.50715594
821341487 -0.12554314 51.51093081
345838184 -0.12836583 51.5032643
701600764 -0.13744041 51.51357237
346353259 -0.12692959 51.50518594
701600767 -0.13721569 51.51336173
701600768 -0.13721913 51.51330163
1012728629 -0.14239244 51.50201163
1012728628 -0.14243527 51.50206502
1394476354 -0.12889883 51.50212881
1394476357 -0.12644176 51.50190074
1394476350 -0.12905784 51.50213979
1394476353 -0.12740568 51.50118341
1394476359 -0.12905558 51.50215932
345805548 -0.12776359 51.50185547
26846360 -0.12739847 51.51344949
223698415 -0.14302846 51.50665789
107770 -0.12758103 51.50715418
181641339 -0.14132249 51.513797
1104386138 -0.12623993 51.50944068
540653730 -0.12622568 51.50266584
462025226 -0.1506119 51.51401066
25507028 -0.12619969 51.50323346
1394476464 -0.12938381 51.50212889
25507027 -0.12361078 51.50315928
25507026 -0.12396768 51.50086716
25507025 -0.12384371 51.50196
25507024 -0.12308867 51.50459979
735391279 -0.14974614 51.50289223
1016037856 -0.14726199 51.49848293
1298729975 -0.12966737 51.50160452
812004106 -0.15048416 51.50893014
812004100 -0.15012726 51.5092758
1110150388 -0.12746251 51.50839839
489796727 -0.15065976 51.50514294
21665584 -0.12919673 51.51109577
108069 -0.13932299 51.51157613
21665581 -0.1304059 51.51258004
21665583 -0.1295947 51.51195969
21665582 -0.13214548 51.51138687
462025310 -0.1513791 51.51105738
462025311 -0.15147113 51.51099233
108061 -0.13663273 51.51041876
108060 -0.13684957 51.51077457
489796728 -0.1509279 51.50516582
21665745 -0.12866456 51.51090634
33141621 -0.12888492 51.5133987
345805549 -0.12758992 51.50181231
452589682 -0.13981777 51.51123792
452589683 -0.14016244 51.51249068
26631668 -0.12435257 51.50103162
26631669 -0.12547097 51.50105903
452589684 -0.13918754 51.51142467
25257765 -0.14347119 51.50643929
26631667 -0.12434193 51.50153202
1239525665 -0.12863749 51.50691974
1239525666 -0.12853732 51.50669351
25257763 -0.14455698 51.50587267
489796837 -0.15096403 51.50525082
1239525668 -0.12914132 51.50676551
1275832566 -0.12426213 51.5019843
821344561 -0.12665173 51.51090843
1298729966 -0.12414579 51.50293171
1298729962 -0.12551581 51.50317051
1298729961 -0.12418804 51.50177836
844780674 -0.13863383 51.50746221
1298729968 -0.12403314 51.50239552
1106056843 -0.12415342 51.51043712
1298729989 -0.12419902 51.50294093
1270370701 -0.13860659 51.50058872
1270370700 -0.14008331 51.50139103
1239525711 -0.12874628 51.50757478
1298729980 -0.12957383 51.50165171
1298729982 -0.12423431 51.50234682
1239525714 -0.12754063 51.5084211
108247 -0.14261448 51.51050862
108245 -0.1432313 51.51110398
108244 -0.14564873 51.51002573
21665367 -0.13000567 51.51214258
108248 -0.1430464 51.51012037
21665361 -0.13131458 51.51196229
21665360 -0.13115373 51.51171527
21665363 -0.13088551 51.51212917
108085 -0.14060232 51.5077415
108084 -0.13391281 51.5066381
108081 -0.13915854 51.50632152
108080 -0.13882762 51.50595431
425736580 -0.12616734 51.50046534
108089 -0.13490883 51.50172421
108088 -0.13508728 51.50201959
26671970 -0.12803919 51.51128847
26671971 -0.13422512 51.51018222
26845543 -0.13457078 51.51265078
26845544 -0.13482509 51.51290752
26845545 -0.13500262 51.51247711
130114188 -0.12960954 51.50364258
937175314 -0.14180504 51.50367083
464790873 -0.14087993 51.51281146
452515772 -0.12747743 51.50580452
464790877 -0.14155434 51.51398107
464790875 -0.14186572 51.51386599
464790879 -0.14229479 51.51485111
362229866 -0.14986591 51.49984583
452515779 -0.12959369 51.50619747
734894089 -0.15104072 51.504981
107329 -0.13156478 51.51502738
107328 -0.13233248 51.51479671
734894082 -0.15062163 51.50518233
725372714 -0.14277373 51.50192622
725372717 -0.1424491 51.50163637
734894081 -0.15151128 51.50477179
734894086 -0.15111197 51.50471756
821849146 -0.13983252 51.50254271
452515775 -0.12958892 51.50630258
725372712 -0.14284884 51.50188607
799284708 -0.14000586 51.50395481
812249668 -0.14063618 51.50580251
26652126 -0.13713347 51.50945618
821849142 -0.14130984 51.5029193
1334476412 -0.12843104 51.50073817
819203377 -0.12523997 51.51054533
26559582 -0.13120411 51.50911244
25472678 -0.14983012 51.51236982
819203370 -0.12560206 51.51051163
25472671 -0.14693904 51.50598348
25472673 -0.15012139 51.51295211
9789804 -0.12986862 51.50125441
9789805 -0.1341941 51.50695704
9789806 -0.13708636 51.5065542
849731635 -0.12408452 51.50815473
9789808 -0.13431623 51.50919903
9789809 -0.1378932 51.50628171
1161199702 -0.14755997 51.49935423
1161199704 -0.14758604 51.49942698
25532311 -0.13198547 51.49969261
346349564 -0.12941491 51.50687556
9513006 -0.12502656 51.51385308
1387235610 -0.13664262 51.50900046
1235880048 -0.15122881 51.50139682
506328569 -0.13872159 51.50769003
454212857 -0.1429454 51.50786412
812264872 -0.1428216 51.50263566
811960925 -0.14672832 51.50994661
10574891 -0.12683731 51.51516652
779541764 -0.15017286 51.50272342
25504421 -0.12577222 51.50628984
811961040 -0.1459773 51.50964486
506328368 -0.13651907 51.50616972
107812 -0.13438228 51.51134144
107810 -0.13334024 51.51183572
107816 -0.13321401 51.50790042
25533578 -0.12692649 51.51021441
811961032 -0.14725353 51.51035774
107818 -0.1348836 51.50979423
345836137 -0.12618947 51.50308887
25256828 -0.14350656 51.5135354
9791494 -0.14124647 51.51370388
308728960 -0.14090122 51.50043449
701608595 -0.13740781 51.51271524
1394476348 -0.12814321 51.50169027
1394476343 -0.12806844 51.50203879
1394476346 -0.1294186 51.50139807
292903851 -0.14599842 51.50480959
568842560 -0.12363777 51.51108118
25256830 -0.14373438 51.51348763
503577277 -0.13179629 51.5061662
466926169 -0.13747796 51.51183421
25377905 -0.12517576 51.50650709
466926164 -0.13732667 51.51169633
466926160 -0.13757209 51.51151453
466926162 -0.13744326 51.51166163
25534089 -0.12883597 51.49930293
1239525771 -0.12742597 51.50749926
26591528 -0.13843149 51.50688897
26591529 -0.13835672 51.50679987
26591526 -0.13698243 51.50794677
26591527 -0.13762708 51.50716851
26591525 -0.13545164 51.50844809
78603638 -0.12900663 51.50196033
1012733590 -0.14173488 51.50186796
1110150390 -0.12887989 51.50812933
448542845 -0.1466165 51.51029957
1274040745 -0.12732773 51.50744821
9512919 -0.13062559 51.50934261
21665775 -0.12964633 51.50893651
25476037 -0.12316897 51.50877926
454368531 -0.14602114 51.51110557
659653102 -0.15082112 51.5092396
659653100 -0.15028836 51.50910548
659653101 -0.15033321 51.50907573
292903848 -0.14919352 51.50295962
28782071 -0.13889727 51.50169412
25476033 -0.123434 51.50892092
701600733 -0.13733128 51.5134432
751735379 -0.12351413 51.51171293
26559371 -0.13358767 51.50943833
1103212858 -0.12908139 51.51330172
489796822 -0.15075699 51.50525224
223698445 -0.14191786 51.50300757
108056 -0.13969707 51.51199439
25473512 -0.1378699 51.51224132
295907524 -0.15077728 51.50726842
295907523 -0.15085112 51.50748669
812275496 -0.14266653 51.50280908
844780668 -0.13886559 51.50737026
1394485163 -0.12973652 51.50260062
25257980 -0.15193373 51.50700423
688060614 -0.13717747 51.51331286
25257984 -0.15167791 51.50769246
711569066 -0.14977363 51.50206712
25530952 -0.14522192 51.51251549
292903531 -0.14250359 51.5069023
25524225 -0.14189959 51.4994922
1239525728 -0.1266809 51.50667591
688060616 -0.13746539 51.51353214
1239525725 -0.128827 51.50674112
1239525720 -0.12909581 51.50703482
1239525721 -0.12867403 51.50652621
1239525722 -0.12868216 51.50689249
799284892 -0.1313554 51.50404751
26630788 -0.1342739 51.50549506
26630786 -0.13369278 51.50531041
26630787 -0.13399553 51.50522248
26630785 -0.13404138 51.50558391
26630783 -0.13121534 51.5057223
826724192 -0.12308624 51.50879502
821849139 -0.15097509 51.50222486
452514368 -0.12558832 51.50792481
1239525652 -0.12886841 51.50817928
1298730014 -0.12955438 51.50184969
25476014 -0.12342369 51.50892603
25476017 -0.12386902 51.50861866
140688472 -0.13086112 51.5017678
464790845 -0.15122982 51.51327531
849731735 -0.12433866 51.50829923
135766556 -0.15165327 51.506548
452515768 -0.12708399 51.50582296
725372708 -0.14358326 51.5011762
725372706 -0.14368569 51.50125826
452515765 -0.1269896 51.50583453
725372703 -0.1438788 51.50105131
725372700 -0.14279008 51.49997164
725372701 -0.14369641 51.50112474
442691537 -0.12702112 51.50565222
812249673 -0.14223377 51.50473591
812249670 -0.14215549 51.50467758
812249671 -0.14136951 51.50560998
812249676 -0.14646613 51.50486131
812249674 -0.14226177 51.50456048
799284712 -0.14191367 51.50464388
442691539 -0.12737299 51.50560411
25472680 -0.14660317 51.5068526
25256296 -0.14688833 51.50983563
25256295 -0.14716577 51.51017812
25504259 -0.12731859 51.50661313
26389875 -0.15108934 51.50147728
853293999 -0.13874866 51.50271051
25544123 -0.12479346 51.51102737
853293993 -0.12969411 51.50645177
799284826 -0.13301066 51.50394232
107759 -0.12615426 51.50098719
9513010 -0.12410338 51.51321362
1334476225 -0.12947509 51.49937527
853293962 -0.1294222 51.50637491
812264865 -0.14128067 51.50325416
811960937 -0.14639312 51.50942752
1131573003 -0.1317983 51.50559724
25256612 -0.14811577 51.51212423
25256617 -0.14914474 51.51423161
25256616 -0.14885531 51.51363884
25256615 -0.14856177 51.51303769
570209145 -0.14140916 51.50253248
1269206795 -0.12956721 51.49941927
308728957 -0.14065546 51.50017432
308728959 -0.14089409 51.50032527
308728958 -0.14078094 51.5002086
135770014 -0.15127441 51.50318786
130114236 -0.13167752 51.50369983
130114233 -0.1312974 51.50410518
1394476339 -0.12656489 51.50200333
28782070 -0.13634708 51.50235001
1394476337 -0.1293844 51.50161064
28782074 -0.13936666 51.50114167
1394476333 -0.12680881 51.50142104
1394476331 -0.1272186 51.50147561
568842579 -0.12384019 51.51125687
63774228 -0.14411199 51.50794769
568842573 -0.12432927 51.51168158
25544141 -0.1272269 51.51183321
1239525754 -0.12867219 51.506922
21651906 -0.1498686 51.51113826
21651907 -0.14783833 51.51155568
21651905 -0.15046027 51.51224861
108285 -0.14095059 51.5003319
108284 -0.14085637 51.50013207
466926176 -0.13684278 51.51177294
466926174 -0.13713414 51.51175308
466926175 -0.13706817 51.5116773
466926170 -0.137369 51.5118747
1239525750 -0.12873874 51.50756263
1394476480 -0.12819802 51.5012327
1394476483 -0.12747601 51.50155691
1394476485 -0.1268042 51.50144979
108280 -0.13863349 51.50064722
25474303 -0.15089471 51.5088956
345881288 -0.13098434 51.50573931
345881286 -0.12965111 51.50426401
345881287 -0.13009024 51.50521326
107798 -0.13338231 51.5100803
107799 -0.13228814 51.51028121
12198369 -0.13559313 51.4995305
26591535 -0.13940446 51.50657977
1188983785 -0.13432276 51.51021257
107796 -0.13244153 51.50716323
107797 -0.1324686 51.50921537
107790 -0.12840372 51.51133507
107791 -0.1284416 51.51186137
107792 -0.12915138 51.51314984
107793 -0.13188078 51.51101254
70706307 -0.13379764 51.51010662
25257402 -0.14130606 51.50746758
812004120 -0.15051308 51.50915091
812004127 -0.15027612 51.50914882
1161199710 -0.14758604 51.49950519
454368529 -0.14523022 51.51126969
454368522 -0.14257039 51.51168543
454368520 -0.142834 51.51145929
25473303 -0.15158144 51.5091375
25473300 -0.13578658 51.51136173
25473301 -0.15020287 51.50945006
33548719 -0.13760612 51.51015389
107795 -0.12936336 51.51172349
33548715 -0.1416659 51.5145181
26591537 -0.14075747 51.50692468
26591536 -0.14000226 51.50718896
1103212860 -0.12867018 51.51357539
1103212861 -0.12885047 51.51338168
806827465 -0.14360857 51.51018843
1394476466 -0.12717501 51.50174668
806827468 -0.14341034 51.5102502
26591530 -0.1392939 51.50646368
26671719 -0.12802117 51.50723473
26591533 -0.14034122 51.50545198
26591532 -0.13890523 51.50604039
107777 -0.13071897 51.5058487
107774 -0.12779846 51.50750991
25607361 -0.13326958 51.50587543
107773 -0.1273538 51.50746682
812275488 -0.14255757 51.50299399
107771 -0.12730678 51.50739851
812275485 -0.14228272 51.50285753
246265154 -0.14429891 51.50987201
346360682 -0.12464678 51.5016124
489796745 -0.15056924 51.50532868
25257992 -0.14945017 51.50728183
25257996 -0.14950616 51.50744679
1239525732 -0.12725808 51.50844491
33492950 -0.14831317 51.49960309
1239525736 -0.12875693 51.50701101
1239525734 -0.12799024 51.50720581
33492957 -0.1460301 51.49913831
1239525739 -0.12867764 51.50685964
26630791 -0.12959898 51.50680457
26630790 -0.12985638 51.50702359
26630792 -0.12906287 51.50653082
339032753 -0.12321817 51.50177492
25502048 -0.13858882 51.51250921
339032759 -0.1232258 51.50166294
1274040752 -0.12726503 51.50742726
26671734 -0.13008529 51.50718318
26671730 -0.12909698 51.50710062
26671733 -0.12987826 51.50721159
1239525647 -0.12882901 51.5075094
1239525645 -0.12891451 51.50675813
1239525641 -0.12866314 51.50648824
464790858 -0.14686058 51.51296418
464790859 -0.147307 51.51366767
464790852 -0.15065792 51.51350121
464790853 -0.15082438 51.51384947
464790854 -0.14909319 51.51391343
464790855 -0.14983138 51.51360791
464790856 -0.14899353 51.51376172
464790857 -0.14442279 51.51455967
26559616 -0.13301712 51.50881363
344653650 -0.13211128 51.50786496
26559618 -0.13242158 51.50816738
452414246 -0.14874618 51.50935753
452414245 -0.1490294 51.50961393
452414244 -0.14925261 51.50951771
711569109 -0.14771076 51.50204247
442691529 -0.12786233 51.50630928
442691522 -0.12897813 51.50531561
1269601868 -0.12493218 51.50062711
442691525 -0.12908961 51.50536372
442691527 -0.12938146 51.506117
812249642 -0.14242798 51.5047023
812249648 -0.14115158 51.50566589
1306212512 -0.12879993 51.49961994
1188939774 -0.13511133 51.51007971
819203356 -0.12539587 51.5099254
819203350 -0.12424487 51.51038163
1188939770 -0.13507789 51.50996857
1188939772 -0.13007054 51.50762281
1104463096 -0.13902518 51.50866401
1104463097 -0.13928778 51.50856703
1104463098 -0.1391644 51.50861263
1104463099 -0.13954033 51.50883207
26389844 -0.15120124 51.4986214
1322321696 -0.13533329 51.50994644
490256489 -0.1266638 51.51202666
853293989 -0.13347871 51.50488344
9789822 -0.1364335 51.50736766
9789823 -0.13564291 51.50642319
9789820 -0.13571341 51.50763228
9789821 -0.13534619 51.50611993
853293983 -0.13786638 51.50307278
9789824 -0.13504512 51.50785868
799284584 -0.13997938 51.50503196
9513062 -0.12714987 51.51279461
70833772 -0.12868317 51.51162383
1387235630 -0.13513723 51.50998609
70833777 -0.1279055 51.51114991
799284588 -0.14274473 51.50626368
1235880027 -0.15033647 51.5030126
346350079 -0.12763342 51.50634524
1131573039 -0.13349371 51.50489802
346350073 -0.1271528 51.50605129
346350075 -0.12733301 51.50621163
346350074 -0.12725581 51.50603
346350076 -0.12754759 51.50616888
248200076 -0.14179506 51.51523349
25256330 -0.14751487 51.51089318
25256331 -0.14993993 51.50861531
25256620 -0.14590278 51.51253008
1115431277 -0.1388008 51.51245221
25475083 -0.13283808 51.51117229
25614324 -0.14228021 51.5068531
1089089354 -0.12676572 51.51237191
28782069 -0.13538668 51.50254128
28782063 -0.1311508 51.50528283
28782062 -0.1312544 51.50570067
1394476327 -0.12889699 51.50214859
28782067 -0.13448814 51.50303531
26652137 -0.14115477 51.50917598
568842581 -0.1239681 51.51136801
568842583 -0.1241204 51.51150019
568842587 -0.12355738 51.5117483
26652131 -0.13668562 51.50905016
26652133 -0.13625312 51.50855018
881888130 -0.13930011 51.51155049
881888131 -0.14007384 51.5113059
610884816 -0.12722698 51.50100924
130114399 -0.13101292 51.50419319
462025276 -0.15070922 51.51200772
25507256 -0.15108858 51.50167769
25507251 -0.14694591 51.49827481
881887805 -0.14911959 51.5046298
881887804 -0.14956752 51.50446049
881887807 -0.14663117 51.50543639
881887806 -0.14634342 51.50547369
1055017765 -0.13774778 51.50423753
1055017768 -0.13781223 51.50430433
881887809 -0.14670602 51.50618598
1394476478 -0.1290358 51.50128492
107783 -0.12724626 51.50852596
107782 -0.12714978 51.50806621
107780 -0.12649901 51.50794576
1394476475 -0.12889816 51.50212847
107786 -0.12836901 51.5101725
107785 -0.12741222 51.50942869
489826585 -0.15078633 51.50598943
844784016 -0.14638038 51.50769657
489826580 -0.15068382 51.50586362
1272858584 -0.12433648 51.50790947
1106056856 -0.1255268 51.50857047
812004134 -0.15090519 51.5092292
1256509270 -0.14891298 51.51415139
812004130 -0.1493019 51.50965877
821341524 -0.12569929 51.51091631
25257272 -0.14944632 51.50890784
348894359 -0.12693906 51.51058229
21665719 -0.12845702 51.50982742
25257273 -0.14787991 51.50967571
21665714 -0.12994691 51.5094535
21665716 -0.12951843 51.51002548
21665712 -0.13039224 51.50989992
21665713 -0.13010222 51.50993806
25257692 -0.13819177 51.51124488
659653126 -0.1496878 51.50876468
454368514 -0.1416799 51.51217762
1324710127 -0.13730806 51.51372341
25257324 -0.14083961 51.50885302
25257320 -0.14432866 51.50772582
25257321 -0.14218289 51.50836687
25257322 -0.14149063 51.50948996
25257323 -0.14090943 51.50970722
33492938 -0.14668238 51.50206091
33492934 -0.14534337 51.50151592
33492937 -0.14637343 51.50175104
33492936 -0.14609867 51.50184718
33492931 -0.14285428 51.50172958
33492933 -0.14472538 51.50117931
33492932 -0.14421039 51.5011099
462025295 -0.15055558 51.51187679
462025294 -0.15029071 51.51129073
462025297 -0.15059371 51.51169356
107766 -0.12321859 51.50462703
462025291 -0.15078281 51.51148762
107760 -0.12621151 51.50018178
462025293 -0.15089672 51.51175283
462025292 -0.15086696 51.51161092
462025299 -0.15035517 51.51147731
462025298 -0.15056832 51.51161779
844784035 -0.15176257 51.50748166
844784034 -0.14204979 51.5102528
347147113 -0.12774113 51.50201691
489796750 -0.15041099 51.50521159
1227938943 -0.13496926 51.5096633
1239525747 -0.12880722 51.50821792
1239525744 -0.1287405 51.50638673
1227938940 -0.13360309 51.51003311
1239525743 -0.1282313 51.50740739
1239525741 -0.12851369 51.50668546
701600766 -0.13719994 51.51327389
109583 -0.15073109 51.50560948
109582 -0.15090183 51.50499257
109581 -0.15030471 51.50514068
109587 -0.15032373 51.50635806
109586 -0.14987388 51.50639821
109585 -0.14976357 51.50592707
108290 -0.1431391 51.49910604
108293 -0.13380879 51.49867052
108297 -0.13276239 51.49968431
610884792 -0.12753887 51.50086079
26671724 -0.12900352 51.50743807
26671723 -0.12825494 51.50691596
26671721 -0.12867479 51.50755793
26671720 -0.12823893 51.50747696
1238318167 -0.14095218 51.50969079
25473260 -0.14675824 51.51176473
59598321 -0.12917368 51.50333488
370711678 -0.12422919 51.50945928
442691559 -0.12930418 51.50528359
812249651 -0.14472923 51.50566496
812249652 -0.14234701 51.50474111
26699551 -0.13222033 51.51320256
799284735 -0.14272554 51.50583109
799284731 -0.13597249 51.5035891
311153342 -0.13827123 51.50614927
25472192 -0.14980649 51.5109956
26651413 -0.13521334 51.50889854
26651412 -0.13585238 51.50932761
26651416 -0.14118687 51.50998659
26651415 -0.14149658 51.50980244
1334476441 -0.12883857 51.49966252
1188939748 -0.12993819 51.50755207
1188939749 -0.13007909 51.50745459
725372297 -0.14712956 51.50030993
25504200 -0.12363408 51.50669351
779562749 -0.15149117 51.50201364
1394485185 -0.12963477 51.50263709
490256490 -0.12631687 51.51238993
490256491 -0.1264302 51.51265874
490256492 -0.12638477 51.51264868
490256493 -0.1259282 51.51232179
490256494 -0.12551984 51.51251826
490256495 -0.12640363 51.51319803
490256497 -0.12700536 51.51278782
799284591 -0.14154612 51.5052778
1387235623 -0.13867088 51.50835597
346350086 -0.12733301 51.50640928
346350080 -0.12749612 51.50637189
346350081 -0.12746184 51.50630777
799284840 -0.14170412 51.50489467
346350083 -0.12740166 51.50632378
812264843 -0.1416022 51.50312433
21665031 -0.12962127 51.51343021
454543312 -0.13173183 51.50639771
1270370555 -0.13912266 51.50159983
1369709172 -0.1518686 51.50648539
1387235657 -0.13477991 51.50957219
454535878 -0.13374223 51.50514009
25533506 -0.12762261 51.51309368
811961060 -0.14597009 51.50968249
811961067 -0.1454142 51.50984091
1269206777 -0.12877151 51.49924007
1098524637 -0.14419237 51.50885554
76465713 -0.15131867 51.50562532
135770032 -0.15124993 51.5038554
346430573 -0.12533351 51.50822228
346430572 -0.12495582 51.50846804
346430574 -0.12564414 51.50840107
76465716 -0.1519173 51.50559087
1131572975 -0.13188824 51.50569212
346430374 -0.12519957 51.50863777
772092173 -0.13450281 51.51312
568842591 -0.12327324 51.5115162
345833310 -0.12756896 51.5014746
25533436 -0.1243447 51.51246814
25533435 -0.12474233 51.51225708
466926155 -0.13712903 51.51156063
466926156 -0.1372913 51.51149751
466926153 -0.13699668 51.51143071
25613838 -0.13932123 51.50481487
466926159 -0.13737738 51.51158267
25507247 -0.14407377 51.49819292
25507246 -0.14316081 51.49923672
25507244 -0.14099266 51.50037012
25507241 -0.14974848 51.50233148
25507240 -0.15008116 51.50325031
25257617 -0.13942097 51.50817266
881887810 -0.14662329 51.50590804
881887811 -0.14675723 51.50647566
25473409 -0.1355834 51.51311773
25507067 -0.13946548 51.50071227
25507065 -0.13987502 51.50194793
25507064 -0.13986748 51.50171793
25507063 -0.14004559 51.50145356
25507062 -0.13907388 51.50044924
26846365 -0.126856 51.51196153
25507060 -0.1300081 51.50132951
812004097 -0.15045893 51.50920238
256794574 -0.12744441 51.50708058
812004094 -0.14922311 51.5095856
566202812 -0.1306509 51.50881379
566202817 -0.13047933 51.5086055
1104363453 -0.1304173 51.50998584
448551958 -0.14481012 51.50919391
448551959 -0.14556474 51.50977729
25502191 -0.13409746 51.51107272
1239525639 -0.12903437 51.50820141
821849125 -0.14247534 51.50288846
812227950 -0.15061283 51.50237289
1394476501 -0.12754784 51.50122968
236910748 -0.15194303 51.50307563
1394476500 -0.12726998 51.50202739
1394476505 -0.1267006 51.50115869
603756849 -0.14708832 51.50642193
1098524651 -0.14464198 51.50921219
1274043002 -0.12794112 51.50737831
25473458 -0.14664609 51.51077181
25473457 -0.14625952 51.51044014
25473454 -0.14606698 51.5103476
25473455 -0.14612809 51.51045321
1012727169 -0.14297172 51.50210509
1012727168 -0.14091178 51.50070916
107751 -0.12407086 51.5008727
25473585 -0.14968243 51.50910909
63774226 -0.14156288 51.5131293
361242424 -0.14450963 51.50589882
25473074 -0.14655674 51.51347656
25473073 -0.14614728 51.51306149
1227938936 -0.13468377 51.50958459
1227938937 -0.13471127 51.50974754
25544143 -0.12828461 51.513537
25544142 -0.12735204 51.51175777
108283 -0.14121034 51.5000713
1227938933 -0.13490606 51.5098928
1227938931 -0.13472602 51.51002448
26573672 -0.1306188 51.50828079
26573673 -0.13105131 51.50880483
26573670 -0.13137602 51.50802757
1227938939 -0.13513103 51.51001702
1012729794 -0.14243527 51.50208673
109579 -0.14882253 51.50379312
109576 -0.14727557 51.50443626
109577 -0.14978394 51.5030167
26671718 -0.12737509 51.5072442
799284900 -0.14174569 51.50497237
26671717 -0.12801597 51.50739038
76465603 -0.14983599 51.5046966
25473291 -0.13498066 51.5118001
25473292 -0.14956442 51.51043963
25473293 -0.1365288 51.51336299
25473295 -0.13871748 51.51184067
344653651 -0.13178523 51.50745358
25473299 -0.14918882 51.50968501
344653653 -0.13151047 51.50807334
344653652 -0.13113278 51.50767796
140693267 -0.13329959 51.5010094
454535808 -0.13369471 51.50515979
1270370637 -0.13854397 51.50053641
1270370630 -0.14029051 51.50115952
799284697 -0.12996837 51.50288259
109719 -0.14976642 51.50059693
109717 -0.14885212 51.49990408
26699543 -0.13346546 51.51202524
26699545 -0.1329835 51.51229631
26699544 -0.13232762 51.51336651
442691547 -0.12758757 51.50550797
1161197820 -0.14876252 51.50045662
442691545 -0.12750182 51.50534226
442691543 -0.12720988 51.50557209
442691541 -0.12734726 51.50555072
603749204 -0.13889023 51.50046634
603749201 -0.14002346 51.50107202
603749202 -0.1404289 51.50092181
25472184 -0.1499494 51.51106149
442691380 -0.12901241 51.50374492
25472182 -0.15027252 51.51105386
25472181 -0.15008829 51.51122108
25472180 -0.14998921 51.51141361
1188939752 -0.1303634 51.50776078
1188939751 -0.13464304 51.51262018
1188939750 -0.13492316 51.51183639
108256 -0.14651064 51.51298446
109626 -0.130884 51.50772197
109624 -0.12388344 51.50931017
109625 -0.13119522 51.5076016
109620 -0.12908667 51.50823058
109621 -0.128237 51.50843468
266558759 -0.12331992 51.51062504
779562779 -0.15112756 51.50184089
25504202 -0.12618 51.50811567
729758277 -0.12717493 51.50349137
25501320 -0.13897497 51.51381117
25504201 -0.12528171 51.50708771
729758271 -0.12833892 51.50337453
25257058 -0.1438519 51.51087809
729758278 -0.12711584 51.50353814
454543496 -0.13266407 51.50708377
1322321659 -0.13450666 51.51016739
1239525648 -0.12867127 51.50680909
968577367 -0.1260422 51.51231944
452514378 -0.12364447 51.50691487
110059 -0.15074618 51.50717631
1270370542 -0.1402258 51.50117998
311422051 -0.14934867 51.50596227
311422050 -0.14942628 51.50609487
25257056 -0.14630679 51.51037333
1269206761 -0.12961431 51.49929673
811961075 -0.14576121 51.50962323
1131572982 -0.13584861 51.50392782
454535807 -0.13379646 51.50528032
25257055 -0.14429647 51.51127958
983839004 -0.14370077 51.4984401
135770029 -0.1511284 51.5033348
686399244 -0.12594371 51.50075082
686399245 -0.12595444 51.50029669
686399242 -0.1246669 51.50077094
725372316 -0.14705454 51.49994264
25531001 -0.14195591 51.51315788
76465714 -0.15153098 51.5055161
632673456 -0.12885592 51.5074198
1055025251 -0.1415488 51.50012151
503555948 -0.1445424 51.51163699
819203426 -0.12575168 51.51106878
348875443 -0.13364199 51.51212331
25607130 -0.1372804 51.50529599
25257052 -0.14488069 51.51156666
25256266 -0.15120643 51.50837601
1322321498 -0.13462946 51.50993378
454535735 -0.13379772 51.50511712
25256260 -0.15176467 51.509511
821341541 -0.12529252 51.51076108
821341540 -0.12486303 51.51074172
9512940 -0.1271404 51.51256587
821341546 -0.12547818 51.5110495
821341548 -0.12489849 51.51038917
454368191 -0.14116944 51.511251
454368197 -0.14276577 51.5109946
454368194 -0.14007082 51.5116302
25507272 -0.13955768 51.50061462
25507270 -0.1396871 51.50036274
1371467350 -0.14946727 51.50304562
1055017747 -0.13858471 51.50438446
1055017742 -0.13853098 51.5043444
729758282 -0.12679934 51.50355809
1394476453 -0.12653707 51.50143319
21665585 -0.128424 51.5116711
260278460 -0.14887869 51.50260733
26846355 -0.12947098 51.51232397
812004088 -0.1504151 51.50906609
260278467 -0.1425662 51.5024412
1394476454 -0.12805838 51.50209662
1394476459 -0.12821143 51.50208598
1394476458 -0.12676061 51.50172086
812004080 -0.15030001 51.50918486
223698421 -0.14283442 51.50647709
452414247 -0.1489693 51.5092613
25524253 -0.13609151 51.49805663
448551967 -0.14547539 51.50889233
448551965 -0.14619699 51.50951033
448551964 -0.14671591 51.51006597
448551962 -0.14647334 51.51015976
448551961 -0.14620512 51.5102637
566202803 -0.13059944 51.50893667
610896454 -0.1399207 51.5011208
610896455 -0.14184519 51.50220902
1106056876 -0.12396449 51.50935518
566202809 -0.13053942 51.50885118
1322321673 -0.13495367 51.5096871
108258 -0.14987941 51.5134396
21665863 -0.1284276 51.50954914
462025312 -0.15159468 51.5109568
462025313 -0.15186106 51.51099233
1353135848 -0.13670976 51.50598649
25531269 -0.14423336 51.50965098
25257039 -0.14259453 51.51271649
25531267 -0.14398903 51.50978693
503577299 -0.13158171 51.50624633
25507058 -0.12913981 51.5040569
25507052 -0.12939228 51.50521393
25507053 -0.12887193 51.50380477
25507051 -0.12772327 51.50542952
25507056 -0.13075509 51.50585683
25507057 -0.12977064 51.50534394
25507054 -0.1272512 51.50396034
466926180 -0.13699718 51.5116048
25473448 -0.14644249 51.51036126
573320955 -0.12413314 51.50802346
573320952 -0.12394798 51.50792841
1209267800 -0.1262644 51.5126051
66167367 -0.12421251 51.50176009
25473598 -0.1481374 51.50992373
659653076 -0.1498318 51.50729181
659653077 -0.14986348 51.50738049
25257789 -0.14926133 51.50651388
844784017 -0.1457758 51.50796806
489826548 -0.15053806 51.50590963
489796777 -0.15040143 51.50571677
25544134 -0.12537139 51.5119275
25544135 -0.12480402 51.51282353
25544136 -0.12575126 51.51356759
25544130 -0.12559553 51.51139089
1227938920 -0.13465494 51.5099228
26573667 -0.13032242 51.50791676
1227938922 -0.13387458 51.50999439
25544138 -0.12536678 51.51251684
452514328 -0.12576434 51.5078679
255283844 -0.13103941 51.50553303
452589685 -0.14004467 51.51116584
1239525694 -0.1288389 51.50672804
1239525695 -0.12867219 51.50679334
25257308 -0.14511187 51.50757411
25257309 -0.1448496 51.50814718
25473287 -0.13706532 51.5119876
25473286 -0.13778407 51.51172047
25531002 -0.14247484 51.51376088
25473284 -0.13663609 51.51157362
25257302 -0.14856664 51.50737856
25473288 -0.13747302 51.51239488
25257306 -0.14622021 51.50695938
1239525699 -0.12837966 51.50664942
25257304 -0.14827687 51.50663073
25257657 -0.13616133 51.51114983
1139318710 -0.1265949 51.50491328
26559620 -0.1337616 51.50855798
25607264 -0.13167609 51.50620359
26559624 -0.12718909 51.50782599
1269601839 -0.12495364 51.50028068
442691573 -0.1298879 51.50594601
442691570 -0.12971624 51.50544921
812249639 -0.14654794 51.50492308
1161197831 -0.14725696 51.49956973
26591534 -0.14077817 51.50606386
846861618 -0.1506948 51.49892441
1239525768 -0.12868862 51.50685218
442691373 -0.12951021 51.50519281
345805547 -0.12789971 51.5018481
26561312 -0.13245083 51.50981619
1239525761 -0.12838888 51.50665889
26561311 -0.13281226 51.51018499
819203385 -0.1251025 51.51119727
819203382 -0.12546284 51.50995038
9512908 -0.1244757 51.51073199
25472159 -0.15181739 51.51078681
109631 -0.1399808 51.50796982
109633 -0.12552814 51.50590217
873549204 -0.12349972 51.50643459
1089089301 -0.12654578 51.51245213
352672490 -0.1398803 51.50882553
25501330 -0.13839888 51.51324413
1209267842 -0.12604413 51.51227309
1387235646 -0.13440046 51.50928737
1387235642 -0.13775046 51.5086252
25257307 -0.14571268 51.50721168
345843419 -0.12372946 51.50186344
454373605 -0.14557044 51.50878287
26591531 -0.1385133 51.50564443
345843414 -0.1236609 51.50113538
345843416 -0.12374329 51.50135784
1239525691 -0.12867948 51.5068811
1334476466 -0.12888148 51.49970971
1322321532 -0.13479861 51.50997779
25472323 -0.15085959 51.51308857
725372301 -0.14738713 51.50043684
1239525693 -0.12743711 51.50837802
25502058 -0.13974736 51.51204854
289996665 -0.14642556 51.50652579
490256488 -0.12696907 51.51212683
454535722 -0.13391113 51.50524696
779541626 -0.15016289 51.50283448
25256277 -0.1496013 51.51052429
25614338 -0.14946291 51.50260473
821341553 -0.12521172 51.51123373
821341556 -0.12497476 51.51040912
26846357 -0.12780483 51.51271037
1298729984 -0.12401721 51.50247967
1055025287 -0.14171753 51.50047087
1055025280 -0.14179791 51.50039744
1055025281 -0.14179791 51.50042737
601725245 -0.13328349 51.50491981
740384608 -0.12667151 51.50097697
601725242 -0.14075068 51.50534721
364847550 -0.14161762 51.50368684
25507265 -0.14011893 51.5011576
25507267 -0.14069787 51.50044899
25507266 -0.14033142 51.50111904
292903979 -0.14842121 51.50341216
1055017751 -0.13840768 51.50445386
26582693 -0.12843624 51.51072956
25507269 -0.1405273 51.50024506
25507268 -0.14070081 51.50032804
1055017754 -0.1380911 51.50457808
734893872 -0.15177841 51.50533329
260278456 -0.14724573 51.50339674
260278455 -0.14393563 51.50352113
260278469 -0.14546039 51.50444179
260278453 -0.14259662 51.50361199
725372710 -0.1425377 51.5015922
1270370584 -0.13931402 51.50138433
688060611 -0.13761836 51.51333483
1104363446 -0.14771017 51.51027199
1104363447 -0.14891868 51.51008642
256794567 -0.12645853 51.50481772
1104363445 -0.15050604 51.51154571
1298729960 -0.12961968 51.50160888
256794569 -0.12639097 51.50494068
1104363448 -0.12953737 51.51004308
1104363449 -0.15035818 51.51218181
1274043010 -0.12784883 51.50744201
1274043011 -0.12793332 51.50724001
1274043012 -0.12764373 51.5074804
1274043013 -0.12724173 51.50755332
1274043014 -0.12747743 51.50745702
1274043015 -0.12787431 51.50720078
1274043016 -0.12738749 51.50737437
1274043017 -0.12795746 51.50736691
1394476518 -0.12930318 51.50211582
1394476519 -0.12656548 51.50113103
462025303 -0.15029222 51.51175274
21665720 -0.12844998 51.50999824
78594239 -0.14939737 51.50258462
1026069088 -0.12571539 51.50438019
711680758 -0.14667258 51.500306
711680759 -0.14616841 51.49995387
346360086 -0.12817724 51.50626947
270200177 -0.14951882 51.50711763
25473616 -0.14822641 51.5101751
25475478 -0.13656802 51.51271867
25507047 -0.12787582 51.50643141
25507046 -0.13015687 51.5060564
339925031 -0.12928843 51.5082445
25507040 -0.12545731 51.50196377
25507042 -0.12551799 51.50093497
311153305 -0.13757779 51.50535056
573320947 -0.1239629 51.50802112
573320949 -0.12387699 51.50797443
489796889 -0.15086202 51.50629654
361242597 -0.1422352 51.5062258
361242596 -0.14318218 51.50629621
25473128 -0.14483292 51.51148787
25257799 -0.14898187 51.5055218
345842207 -0.12426574 51.50181734
345842206 -0.12531398 51.50184927
25257791 -0.14736492 51.50673081
25257790 -0.14782626 51.50667741
25257793 -0.14699092 51.50615363
25257792 -0.14724959 51.50639763
25257795 -0.14765577 51.50607124
25257794 -0.14718153 51.5061248
25257797 -0.14872723 51.50558936
821344045 -0.12573157 51.51109401
566201804 -0.1241965 51.50798038
566201807 -0.12514777 51.50834307
844784005 -0.14682664 51.50754402
25473134 -0.14477927 51.51158812
252697321 -0.12747718 51.50471974
25544127 -0.12631293 51.51156406
1239525719 -0.12661887 51.50663768
1239525673 -0.12867487 51.50699174
25472894 -0.146732 51.51293241
25544129 -0.12599484 51.51161268
25544128 -0.12559989 51.51164872
617438710 -0.12960744 51.51227753
135767050 -0.15191127 51.50656032
25531990 -0.1404833 51.51241491
1239525689 -0.1290948 51.50702233
25607296 -0.12891836 51.50674891
76465624 -0.14889646 51.50375967
1239525683 -0.12887998 51.50815028
1239525681 -0.12799711 51.50646669
1239525680 -0.12865853 51.50657273
1239525685 -0.12916588 51.50681756
25257319 -0.1433582 51.50820057
1239525710 -0.12867847 51.50662427
25257643 -0.1346251 51.51004216
1131573037 -0.13596344 51.50404399
452414209 -0.14913241 51.5097581
452414208 -0.14909813 51.50962458
26559655 -0.13026961 51.5087661
452414207 -0.15005811 51.50932543
452414206 -0.1499333 51.50896509
452414205 -0.15070469 51.50881262
452414204 -0.15098641 51.50941092
346360952 -0.12486169 51.50200601
351509979 -0.12583642 51.50856376
452414213 -0.15035843 51.50977503
442691564 -0.12975052 51.50602078
1055017724 -0.13894957 51.50416787
442691562 -0.12951876 51.50537973
346359941 -0.12822736 51.50640593
345805553 -0.12781656 51.50141961
345805550 -0.12748841 51.50173637
345805551 -0.12745212 51.5016564
345805556 -0.12815318 51.50164408
392132821 -0.13011538 51.51528353
1227938914 -0.13444841 51.50966397
1227938915 -0.135355 51.50997452
1227938916 -0.13349622 51.50995113
1227938917 -0.13535634 51.50998106
1012733595 -0.14174871 51.50205832
9512915 -0.13147233 51.51042329
603751944 -0.14686578 51.50616796
9512917 -0.1309861 51.50978291
603751942 -0.14600873 51.5065889
25472255 -0.15075138 51.51283728
25472254 -0.15191403 51.51263636
1012733598 -0.14169498 51.50189126
26389886 -0.14953818 51.4996165
26389884 -0.14864769 51.49882843
1353135846 -0.13718527 51.50652084
109606 -0.15177447 51.50252737
109608 -0.15149443 51.50180468
109609 -0.1498945 51.50247439
108249 -0.14240527 51.51031592
352672484 -0.13861002 51.50862252
352672485 -0.13909073 51.50910859
352672486 -0.1393053 51.50902309
352672487 -0.13890188 51.50864917
821849135 -0.15141154 51.50206728
352672482 -0.13939113 51.50833401
1387235670 -0.13485141 51.50958191
352672488 -0.13927949 51.50849428
352672489 -0.13967427 51.50888429
1387235677 -0.13455343 51.50933364
1209267837 -0.12681149 51.51275111
1209267831 -0.1268078 51.51260568
1209267839 -0.12642911 51.51269612
1322321637 -0.13443064 51.51021324
110033 -0.15134767 51.51412239
109619 -0.14265614 51.5076177
454543583 -0.13295031 51.5074234
454543585 -0.13290203 51.50756238
271945198 -0.13761652 51.50637516
819203392 -0.12550668 51.51014928
819203394 -0.1253776 51.51115813
1155428023 -0.12366953 51.51031022
819203397 -0.1250787 51.5104626
26652140 -0.13818372 51.50856661
21666020 -0.13366219 51.5129889
819203400 -0.12540752 51.51118688
25614321 -0.14442723 51.50582992
345400523 -0.14221617 51.50664808
25614325 -0.13981643 51.50426133
26845548 -0.1338999 51.51329694
25614326 -0.14007233 51.50416527
849121962 -0.14947867 51.50286876
1275832563 -0.12397991 51.50189696
821341567 -0.12526394 51.51064474
364847549 -0.14209019 51.50365473
1055025296 -0.14162089 51.50045083
26652362 -0.1350271 51.51101689
821341569 -0.12542504 51.50996253
345881071 -0.12978983 51.50456694
25544113 -0.12569041 51.51044148
454368179 -0.14022262 51.51179658
740384614 -0.12631319 51.5008908
740384613 -0.12616063 51.50077371
811960920 -0.14586071 51.50972709
1272866516 -0.12460579 51.50773261
1272866517 -0.12441158 51.50786019
1272866514 -0.1242597 51.50794836
25257836 -0.1510911 51.50463944
346355265 -0.12840531 51.50681873
346355264 -0.12889917 51.50659502
1272866518 -0.1249932 51.50826637
853294005 -0.13127821 51.50579304
853294002 -0.13613032 51.50378247
25256840 -0.14318638 51.51259512
25256513 -0.15096931 51.51331354
1394476434 -0.12649608 51.50168792
1394476436 -0.12657118 51.50122071
1394476438 -0.12646171 51.50190199
25256623 -0.14837394 51.51265287
566202757 -0.13042032 51.50898638
1104363454 -0.1300842 51.5100378
1104363457 -0.14946333 51.51022288
1104363456 -0.13079138 51.51059713
256794572 -0.12744927 51.50691068
256794573 -0.12763157 51.50704446
256794570 -0.12772612 51.50712719
256794571 -0.1274574 51.50719072
347288752 -0.12815117 51.50821566
812227954 -0.15102052 51.5023868
812227953 -0.1506026 51.50248764
256794578 -0.1281256 51.50694413
256794579 -0.12820523 51.50699408
1274043007 -0.12739688 51.50730597
1274043006 -0.12753912 51.50706231
701600713 -0.13765641 51.51316417
1394476502 -0.12808847 51.5017647
1274043003 -0.12742546 51.50740941
701600714 -0.13757444 51.51314917
1394476506 -0.1264359 51.50193711
701600719 -0.13784308 51.51323458
701600718 -0.13769682 51.51321413
1274043009 -0.12796693 51.50728426
1274043008 -0.12760232 51.50720573
711680764 -0.14398123 51.49990727
711680763 -0.14513274 51.50001757
711680762 -0.1439607 51.49953402
711680761 -0.14416513 51.49955104
1025502820 -0.14826447 51.50444842
1025502823 -0.14852288 51.50428748
1025502822 -0.14853001 51.50433819
25257817 -0.14926393 51.50596956
25257815 -0.14648683 51.50495871
25257813 -0.14531362 51.50556799
25257810 -0.14628248 51.50625824
25257811 -0.14578778 51.50603628
1275832569 -0.12427722 51.50182019
1394476325 -0.12644663 51.50199587
168272 -0.14537908 51.51321061
25473424 -0.13338282 51.51255849
25473423 -0.13385648 51.51234702
734915223 -0.15117969 51.50413141
734915220 -0.15094492 51.505556
734915221 -0.15195116 51.50472376
223698429 -0.14430067 51.5057145
26573136 -0.12840992 51.51093484
462025251 -0.14990296 51.51122627
462025253 -0.15013212 51.51108319
345842210 -0.12424034 51.50159589
345842212 -0.12532261 51.50162489
25530960 -0.14575283 51.51286058
1026069144 -0.12560517 51.50403259
296375361 -0.12542747 51.50796982
1239525730 -0.12867487 51.50696391
25607097 -0.13983387 51.50447457
566201773 -0.12324172 51.50662109
1026069092 -0.1256713 51.50437113
1330788629 -0.13524603 51.51276033
339032706 -0.1231657 51.50254983
25257070 -0.1473894 51.51063627
339032708 -0.12325153 51.50128358
25473556 -0.13699433 51.51258163
821849126 -0.13990654 51.50310773
1227938925 -0.13501301 51.50998357
452486132 -0.12334113 51.51371411
572027151 -0.12376014 51.50113698
452487859 -0.12574707 51.5106864
734894083 -0.1511662 51.50498192
489796886 -0.15064417 51.50603276
734894080 -0.15108481 51.50466693
25473136 -0.14507968 51.5121016
821849129 -0.14280869 51.5029421
734894087 -0.1508616 51.50513657
1322321604 -0.13502064 51.51025146
711692621 -0.14327288 51.49991238
734894084 -0.15040001 51.50499852
20955546 -0.14749861 51.50438664
499350858 -0.13825069 51.51380723
25544118 -0.12586978 51.50959583
25544119 -0.12586207 51.5094442
821344042 -0.12470059 51.51080433
1227938909 -0.13505861 51.5100078
1227938908 -0.13436191 51.50999824
1227938907 -0.13471931 51.509841
1227938906 -0.13534561 51.50996949
25544116 -0.12688433 51.50964033
1227938902 -0.13494353 51.5100456
25544114 -0.12566359 51.51035397
25544115 -0.12689288 51.50943456
9512921 -0.12986099 51.5108739
9512922 -0.12979209 51.50809899
9512925 -0.13315097 51.51242028
9512924 -0.13245637 51.51177051
9512927 -0.13371047 51.51217544
9512928 -0.1342019 51.51278967
873549225 -0.12334239 51.50664062
25472179 -0.15020806 51.51192189
109616 -0.15108682 51.5042133
109615 -0.15159024 51.50406561
109614 -0.15126628 51.50575683
109613 -0.15195561 51.50638522
348876076 -0.13384718 51.51205499
799284885 -0.12977466 51.50301687
821849128 -0.15167297 51.5022112
799284889 -0.14003922 51.50492644
108239 -0.14687357 51.51462782
25473597 -0.14870603 51.5097835
1209267826 -0.12678023 51.51244433
25473596 -0.14883108 51.5100746
