25452393 4.84637241 45.7541222
25153101 4.8456747 45.74703379
796918323 4.84784763 45.74896188
26131890 4.8375844 45.74561917
26131895 4.83316412 45.74704821
95836734 4.84154234 45.74555757
26084642 4.84153689 45.74352387
412284479 4.8482228 45.74573166
26084641 4.83998959 45.74409618
412286096 4.84870342 45.74542019
25153094 4.84638498 45.74839811
412286091 4.84855749 45.7454502
25450964 4.84334168 45.75021724
25450967 4.84178826 45.75123539
25450960 4.84383747 45.75198808
25450963 4.84300833 45.75044598
25450962 4.84415598 45.75081822
25153048 4.8479172 45.74791054
25153049 4.84974378 45.74666423
1036842225 4.85211871 45.74988188
1035871443 4.84227408 45.746697
1250951839 4.84795676 45.74564969
1035871899 4.84699007 45.74714359
1035871895 4.83988356 45.7415946
25499208 4.8408111 45.74823089
796917475 4.84994293 45.74948038
412291267 4.84453309 45.74686607
18697408 4.85249782 45.74823198
1250951902 4.84799808 45.74567391
18697420 4.84879839 45.74743034
18697400 4.84959861 45.74957024
26731428 4.8406526 45.74870598
25451999 4.83911419 45.74889977
25451998 4.83843039 45.74917863
18697397 4.8493505 45.74875049
639136700 4.83907798 45.74562152
569061956 4.84090037 45.74142588
569061957 4.8408681 45.74133099
25152582 4.85527273 45.74681041
25152583 4.85480704 45.74734124
25152584 4.85467854 45.74849316
25152849 4.8497323 45.74655568
25152847 4.85003564 45.74681611
25152846 4.84982534 45.74677387
25152845 4.85034317 45.74666901
25622530 4.83239919 45.74628637
1250952015 4.84798903 45.74566578
21674907 4.83624757 45.74604682
21674906 4.84029327 45.7561528
21674905 4.83946589 45.7506914
21674904 4.84133606 45.75342113
21674909 4.83494201 45.74740326
21674908 4.83440272 45.74663037
600734145 4.84500767 45.74116889
646549229 4.83780703 45.74555841
1148982717 4.85198946 45.7439443
26084608 4.83425671 45.7433911
26084609 4.83515122 45.74436809
26084603 4.83833458 45.74407104
26084600 4.8382195 45.74332513
26084601 4.83932558 45.74408562
26084606 4.83667916 45.74270454
26084604 4.83724552 45.74416324
26084605 4.83677631 45.74342831
26120311 4.84379431 45.74192041
26120310 4.84294203 45.74195452
25173749 4.85496059 45.74989386
26059102 4.8478721 45.74417774
1126341725 4.83095474 45.74865904
26059100 4.84738989 45.74521064
1126341720 4.8310264 45.74873708
34402204 4.8536764 45.75212823
1065137121 4.8351446 45.74441822
1065137122 4.83588841 45.7455942
1065137123 4.83648537 45.74553552
1065137124 4.83521467 45.7443924
1250951781 4.84864374 45.7451466
9214706 4.84387913 45.74454319
1037257413 4.83624221 45.75162833
24009837 4.84613981 45.75245638
480971530 4.84316767 45.74507427
9214708 4.84721974 45.74346586
25450957 4.84243149 45.75081352
36461598 4.83666357 45.75198649
36461595 4.83653541 45.75181634
36461592 4.83532414 45.75047322
1035871834 4.84799532 45.74672047
991647921 4.85039748 45.75254623
25499134 4.84647048 45.74657236
25613678 4.8369545 45.75191801
646538715 4.84182271 45.74515331
25337460 4.84543892 45.75175012
25337461 4.84565366 45.75160226
26059219 4.84088428 45.74985287
1035871680 4.84890123 45.74004119
25153075 4.84602439 45.74918567
612951571 4.84298369 45.74649131
95836805 4.84193277 45.74536814
195241 4.8488579 45.74523453
612868654 4.84123816 45.74924988
195242 4.84911539 45.74553401
195244 4.85001502 45.74638084
25499159 4.8466175 45.74512707
1250951954 4.84716182 45.74339143
25499157 4.84517958 45.74495424
25499156 4.84464339 45.74513512
1250951890 4.84825172 45.74557718
25499154 4.84438154 45.7459827
25499153 4.84370529 45.74543737
25499152 4.84338083 45.74553862
25499151 4.84376262 45.74621479
1250952058 4.84793471 45.74562337
26058147 4.84042361 45.75373411
16050451 4.85286051 45.74176434
653293588 4.83333159 45.74221093
663650277 4.84920751 45.75230911
569050800 4.83167759 45.74505767
24009841 4.84589682 45.75202949
25450770 4.84326583 45.754721
25337452 4.84668656 45.75090313
25337451 4.84840167 45.74947669
25337450 4.84791409 45.7495704
25337457 4.8474463 45.75152573
25337456 4.84572441 45.75010433
25337455 4.84626412 45.75054991
25337454 4.84871591 45.75080497
25337459 4.84496316 45.75203468
25337458 4.84446243 45.75161802
26058917 4.84874248 45.74510478
25174226 4.85384337 45.75058688
25451970 4.84148559 45.74887127
1036842308 4.85058893 45.75114922
25451871 4.8378947 45.7484158
25451872 4.83735759 45.74763527
347454010 4.83628001 45.7512094
996494985 4.8359475 45.74561138
26084497 4.8317076 45.74036598
26084498 4.8330974 45.73986382
26084554 4.83416576 45.74140249
26131883 4.83388019 45.74590198
26131887 4.83652292 45.7456201
26131884 4.83486867 45.74578908
26131889 4.83785263 45.74561917
26131888 4.83676273 45.74589804
1148982723 4.85206381 45.74384196
1148982729 4.85066554 45.74576234
26058768 4.83641463 45.74801187
26058769 4.83694629 45.74877362
25622573 4.83079381 45.74478098
26058766 4.83667539 45.74987299
26058767 4.83748717 45.74954551
36461577 4.83297427 45.7476051
571375660 4.84147679 45.74361196
1039285712 4.84899067 45.74746194
95836758 4.84248053 45.74523369
796917509 4.84745032 45.75053256
602038447 4.84717062 45.74300536
25152680 4.85163013 45.7483997
1250951918 4.8477939 45.74421646
9214814 4.85288029 45.74168739
9214813 4.85069404 45.74237781
554237881 4.83976026 45.74162914
26058664 4.84154217 45.75535652
412284728 4.84813689 45.74577357
25451862 4.83740503 45.7466224
26058995 4.8427873 45.74573468
25549076 4.85127172 45.74109404
25152616 4.85027788 45.74766637
9214658 4.84184493 45.74520159
25152614 4.8549792 45.74837213
25152615 4.85144916 45.74785563
25152613 4.85468952 45.74833424
1250951988 4.8480477 45.74576393
25152618 4.8521193 45.74794641
25495294 4.85079102 45.74578078
25495295 4.8494624 45.74480487
25495293 4.84794813 45.74577357
195234 4.83864212 45.75121234
195246 4.85218233 45.74403743
25495298 4.85051131 45.74288391
25495299 4.85199407 45.74385587
600816158 4.84149532 45.74455979
195249 4.85210312 45.7498341
25468227 4.83882082 45.7400665
25499155 4.8452914 45.74563644
195239 4.84510817 45.7473632
34402214 4.85358931 45.75162942
25451935 4.83801406 45.7473896
25451937 4.84174032 45.75024012
1026456312 4.83229031 45.74639291
195235 4.84012856 45.75029946
195236 4.84110807 45.74971449
195237 4.84282318 45.74871319
25499150 4.84449378 45.74679088
26084596 4.84137453 45.74298022
26084597 4.84117203 45.74235107
733668638 4.84139582 45.7533959
26084598 4.8390525 45.74251829
26084599 4.83917328 45.74324793
25306020 4.84901112 45.75320983
25306024 4.8490029 45.7517207
25306028 4.8506191 45.75124997
16050246 4.8369131 45.75173486
16050247 4.83706984 45.75181701
16050242 4.83355112 45.74793233
318711373 4.84347428 45.75219847
16050249 4.83728601 45.75182799
15925438 4.84985149 45.75044279
25451944 4.8426231 45.74971516
26084660 4.84022881 45.74243883
26084661 4.8410142 45.74374758
967133155 4.85516352 45.74683857
1035871634 4.8389535 45.74005644
27359754 4.85147816 45.7405524
36461589 4.83523831 45.7504231
1288817945 4.84803094 45.7457335
1288817949 4.84831408 45.74550803
25173843 4.85518942 45.75108879
1250951811 4.84800906 45.74566762
26235109 4.84248363 45.7466395
26235107 4.83525742 45.74636173
26120309 4.84286274 45.74094769
34402384 4.85392803 45.75010752
258360724 4.83837633 45.75680147
1250951865 4.84779348 45.74421437
663650062 4.83897714 45.75423661
25622551 4.8325359 45.74622561
796917854 4.84701321 45.74799109
26731441 4.84150177 45.74948432
974116116 4.85295606 45.74068978
974116113 4.8545933 45.74014973
974116111 4.85443169 45.74076622
25499161 4.84298093 45.74483337
25499165 4.84549843 45.7469208
612868164 4.84209387 45.74656239
1250952100 4.84806069 45.7456719
26058652 4.84209923 45.75450014
26058153 4.83939607 45.7522812
26058156 4.8402812 45.75188029
565447495 4.84373429 45.75102383
25152621 4.85131673 45.7473269
565447496 4.8430655 45.75133873
1035871866 4.84306307 45.74490537
1035871864 4.84007718 45.74243707
1035871781 4.84212321 45.74505692
25337466 4.84336398 45.75297413
25337467 4.84506567 45.75302383
25337464 4.84433787 45.75240097
25337465 4.84267499 45.75337034
25337462 4.8449091 45.75135064
25337463 4.84535879 45.75109859
26084716 4.83401179 45.74458468
26084717 4.83308743 45.74477202
26084718 4.83258561 45.74404723
26084719 4.83342723 45.74370911
25337468 4.8429391 45.75250734
25337469 4.84225321 45.7529085
25153067 4.84756289 45.74723001
611608689 4.83942163 45.75098292
25451869 4.83858596 45.74815931
25451868 4.83979019 45.74863381
25451863 4.83819377 45.74732003
25468219 4.84050424 45.73993692
996494990 4.83648327 45.74556444
26058994 4.8431743 45.74643063
25451866 4.83965599 45.74775949
25451865 4.83902626 45.74799444
25622516 4.83365472 45.74766176
29065842 4.84698639 45.75390837
25173760 4.85485272 45.74930034
318711366 4.84206897 45.75104436
1148982732 4.85193473 45.74384456
1148982730 4.85207043 45.74398336
25153068 4.84717489 45.74716698
25153069 4.84631583 45.74753628
26058773 4.83438428 45.74878628
26058772 4.83580141 45.74713253
26058771 4.83558188 45.74832754
26058770 4.83613249 45.74907537
26058775 4.83567501 45.75026828
26058774 4.83495752 45.74951089
571375674 4.84113481 45.7437288
1035871737 4.84707096 45.74308147
571375673 4.84087439 45.74379008
25499220 4.84209437 45.7468457
1035871630 4.8415187 45.7435755
347454011 4.83621363 45.75123773
412284480 4.84807679 45.74585152
412284481 4.84801677 45.74610901
1148982742 4.85087307 45.74570601
1148982743 4.85086503 45.74555153
581678 4.84366237 45.74821522
1106229027 4.83378749 45.74210221
1036842148 4.85356358 45.75145767
663650280 4.84574494 45.75266509
34402209 4.85380917 45.75155507
1250951978 4.84791829 45.74557668
25499133 4.84598131 45.74620113
612868634 4.84020174 45.74760082
1250952070 4.84828281 45.74554189
25499136 4.84836873 45.74556997
25305955 4.84854098 45.74983988
974116090 4.85447302 45.74036531
1035871859 4.8417601 45.74517317
1250952158 4.84826421 45.7454885
26731434 4.83947419 45.74939673
796918016 4.84778904 45.75100488
25306034 4.85209306 45.75278369
25306030 4.852284 45.75171617
25306038 4.85341598 45.75317211
16050257 4.83961023 45.75099147
1250951925 4.84828198 45.74551943
26059198 4.84416001 45.74880648
15925444 4.84800554 45.75069819
15925446 4.85223832 45.75208808
1026456239 4.83455678 45.74872467
600816161 4.84208641 45.74511936
600816160 4.84202874 45.74508617
27359816 4.85180246 45.74203189
27359810 4.85302974 45.73972217
796918332 4.84767471 45.75042427
27359819 4.85213732 45.7408145
1035871577 4.84037793 45.74243422
1035871934 4.84710046 45.74345346
347454041 4.83580124 45.75072568
34402386 4.8539639 45.74969773
1106229062 4.83365346 45.74221998
612951196 4.84153773 45.74549839
1271297178 4.84813068 45.75098611
25499218 4.84105074 45.74723554
25499219 4.84025312 45.7465489
25499210 4.84179748 45.74785471
25499212 4.84198281 45.74804607
25499214 4.8417663 45.74861503
25499215 4.84206353 45.74774332
25499216 4.84314127 45.74732079
25499217 4.84357956 45.74715046
9214618 4.83677949 45.74680689
26059066 4.83954443 45.74594749
1376156944 4.85066311 45.74291467
26731437 4.84019562 45.74897386
411103005 4.83365463 45.75668781
26731431 4.84112249 45.74920931
974116109 4.85464594 45.74111952
18697411 4.84790957 45.74887714
18697415 4.85346602 45.74909968
1250952134 4.84819053 45.74544274
1250952136 4.84717137 45.74348171
1250952138 4.84802666 45.74544307
25451982 4.84035404 45.74841303
18697385 4.84799347 45.74731383
639136712 4.8397813 45.74579193
26058168 4.83785271 45.75297321
1036842184 4.85061558 45.75131166
1035871792 4.84712863 45.7433978
25152850 4.84983338 45.74644404
611630139 4.83367584 45.74774994
26058937 4.84086139 45.74634052
26058936 4.84179757 45.74604187
21604533 4.84497959 45.75043902
21674910 4.83597919 45.74566268
21674912 4.83365396 45.7425633
25174163 4.85388201 45.74969999
21789166 4.85246153 45.74338548
25153108 4.84580672 45.74695919
25622574 4.8309135 45.74471116
347475490 4.83683959 45.7519621
1250952008 4.84794419 45.74550133
25153100 4.84435288 45.74779453
25153103 4.84662261 45.74968423
25153102 4.84784981 45.74913597
600816103 4.83389469 45.74797692
26059101 4.84748653 45.74481384
26120306 4.8410748 45.74204798
412284373 4.84802532 45.74530636
26120308 4.84289392 45.741332
26058943 4.84269309 45.74657354
16050265 4.84288009 45.75549901
25153071 4.8449759 45.74831488
25153070 4.84573044 45.74786636
25153073 4.84495319 45.74916011
25153072 4.84556599 45.74878661
1250952097 4.84875103 45.74524811
25153074 4.84475202 45.74929447
1250952095 4.84792281 45.74553686
25153076 4.84697976 45.7481143
27359824 4.85143852 45.74066069
637043151 4.83805312 45.74259666
480971528 4.84323121 45.74503512
25305960 4.8481451 45.74886037
796917880 4.84710851 45.74812193
26058935 4.84210049 45.74667228
602038463 4.84930432 45.74172964
26059183 4.84405574 45.74886758
26059180 4.8434374 45.74922381
26059186 4.84443208 45.74950938
26059185 4.84406789 45.7497445
1106229059 4.83364332 45.74238376
1106229057 4.83356503 45.74225317
639136696 4.83888352 45.74567718
602038526 4.85004938 45.7441976
639136690 4.83261586 45.74613852
16050438 4.84396429 45.74461578
444667873 4.84799163 45.75040424
602038487 4.85006673 45.7425804
25152679 4.85055087 45.74860422
1035871698 4.84790337 45.74691032
612951391 4.84241766 45.74521341
26059236 4.84105258 45.75154803
600834347 4.8393006 45.74575798
347454024 4.83637439 45.75117462
195253 4.84297967 45.75530773
195250 4.84819648 45.75105467
195256 4.83359018 45.7478268
25499149 4.84509333 45.74655292
195254 4.84699988 45.75390946
25499140 4.84811124 45.74537233
25499141 4.84787939 45.7454621
16050447 4.85065221 45.74247998
611608725 4.83971341 45.7510374
796918256 4.84773346 45.75103338
1250951862 4.84810453 45.74581573
25152928 4.84800739 45.74643708
25337448 4.84708512 45.75005379
25932627 4.8489501 45.74004471
25932626 4.84864047 45.74057327
26059099 4.8442362 45.74483304
9214651 4.8383568 45.74631932
1035871453 4.84188767 45.74528499
15925452 4.8402102 45.74754156
15925451 4.83891403 45.74705206
1026456203 4.83512264 45.74945188
347446377 4.83232568 45.74632837
25451960 4.84196311 45.74922088
