25452393 25337467
25452393 195254
25452393 195253
25153101 195239
25153101 25153069
25153101 25153108
25153101 25499165
796918323 18697411
796918323 25153102
26131890 26131889
26131890 26131888
26131890 26131887
26131895 21674908
26131895 25622516
26131895 25622551
95836734 26058936
95836734 612951196
26084642 26084596
26084642 1035871630
412284479 412284728
412284479 25499136
26084641 26084601
26084641 571375673
412286096 195242
412286096 412286091
25153094 25153070
25153094 25153072
25153094 25153076
412286091 195241
412286091 25499136
25450964 25451944
25450964 26059185
25450964 25450963
25450964 25450962
25450967 318711366
25450967 26059219
25450967 25337468
25450967 26059236
25450960 25337464
25450960 25337458
25450960 318711373
25450960 565447496
25450963 25450957
25450963 565447495
25450962 25337462
25450962 21604533
25450962 565447495
25153048 796917880
25153048 18697385
25153048 18697411
25153048 18697420
25153049 25152849
25153049 25152846
1036842225 195249
1036842225 25174163
1036842225 25306030
1035871443 26058935
1035871443 26235109
1250951839 1250952015
1250951839 1250952058
1035871899 25153108
1035871899 25153068
1035871899 25153069
1035871895 1035871577
1035871895 569061957
1035871895 1035871634
1035871895 554237881
25499208 25499210
25499208 25451970
25499208 612868634
25499208 25451982
796917475 18697400
412291267 195239
412291267 25499150
18697408 25152680
18697408 25152618
18697408 18697415
1250951902 1250951811
1250951902 1288817945
18697420 25152846
18697420 1039285712
18697420 18697385
18697400 15925438
18697400 18697397
18697400 25305955
26731428 26731437
26731428 26731431
26731428 25451982
25451999 26731434
25451999 25451869
25451999 25451868
25451999 25451998
25451998 25451871
25451998 21674905
25451998 26058767
18697397 25305960
18697397 1039285712
18697397 25152679
639136700 639136696
639136700 639136712
569061956 26120308
569061956 569061957
569061956 26120306
569061957 25468219
25152582 967133155
25152583 967133155
25152583 25152613
25152584 25152614
25152584 25173760
25152584 25152613
25152584 18697415
25152849 25152850
25152849 25152928
25152847 25152616
25152847 25152846
25152847 25152845
25152845 25152621
25152845 195244
25622530 347446377
25622530 195256
25622530 25622551
25622530 25622573
1250952015 1250951811
21674907 26235107
21674907 21674910
21674907 26131888
21674907 9214618
21674906 26058168
21674905 26058156
21674905 195234
21674905 195235
21674904 733668638
21674904 26058156
21674904 26058652
21674904 26058147
21674909 26058772
21674909 26058771
21674909 21674908
21674909 195256
21674908 26235107
21674908 26131883
600734145 26120311
646549229 26131889
646549229 639136696
646549229 996494990
1148982717 1148982743
1148982717 25495299
1148982717 1148982730
26084608 26084719
26084608 21674912
26084608 26084609
26084608 26084606
26084609 26084716
26084609 1065137121
26084609 1065137124
26084609 26084604
26084609 996494990
26084609 996494985
26084603 26084600
26084603 26084601
26084603 26084604
26084600 637043151
26084600 26084599
26084600 26084605
26084601 26084599
26084606 637043151
26084606 26084605
26084604 26084605
26120311 26084596
26120311 26120310
26120310 26120306
26120310 26120308
25173749 25173760
25173749 25173843
25173749 34402386
26059102 26058917
26059102 9214708
26059102 1250951918
1126341725 195256
26059100 26059101
26059100 25499159
26059100 412284373
1126341720 16050242
34402204 25174226
1065137121 1065137122
1065137122 996494985
1065137123 996494990
1065137123 1065137124
1250951781 26058917
1250951781 25499140
1250951781 1250951865
1250951781 1250952097
9214706 25499161
9214706 16050438
9214706 1250952136
1037257413 36461595
1037257413 36461592
24009837 24009841
24009837 25337457
24009837 195254
24009837 663650280
480971530 480971528
480971530 25499152
9214708 602038487
9214708 1250952136
9214708 602038447
25450957 318711366
25450957 25451937
25450957 565447496
36461598 36461595
36461595 347454011
36461592 36461589
36461592 347454041
1035871834 25152928
1035871834 1035871698
1035871834 18697385
991647921 1036842184
25499134 25153108
25499134 25153068
25499134 25495293
25613678 347454024
25613678 195234
25613678 26058168
646538715 9214658
646538715 1035871859
646538715 600816160
646538715 600816158
25337460 24009841
25337460 25337459
25337460 25337462
25337460 25337461
25337461 24009841
25337461 25337452
25337461 25337463
26059219 195235
26059219 195236
1035871680 1035871737
25153075 25153073
25153075 25153072
25153075 25153103
612951571 25499217
612951571 26058943
612951571 26058994
612951571 25499150
95836805 26058943
95836805 1035871453
95836805 612951391
95836805 612951196
195241 26058917
195241 25495295
195241 195242
612868654 26731441
612868654 26731431
195242 195244
195242 1148982729
195244 25495294
195244 25152850
25499159 25499157
25499159 25499155
25499159 26059101
1250951954 1035871792
1250951954 1250952136
25499157 25499156
25499157 26059099
25499156 26059099
25499156 25499155
25499156 25499153
1250951890 1250952070
1250951890 1250952100
25499154 25499155
25499154 25499153
25499154 25499149
25499154 25499151
25499153 25499152
25499153 480971528
25499152 26058995
25499152 25499151
25499151 26058994
25499151 25499150
1250952058 1250951978
26058147 26058153
26058147 26058664
26058147 663650062
16050451 9214814
16050451 21789166
16050451 16050447
653293588 1106229057
653293588 21674912
653293588 26084497
663650277 25306020
663650277 25306024
569050800 26084717
25450770 25337467
25450770 195253
25337452 796917509
25337452 25337457
25337452 25337455
25337451 25337450
25337451 25305960
25337451 25305955
25337450 25337448
25337450 444667873
25337450 25153102
25337457 195250
25337456 21604533
25337456 25153103
25337456 25337455
25337456 25153074
25337455 25337448
25337455 25337463
25337454 15925438
25337454 195250
25337454 25305955
25337459 25337464
25337459 25337458
25337459 663650280
25337458 25337462
25337458 565447495
26058917 25495295
25174226 34402384
25174226 25306038
25451970 25499214
25451970 26731431
25451970 25451960
1036842308 15925438
1036842308 25306028
25451871 26058769
25451871 25451872
25451871 25451869
25451872 26058768
25451872 9214618
25451872 25451935
347454010 347454011
347454010 347475490
347454010 347454024
996494985 21674910
996494985 639136690
996494985 996494990
26084497 26084498
26084498 26084554
26084554 1106229027
26131883 25622551
26131883 26131884
26131887 21674910
26131887 996494990
26131887 26131888
26131884 26235107
26131884 21674910
26131889 600834347
26131889 9214651
26131888 25451862
1148982723 21789166
1148982723 25495299
1148982723 1148982730
1148982729 25495294
1148982729 1148982743
26058768 26058769
26058768 26058771
26058768 26058772
26058769 26058770
26058769 26058767
26058766 26058770
26058766 26058775
26058766 26058767
26058767 195234
36461577 1026456312
36461577 36461589
571375660 571375674
571375660 1035871630
1039285712 25152616
95836758 26058995
95836758 612951391
796917509 796918016
796917509 796918332
602038447 25932626
25152680 195249
25152680 25152615
25152680 25152679
1250951918 1250951865
1250951918 26059101
1250951918 1250952136
9214814 974116116
9214814 27359816
9214814 974116109
9214813 27359816
9214813 25549076
9214813 602038487
9214813 16050447
554237881 26084660
554237881 29065842
554237881 25468227
412284728 1250951862
25451862 25451863
25451862 9214651
25451862 9214618
26058995 26058994
25549076 27359824
25549076 25932626
25152616 25152615
25152616 25152679
9214658 600816161
9214658 1035871453
9214658 26059066
25152614 25152613
25152615 25152621
25152615 25152618
25152613 25152618
1250951988 1250951862
1250951988 1288817945
25152618 25152621
25495294 1148982742
25495295 602038526
25495293 25499141
25495293 412284481
25495293 1288817945
195234 26058153
195246 1148982742
195246 1148982730
25495298 1376156944
25495298 602038526
25495298 16050447
25495299 1148982732
600816158 26084661
600816158 600816160
195249 18697415
195249 15925438
25468227 1035871634
25499155 25499133
195239 25153070
195239 25153100
34402214 34402209
34402214 15925446
34402214 1036842148
25451935 25451863
25451935 25451869
25451937 25451944
25451937 195236
1026456312 347446377
195235 26731434
195235 26059236
195236 26731441
195236 26731437
195236 26731431
195237 25499212
195237 26059180
195237 581678
195237 25451960
25499150 25499165
25499150 25499217
25499150 25499149
26084596 26084597
26084597 26120306
26084597 1035871577
733668638 611608725
733668638 16050265
733668638 25337469
26084598 637043151
26084598 1035871864
26084598 26084599
25306020 15925446
25306020 195254
25306024 25306028
25306024 195250
25306028 1036842184
16050246 16050247
16050246 1026456203
16050247 16050249
16050242 600816103
16050242 1035871453
318711373 318711366
318711373 25337468
16050249 611608689
25451944 26059180
25451944 25451960
26084660 26084661
26084660 1035871577
26084660 1035871864
26084661 571375674
26084661 571375673
1035871634 25468219
27359754 27359824
27359754 25932627
1288817945 25499136
1288817949 25499140
1288817949 1250951925
1288817949 1250952097
1288817949 25499136
25173843 34402209
1250951811 1250951925
1250951811 1250952100
26235109 25499220
26235109 26058943
26120309 26120308
34402384 25174163
34402384 1036842148
258360724 195253
25622551 639136690
25622551 25622574
796917854 25153067
796917854 25153076
26731441 25451960
974116116 27359810
974116116 974116111
974116113 974116090
974116113 27359810
974116111 974116090
974116111 974116109
25499161 600816161
25499161 1035871866
25499165 25499149
25499165 25153108
612868164 26058935
612868164 26058936
26058153 26058156
26058153 26058168
26058156 26059236
565447495 565447496
1035871866 480971528
1035871866 16050438
1035871866 1035871453
1035871864 571375673
1035871781 571375674
1035871781 600816160
1035871781 1035871934
25337466 25337464
25337466 25337465
25337466 25337468
25337467 25337464
25337467 663650280
25337465 25337469
25337462 25337463
25337463 21604533
26084716 26084719
26084716 26084717
26084717 26084718
26084718 26084719
26084718 25622574
25337468 25337469
25337469 26059236
25153067 18697385
25153067 1035871698
25153067 25153068
611608689 16050257
25451869 25451865
25451868 26731437
25451868 25451982
25451868 25451865
25451863 15925451
25451863 25451865
25451866 15925451
25451866 25451982
25451866 15925452
25451866 25451865
25622516 611630139
29065842 411103005
1148982732 1376156944
25153069 25153070
25153069 25153076
26058773 1026456239
26058773 195256
26058773 26058774
26058772 9214618
26058771 1026456239
26058771 26058770
26058770 1026456203
26058775 347454024
26058775 26058774
26058774 1026456203
571375674 1035871577
1035871737 1035871792
571375673 1035871859
25499220 25499218
25499220 26058935
25499220 25499215
347454011 347454041
412284480 1250951862
412284480 412284481
412284481 25152928
1148982742 1148982743
581678 26059183
581678 25153100
581678 25499216
1106229027 1106229062
1106229027 1106229059
34402209 34402386
1250951978 1250952095
25499133 25499149
25499133 25499141
612868634 15925452
1250952070 1250951925
1035871859 639136712
1250952158 1250951925
1250952158 1250952134
26731434 26731437
796918016 796918256
25306034 15925446
25306030 15925446
25306030 1036842184
16050257 611608725
26059198 25153071
26059198 26059183
26059198 25153074
15925444 444667873
15925444 1271297178
1026456239 600816103
1026456239 1026456203
600816161 600816160
27359816 27359819
796918332 444667873
27359819 27359824
1035871934 1035871792
34402386 25174163
1106229062 1106229057
1271297178 195250
25499218 25499210
25499218 15925452
25499218 25499219
25499219 26058937
25499219 15925451
25499219 26059066
25499210 25499215
25499212 25499214
25499212 25499215
25499215 25499216
25499216 25499217
25499216 26058943
25499217 25153100
26059066 26058937
26059066 9214651
26059066 600834347
18697411 25153076
18697411 25305960
18697415 25174163
1250952134 1250952138
1250952138 1250952008
611630139 195256
26058937 26058935
26058937 26058936
21604533 26059186
21604533 26059185
21674912 1106229059
1250952008 1250952095
25153100 25153071
25153103 25337448
25153103 25153102
412284373 25499140
25153071 25153070
25153071 25153072
25153073 25153072
25153073 25153074
25153074 26059186
25153076 796917880
602038463 602038487
26059183 26059180
26059183 26059186
26059180 26059185
26059186 26059185
16050438 26059099
16050438 16050447
25499140 25499141
25932627 25932626
9214651 15925451
15925452 15925451
