318914455 1179022651
318914455 1179022442
48752959 21954137
48752959 26213536
48752959 26213538
48752955 1235055760
48752955 26213536
48752955 48752953
48752953 26213284
48752953 21734259
333219053 1200524877
333219053 26213313
21947451 21947483
21947451 21947464
21947451 622204636
21947451 21947432
1179022329 26482367
1179022329 26482366
1179022328 1179021926
1179022328 318918785
21947327 21947356
21947327 21947337
21947327 21947442
390826838 25906641
390826838 25907054
390826838 534586124
26213579 345198804
26213579 26213585
26213579 26213583
26213576 26213575
26213576 26213283
26213577 345198807
26213577 26213575
26213577 26213581
26213575 26213573
26213573 1179022729
26213573 345198925
26213573 26213590
26213573 1179022343
938516022 26066642
938516022 938516027
938516022 26066640
938516022 938516025
318917430 26482477
318917430 318917428
938516027 26067241
938516027 26066633
938516027 26067856
21734259 26213231
21734259 1235055771
938516025 26067833
21734254 21734255
21734254 21734256
21734254 21734258
21734254 21734251
21734254 345198687
21734255 1235055815
21734255 26213286
21734256 345198698
21734256 21734250
21734257 345198698
21734257 21734258
21734257 1258876332
21734250 27717686
21734250 21734238
21734250 21734249
21734251 27717686
21734251 1235055758
21734252 1235055815
21734252 1235055758
21734252 21734253
21734253 21734247
21734253 26213292
21734253 26213329
345198788 345198781
345198788 345198759
1179022343 26213226
1255433821 370152501
1255433821 370152059
1255433820 26212788
1255433820 1255433822
1255433820 26213187
1255433820 1365680122
1255433822 1255433817
1255433822 26212784
1255433822 26212783
21968147 339239255
21968147 21968144
21968147 1132727515
21968147 21968148
21968146 1209331114
21968146 21968232
21968146 21968391
339238838 26487777
339238838 339239255
339238838 21968400
21968144 1209330584
21968144 21968142
21968144 1209330745
21968143 21968142
21968143 21968149
21968143 21968131
21968142 21968139
21968140 339243196
21968140 21968203
21968140 339242703
21968140 21968221
276743480 345198320
276743480 345198318
276743480 26067845
276743485 345198317
276743485 345198316
276743485 345198357
276743486 26067841
276743486 1255433818
276743486 26067845
21968148 21968149
873746996 873747017
873746996 873727603
1365680120 1365680118
1365680120 26212788
873746990 873727603
873746990 873747021
873746990 873727574
1365680123 1365680124
1365680123 26212785
1187929685 351959175
1187929685 21734287
1187929685 351959289
1200524867 344926633
1200524867 333218857
1200524867 26213310
1200524867 333218855
1365680129 1365680124
1365680129 1365680131
345198306 345198305
345198306 345198301
345198307 292540574
345198307 292536091
345198307 276744094
814676851 21734218
814676851 21734217
345198301 1255433818
1179021857 1179022672
1179021857 1179022442
1179021855 292540574
1179021855 292118672
1179021855 276741058
1179021855 1179022306
873747021 873747000
21960573 21960558
21960573 21960616
21960573 48827314
873747023 873747014
873747023 276745568
48753331 21734214
48753331 21734277
48753331 48753418
48753331 48753246
25906500 25906432
25906500 25906284
25906500 25906287
26213205 345198796
26213205 345198922
26213205 26213195
26213205 26213207
339242703 339244666
339242703 21968139
339242703 339243712
26213207 26213219
26213207 26213193
26213207 26213221
292534960 1179022698
292534960 26080668
292534960 292118687
26066615 26066614
26066615 26066628
26066615 25907101
26066615 48842577
26066614 26066604
26066614 25907053
26066614 26066613
26066617 25907054
26066617 26341675
26066617 25906638
26066617 171933
26066616 26066603
26066616 25906425
26066616 26066612
26066610 25906426
26066613 942080479
26066613 25907054
26066613 171933
26066612 942080479
26066612 26066604
26342866 307733147
26342866 343664068
26066619 582754411
26066619 26066624
26066619 48842577
26066618 582754411
26066618 26066630
26066618 26066623
343664658 1179021940
347279634 347279781
347279634 730706129
347279634 622103518
347279634 347279329
25906432 25906406
25906432 25906431
25906432 27508535
25906431 25906430
25906431 25906287
25906430 25906429
25906430 27508534
345198903 26213226
345198903 345198925
345198903 345198916
345198903 26213229
302329395 26067874
302329395 1179022317
302329396 1179022712
302329396 26068218
21990658 21951248
21990658 21990657
21990656 21990657
345532688 301433935
21951413 21951400
21951413 21951420
21951413 21734297
1007427992 21943059
1179022080 1179022284
1179022080 1179022674
807730439 807730438
807730439 807730440
807730439 807733506
807730438 1215472824
551479494 551479454
551479494 1187929701
307735200 307735198
343664213 1175412861
343664213 343664227
1339844848 1339845078
1339844848 1339845152
1339844849 318896321
1339844849 1339845037
345198890 345198799
345198890 345198883
345198890 178820981
318915597 318920602
318915597 318915599
292540709 292544831
292540709 292540710
1010999413 1007406276
1010999413 1007406250
26342889 26342890
26342889 297216444
26342886 26342885
26342886 26342875
26342885 26342884
26342884 26342883
26342883 26342882
26342882 343663657
26342881 343663548
26342881 343663464
26342880 343663456
26342880 343663548
1175412749 1175412675
1175412749 1175412853
1132727515 1132727258
1132727515 339239319
1132727515 1132727600
1215472868 1215472849
1215472868 1215472855
1215472869 1215472879
1215472869 1215472881
1215472867 1215472875
1215472867 1215472841
1215472867 1215472833
1215472864 1215472851
1215472864 1215472836
1215472865 1215472874
1215472865 1215472843
1215472862 1215472840
1215472862 1215472871
1175412745 26482314
1175412745 307732685
1215472861 1215472849
1215472861 1215472834
1179022130 1179022662
1179022130 1179022302
48698844 26213516
48698844 26213552
48698844 47216215
48698849 47216165
48698849 47216133
25581191 1007406268
25581191 21951248
25581191 1007406274
25581191 25581211
25581192 1010999431
25581192 1007406264
1215457562 1215457517
1215457562 1215457457
26212782 26212783
26212782 26212781
26212782 26067817
26212783 26342801
26212781 345198337
26212781 345198357
26212784 26213298
26212784 26212785
26212785 1365680132
1235055771 1235055760
1235055771 622103560
26487777 26487767
292536857 292536091
292536857 345198316
292536857 292535585
26487775 26310569
26487775 26487785
26487775 26487773
26487775 26310566
26487773 448415025
26487773 26487772
26487772 26487771
26487771 26310543
26487771 26487769
318919116 318919114
318919116 318919146
318919116 25896238
318919114 318919113
318919113 1179022400
318919113 1179021862
318919110 1179022400
318919110 318919149
1179022008 1179022581
1179022008 1179022431
318917978 343668834
318917978 26213270
318917978 281814016
904868120 929294330
21947208 21944079
21947208 21947187
21947208 21946996
345531810 26213605
345531810 345531838
345531810 26213272
1179022318 1179022115
1179022318 26480807
292118672 292537308
292118672 26080678
292118675 26080686
292118675 292118651
292118675 26080682
1179022644 26482305
1179022644 1179022213
1179022313 1179022709
1179022313 1179022457
48752943 21734237
48752943 48752941
48752943 21734262
1179022315 1179022172
1179022315 1179021918
48752941 21734243
48752941 21734241
1179022317 1179022712
1179022482 1179021897
1179022482 345198810
849583513 26080715
849583513 315269893
21947337 21947390
21947337 21947414
21947337 21947345
1179022487 1179022093
1179022487 1179022344
390826846 21734266
390826846 21951386
390826846 21953783
390826846 390826851
344926746 344926633
344926746 333219460
344926746 26213327
344926746 344926649
26213561 26213560
26213561 26213562
26213560 276745565
26213563 1175412663
26213563 26213562
26213563 1175412699
26213562 343664131
26213564 1175412710
26213564 1175412699
26213566 307734986
26213566 307734974
26213566 343664338
26066568 26066567
26066568 26066585
26066568 26066569
347279328 26213525
347279328 730706129
347279329 730706129
21734249 21734246
21734249 1258876345
21734247 26213330
21734247 21734246
21734247 178821161
21734258 26213541
21734258 345198687
21734258 26213545
21734245 1258876333
21734245 21734246
21734245 178821153
21734244 1258876347
21734244 347602936
21734244 21734224
21734243 21734236
21734243 21734228
21734242 21734227
21734242 21734263
21734242 21734241
21734241 21734229
21734241 21734262
21734240 21734267
21734240 21734234
21734240 21734274
1255433818 345198286
1255433818 345198305
25906281 25906282
25906281 25906278
25906281 25906273
21968172 21734302
21968172 21968192
21968172 21968163
1255433817 26213298
292118522 1179021937
292118522 1179022091
292118522 1364770706
292118522 430957965
292118522 430957970
1255433812 26213289
1255433812 26213303
1255433812 1365680135
25906283 25906282
25906283 25906273
1365680133 26213298
1365680133 1365680136
1365680132 1365680131
1365680132 26213304
1365680136 26213304
1365680135 26213304
1180092882 21947057
1180092881 21947057
345198338 26342792
345198338 26342791
1200524877 26213314
1200524877 26213310
1200524877 26213311
26482478 26482476
26482478 1179021931
26482477 26482385
26482477 307734857
26482477 26482382
26482476 26482368
345198337 345198328
345198337 26067848
25906288 25906291
25906288 25906276
25906288 59633359
25906288 25906287
1179021848 1179021919
1179021848 1179022432
281814003 1179022677
281814003 281814004
1179021840 1179022205
1179021840 1179022189
21759690 21759675
21759690 347278078
47216153 26213514
47216153 47216144
47216153 47216184
26213219 26213187
26213219 26213216
26213212 26213229
26213212 26213210
26213212 26213214
26213210 345198916
26213210 26213221
26213216 26213221
26213216 26213214
929294347 25906743
929294347 21968134
929294347 910343139
929294345 26067833
929294345 26067826
929294345 885681385
345198781 345198384
21951394 21951400
21951394 21951386
21951394 21947369
21951394 347617892
25907101 25907098
25907101 21960681
25907101 25907103
25907102 21960737
25907102 21960681
25907102 25907103
25907103 25907053
25906408 25906407
25906408 25906422
25906408 27508535
25906408 25906409
25906409 25906420
25906409 21969744
25906409 25906392
25906406 25906405
25906406 25906284
25906406 25906407
25906407 25906395
25906404 25906410
25906404 25906403
25906404 401890729
25906405 25906368
25906405 25906285
25906405 25906403
48827301 344926731
48827301 26213311
857042369 1284090414
857042369 857042470
343664041 255881091
343664041 307733308
343664041 582502650
302328455 1364770705
302328455 292544862
302328455 292545215
302328455 26080737
26066576 26066567
26066576 26066577
26066576 26066585
26066577 26066581
26066577 26066586
26066572 26066554
26066572 26066569
26066572 26066573
26066573 26066567
25906743 21734218
25906743 25906642
347279781 347279454
347279781 347279777
347279781 1235055806
347279781 347279879
343664139 343664274
343664139 343664131
21968149 21970134
360970391 1179021956
343663489 343663474
343663489 343663657
343664598 343664584
343664598 343664604
1365680122 26213543
1365680122 26213303
276745569 343664391
276745569 343664443
1010999409 1007406268
1010999409 1007406279
343663805 343663529
343663805 26342875
178820864 1179022573
178820864 351124077
178820864 178820859
178820864 351124684
178820863 26213499
178820863 26444973
178820863 351124684
1215472879 1215472845
26080689 26080690
26080689 292118687
1215472875 1179022475
1215472875 1215472837
1215472875 807730448
1215472874 1215472844
1215472871 1215472841
1215472870 1215472851
1215472870 1215472858
1215472873 1215472838
1215472873 1215472881
1215472872 1215472829
1215472872 1215472863
1179022124 927878140
48698872 26213551
48698872 26213552
26342850 26342842
26342850 26342849
26342850 1179022450
26342850 26342836
26342851 26342807
26342851 26342852
26342851 26342849
26342852 26342848
26342852 26342806
26058799 26066609
343664667 26342865
343664667 307733308
618806071 618806077
618806071 618806075
345198936 345198916
345198936 1179021938
1339844989 1339844735
1339844989 1339845241
960747239 1187929707
960747239 351959288
21947057 21947088
21947057 21947013
1235055785 26213255
1235055785 622103506
1179022018 26342807
1179022018 26342806
1179022011 1179021794
1179022011 318919212
1179021850 1179022579
1179021850 1179022226
292537308 292118655
21947541 26310487
21947541 21951427
21947541 21947518
21947541 21947464
1235011911 1235011918
1235011911 345531838
27508534 25906422
27508534 27508535
1339844519 1339844735
1235011918 345531837
1339845027 318896322
1339845027 1339844938
1339845027 1339844765
1179022656 26480828
1179022656 1179022448
1179022656 25896238
1179022651 1179022231
1179022302 1179021909
390826857 21947013
390826857 390826855
390826857 21947187
390826855 21947163
390826855 21947088
390826852 390826851
390826853 21734290
390826853 21734291
390826853 1187929637
390826851 21953728
292118687 292118700
26213514 26213505
26213514 26213513
26213514 47216175
26213516 26213268
26213516 47216133
26213517 26213552
26213517 26213520
26213511 26213507
26213511 26213504
26213511 26213509
26213513 47216133
26080736 26080735
1179021780 1179022708
1179021780 318919213
1179021781 1179022581
1179021781 255881075
1179021781 1179021974
1339844465 26080715
1339844465 1339844686
1339845117 1359745712
1339845117 26080726
1339845117 1339845365
1179022449 255881094
1179022449 1179022662
21734272 21734270
21734272 21734271
21734272 21734274
21734272 48752939
1179022272 1179022220
1179022272 1179022679
1179022272 1179022344
1179022271 1179021804
1179022277 1179022710
1179022277 1179022684
21734277 21734283
21734277 21734276
21734277 21734278
1179022275 1179022430
1179022275 178820989
21734275 21734278
21734275 21734276
21734275 21734227
21734278 21734280
21968352 21968213
21968352 21968344
21968352 21968359
21968352 21968380
292118533 1179021937
292118533 292118548
48753229 48834968
48753229 21734215
48753229 48753246
21968163 339243196
21968163 21734217
21734298 21734299
21734298 351959175
21734298 21734295
1179021971 26213499
1179021971 26482339
26341190 21968209
26341190 21734305
26341190 21968344
21734291 21734292
21734291 21734289
21734291 845674260
21734292 351959288
21734292 845674258
21734292 551479454
21734292 1187929774
21734293 351959168
21734293 21734294
21734293 21734297
21734294 351959175
21734294 21734296
21734295 21734300
21734295 21734301
21734295 21734304
21734295 21734296
21734296 21734306
21734296 21734307
333219513 333219515
333219513 333219510
365886540 318914596
365886540 26482458
365886540 1284090414
365886540 26480828
365886540 365886539
365886540 315523883
307734974 307734973
307734974 1179022666
345198328 345198317
345198328 345198318
345198328 345198323
345198324 345198323
26213193 26213190
26213193 26213195
345198320 345198321
345198320 345198323
26213195 345198728
26213196 345198728
26213196 927878106
26213196 26213589
26213196 345198741
345198323 345198319
873747003 26213558
873747003 343664350
873747003 873747018
1179021871 26342849
1179021871 26342848
1179021872 1179022451
1179021872 1179022707
1179021875 26482339
1179021875 26482336
21960513 21960525
21960513 21960404
21960513 21960500
26213526 26213525
26213526 26213527
307734857 318918303
307734857 318917418
26058800 26066582
343668835 318920600
343668835 318920599
47216144 48698854
21969828 21968136
21969828 25906642
21969828 21969824
21969824 25906641
21969824 21969758
1179021897 345198811
21954137 48752960
26213229 26213231
26213226 1235055801
26213226 345198922
26213226 345198916
929294355 25906367
929294355 904917832
929294355 25906368
929294356 347594597
929294356 435728984
21960421 21960491
21960421 25906785
21960421 534950139
21960421 21960415
21960421 21960445
21951386 21951362
292544831 1179021882
292544831 1179021831
347280801 347280795
347280801 347280798
25906411 25906410
25906411 21967691
25906411 25906393
25906410 25906392
26080697 26080700
26080697 1359745684
26080697 315268532
26080697 873727583
25906419 25906420
25906419 21969744
25906419 171933
48827314 21961265
48827314 48827310
48827310 21960558
26066569 26067240
343664055 1179022195
343664055 582502649
343664055 255881092
857042645 857042553
857042645 857042470
351124684 351124108
276745565 26213558
276745565 26342827
255881094 255881093
255881097 255881086
255881097 1179021935
255881097 1179022674
255881097 1179021909
26342848 26342840
26342848 26342847
255881091 255881078
255881091 255881090
255881091 255881092
255881090 343664551
255881090 255881089
255881093 1179021816
255881092 1179021816
255881092 1179022686
21954242 1187929605
21954242 347278071
21954242 345531838
21954242 1187929739
21954242 26213535
255881099 1179022049
255881099 255881085
276745568 343664377
276745568 343664451
343664274 343664291
957841714 1367876686
957841714 26310524
343663474 343663464
319476986 319476929
319476986 319476987
26342842 26342843
26342842 26342830
26342842 26342845
315523882 1284089786
315523882 315523796
315523882 315523883
315523883 857042553
25906640 21969758
25906640 25906638
25906641 25906638
25906641 21960445
25906642 21960432
1007406248 25581187
1007406248 1007406264
26342846 26342833
26342846 26342830
26342846 26342845
873727593 873727565
873727593 873727531
873727593 873727583
873727590 873727552
873727590 873727523
347279873 347279777
347279873 26213266
347279873 347279879
873727595 873727570
873727595 873727542
873727595 873727598
873727594 873727549
873727594 873727551
873727594 873727527
873727598 873727567
873727598 873727514
1215472840 1215472834
26080690 26080675
1215472843 1215472836
1215472844 1215472852
1215472845 1215472857
1215472846 1215472839
1215472846 1215472882
1215472847 1215472831
1215472847 1215472824
1179022344 318918757
48698865 318917969
48698865 26213503
48698865 26480874
343663618 26342876
343663618 26342877
343663618 343663701
26342849 26342843
48708639 26480852
48708639 48708638
26342843 26342808
26342843 26342844
873727570 873727621
873727570 873727576
26342841 26342831
26342841 26342838
26342841 26342840
26342841 26342847
26342840 26342839
26342840 26342805
26342847 1179022450
26342847 26342835
873727574 26213558
873727574 873727549
873727574 873727565
26342845 26342844
873727576 873727526
873727576 873727518
48708638 26480848
48708638 48708659
345198922 1179022570
345198922 1179021938
25906393 21969744
25906393 25906392
1215457543 1215457517
1215457543 807733513
48708635 26480864
48708635 26213248
343664580 343664583
343664580 307733308
1175412697 1175412659
1175412697 1175412789
343664583 343664584
1235055799 1235055760
1235055799 26213538
1235055799 622103560
343663722 343663713
343663722 343663736
1179021837 1179022676
1179021837 347280557
1179022067 318918757
1179022067 1179022725
1179022065 292535585
1179022065 295583327
1179022062 1179022710
1179022062 1179021918
435728984 21968134
435728984 21967746
345198850 345198857
345198850 345198811
345198857 345198864
345198857 26213583
345198857 26213584
21953728 21734264
21953728 347617905
21947554 21947518
21947554 21941676
21941676 622103570
21941676 21941647
1339845050 1339845332
1339845050 1339844806
1179022662 1179021816
1179022662 1179022686
1175412695 26342899
1175412695 1175412841
48752960 21954006
48752960 48752963
1179022666 343663643
1179022668 26482317
1179022668 26482305
1175412692 1175412784
1175412692 1175412643
21947310 21947287
21947310 21943102
21947310 21947442
21947312 21947287
1179022465 1179021888
1179022465 1179022672
21968375 21968380
21968375 21968370
21968375 21968384
21968370 21968365
21968370 21968417
1179022684 1179022372
26213507 26213503
26213507 26480846
26213505 1179022677
26213505 26213504
26213504 26213503
1179021794 1179022220
1179021794 1179021900
21970134 21968130
21970134 21968151
1007414277 25581211
1007414277 1007414271
1359745682 292542744
1359745682 1359745684
1359745682 1175412768
1359745682 1175412795
26213509 26213522
21734264 942080453
21734264 21734263
21734264 510827540
21734267 21734269
21734267 48752933
1179022205 1175412801
1179022202 1179022373
1179022202 1179021974
21734263 21734281
21734262 942080453
21734269 21734266
21734269 21734270
48842577 26066627
21968192 21968336
21968192 21968197
21968197 21968203
292118548 1179021994
21734289 21734288
21734289 510827540
21968203 21968209
21734283 21734280
21734283 21734284
21968209 21968213
21734281 21734280
21734281 21734288
21734287 21734288
21734287 960747242
21734287 1187929774
21734286 960747242
21734286 21734285
21734285 21734299
21734285 21734284
21734284 21734215
1187929655 26341193
1187929655 1187929701
26482457 315523797
26482457 318914596
345198687 345198698
26213187 26213190
26482458 1284089786
873747014 873747017
510827512 510827501
510827512 347602936
510827512 510827499
873747017 873746989
1179021862 318918785
1179021862 1179021919
1179021862 318919209
1179021861 1179022115
1179021861 1179022448
21960500 21960491
21960500 21960641
1179021868 1179021940
1179021868 343664606
27717686 510827529
1179022242 318919149
1179022242 318919209
347617905 21734290
347617905 347617892
47216175 47216165
1179021888 26482356
26213231 345198713
26213233 48752936
26213233 26213238
26213233 26213236
26213236 21954006
26213236 26213534
26213238 26213241
26213238 21953805
302330235 302330234
302330235 26067873
302330234 26067871
345198597 551573493
345198597 333219510
21734231 21734236
21734231 21734228
21734231 21734232
21960432 21734219
21960432 21960445
351959168 351959175
351959168 351959288
26494638 26494637
21990657 25581214
26494637 26310531
25906269 25906270
25906269 25906278
292118715 295583327
292118715 292118704
21947380 21947390
21947380 21947369
21947380 21947345
307733305 1179022195
307733305 307733245
1187761553 1187760174
1187761553 1187761465
307733306 582502654
307733306 343664115
26066665 26067240
26066665 26066664
26066665 26066648
1187760174 27508776
343664068 343664197
834140096 26066588
834140096 370152059
834140096 26066587
845674260 845674258
255881086 582502560
255881086 582502559
255881087 582502557
255881087 582502553
255881085 582502560
255881085 255881088
343664115 307733307
255881088 255881077
255881089 1179022174
370152071 26067240
1179022245 1175412730
1179022245 26482321
1007406250 25581187
167302840 1132727600
167302840 21968400
167302840 21968391
178820843 1179022573
178820843 178820846
178820846 178820850
873727584 873727519
873727584 873727603
873727583 343664435
618806073 618806077
618806073 618806075
618806073 21951277
1215472857 1215472880
1215472856 1215472833
1215472856 1215472853
1215472856 1215472824
1215472855 1215472883
1215472853 1215472883
1215472852 1215472839
343664487 292540744
343664487 343664496
343664487 302331102
1215472859 26482369
1215472859 26482372
1215472858 1215472827
873727569 873727552
873727569 873727538
26342878 26342877
26342878 26342879
26342879 343663441
26342876 343663537
26342875 26342820
48752933 48752936
48752933 390826873
26080750 674906477
26080750 26080745
954709332 430957969
954709332 26080717
954709332 26080718
343664241 343664227
622204636 21943148
622204636 622204637
1132727501 1132727258
1132727501 167302863
343663736 343663747
26213602 26213601
26213602 26213603
26213603 26213604
25906278 25906271
25906278 25906285
25906275 25906276
25906275 25906193
25906275 25906273
25906275 25906287
345198864 1179022156
25906270 25906367
25906270 25906285
1364770753 1364770714
1364770753 1364770757
1364770757 1364770754
1364770754 1364770805
21947442 21947432
26342839 26342838
26342839 26342812
1235011970 307734710
1339845040 1339844735
1179022677 318917969
1179022676 1179021978
1179022674 1179022683
1179022674 1179021976
1179022671 1179022698
1179022671 1179021831
318896322 318896321
318896322 1339845365
370152501 26066624
1179022679 1179021900
26342832 26342831
26342832 26342834
1179022475 26482352
1179022475 1179022722
343664350 1175412732
21960415 21960404
21947369 618806077
21947369 21947163
1179022698 1179021994
1179022698 292544860
26213538 26213539
26213539 1258876332
26213539 26213540
1179022691 26482309
1179022691 1179022213
26213533 26213534
26213533 26213535
26213530 21954040
26213530 345531837
26213530 26213531
26213530 26213607
26213531 21954198
26213531 26213535
26213536 26213606
26213534 21953989
26213535 21954198
339244666 339244668
26342835 26342831
26342835 26342836
339244668 339243196
48752963 21734234
1179022218 26482363
1179022218 26482362
344926629 26213318
344926629 26213311
21967746 21968139
21968213 21968226
21968213 21968221
510827508 390826873
510827508 510827529
510827508 510827506
510827501 510827499
510827501 510827506
26080806 26080812
26080806 26080868
347278074 347278076
347278074 347278073
347278077 347278076
347278077 347278078
347278076 21951334
347278076 21956107
347278071 1187929739
347278071 26213259
347278071 347278069
347278073 1187929739
390826877 390826873
347278079 347278078
390826873 21953783
26482330 26482333
26482330 26482326
26482330 1175412672
26482333 307734708
26482333 26482336
26482333 318917676
26482336 26482326
26067848 26067827
26067848 345198318
350307490 350307603
350307490 350307502
347280798 345532023
347280798 347280796
347280797 347280796
347280797 347280795
347280796 26213277
26213241 21953989
26213241 26213243
26213243 26480870
26213243 1011021808
26213243 622103506
345198582 345198573
345198582 345198587
26213248 622103506
26213248 26213251
1364770805 1364770821
929294330 1187760285
929294330 25906370
307734986 307734984
307734986 307732686
730702113 730702116
21947257 21947287
21947257 21947356
21947257 21947187
730702116 730702112
730702116 730702114
26067841 26067827
26067841 276744096
21951362 21956107
21951362 21953783
21951362 21953859
26472382 26472368
26472382 26480841
26472382 26482389
26472383 26472361
26472383 26472362
26472383 26472384
26472381 26472372
26472381 26472367
26472384 26472154
1209330584 21968232
551479454 21951400
960747254 26067862
960747254 960747240
960747254 960747263
292118733 292118736
292118733 292118651
26342895 26342894
26342895 26342896
26342895 26342820
1179022683 1179021993
1179022686 255881080
319482606 347278090
319482606 319482607
292118739 292118736
292118739 292118700
343664327 343664312
343664106 1175412801
343664106 343664092
351124060 351124078
351124060 1179021901
351124060 26213596
343663456 343663448
1175412836 1175412738
1175412836 1175412773
318915599 318918786
318915599 307734748
318915599 307735198
1007406260 1010999431
1007406260 1007406274
292540744 292540743
178820859 178820852
178820850 343668680
178820852 1175412808
307732686 307735247
307732686 26342865
307732686 307732685
307732685 26482317
1284089786 315523797
26080723 1359745706
26080723 26080718
26080723 26080700
1175412784 1175412773
343664496 343664504
343664496 343667706
343664496 343667712
21953989 1187929739
1175412789 343663509
1215472863 1215472828
26342865 582502652
873727557 873727607
873727557 343664546
1175412747 1175412841
1175412747 1175412655
873727552 873727546
873727551 873727540
873727551 873727567
873727550 873727607
873727550 873727518
873727550 873727533
21953859 1011021815
21953859 21953805
21963993 21964011
21963993 20953226
21963993 184049172
26080745 1364770705
307735247 307734357
21734274 21734235
343664451 343664391
343664451 873727546
343664451 292540743
343663701 343663631
1175412659 1175412853
307735060 307735059
1179022049 1179021935
1179022049 1179021993
1175412655 26342900
345198871 345198878
345198871 26213280
345198871 26213584
345198871 1179022083
25906282 25906284
25581211 25581214
25906284 25906285
345198878 345198810
21734266 48752939
25581214 990465788
26213598 26213282
26213598 345531992
26213598 26213599
343663631 343663747
1339845076 1339844839
1339845076 1339844806
1365680104 1365680116
26213596 26213595
26213596 927878106
21947483 622204637
21947483 21947518
1215472880 1215472827
1215472882 1215472831
1215472883 1215472824
1179022195 1179022579
1179022191 1179021969
1179022191 1179022430
1364770714 1364770706
344926706 1200524897
344926706 26213318
333219515 333219460
26213529 26213528
26213529 26213278
26213528 26213527
333219510 1200524897
26213525 347279113
26213525 26213270
26213524 26480831
26213524 26482363
26213524 26480874
26213524 26480860
26213527 318918222
21968359 21968365
21968359 26310460
343668834 318918222
343668834 318918131
26213520 26480849
26213520 47216184
26213520 26213522
26213522 26480846
26342833 26342816
26342833 26342828
1179022220 1179022708
1179022226 1179022284
351124078 351124077
318914593 1179022608
318914594 1179022608
318914594 318914596
21968226 21968380
21968226 21968232
21968221 21968232
1187929637 26341193
534950139 21960491
534950139 25906777
315269890 1359745712
315269890 315269893
26080813 26080812
26080813 26080815
347278066 347278091
347278066 347278069
26482321 26482319
347280274 26213273
347280274 26213264
347280274 26213259
26482326 26482324
26482324 26482346
26482328 1175412672
26482328 26482319
26213257 26213255
26213257 1187929605
1187929743 351959289
1187929743 1187929701
26213255 26213253
26213253 622103520
26213253 26213251
26213251 26213550
556353736 21759678
26341187 21734308
26341187 21951427
26341187 26310476
26213259 1235011861
26341186 26310487
26341186 619886888
26341186 21951427
266220458 266220457
266220457 22032372
350307603 26480808
26068219 26067869
26068219 26068218
26068218 302329422
26068218 302329419
292544862 1364770821
301433960 1179022707
301433960 1175412671
301433960 301433933
48753294 21734222
48753294 48753418
351124108 557283217
351124108 1175412671
1187760285 25906367
1187760285 25906370
1187760285 27508776
178820998 345198795
178820998 178820981
48753121 21734218
48753121 48753212
297216442 297216443
297216442 297216441
297216443 297216444
25907098 21964093
25907098 25907096
297216441 26342904
25907096 25907094
344926649 1200524897
25907094 21960681
622103522 26213266
622103522 622103519
622103522 26213264
622103523 347279892
622103523 26213276
622103523 347280050
622103520 622103519
26472154 26472153
26472154 990465788
26472153 1007427988
48827295 48827287
48827295 21961284
48827295 21961265
1007406279 1007406273
1007406276 1007406273
1007406273 25581189
167302863 1132727600
21946996 21947013
873727540 873727542
26342815 1179021953
26342815 26342816
26342816 26342818
26342811 26342808
26342811 26342809
26342811 26342844
873727546 873727519
26342813 26342814
26342813 26342804
26342818 1175412808
26342818 343668684
26342819 343663686
26342819 343663713
26066598 26066597
26066598 26066590
26066598 26066599
26066599 26066581
26066599 26066600
26066596 26066597
26066596 26066595
26066596 26066601
26066597 26066600
26066594 26066595
26066594 26066628
26066594 26066593
26066595 26066604
26066592 26066627
26066592 26066593
26066592 26066591
26066593 26066590
26066590 26066586
26066591 26066589
343663448 343663441
551573502 551573440
551573502 551573493
26487786 26487807
26487786 26310566
26487786 26487788
307735059 1179022709
307735059 307735198
26487785 26487788
347617892 21734290
26487788 26487791
343664538 343664530
343664538 343664504
343664530 343664545
345198804 345198807
345198804 26213581
25906290 25906291
345198800 345198798
345198800 26213589
345198800 26213588
942080453 48752939
21947163 21947187
21947163 21947345
1200524897 26213325
21969744 26341675
21961284 48827271
21961284 21967720
21956107 1011021815
1179022451 301433934
1179022457 318920599
21947345 21947356
21968344 623922410
21968344 26310454
26310569 448415025
26310569 26310566
26310569 26310550
26310563 26310557
26310563 26310566
26310563 26310550
807733513 807733511
807733511 807733509
21960737 21960491
21960737 25906774
21960737 25906777
1179022231 1179022375
26213330 333218855
26213330 26213329
26213330 551573440
21941647 26310495
21941647 21941630
1359745698 1359745708
1359745698 1359745711
1359745698 315269888
1339844330 1339844541
1339844330 1339845365
21964093 21964064
21964093 20953226
292118483 1364770716
292118483 26080717
292118483 292118604
1339845241 1339844839
614120044 619886888
614120044 614120043
582502559 255881080
614120043 26340399
344926731 26213309
344926731 21961265
344926731 345198587
582502553 255881078
26482314 26482311
1284090414 1284090426
1284090414 350307502
26482319 26482311
26213268 347279777
26213268 730706129
26213268 26213270
47216215 48698854
26213266 26213549
26213264 347280050
26342814 302331088
26342814 26342834
873727542 873727567
1339845332 1339844486
21960390 21734221
21960390 21960525
21960390 21960404
21960390 21961315
25896238 318918786
25896238 26482350
21960525 21960558
26472360 26472361
26472361 26472366
26472362 26480865
26472362 26472364
26472364 26472365
26472364 26472366
26472365 26480853
26472365 48708672
26472365 48708652
26472365 48708664
26472366 26472367
26472367 26472368
26472368 26480853
26472368 26480842
21954198 21954040
1179021969 1179022397
26310491 26310504
26310491 21947518
26310491 26310493
26310491 26310489
302331088 26342827
302331088 302331102
347279454 347279114
301433959 301433934
301433959 26080675
301433959 557283220
292535585 302331102
345532023 1179021978
345532023 345532038
345532024 1179021978
345532024 345531992
345532024 26213281
1179022729 345198883
178820989 345198795
178820985 1179021819
178820985 1179021992
178820985 178820981
1367876686 1367876498
1367876686 26310520
26068228 26068221
26068228 26068226
622103518 347279113
26068222 26068223
26068222 26068221
26068223 302329419
26068223 26068224
48827287 48827271
26068221 276741059
873727621 873727518
873727621 873727533
339239319 167302887
26480848 26480849
26480848 319476929
26480849 26480850
26480840 26480839
26480840 26480837
26480840 26482392
26480840 26482390
26480842 26480852
26480842 26480841
26480845 26480841
26480845 26480831
26480845 26480846
26480846 26480847
26480846 26480874
26480847 319476929
26342807 26342808
26342806 26342805
873727537 873727619
873727537 873727519
26342804 345198366
26342804 26342812
26342803 345198347
26342803 26342801
873727533 873727514
1339844938 1339844486
873727538 873727610
873727538 873727523
26342809 1179021953
26342809 345198741
26066581 26066582
318919214 318918786
318919214 26482302
318919214 318919213
25906112 25906276
26066582 26066601
26066585 26066586
318919210 1179021900
318919210 1179022627
318919210 318919209
26066587 26066648
26066587 26066586
318919212 1179021948
318919212 318919213
26066589 26066588
26066589 26066623
26066588 26066630
26067853 26067851
26067853 26067836
26067853 26067834
26067854 26067836
26067855 26066640
960747263 960747240
623922413 21734305
623922413 21734306
623922413 623922473
623922410 21734306
623922410 623922429
343663763 343663784
343663763 343663537
1339844686 1339844907
343663713 343663643
26213499 557283220
26213499 26480874
343664522 343664545
343664522 343664512
1175412676 343663755
1175412676 1175412637
345198811 26213585
345198811 26213584
21943102 21943059
990465788 990465785
1215457457 807733506
21969758 26341675
21969758 21968056
307733307 582502652
1179022420 1179022431
26487791 26487804
21968406 21968384
21968406 21968400
21968406 1209330764
26310557 26310554
26310557 26310520
26310554 26310518
26310554 26310550
26310550 26310545
807733509 807730440
26310489 26310487
26310489 26310506
21941630 26310538
1179022081 1179022403
1179022081 1179021931
1179022083 1179022156
307734710 307734708
307734710 318918193
292118747 292118751
292118747 292118744
292118744 292118704
25906291 59633358
318918132 318918193
318918132 318918131
318917428 318917418
318917428 1179022380
582502544 255881075
582502544 255881078
582502542 255881077
582502542 255881075
1284090426 26480828
1284090426 26480807
1284090426 857042582
26213278 26213280
26213278 1179022241
26213277 347280557
26213277 26213276
26213277 347279114
26213276 730702112
26213276 26213599
26213273 26213272
26213272 730702112
556353718 21759678
21734301 21734302
21734301 21968336
21968391 21968384
1255433814 401890729
1255433814 25906370
1255433814 1187761033
345198713 26213541
1179021992 1179022397
21947088 21951248
21947088 21951277
48708679 48708659
48708679 48708691
1359745712 1359745711
1359745710 26080722
1359745710 1359745706
1179021974 255881076
857042479 857042582
1011021808 1011021811
1011021808 26480871
26482309 26482311
26482302 1179022708
26482302 26482305
910343147 302328965
910343147 276741058
910343147 1179021921
345532036 26213280
345532036 26213281
345532036 345532038
345532038 1179022241
26528018 26528017
26528017 307734357
807730448 1215472833
807730440 807730441
807730441 807730442
807730442 807730443
48827271 21961315
21951334 26480872
21951334 21951277
255881080 582502557
167302880 167302887
167302880 1132727600
26066663 26066659
26066663 26066632
26066664 26066651
26066664 26066633
184049174 26213323
184049174 26213320
184049174 184049172
184049172 26067825
302329564 26067874
302329564 26067873
343664023 343664338
343664023 307735392
302328965 276741059
302328965 302329419
302328960 302328963
302328963 302329419
26342838 26342837
26480858 26480864
26480858 48708699
26480858 319477340
26480853 26480852
26342830 26342836
26342830 26342828
26342831 26342837
26342837 26342834
343664604 343664606
873727526 343664546
873727527 873727514
873727527 873727567
343668684 343668682
318917693 318917418
318917693 318917676
619886888 26310508
26080718 26080719
26080719 26080721
26080715 315268598
26080716 26080717
26080716 26067865
26080716 26080700
26067845 276744093
318919209 1179022341
1175412808 343663686
1175412801 1175412666
623922429 623922443
1175412663 1175412706
1175412666 1175412631
26342908 26342907
26342908 26342909
26342909 26342910
26342906 26342907
26342906 26342905
26342904 26342905
26342902 292541328
26342902 26342901
343664512 343664504
26342900 26342901
1364770716 26080724
1364770716 1364770715
1364770715 1364770721
26342812 26342805
927878140 927878106
1179022431 255881077
1179022432 1179021926
1179022432 1179021948
26310541 26310542
26310541 26310573
26310541 21968417
26310543 26310542
26310543 26310544
26310542 21968411
26310545 26310544
26310545 26310515
26310544 448415025
26067815 26067814
26067815 26067830
26067815 292543226
26067815 26067816
26067815 26067823
21947432 21947414
26067817 26213293
26067817 26067816
26340399 26310512
26340399 26310526
26340399 26310524
343667702 343667701
343667702 343667706
343667706 343664443
26310499 26310504
26310499 26310501
26310499 26310493
26310495 26310501
26310495 26310493
26340397 324348173
26340396 324348283
26340396 324348173
1179022093 1179022725
1179022091 1179022728
1179022722 26482367
1179022725 1179022341
1258876333 1258876347
1258876332 622103560
1258876336 21734228
1258876336 21734225
318914100 26482352
292118751 292118655
345198384 345198366
510827540 510827499
21968411 1209330764
21968411 21968417
21968411 26487769
318917676 307734748
26213280 26444973
26213281 26213282
26213281 26213582
26213282 26213283
26213283 26213284
26213284 26213601
26213286 26213292
26213286 26213287
26213287 26213303
26213287 345198519
26213289 26213290
26213289 345198519
26213289 26213306
301433935 1179021901
301433935 301433933
301433934 301433933
1359745708 26080722
1179021940 1179022581
21954040 21954006
318918303 26482350
318918303 318918304
26482378 26482376
26482378 26482379
26482379 26482380
1175412631 1175412778
26482374 26482376
26482374 26482373
26482376 26482377
26482377 26480835
26482372 26482373
255881076 343664567
255881078 1179022174
622103571 21943148
622103571 622103570
622103571 622204637
622103570 21943059
430957964 430957970
873727607 873727619
873727603 873727531
318918836 318918757
318918836 1179022341
318918836 318918835
318918835 318918834
318918835 1179022704
318918833 318918834
347279892 1235055806
1209330764 26487767
318918304 318918305
873727518 343664546
26480868 26480866
26480868 26480870
26480866 26480865
26480866 1235055818
26480866 48708699
26480867 26480871
26480867 26480865
26480867 1235055818
26480865 48708672
26480865 25581189
26342821 26342896
26342821 26342898
26480860 56308056
318915200 26482388
48708697 48708657
48708697 48708693
48708691 48708693
48708693 319477340
534586126 25906774
534586126 534586124
534586126 25907052
534586124 25906775
343664291 343664312
21943059 21943148
960747240 26067836
960747242 1187929728
26067871 26067869
26342911 26342910
26342911 26342912
26342913 26342912
26342913 26342914
26342914 26342825
26342916 26342915
26342916 26342823
292543226 26067814
292543226 26067823
1339845152 1339845365
307735395 307735397
307735395 307735392
1364770705 1364770738
347602936 21734239
21953783 21953805
48753418 21734214
48753418 21734223
307735397 1175412706
276744096 345198285
276744096 276744094
26487805 26487804
26487805 26487807
26487805 26487806
26487807 26310532
26487806 26310533
276744094 276744093
1179022403 1179022372
26310536 26310537
26310536 26310501
26310537 26310538
26310530 26310531
26310530 26310529
26310531 26310533
26310532 26310526
26310532 26310533
25906403 25906395
26213543 26213544
26213543 1365680114
26213543 1365680116
582754411 20953226
343667710 343667711
343667711 343667712
343667712 26342827
1258876347 1258876345
1258876345 1316127385
26213304 26213305
318920602 318918221
318920600 318918221
1179022570 345198883
26080858 26080861
26341678 21968127
26341678 21968056
315268598 26080700
1179022373 1179022174
26341675 21968056
1179022375 1179021956
21964022 21964011
21964022 21960616
21964022 21964064
26213306 26213323
26213306 26213305
26213293 26067816
26213293 26067820
26213293 26213294
26213292 345198507
26213290 26213326
26213290 345198507
26213296 26213298
26213296 26213294
315269888 315269886
1011021811 1011021815
315269886 315269883
1215472828 1215472837
345198287 345198286
345198287 345198289
345198286 345198290
345198285 26067851
345198285 345198284
21960641 21964064
21960641 21960616
21960641 21960681
178821153 178821161
1339845166 1339844366
1339845166 1339844907
318918834 318919105
345198519 345198507
557283217 292536187
557283217 557283220
1179021954 1179022581
26482369 26482368
26482368 26482350
26482368 26482356
26482366 26482365
26482365 26482364
26482364 26482363
26482363 26482385
26482362 1179022172
345198357 345198366
21759675 21964104
21759675 21759678
25907052 25907053
25907053 25907054
26310573 21968365
26310573 26310463
21759678 21964104
21759678 324348283
21759678 22032372
276741058 26067851
343664197 343664189
281814004 281814013
26066642 370205341
26066642 26066633
26066642 26066643
26066643 20953226
26066643 26067812
26066643 26066630
26066640 26067834
26066648 26066651
25906378 21968125
25906378 25906370
857042637 857042553
26480871 26480872
26480872 25581187
26480874 26480831
1339844907 1339844366
26067861 302329422
26067863 302329422
26067863 292118651
26067862 292118655
26067862 1179021921
26067865 292118700
26080735 26080721
26080735 26080726
873727619 873727610
1175412861 343664204
323767931 323767933
323767931 323767928
323767933 323767923
323767933 25906424
1365680115 1365680119
1365680115 26213303
307733147 343664081
1365680116 1365680118
25906011 21990715
25906011 21964104
1365680119 1365680110
1175412738 1175412710
1179022382 1179021812
1179022380 281814013
1175412730 26482346
1175412732 26213557
343664405 292540743
343664405 343664420
1339844765 1339844541
26342825 1175412856
623922449 623922445
623922449 623922452
26342824 26342915
26342824 1175412856
623922445 623922443
343663755 343663784
26444973 26213586
26342827 343664154
26310526 26310528
26310524 1367876498
26310520 26310518
26213604 26213605
26213604 26213606
26213605 26213607
21947414 21947400
21947414 21947464
26213607 26213606
26213600 26213601
26213600 26213599
26310529 26310501
26310529 26310528
26310528 26310512
26342823 26342822
26342822 292541328
1179022708 1179021812
318919146 318919149
318919146 1179022355
318919149 318919107
1179022704 318919107
21964104 22032372
21734214 48753682
21734215 48753682
21734215 48753216
21734217 21734303
21734217 48753216
21734217 48753212
21734217 48753682
21734218 21734219
21734219 21734220
26310457 321520747
26310457 321520746
26310457 26310460
26310454 321520747
26310454 21734307
26080868 26080867
26080862 26080863
26080862 26080861
26080863 430957969
26080866 26080867
26080866 26080864
26080864 430957969
347278091 347278090
318918785 318918786
20953226 26067814
292118604 1179022728
26213594 26213595
26213594 26213593
26213595 26213589
1179022363 318918756
1179022363 1179021804
26213590 26213588
26213592 26213588
26213593 26213586
1179021819 345198796
48834968 48834971
171933 25906423
345198728 345198796
345531992 347280557
26482380 26482381
178821161 21967720
21967720 21734230
619886896 26310467
619886896 1367876498
619886896 26310476
48753246 48834971
582502649 582502650
339243196 339243711
321520747 321520746
321520746 26310476
1187761033 1187761465
345198347 345198366
292541328 26342896
26066659 26066651
26066659 26066631
343664189 343664174
281814013 281814015
281814015 281814016
281814016 318917418
1209330745 1209331114
21951277 25581187
26480807 26480808
401890729 25906368
26080680 26080682
26080680 26080678
26067814 26067825
26067814 26067812
26080721 26080722
26067812 26067830
26067812 370205341
1175412856 343664204
319477340 26213550
20953234 21968151
20953234 21968130
323767928 323767923
323767923 59633358
319477361 319477360
319477360 26213551
319477360 26213549
1175412637 1175412675
343664567 343664559
343664154 343664174
430957965 430957969
276744093 292536091
551573440 345198554
343663509 343663522
1179022355 1179022115
1179022355 318919161
21947390 21947400
1215472829 1215472838
26480850 26213551
26213585 26213586
26213585 26213588
48708659 48708657
623922459 623922461
623922459 623922452
48708652 48708655
48708655 48708669
48708655 48708657
21947400 21951406
435728967 21968125
435728967 21968130
435728967 21968127
435728967 21968056
26310467 26310518
26310467 26310463
333219460 26213314
26310463 26310460
26310463 26310515
26310518 26310515
26310512 26310504
26310512 26310510
26310510 26310506
26310510 26310508
26213583 26213582
26213582 26213581
56308056 26480834
56308056 26480833
1187929728 1187929707
1187929728 26341193
345198759 345198752
345198752 345198741
292118700 292118651
292118700 292118704
292118704 292118655
292118704 343664435
345198573 345198554
582502654 307733245
582502654 1175412778
21968136 21968134
21968136 21968132
21968132 21968127
21968132 21968131
21968130 21968131
26213329 26213328
26213328 26213327
302330342 302330633
26213323 26213325
26213323 26213324
26213320 21964011
26213320 26213318
26213327 26213326
26213326 26213325
26213324 26067825
318918193 318918222
26066628 26066627
343664174 343664204
26066624 26066623
26067241 26067243
26067241 370152113
26067243 26067244
292536091 292536187
21951427 21951420
21951420 21951406
21951420 21734309
25906785 344924486
339243711 339243712
343664559 343664551
276741059 302330633
343664420 343664435
343664673 318918757
343664673 318918756
623922461 623922471
344924486 25906775
318919161 318919106
21734236 21734237
21734237 21734235
21734234 26213540
21734232 21734239
21734233 26213540
21734233 21734238
21734230 21734222
21734230 21734224
21734238 1316127385
21734239 1316127385
345198587 26213313
333218857 26213314
1179022341 318919107
26310508 26310506
26480841 26480832
26310504 26310506
21734308 21734309
21734308 21734307
21734309 21734297
21734302 21734303
21734303 21734300
21734300 21734299
21967691 21968125
21734306 21734307
21734304 21968336
21734304 21734305
25906395 25906392
343668682 343668680
26213550 26213549
21960404 21734220
26213557 1175412768
345198741 26342798
26342801 26342791
1365680102 1365680107
1365680102 26213544
1365680106 1365680114
1365680105 1365680109
1365680105 26213544
26213310 26213309
26482408 26482394
59633358 59633359
59633359 25906429
26482399 26482392
26482397 26482389
26482397 26480839
26482397 26480832
26482394 26482389
26482394 26482392
26482390 26482389
292540711 292540710
292540711 292540743
307733245 292542744
26066633 26066632
26066632 26066631
26066631 26066630
1235055801 345198883
26480839 26480833
26342894 26342893
343664092 343664081
26480834 26480835
26480834 26480837
26067833 26067834
26067830 26067826
26067834 26067827
25906774 25906775
26480831 26480832
26480833 26480832
22032372 21990715
26342893 26342892
343664545 343664546
26342799 26213190
26342799 26342792
26342799 26342798
26342793 26342792
26342793 26342794
26342791 26342796
26342796 26342795
26342795 26342794
26080678 292536187
26080675 295583327
343663522 343663529
343663657 343663643
623922471 623922473
48708672 48708669
48708672 48708666
21947464 21951406
1007414271 25581189
292118655 292118651
1179022627 1179021919
26213541 26213546
26213546 26213545
26213545 26213544
21734229 21734228
21734229 21734225
21734229 21734227
21734221 21734220
21734221 21734222
21734223 21734224
21734223 21734226
21734225 21734224
21734225 21734226
21734227 21734226
345198799 345198798
1365680110 1365680114
26213305 26067825
345198316 345198319
345198319 345198322
345198426 26067820
345198426 26067823
26482381 26482382
26482385 318917969
26482388 26480837
47216133 48698854
26066603 26066609
26066603 26066604
26066600 26066601
26066601 26066609
26066609 25906426
25906429 25906421
25906420 25906421
25906421 25906422
25906421 25906423
25906423 25906424
25906424 25906425
25906425 25906426
345198321 345198322
26067825 26067823
26067827 26067826
26342898 26342899
26342890 26342891
26342891 26342892
48708664 48708666
26487767 26487769
318919105 318919106
318919107 318919106
