318914455 -3.717162 40.41162527
48752959 -3.70858303 40.41530887
48752955 -3.70940488 40.41541968
48752953 -3.70953421 40.41577113
333219053 -3.70659149 40.41826374
21947451 -3.70291352 40.41140726
1179022329 -3.71536852 40.4123203
1179022328 -3.71696913 40.41416658
21947327 -3.70393091 40.41141933
390826838 -3.70297931 40.41922271
26213579 -3.7116923 40.41594824
26213576 -3.7106247 40.41600348
26213577 -3.71119953 40.41608176
26213575 -3.71077633 40.41616013
26213573 -3.71108009 40.4164742
938516022 -3.70926633 40.4223764
318917430 -3.71467592 40.4132895
938516027 -3.70914051 40.42238311
21734259 -3.70942273 40.41580139
938516025 -3.70938166 40.42236492
21734254 -3.708621 40.41636038
21734255 -3.70869477 40.41677453
21734256 -3.70857851 40.41599677
21734257 -3.7087645 40.41595444
21734250 -3.70801172 40.41612593
21734251 -3.7083936 40.41640849
21734252 -3.70846418 40.41678257
21734253 -3.70776806 40.41757072
345198788 -3.71137521 40.41820029
1179022343 -3.71103147 40.41657219
1255433821 -3.70563328 40.42123018
1255433820 -3.70992003 40.41790097
1255433822 -3.70986689 40.41848242
21968147 -3.69677603 40.41677629
21968146 -3.69817321 40.41642291
339238838 -3.69640564 40.41590557
21968144 -3.69835518 40.41667989
21968143 -3.69843716 40.41745732
21968142 -3.69840497 40.41711416
21968140 -3.7002764 40.41659851
276743480 -3.7111168 40.41988807
276743485 -3.71154688 40.41952731
276743486 -3.71156758 40.42071888
21968148 -3.69666799 40.4170699
873746996 -3.71408751 40.42093237
1365680120 -3.70953622 40.41782763
873746990 -3.71462781 40.42057421
1365680123 -3.70914588 40.41834362
1187929685 -3.7031731 40.41454016
1200524867 -3.70667481 40.41807087
1365680129 -3.70909894 40.41840967
345198306 -3.71141888 40.42114871
345198307 -3.71264893 40.42053976
814676851 -3.70237967 40.41705649
345198301 -3.71191576 40.42084679
1179021857 -3.71715462 40.41203992
1179021855 -3.71267491 40.4210534
873747021 -3.71463896 40.42036181
21960573 -3.70507772 40.41867001
873747023 -3.713467 40.42134987
48753331 -3.70425898 40.41651762
25906500 -3.69822258 40.42232142
26213205 -3.7108464 40.41718918
339242703 -3.70033214 40.41676623
26213207 -3.71043334 40.41726763
292534960 -3.7144041 40.42299968
26066615 -3.7039201 40.42019778
26066614 -3.70300748 40.42013533
26066617 -3.70166478 40.41995848
26066616 -3.70205621 40.42091217
26066610 -3.70142791 40.42377559
26066613 -3.70232494 40.42010038
26066612 -3.7021796 40.4205463
26342866 -3.71507616 40.41950669
26066619 -3.70568047 40.42031471
26066618 -3.70640223 40.42061486
343664658 -3.7190035 40.41807766
347279634 -3.71153933 40.41398671
25906432 -3.69864109 40.42145557
25906431 -3.69924191 40.42166386
25906430 -3.69938666 40.42170476
345198903 -3.71064473 40.4165395
302329395 -3.71284448 40.42174893
302329396 -3.71298077 40.42241991
21990658 -3.70725501 40.41026179
21990656 -3.70805204 40.41005953
345532688 -3.71297976 40.41710494
21951413 -3.70345071 40.412484
1007427992 -3.70251169 40.41022239
1179022080 -3.71837829 40.41987709
807730439 -3.71555912 40.41124926
807730438 -3.71494364 40.41144917
551479494 -3.70366931 40.41387036
307735200 -3.71669278 40.41475021
343664213 -3.71335636 40.41911333
1339844848 -3.71817813 40.4211591
1339844849 -3.71906871 40.4218641
345198890 -3.71124848 40.41677193
318915597 -3.71659647 40.4139862
292540709 -3.71362752 40.4222205
1010999413 -3.70841028 40.41130751
26342889 -3.71499821 40.41796098
26342886 -3.71530834 40.41605528
26342885 -3.71477793 40.41602921
26342884 -3.71479947 40.41577431
26342883 -3.71501296 40.41578479
26342882 -3.7150402 40.41546469
26342881 -3.71472923 40.41526721
26342880 -3.71443863 40.4152605
1175412749 -3.71447057 40.4161536
1132727515 -3.69687393 40.41671074
1215472868 -3.715365 40.41193121
1215472869 -3.71541328 40.41137482
1215472867 -3.71573129 40.41229121
1215472864 -3.71524338 40.41156283
1215472865 -3.71524472 40.41158722
1215472862 -3.71570229 40.4120898
1175412745 -3.71612096 40.41523092
1215472861 -3.71574847 40.41195728
1179022130 -3.71730063 40.41921609
48698844 -3.71166062 40.41350508
48698849 -3.71212967 40.41371689
25581191 -3.7083869 40.41118623
25581192 -3.70828414 40.41123543
1215457562 -3.71546148 40.41114013
26212782 -3.71036712 40.41875517
26212783 -3.7101181 40.41860706
26212781 -3.71123113 40.41946713
26212784 -3.70975348 40.41842811
26212785 -3.709297 40.4183862
26212788 -3.70992288 40.41785026
1235055771 -3.70935358 40.41582008
26487777 -3.69605351 40.4157941
292536857 -3.71288857 40.41958749
26487775 -3.69563006 40.41255248
26487773 -3.69562746 40.41300988
26487772 -3.69562411 40.41363123
26487771 -3.69569376 40.41367054
318919116 -3.71704532 40.41390163
318919114 -3.71731086 40.41407371
318919113 -3.7174396 40.41409978
318919110 -3.71810898 40.41417513
1179022008 -3.71853227 40.41845401
318917978 -3.71314933 40.41388168
904868120 -3.69610238 40.42021999
21947208 -3.70462426 40.41066102
345531810 -3.70983311 40.4141525
1179022318 -3.71838927 40.41376693
292118672 -3.71272571 40.42101594
1339845037 -3.71910417 40.42183862
292118675 -3.7141793 40.42292852
1179022644 -3.71662564 40.41447797
1179022313 -3.71339039 40.41485926
48752943 -3.70608003 40.41497921
1179022315 -3.71357773 40.41326502
48752941 -3.70600769 40.41533267
1179022317 -3.71274163 40.42177668
1179022482 -3.71209514 40.41576006
849583513 -3.71816464 40.42043189
21947337 -3.70415362 40.41166752
1179022487 -3.71786096 40.41471342
390826846 -3.70637583 40.41395033
344926746 -3.70720748 40.41823876
26213561 -3.71512796 40.41952932
26213560 -3.71502637 40.41962789
26213563 -3.71531613 40.4182997
26213562 -3.71527548 40.41878576
26213564 -3.71525193 40.41821211
26213566 -3.71554714 40.41522974
26066568 -3.70635253 40.4225163
347279328 -3.71191157 40.4139396
347279329 -3.71158392 40.41384187
21734249 -3.70790628 40.41614999
21734247 -3.70717152 40.41740233
21734258 -3.70881203 40.41632291
21734245 -3.70697958 40.41676237
21734244 -3.70698444 40.41626323
21734243 -3.70645026 40.41540484
21734242 -3.7054933 40.41528456
21734241 -3.70577694 40.41531432
21734240 -3.70768123 40.41504199
1255433818 -3.71158007 40.42081083
25906281 -3.69732446 40.42290254
21968172 -3.70167366 40.41631453
1255433817 -3.70978508 40.41856079
292118522 -3.71622138 40.42253021
1255433812 -3.70896726 40.41849801
25906283 -3.69777742 40.42252149
1365680133 -3.70924152 40.41849558
1365680132 -3.70916189 40.41844487
1365680131 -3.70912057 40.41843263
1365680136 -3.70910129 40.41858083
1365680135 -3.70896978 40.41857219
1180092882 -3.70709642 40.4106171
1180092881 -3.70723053 40.4109766
345198338 -3.71115511 40.41826944
1200524877 -3.70663449 40.41824488
26482478 -3.71568712 40.41304383
26482477 -3.71474424 40.4132755
26482476 -3.71588258 40.41381488
345198337 -3.71104438 40.41957651
25906288 -3.69931793 40.42271864
1179021848 -3.71728848 40.41441812
281814003 -3.71333239 40.41359502
1179021840 -3.71562123 40.41660647
21759690 -3.7075539 40.41155989
47216153 -3.71239378 40.41355621
26213219 -3.71001911 40.4173647
26213212 -3.70980176 40.41663488
26213210 -3.71022379 40.41668308
26213216 -3.70976991 40.4171632
26213214 -3.70968936 40.41705549
929294347 -3.69984708 40.41773434
929294345 -3.70922123 40.42155456
345198781 -3.7113577 40.41840388
21951394 -3.70512927 40.41262163
25907101 -3.70393837 40.42011337
25907102 -3.70411431 40.41918256
25907103 -3.70343646 40.42008563
25906408 -3.69915071 40.42057756
25906409 -3.69943503 40.4201324
25906406 -3.69801337 40.42127192
25906407 -3.69831923 40.42032854
25906404 -3.69720561 40.42001832
25906405 -3.69731608 40.42120654
48827301 -3.70589026 40.41809987
857042369 -3.71855599 40.41079697
343664041 -3.71604611 40.41851997
302328455 -3.71596841 40.4240346
26066576 -3.70465527 40.42320177
26066577 -3.70428069 40.42294763
26066572 -3.70739088 40.42431422
26066573 -3.7067018 40.42428278
25906743 -3.70199377 40.41715917
347279781 -3.71117237 40.41389266
343664139 -3.71515076 40.41888358
21968149 -3.69670152 40.41762512
360970391 -3.71725906 40.41058122
343664131 -3.71520071 40.41880881
1365680124 -3.70910967 40.41836013
343663489 -3.71488027 40.41545798
343664598 -3.717134 40.41599048
1365680122 -3.70944578 40.41787482
276745569 -3.71316509 40.42135943
1010999409 -3.70844633 40.41122277
343663805 -3.71517238 40.41617882
178820864 -3.71308261 40.41555739
178820863 -3.71293198 40.41511457
1215472879 -3.71541387 40.4113661
26080689 -3.71299192 40.42178992
1215472875 -3.71573028 40.41230773
1215472874 -3.71523692 40.41170767
1215472871 -3.71569634 40.41218217
1215472870 -3.71526693 40.41154757
1215472873 -3.71588702 40.41157909
1215472872 -3.71587051 40.41176642
1179022124 -3.71192767 40.41715163
48698872 -3.71132232 40.41338438
26342850 -3.71235799 40.41823273
26342851 -3.71190839 40.41825058
26342852 -3.71189833 40.41839123
26058799 -3.7021542 40.4238367
343664667 -3.71594553 40.41844848
618806071 -3.7066764 40.41180481
345198936 -3.71076451 40.41666967
1339844989 -3.71897349 40.42050171
960747239 -3.70331761 40.41444721
21947057 -3.70683792 40.41060369
345198305 -3.71135409 40.42093338
1235055785 -3.70921 40.41326259
1179022018 -3.71157093 40.41830489
1179022011 -3.71724464 40.41460764
1179021850 -3.71611258 40.4196372
292537308 -3.71271028 40.42142699
21947541 -3.70166562 40.41193213
1235011911 -3.7095156 40.4143747
27508534 -3.69954776 40.42135331
27508535 -3.69884502 40.42111652
1339844519 -3.71912303 40.42043901
1235011918 -3.70943749 40.41442994
1339845027 -3.71844233 40.42129011
1179022306 -3.71230988 40.42125792
1179022656 -3.71707533 40.41350299
1179022651 -3.71701364 40.41141346
1179022302 -3.71741823 40.4194647
390826857 -3.70536908 40.41082907
390826855 -3.70558432 40.41123367
390826852 -3.70587912 40.41362184
390826853 -3.70427566 40.41414663
390826851 -3.70581508 40.41398411
292118687 -3.71435934 40.42295434
26213514 -3.71254474 40.4135723
26213516 -3.71166296 40.41368722
26213517 -3.71166657 40.41304533
26213511 -3.71258472 40.41284802
26213513 -3.7124538 40.41365881
26080736 -3.71848223 40.42278192
1179021780 -3.71696703 40.41479589
1179021781 -3.71805911 40.41790172
1339844465 -3.7182327 40.42038403
1339845117 -3.71823002 40.42138876
1179022449 -3.71681079 40.4191741
21734272 -3.7067997 40.41467402
1179022272 -3.71768042 40.41485658
1179022271 -3.71892287 40.41524818
21734271 -3.70705384 40.4147508
1179022277 -3.7133137 40.41342126
21734277 -3.7041967 40.41603994
1179022275 -3.71102577 40.41693403
21734275 -3.70446777 40.41570634
21734278 -3.70419243 40.41569049
21968352 -3.6995548 40.4146555
292118533 -3.71543289 40.42306489
48753229 -3.70338751 40.41659951
21968163 -3.70166059 40.41670286
21734298 -3.70257774 40.41498893
1179021971 -3.71494129 40.4151331
26341190 -3.70026324 40.41500804
21734291 -3.70386603 40.4142991
21734292 -3.70356672 40.41418209
21734293 -3.70332423 40.41409902
21734294 -3.7029949 40.41449909
21734295 -3.70233047 40.41519127
21734296 -3.70229359 40.41434201
333219513 -3.70666878 40.41851201
365886540 -3.71824578 40.41131631
307734974 -3.7152593 40.41520887
345198328 -3.71124437 40.41975949
345198324 -3.71138167 40.41988874
26213193 -3.7105869 40.417762
345198320 -3.71120397 40.41983476
26213195 -3.71090356 40.41756754
26213196 -3.71186564 40.4171067
345198323 -3.71128067 40.41979327
873747003 -3.71486133 40.42052132
1179021871 -3.71198466 40.4183173
1179021872 -3.71336918 40.41618536
873747000 -3.71368267 40.4203391
1179021875 -3.71514866 40.41495473
21960513 -3.70414314 40.41819291
26213526 -3.7125413 40.41432039
307734857 -3.7150252 40.41388528
26058800 -3.70230893 40.42385522
343668835 -3.71280634 40.41443698
47216144 -3.71213327 40.41353668
21969828 -3.69954231 40.41852727
21969824 -3.69962806 40.4188949
1179021897 -3.71209329 40.4157827
21954137 -3.70845488 40.4153066
26213229 -3.70979799 40.41619014
26213226 -3.71080407 40.41663589
26213221 -3.71028381 40.41686228
929294355 -3.69646968 40.4211363
929294356 -3.69980207 40.41757969
21960421 -3.70307487 40.41840347
1215472841 -3.71573833 40.41218384
21951386 -3.706434 40.41300912
292544831 -3.71421257 40.42260372
347280801 -3.7111168 40.41471752
25906411 -3.69703353 40.41901157
25906410 -3.69711349 40.41955464
26080697 -3.71542962 40.42032854
25906419 -3.70130478 40.42004674
48827314 -3.7054736 40.4181914
48827310 -3.70514101 40.4180894
26066569 -3.7074923 40.42320211
343664055 -3.71602013 40.41866649
26066567 -3.70539188 40.4237699
347594597 -3.69986854 40.41755983
857042645 -3.71853302 40.41064098
351124684 -3.71314321 40.41554708
276745565 -3.71493518 40.41964298
255881094 -3.71672169 40.41916999
255881097 -3.71787211 40.4196227
26342848 -3.71203043 40.41843557
255881091 -3.71648918 40.41850179
255881090 -3.71667459 40.41677369
255881093 -3.71655037 40.41892817
255881092 -3.71649052 40.4187053
21954242 -3.70861891 40.41378956
255881099 -3.71871567 40.41883061
276745568 -3.71337203 40.42141014
343664274 -3.7151029 40.41889934
957841714 -3.69860664 40.41215191
343663474 -3.71488908 40.41535413
319476986 -3.71210796 40.41183524
319476987 -3.7119964 40.4118287
26342842 -3.71238314 40.4179977
315523882 -3.71826011 40.41073511
315523883 -3.71836639 40.41099797
25906640 -3.70146814 40.41961792
25906641 -3.70206887 40.41893991
25906642 -3.7021977 40.41810683
1007406248 -3.70830031 40.41129092
26342846 -3.71287507 40.4178366
873727593 -3.7144476 40.42074151
873727590 -3.71336122 40.4210752
347279873 -3.7107998 40.41363232
873727595 -3.71430922 40.41968028
873727594 -3.71469344 40.42031496
873727598 -3.71428709 40.42000743
347279879 -3.71092578 40.41382737
1215472840 -3.71574889 40.41209164
26080690 -3.71289804 40.42152832
1215472843 -3.7152526 40.41158747
1215472844 -3.71524782 40.41170809
1215472845 -3.71530197 40.41136191
1215472846 -3.71523282 40.41174304
1215472847 -3.71527062 40.4118515
1215472849 -3.71574931 40.41194563
1179022344 -3.71777706 40.41485834
48698865 -3.71340129 40.41305967
343663618 -3.71372952 40.41573333
26342849 -3.7120513 40.41821504
48708639 -3.71161284 40.41186608
26342843 -3.71207351 40.4179811
873727570 -3.71384997 40.41966226
26342841 -3.71230929 40.41869021
26342840 -3.71200788 40.41867269
26342847 -3.71233444 40.41845334
873727574 -3.71471096 40.42051872
26342845 -3.71240342 40.41780693
873727576 -3.71374738 40.41965832
48708638 -3.71154478 40.41187941
345198925 -3.71080424 40.41656112
345198922 -3.71079569 40.41676229
25906393 -3.69816634 40.41936202
1215457543 -3.71541353 40.41110157
48708635 -3.71009178 40.41260269
1175412699 -3.71526702 40.41826969
343664580 -3.71613588 40.4183976
1175412697 -3.71465841 40.41613683
343664583 -3.7163948 40.41677738
343664584 -3.7166082 40.41638728
1235055799 -3.70889593 40.41554138
343663722 -3.71366733 40.41524231
1179021837 -3.71088051 40.41467486
1179022067 -3.71839271 40.41474359
1179022065 -3.71303952 40.41967173
1179022062 -3.71337061 40.41310451
435728984 -3.69975027 40.41766058
345198850 -3.71171401 40.41578647
345198857 -3.71170161 40.41575017
21953728 -3.70555641 40.41398201
21947554 -3.70174793 40.41105522
21941676 -3.70162446 40.410399
1339845050 -3.71835063 40.42095819
1179022662 -3.71700291 40.41896757
1175412695 -3.71439228 40.41791857
48752960 -3.70820082 40.4147798
1179022666 -3.71525821 40.41528959
1179022668 -3.71658499 40.41523879
1175412692 -3.71532569 40.41797993
21947310 -3.70322013 40.4109263
21947312 -3.70339967 40.41002877
1179022465 -3.71693954 40.41266991
21968375 -3.69846281 40.41494149
21968370 -3.69870404 40.41433807
1179022684 -3.71324044 40.41350651
26213507 -3.71296543 40.41263429
26213505 -3.7127936 40.41325614
26213504 -3.71291681 40.41314701
26213503 -3.71317749 40.41308716
1179021794 -3.71732477 40.41463974
21970134 -3.69603868 40.41764138
1007414277 -3.70853911 40.41118388
1359745682 -3.71565384 40.42016702
26213509 -3.71251658 40.41287594
21734264 -3.70560151 40.41479682
21734267 -3.70752599 40.41430463
1179022205 -3.71575618 40.41669557
1179022202 -3.71783531 40.41653036
21734263 -3.70559346 40.41499907
21734262 -3.70585079 40.41490779
21734269 -3.7072001 40.41434084
48842577 -3.70484688 40.42025746
21968192 -3.70083707 40.41622987
21968197 -3.70054412 40.41645258
292118548 -3.71463351 40.42270321
21734289 -3.70407516 40.4143685
21968203 -3.70040431 40.41645484
21734283 -3.70367828 40.41608394
21968209 -3.70026827 40.41512782
21734281 -3.70441061 40.41483931
21734280 -3.7041874 40.41529822
21734287 -3.70334686 40.41458492
21734286 -3.70321082 40.41509789
21734285 -3.70324007 40.41583701
21734284 -3.7032503 40.41613482
1187929655 -3.70364282 40.41434822
26482457 -3.71818233 40.41101297
345198687 -3.70867507 40.41631604
26213187 -3.7099844 40.41789929
26482458 -3.71832859 40.41102806
873747014 -3.71352601 40.42140293
510827512 -3.7072333 40.41514777
873747017 -3.71414778 40.42098886
1179021862 -3.71741513 40.41427169
1179021861 -3.71716242 40.41374841
21960500 -3.70428731 40.41832233
873747018 -3.71451407 40.42075484
1179021868 -3.71899353 40.41620908
27717686 -3.70814206 40.41626977
1179022242 -3.71814343 40.41421578
347617905 -3.70481847 40.41392149
47216175 -3.7127848 40.41358362
1179021888 -3.71643411 40.41368999
1179021882 -3.71437669 40.42280162
26213231 -3.70960479 40.41613499
26213233 -3.70794224 40.41388696
26213236 -3.70816344 40.41394731
26213238 -3.70794106 40.41362846
302330235 -3.71365777 40.42317671
302330234 -3.71368443 40.42324418
345198597 -3.7067158 40.41844227
21734231 -3.70668353 40.41571346
21960432 -3.70258939 40.41806308
351959168 -3.70341609 40.41413129
26494638 -3.69726076 40.41007957
21990657 -3.7078176 40.41041669
26494637 -3.69753803 40.41027872
25906269 -3.69555119 40.42252149
292118715 -3.71295923 40.42136856
21947380 -3.70498368 40.41208418
307733308 -3.71602046 40.41848863
307733305 -3.71595601 40.41869633
1187761553 -3.69637471 40.42026198
307733306 -3.71571897 40.41861611
26066665 -3.7076218 40.42261009
26066554 -3.70731561 40.42556589
1187760174 -3.69664628 40.4202676
343664068 -3.71498807 40.41957542
834140096 -3.70575858 40.42174458
845674260 -3.70379361 40.41433179
255881086 -3.71793506 40.41886489
255881087 -3.71775552 40.41866314
255881085 -3.71815182 40.41880412
343664115 -3.71571117 40.41855912
255881088 -3.71818174 40.41872097
255881089 -3.717148 40.41788999
343663464 -3.714789 40.41535027
370152071 -3.70818833 40.42282056
1179022245 -3.71586892 40.41518867
1007406250 -3.70837659 40.41131556
167302840 -3.69714668 40.41614488
178820843 -3.71281539 40.41552277
178820846 -3.71288513 40.41605628
873727584 -3.71406622 40.42085383
873727583 -3.71454223 40.42083086
618806073 -3.70687338 40.41160373
1215472857 -3.71529644 40.41144758
1215472856 -3.71540297 40.41213439
1215472855 -3.71536466 40.41193532
1215472853 -3.71547003 40.41210321
1215472852 -3.7152464 40.41172971
343664487 -3.71306869 40.41992369
1215472859 -3.71604636 40.41361262
1215472858 -3.71526668 40.41155201
873727569 -3.71314053 40.42122557
26342878 -3.7141285 40.41567918
26342879 -3.71414988 40.4154273
26342876 -3.71369993 40.41609802
26342877 -3.71373623 40.4156599
26342875 -3.71529727 40.41618461
345198916 -3.71063031 40.41666682
873727565 -3.71474591 40.4205468
48752933 -3.7074959 40.41411428
26080750 -3.71895908 40.42334527
954709332 -3.71620554 40.42206711
343664241 -3.71506283 40.41888358
622204636 -3.70269324 40.4107642
1132727501 -3.69820867 40.41665827
343663736 -3.7137794 40.4152476
26213602 -3.7099067 40.41534424
26213603 -3.70975717 40.41508163
25906278 -3.69673127 40.422738
25906275 -3.6981422 40.42320353
345198864 -3.71171192 40.41573257
25906271 -3.69645098 40.42372983
25906270 -3.69566267 40.42191993
25906273 -3.6975258 40.4229732
1364770753 -3.71588644 40.42309239
1364770757 -3.71565954 40.42318517
1364770754 -3.71543541 40.42315844
21947442 -3.70363218 40.41121414
26342839 -3.7119912 40.41884863
1235011970 -3.71381829 40.41443078
1339845040 -3.71838567 40.4204598
1179022677 -3.71332962 40.41347197
1179022676 -3.71099459 40.41477863
1179022674 -3.71844468 40.4198325
1179022672 -3.71699159 40.41268977
1179022671 -3.71441617 40.42276046
318896322 -3.71833353 40.42136798
318896321 -3.71900467 40.42191003
370152501 -3.70566068 40.42075149
1179022679 -3.71761177 40.41470034
26342832 -3.71298806 40.41871351
1179022475 -3.71611032 40.41235743
343664350 -3.71519711 40.42034773
21960415 -3.70347837 40.4176988
21947369 -3.70536388 40.41200531
1179022698 -3.71446864 40.42279759
26213538 -3.70879803 40.41556158
26213539 -3.70884891 40.41584237
1179022691 -3.71614552 40.41441217
26213533 -3.70835278 40.41381697
26213530 -3.70915468 40.41456531
26213531 -3.70898931 40.41433422
26213536 -3.70933053 40.41515238
26213534 -3.7082087 40.41381898
26213535 -3.70860181 40.41391093
339244666 -3.70046793 40.41647051
26342835 -3.71280349 40.41848058
339244668 -3.70064646 40.41648527
48752963 -3.70806109 40.4147938
1179022213 -3.71660636 40.41442969
1179022218 -3.71432514 40.41301281
344926629 -3.70651153 40.41854193
21967746 -3.69977826 40.41749814
21968213 -3.6995745 40.41515162
510827508 -3.7077741 40.41549411
510827501 -3.70735349 40.41505632
345198698 -3.70868278 40.41597297
26080806 -3.71620118 40.42401582
510827506 -3.70760244 40.41520661
347278074 -3.70746103 40.41356493
347278077 -3.70783864 40.41219256
347278076 -3.7075063 40.41271827
347278071 -3.70865503 40.41378537
347278073 -3.70784719 40.41356493
390826877 -3.70727688 40.41405049
347278079 -3.70880448 40.41078432
347278078 -3.70769338 40.41129402
390826873 -3.70743807 40.41371471
26482330 -3.71536039 40.4144312
26482333 -3.71519468 40.41443162
26482336 -3.71517213 40.4148109
47216165 -3.71277717 40.41370063
26482339 -3.71509393 40.4150559
26067848 -3.71088571 40.4196657
350307490 -3.71872891 40.41162041
347280798 -3.71115913 40.41459599
347280797 -3.71088563 40.41461233
347280796 -3.71088512 40.41449373
347280795 -3.71099644 40.4146902
26213241 -3.7081165 40.41368638
26213243 -3.70859636 40.41296638
345198582 -3.70610668 40.4181013
26213248 -3.70999421 40.41264627
1364770805 -3.71556918 40.42390342
929294330 -3.6956625 40.42022108
307734986 -3.71599289 40.4152771
730702113 -3.7100663 40.41408704
307734984 -3.71600127 40.41492171
21947257 -3.7043433 40.4111465
730702116 -3.71021767 40.41409852
26067841 -3.71103038 40.42075073
730702114 -3.71037911 40.41410808
21951362 -3.70741787 40.41334063
26472382 -3.71313072 40.41082019
26472383 -3.71039361 40.41065523
26472381 -3.71192071 40.41014469
26472384 -3.70974049 40.41078893
1209330584 -3.69844521 40.41660622
551479454 -3.7036378 40.41383198
960747254 -3.71251658 40.42241991
292118733 -3.71310666 40.42218739
26342895 -3.71537531 40.4166457
1179022683 -3.71892421 40.4193953
910343139 -3.70007624 40.41769654
1179022686 -3.71709896 40.41873656
292545215 -3.71609942 40.42401087
319482606 -3.71372466 40.41018434
319482607 -3.7136903 40.41039338
315268532 -3.71623328 40.42029291
292118739 -3.71325259 40.42206317
343664327 -3.71483677 40.41956486
343664106 -3.7154246 40.41856431
351124060 -3.7128879 40.41715859
343663456 -3.71436001 40.41533418
1175412836 -3.71520063 40.41803877
1007406268 -3.70842378 40.41120023
318915599 -3.71673209 40.41407757
1007406260 -3.70831398 40.41119914
1007406264 -3.70828388 40.41126468
292540744 -3.71306651 40.42137292
178820859 -3.71325301 40.4156283
178820850 -3.71268229 40.41609501
178820852 -3.71328159 40.4156656
307732686 -3.7162275 40.41529831
307732685 -3.71624309 40.415245
1284089786 -3.71818937 40.41081944
26080723 -3.71600638 40.42123177
1175412784 -3.71530557 40.41801949
343664496 -3.71315469 40.41993761
21953989 -3.70823468 40.41373148
1175412789 -3.71465514 40.41617807
1215472863 -3.71585886 40.41194588
26342865 -3.71588862 40.41844068
885681385 -3.70905552 40.42158691
873727557 -3.71328788 40.42026986
1175412747 -3.71415817 40.41788639
873727552 -3.71322602 40.42119212
873727551 -3.71471398 40.42001078
873727550 -3.71369231 40.42028571
21953859 -3.7077948 40.41351707
21963993 -3.70611901 40.41961834
26080745 -3.71672387 40.42246659
307735247 -3.71668079 40.41533921
21734274 -3.70672611 40.41508633
343664451 -3.7133033 40.421343
343663701 -3.7136369 40.41573467
1175412659 -3.7145481 40.41613163
307735060 -3.716012 40.41473898
1179022049 -3.71846253 40.41914853
1175412655 -3.7141565 40.41790231
345198871 -3.7120865 40.4156252
25906282 -3.69756276 40.42244799
25581211 -3.70854247 40.41113728
25906284 -3.69769159 40.42216619
25906285 -3.69727308 40.4220682
25906287 -3.69863573 40.42246441
345198878 -3.71220972 40.41563383
21734266 -3.70640407 40.41437118
25581214 -3.70885008 40.41077032
26213598 -3.71049226 40.4149658
343663631 -3.71365149 40.41535287
1339845076 -3.7184803 40.42098342
1339845078 -3.71817746 40.4205758
1365680104 -3.70945039 40.41754583
26213596 -3.71279067 40.41715372
21947483 -3.70234992 40.4114889
1215472880 -3.71530339 40.41144791
1215472881 -3.71589901 40.41139301
1215472882 -3.71528613 40.41174497
1215472883 -3.71535402 40.4119349
1179022195 -3.71598501 40.41868158
1179022442 -3.71705672 40.41197429
1179022191 -3.71116466 40.41693194
1179022448 -3.71710852 40.41369921
1364770714 -3.71622691 40.42266692
344926706 -3.70684127 40.41862441
333219515 -3.70666878 40.41842048
26213529 -3.71245262 40.41496026
26213528 -3.71237031 40.41451921
333219510 -3.70672887 40.41857731
26213525 -3.71195298 40.41414303
26213524 -3.71444693 40.41267661
26213527 -3.71261129 40.41447931
21968359 -3.69953083 40.41422173
343668834 -3.71313332 40.41419667
26213520 -3.71192741 40.41289153
26213522 -3.71231097 40.41265641
26342833 -3.71308722 40.41785001
1179022220 -3.7172863 40.41484962
1179022226 -3.7163715 40.41991422
351124078 -3.71310163 40.41628192
318914593 -3.71690568 40.41038928
318914594 -3.71711598 40.41121556
318914596 -3.71822432 40.41119243
344926633 -3.7070753 40.41824723
21968226 -3.69897679 40.41517702
21968221 -3.69964021 40.4165861
1187929637 -3.70373251 40.41443237
534950139 -3.70311929 40.41842291
1359745684 -3.71543876 40.42024547
315269890 -3.71811301 40.42114393
26080813 -3.71648826 40.42479291
26080812 -3.71635599 40.42461353
26080815 -3.71848868 40.42533957
347278066 -3.71365803 40.41387908
21734288 -3.70392848 40.41471358
347278069 -3.71013888 40.41345378
26482321 -3.71589457 40.41514031
347280274 -3.71003453 40.4135433
26482326 -3.7153469 40.41482548
26482324 -3.71534488 40.41511307
26482328 -3.71591343 40.41446632
26213257 -3.708879 40.41353056
1187929743 -3.70344769 40.4142385
26213255 -3.70932852 40.41338388
26213253 -3.70986572 40.41321079
26213251 -3.71021114 40.41310309
556353736 -3.69653271 40.42659267
26341187 -3.70153779 40.4134511
26213259 -3.70946481 40.41369149
26341186 -3.70025997 40.41236238
266220458 -3.69787272 40.42049794
266220457 -3.69849072 40.42010591
350307603 -3.71849782 40.41210773
26068219 -3.71126013 40.42326304
26068218 -3.71223838 40.42280547
292544862 -3.71584201 40.42404549
301433960 -3.71328964 40.41611998
292544860 -3.71493392 40.42289658
1235055758 -3.70846938 40.41651293
48753294 -3.70471168 40.41677067
351124108 -3.71338251 40.41553744
1187760285 -3.69566711 40.42033868
178820998 -3.71108989 40.41671116
48753121 -3.70229828 40.41699958
297216442 -3.71484071 40.41889473
297216443 -3.71491858 40.41815067
25907098 -3.70484647 40.42017892
297216441 -3.71492101 40.41889959
297216444 -3.71497801 40.41815427
25907096 -3.70489039 40.41978447
344926649 -3.70687572 40.41851067
25907094 -3.70473046 40.41958557
351124077 -3.71299049 40.41604337
622103522 -3.71020594 40.41350801
622103523 -3.71047558 40.41401252
622103520 -3.70995037 40.41331842
26472154 -3.70906449 40.41048357
26472153 -3.70917211 40.41034728
48827295 -3.70574383 40.41773149
370152059 -3.70537201 40.42140159
1007406279 -3.70845353 40.4112413
1007406276 -3.70843283 40.4112936
1007406274 -3.70835387 40.41118547
1007406273 -3.70845177 40.41126602
167302863 -3.69820272 40.41654671
343664391 -3.7132598 40.42130218
21946996 -3.70643031 40.4101452
873727540 -3.71473393 40.41969637
26342815 -3.71191241 40.41718398
26342816 -3.71313449 40.41724701
26342811 -3.7117648 40.41776669
873727546 -3.7133624 40.42130243
26342813 -3.71156942 40.41949982
873727549 -3.71468816 40.42049349
26342818 -3.71315226 40.41709061
26342819 -3.71362014 40.41516813
21947013 -3.70662687 40.41039707
26066598 -3.70460683 40.42184239
26066599 -3.70404918 40.42234053
26066596 -3.70356739 40.42133923
26066597 -3.70425923 40.42167777
26066594 -3.70383368 40.42100437
26066595 -3.7036787 40.42098258
26066592 -3.7046966 40.42092977
26066593 -3.70465712 40.42112197
26066590 -3.70499818 40.42146244
26066591 -3.70491687 40.42088702
343663448 -3.71425641 40.41533024
343663441 -3.71424778 40.41543141
551573502 -3.7069178 40.41830372
26487786 -3.69671116 40.4116536
307735059 -3.71601409 40.41434361
26487785 -3.69561824 40.41183583
347617892 -3.70474454 40.41349511
26487788 -3.69562503 40.41161236
343664538 -3.71319233 40.41979947
343664530 -3.71322904 40.41979989
1175412643 -3.71538101 40.41740552
345198804 -3.71159926 40.41594681
345198807 -3.71159591 40.41605217
25906290 -3.70063397 40.42360066
345198800 -3.71190554 40.41666137
942080453 -3.70574811 40.41479908
21947163 -3.70505593 40.4113791
1200524897 -3.70685293 40.41858602
1175412795 -3.71570723 40.42018537
21969744 -3.69962261 40.41977013
21961284 -3.70591323 40.41741163
21956107 -3.70749557 40.41279287
1179022451 -3.71342668 40.41617899
1179022450 -3.71239311 40.41834261
1179022457 -3.71327263 40.41444888
21947345 -3.70450272 40.41155797
1179022189 -3.71569617 40.41590507
21968344 -3.70019493 40.41455642
26310569 -3.69654327 40.41276303
26310563 -3.69712346 40.41236162
26310566 -3.69660337 40.41242826
807733513 -3.71536073 40.41101943
807733511 -3.71580203 40.41084089
21960737 -3.70374902 40.41882717
1179022231 -3.71702537 40.41117793
26213330 -3.70690188 40.41776527
21941647 -3.70090479 40.41047301
21968232 -3.69882256 40.41656749
1359745698 -3.71806112 40.42112851
1339844330 -3.71835382 40.42131567
510827529 -3.70793712 40.41606919
21964093 -3.7055233 40.42021832
292118483 -3.71537296 40.42276013
1339845241 -3.71897668 40.42055476
614120044 -3.69916789 40.41232072
582502559 -3.71784873 40.41884016
614120043 -3.69861536 40.4120613
344926731 -3.70590988 40.41807883
582502553 -3.71777681 40.41862139
26482317 -3.71652011 40.41527157
26482314 -3.7160804 40.41519236
47216184 -3.71235439 40.41343492
1284090414 -3.71826648 40.41131724
26482319 -3.71590446 40.41481283
26213268 -3.71166347 40.41383022
47216215 -3.71190713 40.41349293
26213266 -3.71044482 40.41352008
26213264 -3.71012589 40.41350391
26342814 -3.71289058 40.41956319
873727542 -3.71441667 40.41968464
1339845332 -3.71826673 40.42101149
21960390 -3.70422143 40.41735464
25896238 -3.71688212 40.4139059
21960525 -3.70456643 40.41787784
26472360 -3.71030191 40.41023731
26472361 -3.71032614 40.41032197
26472362 -3.71046469 40.41088079
26472364 -3.71131553 40.41102186
26472365 -3.71115519 40.41141053
26472366 -3.71156381 40.41051928
26472367 -3.71177562 40.41032029
26472368 -3.71242991 40.41102337
21954198 -3.70844683 40.41435903
1179021969 -3.71115058 40.4169073
26310491 -3.7003075 40.41154522
302331088 -3.71310532 40.41956344
347279454 -3.71130623 40.41415853
301433959 -3.71352542 40.41518959
292535585 -3.71298647 40.41960627
345532023 -3.71125041 40.41463236
345532024 -3.71112837 40.41494694
1179022729 -3.71114102 40.41666036
178820989 -3.71085369 40.41695298
178820985 -3.71122442 40.41681568
178820981 -3.71120808 40.41679942
1367876686 -3.69857672 40.41226724
26068228 -3.7132085 40.4230343
622103519 -3.71018373 40.41341187
622103518 -3.71170236 40.41400263
26068222 -3.7129454 40.42272182
26068223 -3.71242471 40.4230167
48827287 -3.70527461 40.41756913
26068221 -3.71309719 40.42287856
26068226 -3.71251323 40.42343948
26068224 -3.71222061 40.42313882
873727621 -3.71382508 40.41997013
339239319 -3.69675759 40.41675089
26480848 -3.7115835 40.41206541
26480849 -3.71174033 40.41245122
26480840 -3.71399322 40.4106285
343663548 -3.71459051 40.41522413
26480842 -3.71280349 40.41157406
26480845 -3.71336147 40.41200271
26480846 -3.71281154 40.41236112
26480847 -3.71222866 40.41189249
26342807 -3.71160672 40.41815829
26342806 -3.71158417 40.41844001
873727537 -3.71403513 40.42039836
26342804 -3.71161586 40.41894158
26342803 -3.71135837 40.41879431
873727533 -3.71379926 40.4202899
1339844938 -3.71849572 40.42125164
873727538 -3.7131826 40.42045678
26342809 -3.71184041 40.41765052
26342808 -3.71175307 40.41797163
26066581 -3.70373067 40.42256751
318919214 -3.7168056 40.41471568
25906112 -3.69716051 40.42591918
26066582 -3.70316581 40.42295249
26066585 -3.70577937 40.42213987
318919210 -3.7174997 40.41455072
26066587 -3.70572749 40.42177014
318919212 -3.71721757 40.41454326
26066589 -3.70530454 40.42126002
26066588 -3.70579831 40.42171499
26067853 -3.71080307 40.42270422
26067854 -3.71090926 40.42330671
26067855 -3.7108293 40.42333663
26067856 -3.71075277 40.42337704
960747263 -3.7120482 40.42254253
21944079 -3.70443399 40.41033538
623922413 -3.70133864 40.41482833
623922410 -3.70039576 40.41452273
343663763 -3.7138441 40.41607028
1339844686 -3.71823538 40.42049307
343663713 -3.71367026 40.4151683
26213499 -3.71351109 40.41504467
343664522 -3.71320146 40.42009711
292540574 -3.71269738 40.42097813
1175412676 -3.71435791 40.41616508
1175412671 -3.71333197 40.41565177
1175412672 -3.71587437 40.41443304
345198810 -3.71222631 40.41575906
345198811 -3.71207183 40.41578337
21943102 -3.70266197 40.41022759
990465788 -3.70902929 40.41053068
990465785 -3.70943732 40.4107124
1215457457 -3.71544287 40.41114717
21969758 -3.69969252 40.41927057
674906477 -3.71907156 40.42345432
307733307 -3.71573464 40.41850598
21947356 -3.70420106 40.41123627
1179022420 -3.71882949 40.4186561
26487791 -3.6956252 40.4112584
21968406 -3.69697921 40.41542839
730706129 -3.711669 40.41386039
21968400 -3.6969689 40.41608721
26310557 -3.69759034 40.4123027
26310554 -3.69742479 40.41295607
26310550 -3.69706764 40.41287837
807733509 -3.71592307 40.41105513
1179022608 -3.71699922 40.41105731
807733506 -3.7155199 40.41126552
26310489 -3.70023541 40.41180917
26310487 -3.70021044 40.41195426
21941630 -3.70095416 40.41021778
1179022081 -3.71505261 40.41380733
1179022083 -3.71207326 40.41562344
307734710 -3.71382759 40.41433757
292118747 -3.71293257 40.42187617
292118744 -3.71301027 40.42183736
25906291 -3.70068678 40.42304821
21734246 -3.70738451 40.41685281
365886539 -3.71827821 40.41104172
318918132 -3.71324547 40.41428368
318918131 -3.71315872 40.41423221
318917428 -3.71392641 40.4137272
582502544 -3.71791427 40.41854126
582502542 -3.71807981 40.41856088
1284090426 -3.71739107 40.41302681
26213278 -3.71221969 40.41500393
26213277 -3.71083634 40.41447579
26213276 -3.71037718 40.4143058
26213270 -3.71194594 40.41388931
26213273 -3.7100642 40.4136687
26213272 -3.70994786 40.41418008
556353718 -3.70284126 40.41412509
21734301 -3.70168892 40.41564347
21968391 -3.69769042 40.41629391
1255433814 -3.69665131 40.42003098
345198713 -3.70954503 40.41619123
1179021994 -3.71452253 40.42274328
1179021993 -3.71875297 40.4192399
1179021992 -3.71115619 40.41684753
21947088 -3.70727051 40.41105086
26472372 -3.71144537 40.41005358
48708679 -3.71123163 40.41195049
1179021978 -3.71117891 40.41479229
1359745712 -3.71819657 40.42135649
1359745710 -3.71790438 40.42123093
1359745711 -3.7181032 40.42125491
307734973 -3.71526752 40.41488902
1179021974 -3.71822306 40.41640631
1179021976 -3.718701 40.41991397
857042479 -3.71714398 40.41364498
1011021808 -3.70836779 40.41290603
857042470 -3.71856001 40.410745
26482309 -3.71610093 40.41443447
26482302 -3.71680124 40.41484107
26482305 -3.71662438 40.41483906
910343147 -3.7127615 40.4219221
345532036 -3.71139097 40.41537408
21951248 -3.70728409 40.41072522
345532038 -3.71157906 40.41474091
26528018 -3.71701967 40.41403348
26528017 -3.71696628 40.41475172
807730448 -3.71549986 40.41227722
807730440 -3.71591619 40.41125932
807730441 -3.71597118 40.41104441
807730442 -3.71569231 40.41052967
807730443 -3.71587998 40.41019272
48827271 -3.70536338 40.41734927
622103506 -3.70906918 40.41288264
21951334 -3.70752524 40.41268122
255881080 -3.71777262 40.41877126
167302880 -3.69638737 40.416022
26066663 -3.70775188 40.4216253
26066664 -3.70773839 40.42218697
167302887 -3.69613951 40.41659901
184049174 -3.70712467 40.41913269
184049172 -3.70705929 40.41974038
302329564 -3.71318269 40.42229602
343664023 -3.71561436 40.41592779
339239255 -3.69599082 40.41682448
302328965 -3.71311806 40.42241823
302328960 -3.71184368 40.42424314
302328963 -3.7111142 40.4233741
26342838 -3.71229043 40.41886548
26480858 -3.71073274 40.4120297
26480853 -3.7114385 40.411319
26480852 -3.71156942 40.41154497
26342830 -3.71285437 40.41802301
26342831 -3.71276988 40.41871703
26342836 -3.71282813 40.41825988
26342837 -3.71275789 40.4188918
26342834 -3.71296627 40.41890353
343664604 -3.71815894 40.41587146
873727526 -3.71333038 40.41964189
873727527 -3.71437401 40.42031253
873727523 -3.71339483 40.42045938
343668684 -3.71285118 40.41706387
318917693 -3.71499343 40.41423707
619886888 -3.6995652 40.41233262
26080718 -3.71641592 40.42192101
26080719 -3.71664223 40.4218833
26080715 -3.7181804 40.42038503
26080716 -3.71380664 40.42147937
26080717 -3.71568217 40.42249568
26067845 -3.71191618 40.42063263
318919209 -3.7179711 40.41448568
1175412808 -3.71323114 40.41619936
1175412801 -3.71547279 40.41856708
623922429 -3.7004893 40.41453907
1175412663 -3.7154116 40.41829383
1175412666 -3.71544069 40.41933671
26342908 -3.71428382 40.41908567
26342909 -3.71395349 40.41906564
26342906 -3.71463552 40.41906337
26342907 -3.71428826 40.41904242
26342904 -3.71489763 40.41912263
26342905 -3.714631 40.41910654
26342902 -3.71366892 40.41781623
343664512 -3.71316442 40.42009242
26342900 -3.71383513 40.41788278
26342901 -3.713841 40.41782662
1364770716 -3.71533164 40.42279826
942080479 -3.70218454 40.42010826
1364770715 -3.7152925 40.42277262
26342812 -3.71166917 40.41883547
927878140 -3.71210293 40.417159
1179022431 -3.71864048 40.41864797
1179022430 -3.71107212 40.41698206
1179022432 -3.71721757 40.41444679
26310541 -3.69772076 40.41373081
26310543 -3.69688986 40.4136982
26310542 -3.69697703 40.4136977
26310545 -3.69703638 40.41327592
26310544 -3.69694392 40.41326092
26067815 -3.70838732 40.42026676
21947432 -3.70337167 40.41128363
26067817 -3.70950974 40.41962421
26340399 -3.698524 40.41205694
343667702 -3.71322267 40.42011689
343667701 -3.71323692 40.41996384
343667706 -3.7131386 40.42011044
26310499 -3.69946378 40.41111523
26310495 -3.70068108 40.41077359
26310493 -3.70036818 40.41121506
26340397 -3.69819157 40.41199802
26340396 -3.70451052 40.41237017
1179022093 -3.71795023 40.41464376
1179022091 -3.71613689 40.42248243
1179022722 -3.71599968 40.41250738
1179022725 -3.71807403 40.41466371
1258876333 -3.70702978 40.41633414
1258876332 -3.70886953 40.41592938
1258876336 -3.70613921 40.41582393
318914100 -3.71680602 40.41038483
292118751 -3.71289376 40.42197441
1187929605 -3.70873617 40.41372511
345198384 -3.71157093 40.4186545
510827540 -3.70482761 40.41457964
21968411 -3.69692641 40.41431871
318917676 -3.71515101 40.41438853
21968417 -3.69768304 40.41432852
26213280 -3.71223746 40.41522748
26213281 -3.71103038 40.41543686
26213282 -3.71064096 40.41550467
26213283 -3.71049143 40.41553074
26213284 -3.71029278 40.41556527
26213286 -3.70857583 40.41777968
26213287 -3.70878328 40.41781958
26213289 -3.70846686 40.4183551
1187929774 -3.70336781 40.41448308
21968380 -3.69882113 40.41482431
21968384 -3.69787373 40.41512748
21960445 -3.70249551 40.41823289
307734708 -3.71503241 40.41434419
301433935 -3.71326584 40.41710863
301433934 -3.7134867 40.41612443
301433933 -3.71334412 40.41646473
1359745708 -3.71800211 40.42121643
1179021948 -3.71720491 40.4144773
343664606 -3.7188719 40.41607061
1179021940 -3.71898841 40.41796048
1359745706 -3.71786951 40.42120436
1215472851 -3.71524438 40.41154673
21954040 -3.70846871 40.41454108
318918303 -3.71530264 40.41388864
26482378 -3.71607159 40.41250428
26482379 -3.7161964 40.41261752
1175412631 -3.71555963 40.419344
26482374 -3.71642531 40.41250227
845674258 -3.70356831 40.41425216
26482376 -3.71586263 40.41243706
26482377 -3.71555234 40.41239121
26482372 -3.71661592 40.41271458
26482373 -3.7165564 40.41259942
255881077 -3.71817059 40.41862793
255881076 -3.7182648 40.41602611
255881075 -3.71798937 40.41853741
1132727600 -3.69710142 40.41623062
255881078 -3.71782417 40.41857689
622103571 -3.70227087 40.41063378
622103570 -3.7021169 40.41032046
430957964 -3.71660133 40.42228362
873727607 -3.7133738 40.42027322
873727603 -3.71412791 40.42090731
318918836 -3.71859136 40.41474753
315523796 -3.71837083 40.41071709
318918835 -3.7186756 40.41472716
318918833 -3.71888951 40.41476111
347279892 -3.7107117 40.41401931
1209330764 -3.69685801 40.41546561
873727567 -3.71439446 40.42001078
318918304 -3.71519937 40.4134594
873727519 -3.71394083 40.42092751
873727518 -3.71372047 40.41996476
26342828 -3.71306601 40.41803458
26480868 -3.71049226 40.41179542
26480866 -3.71059528 40.41166048
26480867 -3.71040191 40.41164908
26480864 -3.71011323 40.41236472
26480865 -3.71062302 40.411506
26342821 -3.71492386 40.41790038
26342820 -3.71540289 40.41629416
26480860 -3.71458506 40.4125974
873727514 -3.7142668 40.42030834
318915200 -3.71564579 40.41038131
318918305 -3.71564672 40.41337667
48708697 -3.71088512 40.41191914
48708691 -3.71110029 40.41206608
48708693 -3.71076166 40.41206247
534586126 -3.7032995 40.41931458
534586124 -3.70299214 40.4192031
343664291 -3.71504012 40.41949269
26067874 -3.71325033 40.42224137
21943059 -3.70251353 40.41026598
960747240 -3.71173832 40.42284512
26067873 -3.71404946 40.42295408
960747242 -3.70328567 40.41487762
26067871 -3.71195533 40.42423006
319476929 -3.71214233 40.41190062
26342911 -3.71362098 40.41899984
26342910 -3.71395818 40.41902029
26342913 -3.71337773 40.41902884
26342912 -3.71361637 40.41904334
343664504 -3.71317808 40.41993719
26342914 -3.71339936 40.41882189
26342916 -3.713509 40.41784246
21947287 -3.70393502 40.41080711
292543226 -3.70825128 40.42007867
1339845152 -3.71821468 40.42123931
307735395 -3.715667 40.41672826
1364770705 -3.71656076 40.42253474
347602936 -3.70689484 40.41593022
21953783 -3.70742164 40.4136024
48753418 -3.70466818 40.41656422
307735397 -3.71555091 40.4177962
276744096 -3.71131403 40.42124652
26487805 -3.69574598 40.41067686
26487804 -3.69562176 40.4106233
26487807 -3.69672289 40.41115572
26487806 -3.69604002 40.41031778
276744094 -3.71211089 40.42075073
1179022397 -3.71118989 40.41688383
1179022400 -3.71799507 40.41421377
1179022403 -3.71330087 40.41378428
1179022156 -3.71204937 40.41571296
622204637 -3.7023034 40.41083042
343663747 -3.71377562 40.41535086
324348173 -3.70341961 40.4119489
26310536 -3.69943067 40.41027168
26310537 -3.69958841 40.41017252
26310530 -3.69809099 40.4106673
26310531 -3.6979956 40.41059162
26310532 -3.69721902 40.4113967
26310533 -3.69751532 40.41107927
26310538 -3.70037179 40.41020001
25906403 -3.69740878 40.4200568
26213543 -3.70943573 40.41778463
582754411 -3.70596562 40.42034161
343667710 -3.71324287 40.41991782
343667711 -3.71325402 40.41978656
343667712 -3.71316953 40.41978254
1179022710 -3.71335041 40.41340458
1179022712 -3.71276351 40.42209687
1258876347 -3.70701344 40.41625963
1258876345 -3.70769631 40.41617572
26213304 -3.70903289 40.41857437
318920602 -3.71310943 40.41398503
318920600 -3.7127506 40.41443162
1179022579 -3.71605022 40.41876833
347280050 -3.71048371 40.41393423
1179022570 -3.71108629 40.41670353
1179022573 -3.713049 40.41551724
26080858 -3.71839053 40.42282819
26341678 -3.69686857 40.41873623
582502560 -3.71801041 40.41886313
315268598 -3.71656001 40.42037204
1179022372 -3.71331009 40.41353299
1179022373 -3.71725386 40.41709086
26341675 -3.69963141 40.41969436
1179022375 -3.71725646 40.41112722
307734357 -3.71669211 40.41494953
21964022 -3.70569304 40.41955204
26213306 -3.70822362 40.41882482
26213293 -3.70927161 40.41971574
26213292 -3.70850919 40.41777256
26213290 -3.70818238 40.41831168
26213296 -3.70920388 40.41917066
315269888 -3.71806003 40.42046583
1011021811 -3.70833577 40.41296294
315269886 -3.71811116 40.42031647
26213298 -3.70968567 40.41851469
1011021815 -3.70829269 40.41299739
1215472828 -3.71589122 40.41194714
1187929701 -3.70354794 40.41429482
345198287 -3.71141729 40.42094821
345198286 -3.71158661 40.42084922
345198285 -3.71179381 40.42201942
345198284 -3.71115133 40.42229929
21960641 -3.70491662 40.41890663
1339845365 -3.71831208 40.42134317
345198289 -3.71144939 40.42109624
178821153 -3.70678042 40.41681342
1339845166 -3.7183337 40.42088828
318918834 -3.71877828 40.41470872
315523797 -3.71811443 40.4109087
857042582 -3.71714104 40.41359502
345198519 -3.70853082 40.41825603
1179021953 -3.71187587 40.41762973
557283217 -3.71347371 40.4151963
1179021956 -3.71720558 40.4108647
1179021954 -3.71848131 40.41763384
582502557 -3.71775091 40.4187203
1179022241 -3.71218424 40.41493872
26482369 -3.71605139 40.41366518
26482368 -3.7162171 40.41380708
26482367 -3.71535553 40.41238518
26482366 -3.71517917 40.41206448
26482365 -3.71486837 40.41201537
26482364 -3.71467282 40.41266639
26482363 -3.71450703 40.41275532
26482362 -3.71385927 40.41321482
345198357 -3.7115219 40.4195227
25906276 -3.6987664 40.42346152
21759675 -3.7088334 40.41793223
25907052 -3.7030576 40.41962094
25907053 -3.7030229 40.42005562
26482311 -3.71608509 40.41482138
26310573 -3.69886279 40.41393759
21759678 -3.7034984 40.41662164
622103560 -3.70901847 40.41589652
276741058 -3.71269922 40.42177986
343664197 -3.71330557 40.41948892
281814004 -3.71343758 40.41359569
26066642 -3.70794174 40.42148817
26066643 -3.70696793 40.42086473
26066640 -3.71019043 40.42291058
25906638 -3.70157543 40.419818
26066648 -3.70634238 40.42216719
25906378 -3.69556192 40.41900931
857042637 -3.71851802 40.41059799
26480871 -3.70847499 40.41251719
26480870 -3.70874841 40.41271802
26480872 -3.70787149 40.41212517
26480874 -3.71373967 40.41301893
343664377 -3.71328419 40.42146546
1339844907 -3.7182736 40.42055963
26067861 -3.71096643 40.42336337
26067863 -3.71287298 40.42231689
26067862 -3.71277281 40.4222345
26067865 -3.71337958 40.42175061
26080737 -3.71596732 40.42410869
26080735 -3.71775644 40.42242502
26067869 -3.71116458 40.42340989
873727619 -3.71337287 40.4203733
873727610 -3.71319367 40.42036693
1175412861 -3.71332392 40.41909061
323767931 -3.70042443 40.4219781
323767933 -3.70090219 40.42207373
1365680115 -3.70905209 40.41778907
430957970 -3.71630729 40.42237146
1364770738 -3.71683996 40.42286398
307733147 -3.71514171 40.41898307
1365680116 -3.70946841 40.41779058
25906011 -3.71080952 40.42360326
1365680119 -3.70929592 40.41780609
351959289 -3.70339682 40.41426197
351959288 -3.70352992 40.41417077
1364770821 -3.71569307 40.42400098
1175412738 -3.7151899 40.41816751
1179022382 -3.71686419 40.41521918
1179022380 -3.71349516 40.41368663
1175412730 -3.71581419 40.41520242
1175412732 -3.71523684 40.42026693
343664405 -3.71320071 40.42156562
1339844765 -3.71831174 40.42119414
26342825 -3.71347111 40.41882616
623922449 -3.7009265 40.41461593
26342824 -3.71355359 40.41803801
623922445 -3.70091577 40.41451988
343663755 -3.71424451 40.4161598
26444973 -3.712503 40.41517409
26342827 -3.71319979 40.41955841
623922443 -3.70087294 40.41447906
26310526 -3.69816609 40.41187639
26310524 -3.69859843 40.41210019
26310520 -3.69857303 40.41228149
26213604 -3.70975868 40.4148565
26213605 -3.70977963 40.4147487
21947414 -3.70366126 40.41176131
26213607 -3.70922601 40.41480327
26213600 -3.71021709 40.41524634
26213601 -3.71023108 40.41531993
26310529 -3.69848703 40.41103971
26310528 -3.69869189 40.41125546
26342823 -3.71331831 40.4178309
26342822 -3.71345284 40.4165457
510827499 -3.70718242 40.41503428
1179022709 -3.71347941 40.4143115
1179022708 -3.71696888 40.41484401
318919146 -3.71821979 40.41392401
318919149 -3.71822457 40.41417547
1179022707 -3.71330607 40.4161577
1179022704 -3.71859782 40.41463236
48708699 -3.71075143 40.41195493
292118736 -3.71320113 40.42214171
21964104 -3.70508208 40.41987633
21734214 -3.70427407 40.41663346
21734215 -3.70327771 40.41667269
21734217 -3.70228856 40.41672859
21734218 -3.70236928 40.41706823
21734219 -3.70305157 40.4172046
26310457 -3.69970199 40.41378018
26310454 -3.70010231 40.41386031
26080868 -3.7156292 40.42411749
26080862 -3.71656906 40.42195899
26080863 -3.71646177 40.42198413
26080861 -3.71694021 40.42199109
26080866 -3.71528068 40.42310412
26080867 -3.71526341 40.42374643
26080864 -3.7154624 40.42278259
347278091 -3.71382097 40.41110769
347278090 -3.71364939 40.41070913
318918785 -3.71696619 40.41408259
318918786 -3.71682747 40.41408117
20953226 -3.70600149 40.42025561
21961265 -3.70560042 40.41795059
26213599 -3.71029923 40.41495138
292118604 -3.71537036 40.42286851
26213594 -3.7129609 40.4166348
26213595 -3.7128718 40.41689036
1179022363 -3.7188113 40.41502933
26213590 -3.71126742 40.416382
26213592 -3.71240384 40.41657168
26213593 -3.71271389 40.41636951
1179021812 -3.71684122 40.41505951
1179021816 -3.71652262 40.41882474
1179021819 -3.71129366 40.41686463
48834968 -3.70332129 40.41614848
315269893 -3.71814117 40.42049089
345198290 -3.71176673 40.42087923
171933 -3.70177676 40.42005378
345198728 -3.71139877 40.41727912
345531992 -3.71074297 40.4149202
26482380 -3.71622951 40.4127741
178821161 -3.70663776 40.41726059
1339844486 -3.71825969 40.42110068
21967720 -3.70602387 40.4171093
350307502 -3.71874794 40.4113371
619886896 -3.69944089 40.41254904
347280557 -3.7107739 40.41466371
345198507 -3.70826519 40.4181728
557283220 -3.71350841 40.41508733
1179021926 -3.71702369 40.41427362
48753246 -3.70420668 40.41652131
1179021921 -3.71272487 40.42209662
26080700 -3.7155437 40.42045326
582502649 -3.71605433 40.41861083
339243196 -3.70073808 40.41663254
321520747 -3.69992662 40.41382317
321520746 -3.69986518 40.41345286
26482352 -3.71692546 40.41244351
1187761033 -3.6966493 40.42010189
26482350 -3.71629682 40.4138945
26482356 -3.71646051 40.41382049
345198347 -3.71151963 40.41892038
27508776 -3.69664603 40.42036022
292541328 -3.71379968 40.41656682
21968365 -3.69874478 40.41421922
26066659 -3.706635 40.42156721
343664189 -3.71326877 40.4194559
26066651 -3.70641556 40.42201079
281814013 -3.71343758 40.4136267
281814015 -3.71333926 40.4136267
281814016 -3.71333926 40.4138769
1209330745 -3.69835208 40.41661259
26080686 -3.71427946 40.42302743
21951277 -3.70724788 40.41151631
26480807 -3.7183886 40.41293394
401890729 -3.69687662 40.42002771
26480808 -3.71839179 40.41211134
26080680 -3.7128252 40.42154408
26067814 -3.70815321 40.42023826
26080724 -3.71528126 40.42284487
26067816 -3.70928879 40.41989528
26080726 -3.71868348 40.42190417
26080721 -3.71725604 40.42203819
26067812 -3.70835739 40.42051428
26080722 -3.71790597 40.42127318
1175412853 -3.71454609 40.4161572
1175412856 -3.7134898 40.41864771
26342915 -3.71348888 40.41803408
319477340 -3.71073291 40.41207697
20953234 -3.69582066 40.41877554
323767928 -3.70039433 40.42209636
323767923 -3.70087193 40.42219292
319477361 -3.71106936 40.41314231
319477360 -3.7110277 40.41330626
1175412637 -3.71436118 40.41612518
343664567 -3.71741161 40.41605754
343664154 -3.71328813 40.41864621
1339844806 -3.71843982 40.42095693
430957965 -3.71618106 40.42240289
430957969 -3.71626631 40.42212017
21943148 -3.70262174 40.41058013
1364770721 -3.71521932 40.42282752
276744093 -3.71202179 40.42063657
551573440 -3.70666886 40.4181992
343663509 -3.71475002 40.4161826
307735392 -3.71554638 40.41663966
1215472827 -3.7152966 40.4115531
1215472824 -3.71526542 40.41193163
1179022355 -3.71876462 40.41393281
21947390 -3.70460649 40.41216683
1175412706 -3.71541823 40.41785747
1215472829 -3.7159053 40.41176768
26480850 -3.71146909 40.41252851
26213585 -3.71205272 40.41598864
1179022174 -3.71731128 40.41805587
1179022172 -3.71385643 40.41326502
48708659 -3.71126482 40.41194437
25906370 -3.69565454 40.42004221
623922459 -3.70059659 40.41467721
48708652 -3.71112401 40.41154933
623922452 -3.7008809 40.41464862
48708655 -3.71102913 40.41161798
48708657 -3.71104807 40.41187941
21947400 -3.70398221 40.41229071
1364770706 -3.71624996 40.42259333
1179022284 -3.71778192 40.42004271
1132727258 -3.69698013 40.41674661
435728967 -3.69667243 40.41874846
26310467 -3.69910687 40.41335186
333219460 -3.70694387 40.4182562
26310463 -3.69899154 40.41363559
26310460 -3.69951373 40.4137391
1339844366 -3.71883377 40.42055552
904917832 -3.69644277 40.42124703
21960616 -3.70513112 40.41875643
26310518 -3.69827329 40.41315698
26213589 -3.71189112 40.41683303
26213588 -3.71192959 40.41652466
26310512 -3.69901098 40.41154807
26213586 -3.71258129 40.41599057
26310510 -3.69928952 40.4117919
26213584 -3.71207619 40.41572377
26213583 -3.71168434 40.41574942
26213582 -3.71112292 40.41580692
26213581 -3.71114806 40.41590616
26310515 -3.6981655 40.41347692
1179021804 -3.71886503 40.41514676
56308056 -3.71478497 40.41189701
1187929728 -3.70347133 40.41455542
48834971 -3.70413434 40.41607246
345198759 -3.71163732 40.41795059
345198752 -3.71165567 40.41784439
292118700 -3.71323541 40.42193258
292118704 -3.71311521 40.42182798
345198573 -3.70612303 40.41805428
1179021935 -3.71829967 40.41939018
582502654 -3.71574797 40.41865693
582502652 -3.71581452 40.41845191
582502650 -3.71606061 40.41856457
21968139 -3.70017221 40.41699832
21968136 -3.69927409 40.41793919
21968134 -3.69974608 40.4177677
21968132 -3.69853657 40.41817883
1179021938 -3.71076769 40.41676288
21968130 -3.69641762 40.41863816
21968131 -3.69852299 40.41806987
26213329 -3.70739532 40.41799166
26213328 -3.7072504 40.41816081
302330342 -3.7140213 40.42295358
26213323 -3.70736674 40.41909522
26213320 -3.70617869 40.41913043
26213327 -3.70729868 40.41821479
26213326 -3.70753144 40.41822761
26213325 -3.70743723 40.41866506
26213324 -3.70772339 40.41971247
26482346 -3.71540406 40.41515623
318918193 -3.71327489 40.41435551
1179022728 -3.71547279 40.42286289
1367876498 -3.69879884 40.41220446
1209331114 -3.69831101 40.41650781
347279777 -3.71123926 40.41372569
302331102 -3.71309082 40.41961172
318918222 -3.71291564 40.41445022
318918221 -3.71310348 40.41414269
26066628 -3.70386352 40.4207882
343664174 -3.71332929 40.41864637
26066624 -3.70563302 40.4206939
26066627 -3.70470657 40.42088266
26066623 -3.70560151 40.4210871
26067241 -3.70887959 40.4226375
26067240 -3.70758701 40.42275409
26067243 -3.70871228 40.42317562
26067244 -3.70880474 40.42347988
1235055818 -3.71052814 40.41162862
26342844 -3.71209187 40.41778731
1235055815 -3.70859033 40.41675416
292536091 -3.7127827 40.42044882
343664312 -3.71497231 40.41955288
21951427 -3.70166729 40.41234
21951420 -3.70257866 40.41243019
25906785 -3.70273397 40.4188902
339243711 -3.7006421 40.41675961
1175412841 -3.71439412 40.41790072
339243712 -3.70045452 40.41679967
343664559 -3.71699838 40.41624412
343664551 -3.71680233 40.41644671
343664227 -3.71502847 40.41920151
26080668 -3.71446738 40.42306707
343663686 -3.71351998 40.41621554
1179021937 -3.71621216 40.4225997
1179021931 -3.71477634 40.41323284
927878106 -3.71221072 40.41712422
1215472831 -3.71527917 40.41185183
276741059 -3.71339324 40.4227432
1215472833 -3.71548922 40.41226137
1175412710 -3.71522678 40.41817389
1215472834 -3.71575752 40.41195761
1215472837 -3.7158675 40.41231292
1215472836 -3.71525411 40.41156316
1215472839 -3.71523374 40.41172921
1215472838 -3.71591737 40.41158018
343664420 -3.71344881 40.4214124
25906367 -3.69567549 40.42112909
343664673 -3.71855817 40.41497082
623922461 -3.70054831 40.41471392
344924486 -3.7030892 40.41902029
25906368 -3.69673052 40.42116597
1235011861 -3.7095125 40.4138961
318919161 -3.71887626 40.41393407
21734236 -3.70665897 40.41540702
21734237 -3.70663718 40.4151341
21734234 -3.70805917 40.41502439
21734235 -3.70663374 40.4150906
21734232 -3.70669107 40.41580818
21734233 -3.70811658 40.41574213
21734230 -3.70591248 40.41708088
26310476 -3.70008923 40.41286764
21734238 -3.70794433 40.41575009
21734239 -3.70685687 40.41580047
345198587 -3.70614248 40.41816324
1179022581 -3.71846572 40.41793089
333218855 -3.70666366 40.4180438
333218857 -3.70670339 40.41814069
48752936 -3.70787828 40.41396609
1179022341 -3.71816414 40.41456707
26310508 -3.69948439 40.41197597
26480841 -3.71368644 40.41176919
26310504 -3.6994683 40.41155612
26310506 -3.6994797 40.41179811
26310501 -3.69945539 40.41073377
48752939 -3.70644121 40.41474233
21964011 -3.70592823 40.41958347
21734308 -3.70170728 40.41352201
21734309 -3.70222897 40.41369543
1179021831 -3.71452564 40.42263138
21734302 -3.70167559 40.41610414
21734303 -3.70230717 40.41612141
21734300 -3.70231538 40.41579083
21967691 -3.69674008 40.418912
21734306 -3.7013368 40.41437764
21734307 -3.70142967 40.41411679
21734304 -3.7013197 40.41506076
21734305 -3.70135658 40.41487611
26213558 -3.71483669 40.42047212
730702112 -3.71015699 40.41424126
25906395 -3.69810121 40.42025729
343668682 -3.71300256 40.41661653
343668680 -3.71274842 40.41632911
26213550 -3.7105682 40.41306503
26213551 -3.71132869 40.41334557
26213552 -3.71165442 40.41341481
21960404 -3.70363 40.41757978
1187929739 -3.70845789 40.41379862
26213557 -3.71539031 40.42017372
26342805 -3.71168593 40.4186483
345198741 -3.71178241 40.41766988
25906392 -3.69812829 40.41975706
318917418 -3.71385894 40.41388914
873727531 -3.71416488 40.4209379
307734748 -3.71545511 40.41423707
1179021909 -3.71767027 40.41964022
26342801 -3.71117179 40.41848586
1179021900 -3.71748126 40.41459381
1179021901 -3.71319107 40.41717401
618806077 -3.70661857 40.41166877
618806075 -3.70693163 40.4117479
21968125 -3.69599107 40.41892214
21968127 -3.69700863 40.4186504
1365680102 -3.7093675 40.41748414
21954006 -3.70802472 40.41453446
1365680106 -3.70939113 40.41755438
1365680107 -3.70934311 40.41773509
26213318 -3.70653894 40.41856498
1365680105 -3.70947403 40.41754792
26213314 -3.70675067 40.41819417
1365680109 -3.70949943 40.41776812
26213313 -3.70644557 40.41827019
26213310 -3.70666282 40.41806559
26213311 -3.70661731 40.41835401
21960558 -3.70489609 40.41838888
345198366 -3.71157504 40.41893563
26482408 -3.71381602 40.41021359
59633358 -3.70079591 40.42255888
59633359 -3.69969386 40.4222091
26482399 -3.71393681 40.41018618
26482397 -3.71395667 40.41106938
26482394 -3.71375282 40.41050964
26482392 -3.71394066 40.41050838
26482390 -3.71389683 40.41068876
318919213 -3.7168859 40.41471719
26066586 -3.70549489 40.42191171
292540711 -3.71317397 40.42171096
857042553 -3.71852003 40.41062104
26067851 -3.71190269 40.42219376
307733245 -3.71583548 40.41870203
26066633 -3.7079191 40.42159027
26066632 -3.70783151 40.42153637
26066631 -3.70714512 40.42109909
26066630 -3.70682133 40.42089943
48753682 -3.70327939 40.41673756
1235055806 -3.71099434 40.41390364
1235055801 -3.71106718 40.4166571
21960681 -3.70440717 40.41941642
343663537 -3.71384134 40.41610456
26480839 -3.71400068 40.41085833
370152113 -3.70869041 40.42280564
26342894 -3.71533114 40.41706823
343664092 -3.71530608 40.41883899
26480834 -3.71519661 40.41193867
26067833 -3.70936808 40.42211103
26067830 -3.7083874 40.42049031
26067836 -3.71111772 40.42318417
26342896 -3.71505722 40.41662642
26067834 -3.71065797 40.42249811
25906774 -3.70340226 40.41917066
25906775 -3.70308107 40.41909589
25906777 -3.70303882 40.41855149
302329422 -3.71214819 40.42272249
26480831 -3.71381058 40.4122949
26480833 -3.71466084 40.41188343
22032372 -3.70079063 40.41983551
26342893 -3.71512377 40.41705557
343664545 -3.71321772 40.41994129
343664546 -3.71331453 40.41994398
26342799 -3.71122861 40.41806752
26342798 -3.71137044 40.41788848
26342793 -3.7103403 40.41788496
26342792 -3.7112054 40.41811924
26342791 -3.7111655 40.41841143
26342796 -3.71030853 40.41852349
26342795 -3.70990159 40.41835661
26342794 -3.7099347 40.41800742
26080678 -3.71280383 40.42072039
26080675 -3.71293819 40.42042937
1010999431 -3.70829461 40.4112159
343663522 -3.71475488 40.41612216
26480828 -3.71728999 40.4130362
343663529 -3.7151754 40.41614186
295583327 -3.71298781 40.42080631
324348283 -3.70469844 40.41311868
307735198 -3.71670887 40.41436297
343663657 -3.71492889 40.41545639
343664435 -3.71355208 40.42151592
1179022115 -3.71813824 40.41376039
1339844735 -3.71905186 40.42044731
1175412768 -3.7155986 40.42014447
343663784 -3.71425021 40.41608939
623922471 -3.70057681 40.41487871
623922473 -3.70062852 40.41490536
25906193 -3.69638426 40.42538442
48708672 -3.71067147 40.41148789
21947464 -3.70309339 40.4118598
1175412773 -3.71527154 40.41803869
302330633 -3.71362039 40.42264228
1175412675 -3.71447249 40.41613038
318920599 -3.71317791 40.41432508
1007414271 -3.70857868 40.41124021
370205341 -3.70838531 40.42058217
21734270 -3.7069857 40.41466287
25907054 -3.70240742 40.42001103
21734276 -3.70450222 40.41601697
21947518 -3.70166922 40.41151522
345531838 -3.70953673 40.41407958
345531837 -3.70943673 40.41451627
1339844541 -3.7182498 40.42124292
318918757 -3.71854048 40.41487192
318918756 -3.71869781 40.4150362
292118655 -3.71290919 40.42210248
292118651 -3.71299887 40.42217549
1179022627 -3.71744162 40.41446347
448415025 -3.69647663 40.41317542
21964064 -3.70558667 40.41979637
26213549 -3.71053904 40.41324767
21968336 -3.70122054 40.41596198
21960491 -3.70383938 40.41873061
26213541 -3.70913088 40.41625359
26213540 -3.70810837 40.41564012
292542744 -3.71571561 40.42010826
26213546 -3.70930916 40.41673907
26213545 -3.7092841 40.4169161
26213544 -3.70940329 40.41744349
21734229 -3.70571131 40.41573592
21734228 -3.70619327 40.41576727
21734221 -3.70406687 40.4171155
21734220 -3.70355859 40.4172357
21734223 -3.70503011 40.41650052
21734222 -3.70457238 40.4168135
21734225 -3.70569337 40.41601102
21734224 -3.70576873 40.41641662
21734227 -3.70519096 40.41572453
21734226 -3.7050623 40.4163494
345198799 -3.71128896 40.41674578
345198798 -3.71151938 40.41686891
1179021919 -3.71736978 40.41441418
1179021918 -3.71358871 40.41308213
48753216 -3.70234271 40.41670286
345198795 -3.7108324 40.41676782
48753212 -3.70226124 40.41677972
345198796 -3.71135107 40.41709329
21968151 -3.69557751 40.41765664
1365680110 -3.70930346 40.417776
26213303 -3.70904789 40.41784791
26213305 -3.70812161 40.4191741
1365680114 -3.70940429 40.4177796
21734299 -3.70259383 40.41581019
26213309 -3.70605882 40.41784347
1365680118 -3.70953128 40.41779167
873746989 -3.71445489 40.42079298
345198317 -3.71152357 40.41959613
345198316 -3.71168149 40.41953561
345198319 -3.71136147 40.41974717
345198318 -3.71108428 40.41984976
345198426 -3.70866233 40.41973929
26213294 -3.70918133 40.41944089
26080682 -3.71293483 40.42181574
26482381 -3.7161591 40.41290418
21734290 -3.70457841 40.41399978
26482382 -3.71603069 40.41298909
26482385 -3.714703 40.41318364
1187929707 -3.70330612 40.41449197
26482389 -3.71377831 40.41065758
26482388 -3.71579491 40.41076101
47216133 -3.71212967 40.41367917
21961315 -3.70461529 40.4172124
26341193 -3.70355297 40.41445458
21968056 -3.69688148 40.41882952
315269883 -3.71822876 40.42025176
21734297 -3.70283866 40.41392761
1187761465 -3.69637949 40.42009041
345198554 -3.70618799 40.41802712
26066603 -3.70282299 40.42107293
26066600 -3.70362933 40.42225973
26066601 -3.70334284 40.42221103
26066604 -3.70287119 40.42073498
26066609 -3.70253507 40.42203937
25906429 -3.69993174 40.42188548
25906420 -3.7008654 40.42054303
25906421 -3.70060866 40.42098492
25906422 -3.69983199 40.42076138
25906423 -3.70121836 40.42115541
25906424 -3.70115072 40.42131986
25906425 -3.70183292 40.42157409
25906426 -3.70172756 40.42191247
26213190 -3.71041423 40.41782344
1316127385 -3.70763202 40.41576459
351959175 -3.7031151 40.4145265
21953805 -3.70780352 40.41358538
21951400 -3.70396201 40.41250311
21951406 -3.70322348 40.41242901
345198321 -3.71133934 40.41996091
1007427988 -3.70897866 40.4101949
345198322 -3.71149482 40.41987181
26067825 -3.70791072 40.41984666
26067827 -3.70928351 40.42071461
26067826 -3.70886819 40.42052543
26067820 -3.70888889 40.41981841
26067823 -3.7081631 40.41994113
302329419 -3.71227049 40.42285216
292536187 -3.71280642 40.42065526
1339844839 -3.71901498 40.42058737
343664204 -3.71337212 40.41864679
345198883 -3.71111789 40.41668358
21990715 -3.70090479 40.42620501
26213606 -3.70926121 40.41492112
292540710 -3.7137022 40.42217683
343664338 -3.71546617 40.41591153
26342898 -3.71474968 40.41788991
26342899 -3.71474449 40.41794003
26480835 -3.71544547 40.41233514
343664081 -3.71519686 40.4188897
26480837 -3.7146983 40.41121154
26342890 -3.71526534 40.41797716
26342891 -3.7153246 40.41740996
26342892 -3.71508823 40.41739571
26480832 -3.71388459 40.41178352
21947187 -3.70479986 40.41095564
343663643 -3.71494456 40.41524299
551573493 -3.7069178 40.41834286
48698854 -3.71212791 40.41355629
343664443 -3.71309049 40.42136119
1175412778 -3.71564504 40.41875232
25581189 -3.7086718 40.4112874
25581187 -3.70833669 40.41131154
1215457517 -3.71544203 40.41108816
48708664 -3.7111287 40.41135537
48708666 -3.71063987 40.41141204
48708669 -3.71074431 40.41163374
1235055760 -3.70921998 40.41546963
347279114 -3.71123381 40.41425291
347279113 -3.71171259 40.41418418
26487767 -3.69596802 40.41577079
318919105 -3.7191537 40.41442667
318919107 -3.7185383 40.41425669
318919106 -3.71885958 40.41423053
26487769 -3.69570206 40.41432374
292540743 -3.71310532 40.42147803
318917969 -3.71337723 40.41343149
