827878491 5.39277426 43.29284112
827963303 5.38912344 43.29335611
827980055 5.39208024 43.29294053
828018488 5.3925363 43.29284322
827963306 5.39243186 43.29278982
827913697 5.390571 43.29311722
827983897 5.39137767 43.2929096
827906150 5.3889978 43.29357487
827982763 5.3921343 43.29286551
827954523 5.39018384 43.29328058
827922860 5.38969827 43.29345082
828019022 5.39016674 43.29321931
827981713 5.39021619 43.29305343
827994774 5.38997907 43.2931308
827941981 5.39080611 43.29321889
828022744 5.38890979 43.29338729
827984523 5.39130223 43.29308562
828007550 5.39252591 43.29263761
827867943 5.39029171 43.29287297
827968105 5.39073176 43.29298068
828039672 5.39030906 43.29286836
828014302 5.39112319 43.29286157
827984430 5.39227193 43.2924351
827909872 5.39138597 43.29276753
828022369 5.3905554 43.29291756
828022364 5.39066764 43.29324261
827877269 5.39082497 43.29310071
828019856 5.39022122 43.29310339
827987127 5.39081323 43.29317372
828015822 5.39080301 43.29284481
827972219 5.38882999 43.29352047
827926995 5.39022298 43.29311974
827985123 5.39054442 43.2928065
828003962 5.3907326 43.29299149
827868803 5.39012181 43.29306022
827870100 5.39054736 43.29280558
828020430 5.39198938 43.29292243
828035353 5.38903778 43.29354461
827932607 5.39030814 43.29344051
827976341 5.39115873 43.29326198
827991317 5.38911363 43.29357923
827880996 5.39174874 43.29296459
827888931 5.39215727 43.29292419
828010175 5.38918044 43.29332174
827983838 5.39220102 43.29246779
827995305 5.39240982 43.29236478
827965069 5.38899989 43.29358384
827949806 5.39129779 43.29310264
827925235 5.39148102 43.29277373
827988514 5.39140206 43.29281371
828013105 5.39190271 43.29274766
828034733 5.39036053 43.29327237
827979574 5.39094022 43.29287767
827895377 5.39151329 43.29274691
827928814 5.38944396 43.2934499
827946722 5.38887902 43.29339709
827879176 5.39180163 43.29266678
827980524 5.39068423 43.29325393
827896305 5.3924156 43.2923714
827980527 5.38986759 43.29341822
827936463 5.38900542 43.29359993
827937145 5.39257569 43.29276962
828033922 5.39160381 43.2927542
827970953 5.39220614 43.29247391
827932468 5.39030412 43.29340204
827898416 5.39197052 43.2930914
827871395 5.39253672 43.2924693
827939291 5.39134607 43.29273132
828013032 5.39130131 43.29289527
827980132 5.39080343 43.29285696
827928621 5.39028744 43.29314362
827871251 5.38902797 43.29334781
827885478 5.39057854 43.29319517
827936796 5.3894277 43.29324412
827924598 5.39060737 43.29319383
827971397 5.39130089 43.29287909
827978806 5.39107399 43.29290164
827893867 5.38904314 43.29339399
828008489 5.39016984 43.29346918
827924378 5.39126862 43.29273358
828023652 5.39068289 43.29324094
827897286 5.38965661 43.29331713
827914591 5.39161714 43.29278748
828023659 5.39009759 43.29323549
827896833 5.3900483 43.29308042
827901363 5.3918857 43.29267239
828017227 5.39216507 43.29248439
827900328 5.39187597 43.2926765
827908133 5.3893728 43.29346272
827876033 5.39081374 43.29318822
827965971 5.38945553 43.29323993
827948359 5.39201947 43.29256946
827971079 5.38884449 43.29328838
827971609 5.39194789 43.29260224
827979753 5.38925872 43.2935659
827977094 5.39250403 43.29242094
827990749 5.39211276 43.29255689
828009644 5.39120542 43.29295771
828040449 5.3925793 43.29277809
827865596 5.38902512 43.29354864
827986834 5.3893956 43.29353732
828015640 5.38903191 43.29356783
827916385 5.39071307 43.29275336
827986249 5.38961537 43.29318537
827979941 5.39191126 43.29276996
827940005 5.39111121 43.29287188
827866659 5.39010127 43.29325787
828025576 5.39197513 43.29270668
828015059 5.3893443 43.29312493
827925374 5.3907414 43.29309484
828011341 5.39102228 43.29280173
827908542 5.38937792 43.29323406
827951238 5.39129603 43.29300641
827997797 5.39170012 43.292777
828012496 5.39134599 43.29276384
827968356 5.39065096 43.29290189
827926274 5.38899017 43.293554
828009360 5.39144682 43.29282067
828034672 5.39160163 43.29304321
827933356 5.38965401 43.29330833
827968892 5.38957807 43.2932458
827975439 5.39246438 43.29248632
827962338 5.39054409 43.2927972
827991959 5.39191847 43.29261506
827962334 5.39238031 43.29280156
827978877 5.3915894 43.29271481
827951734 5.39073989 43.29307389
827996062 5.39187522 43.29263451
828013917 5.39065607 43.29311303
827936522 5.38986474 43.29341838
827979191 5.39195644 43.29265982
827886499 5.38948696 43.29333767
827902414 5.38961881 43.29347898
827981947 5.39082639 43.29311362
827988079 5.39072447 43.29289753
827890358 5.3924809 43.29248246
827871921 5.39083737 43.2932432
827962522 5.39247712 43.292518
827979168 5.39006959 43.29331126
827916932 5.38914121 43.29318822
827938429 5.39058809 43.29292511
827933017 5.39178059 43.29281028
827932936 5.39225484 43.29283928
827925787 5.38974253 43.29302016
827929846 5.39102253 43.29280608
827998596 5.39124834 43.29300926
828023111 5.39234687 43.29293357
828016066 5.39262213 43.29245078
827882232 5.39160582 43.29280893
828033819 5.38983406 43.29299652
827982951 5.39249858 43.29285126
827924537 5.38895848 43.29338511
827979348 5.38963708 43.29325443
827974956 5.39097232 43.29280801
827960960 5.391032 43.29290373
827948784 5.39110702 43.29267181
827948467 5.39195149 43.29261422
827898194 5.38889436 43.29344227
827994706 5.38925336 43.29355124
827962793 5.3923954 43.29279812
827971673 5.39036254 43.29313549
828022845 5.38949602 43.29308478
828009607 5.3918779 43.29267541
827905822 5.39129578 43.29308612
827906753 5.39208753 43.29239252
827992066 5.39152201 43.2928112
828007527 5.39132713 43.29263912
827942305 5.39023496 43.2934556
828039164 5.3919116 43.29293911
827921790 5.39072262 43.29286208
827865719 5.39120668 43.2929671
827964228 5.39194353 43.29271397
827921651 5.39169853 43.29282771
828037306 5.39062497 43.2930785
827895736 5.39223061 43.29232698
828033905 5.39233907 43.2923978
827909091 5.38964027 43.2932603
827977819 5.39152511 43.29305947
827954620 5.3925301 43.29264884
828041503 5.39181453 43.29270131
827874291 5.38996859 43.29309568
827948443 5.39251099 43.29239336
827869522 5.39120173 43.29291379
827922224 5.39000756 43.29295126
827888387 5.38969567 43.29344101
828034632 5.39175217 43.29273576
827990715 5.39058432 43.29326072
827887546 5.38953642 43.29349491
827934454 5.38965008 43.29357781
828012202 5.39061894 43.29299778
827905631 5.3915246 43.2928195
827894452 5.39264526 43.29236578
827914163 5.39127256 43.29277113
827976359 5.39195384 43.29265479
827865626 5.3904591 43.29307011
827911483 5.39172426 43.29314304
827881120 5.39247394 43.29279167
827990783 5.38906728 43.29321277
827892179 5.38942871 43.29325167
827961389 5.39029548 43.29327832
828038745 5.39105597 43.29319266
828040223 5.39166643 43.29298093
827950562 5.39056831 43.29308051
827991433 5.39121112 43.2930189
827991435 5.39212726 43.29259478
827899064 5.392629 43.29232597
827913742 5.39250504 43.29247039
827877621 5.39102731 43.29285579
827967833 5.39223908 43.29245882
828012332 5.3894738 43.29329601
827970934 5.39248106 43.29232077
827895593 5.3915329 43.29279787
827997229 5.39177522 43.29281111
827991869 5.38888648 43.29341863
828027361 5.39176441 43.29300809
828039346 5.39255348 43.29288873
827931686 5.3916065 43.29275923
827958550 5.38953449 43.29320892
827876725 5.39226649 43.29283668
827987220 5.39093527 43.29281002
827941058 5.39016757 43.29304648
827939694 5.39241216 43.2924983
827916871 5.39073779 43.29305226
827898762 5.38930533 43.29324597
827946991 5.38942368 43.2936255
828019800 5.39006498 43.29340296
827890236 5.39005568 43.29326634
827876505 5.38910768 43.29356079
828021578 5.39066898 43.29325452
827977615 5.39125161 43.29288161
828029500 5.39146099 43.29261171
827909136 5.39193699 43.29265873
827899010 5.39208703 43.29274439
828003556 5.39222592 43.2928345
827995751 5.38889403 43.2937369
827992148 5.3916878 43.29277851
827990320 5.39019146 43.2930826
827925657 5.38911741 43.29336952
827984602 5.38949467 43.2936105
827982173 5.39119059 43.29277918
827906219 5.39112973 43.29293106
827925926 5.39014268 43.29313667
827958396 5.39199399 43.29275303
827984801 5.39093142 43.29302712
827979398 5.38978871 43.29321772
827978873 5.38996968 43.29345644
827926140 5.39227738 43.29244139
828034415 5.39031937 43.29289066
827955055 5.38970121 43.29346163
827870945 5.39059991 43.2931158
828033045 5.39013011 43.29309442
827920061 5.39212542 43.29305846
827938041 5.38989902 43.29319484
827936743 5.39030009 43.29336147
827907400 5.38977413 43.29318394
827939466 5.3893215 43.29329978
827944522 5.39073034 43.29296366
827964419 5.38911673 43.29333892
827931994 5.39197052 43.29244382
827985419 5.39204898 43.29307481
827974564 5.3891568 43.29351972
827866548 5.39112881 43.29291782
827976695 5.39112412 43.2928713
827970960 5.39102739 43.29285797
827874390 5.39036086 43.29324823
827970633 5.38919016 43.29334538
827992080 5.39141899 43.29262369
827883027 5.38961303 43.29325837
828012873 5.39144296 43.29280902
827984505 5.39096117 43.29315737
828026205 5.39125303 43.29289778
827975923 5.39065691 43.29296777
828008784 5.38917298 43.29356817
828014616 5.39074274 43.29310632
828026203 5.39175041 43.29252848
827976689 5.39192484 43.29297347
827897225 5.38968687 43.29316349
827921760 5.39124381 43.29295612
827984071 5.39168302 43.29302619
827973427 5.39220404 43.2930422
827958638 5.3912185 43.29310599
827915191 5.39191202 43.29261808
828022308 5.39168897 43.2927485
827921712 5.39252272 43.29279108
827985485 5.39258433 43.29271673
827889382 5.39093703 43.2928345
827962969 5.39193247 43.29277759
827907771 5.38987513 43.29312032
828021462 5.39100266 43.29285906
827931086 5.39063914 43.29277272
828022289 5.39103552 43.29295419
828011836 5.39234502 43.29240476
827868866 5.38912671 43.29336658
827988260 5.39225333 43.29245228
828011935 5.38914498 43.29319677
827897313 5.39248199 43.29252957
827902605 5.39249481 43.29239663
827949228 5.39094332 43.29314899
827938704 5.39029523 43.29325762
827937831 5.39020806 43.2930106
827986558 5.39140692 43.29308981
827909257 5.39094709 43.29319576
827980351 5.39167037 43.29270022
828020148 5.38897483 43.29349122
827928887 5.38996943 43.29309962
827879574 5.39017746 43.29306048
827931143 5.39170867 43.29285453
827925084 5.39146979 43.29267373
828020145 5.39048709 43.29312351
828011572 5.38957288 43.29333289
827966092 5.39204713 43.29263903
827909372 5.39123082 43.29324639
828035866 5.389278 43.29315812
827890344 5.3914666 43.29275479
827967586 5.38990371 43.29352534
827971344 5.39004377 43.29321856
828036906 5.39065364 43.29307766
827982608 5.39189693 43.29247483
827987255 5.3899297 43.29297196
827956027 5.39079211 43.29273358
827959165 5.3920784 43.29271958
827865885 5.39216372 43.29284816
828036083 5.3889532 43.29342299
827925872 5.3912107 43.29301094
828009458 5.39147591 43.2927532
827960953 5.38980657 43.29354579
827873415 5.39244678 43.29234751
827934183 5.3922338 43.2924527
827975867 5.39080343 43.29318914
828020730 5.38945947 43.29349751
827951571 5.38897173 43.29349189
827964457 5.39211821 43.29250601
827955058 5.39168344 43.29255153
828036012 5.3905005 43.29293341
828021521 5.3911993 43.29288387
827976719 5.38983079 43.29329391
827969686 5.39244049 43.29233938
827967550 5.3910501 43.29312317
827937763 5.39186063 43.29248992
827948612 5.3891216 43.29368862
828025454 5.39138546 43.29276459
827890014 5.39094399 43.29315829
827987625 5.38961177 43.29345862
827968796 5.39230421 43.29241423
827991388 5.39114616 43.2931189
828028637 5.38880074 43.2934235
827921647 5.39258248 43.29220636
827940887 5.38966776 43.2933551
827904971 5.39178469 43.2928376
827981414 5.39140642 43.29308478
827919900 5.39145093 43.29261816
827930360 5.39254007 43.292676
827982344 5.39224796 43.29244617
827883749 5.39182317 43.29250576
827933485 5.3908357 43.29321738
827964997 5.38941379 43.29335108
828019976 5.39162133 43.29257072
828014915 5.39009247 43.29348577
827869515 5.38907449 43.29353799
827944633 5.38903132 43.29336097
827957892 5.39200279 43.29295713
827961326 5.39237361 43.29238163
827940493 5.39004972 43.29323859
827968426 5.38992542 43.29327371
827964780 5.39191679 43.29278044
827894465 5.38899201 43.29323784
827968549 5.38949006 43.29334831
827970151 5.3924648 43.2926335
827947587 5.39142637 43.29320481
828009886 5.38910249 43.29332333
827915145 5.39065968 43.29299543
828020514 5.39127256 43.29276929
827869602 5.39173524 43.29268983
827938186 5.39184479 43.29299099
827957110 5.38982668 43.29329458
827986340 5.39101222 43.29268673
827936242 5.39021166 43.29337748
827921225 5.39056412 43.29304069
827935993 5.39170599 43.29282536
827965001 5.38945168 43.29322216
827990514 5.39248743 43.29237676
827914721 5.39238769 43.29237509
827935344 5.39221527 43.29284799
827870394 5.39111791 43.29279762
827904787 5.38920759 43.2934929
828007361 5.39252398 43.29219178
828012736 5.39005861 43.29311378
827870406 5.39233631 43.29282159
828035900 5.3924933 43.29251448
827925944 5.39113367 43.29297171
828011860 5.3890382 43.29370664
827928838 5.39030194 43.29289518
827895318 5.38891716 43.29326298
827934930 5.39200807 43.29276057
827920104 5.39023949 43.2931764
827917099 5.3889361 43.29342844
827978915 5.39254024 43.29263451
827983384 5.39253596 43.2924636
828002932 5.39095807 43.2933038
827902476 5.3924063 43.29248606
827944178 5.39196868 43.29265747
827867207 5.39029012 43.29318503
827918205 5.39055658 43.29292628
827881669 5.38963214 43.293237
827996093 5.39260377 43.29277247
827982242 5.39189156 43.29310741
827900651 5.38895371 43.29337262
827973625 5.38980589 43.29321571
827996768 5.39230203 43.29282897
828003175 5.3895458 43.29352894
827952822 5.38884759 43.29358133
827971453 5.39110987 43.29286216
827871354 5.39059111 43.2933442
828030384 5.39150843 43.29272973
827956871 5.39146576 43.29261582
828033446 5.39104139 43.2930236
827883743 5.39075624 43.29324882
827977478 5.3922623 43.29282662
828006717 5.39180858 43.29312493
827880684 5.39204554 43.2924113
828000379 5.39156341 43.29317682
827882829 5.39001041 43.29322593
828003531 5.39187589 43.29265823
827936959 5.39230739 43.29241892
827893931 5.39139309 43.29278731
827990554 5.39193817 43.29274004
827935155 5.39237998 43.29238892
828034276 5.39018937 43.29290306
827929152 5.39013916 43.29337387
827916001 5.39217538 43.29297079
827963772 5.38958227 43.29336248
827990021 5.39021963 43.29307933
827981938 5.39059304 43.29337999
827896860 5.39249389 43.29255672
828014602 5.39223011 43.29284473
827975480 5.39187631 43.29267231
827996862 5.38916334 43.29335476
828015705 5.39215241 43.29254382
827973430 5.39250696 43.29247567
827869318 5.38920592 43.29367152
827973433 5.3918862 43.29265764
827895384 5.39076269 43.29334471
827871053 5.3896484 43.29304463
828015271 5.3901887 43.29290021
828004820 5.39146124 43.29261607
827901591 5.39118019 43.29266141
827889592 5.39152167 43.29276728
827894182 5.39107031 43.29285403
828004952 5.39103787 43.29298303
827896965 5.38911414 43.2933587
827962858 5.39021292 43.29303709
828014778 5.38885773 43.29361242
827957905 5.3887683 43.29331428
828010568 5.39151723 43.2928003
827885880 5.38977103 43.29343456
827967627 5.39249598 43.29235547
827921708 5.39271618 43.29268924
827887641 5.39251124 43.29260207
827897243 5.39031216 43.29325703
827980992 5.39083419 43.29320012
827895805 5.38949878 43.2933784
827892014 5.3889962 43.293409
827938715 5.39019188 43.29290298
827931008 5.38973498 43.29356054
827932201 5.39051534 43.29296258
827981019 5.39259497 43.29277449
827869043 5.38953248 43.29320288
827978819 5.38918354 43.29332392
827924231 5.39237352 43.29226143
828006533 5.3894153 43.29310591
827987845 5.39005467 43.29336926
827984715 5.39199726 43.292763
827962982 5.39267393 43.29243929
827926692 5.39251887 43.29278186
827959472 5.39008786 43.2929298
827971239 5.38915303 43.29350287
827890476 5.39254451 43.29264574
828037654 5.39026489 43.29299501
827926712 5.39097442 43.29283291
827929862 5.38923936 43.29350379
827905928 5.38969768 43.29319928
827875875 5.3889693 43.29341729
827989565 5.38947372 43.29354411
827881743 5.39132604 43.29287809
827937259 5.39164187 43.29316064
828018009 5.39126083 43.29264892
827920033 5.39239959 43.29280776
827944810 5.39233254 43.29281254
828015852 5.38956391 43.29330338
827925020 5.39100467 43.29287532
827932273 5.39196231 43.2927599
827943771 5.38977212 43.29343674
827965990 5.3921255 43.29250266
827902321 5.38927406 43.29314371
827915415 5.39221108 43.29283768
827907433 5.3913195 43.29310188
827977630 5.39113392 43.29297808
827907430 5.3896142 43.29318042
828009844 5.39028366 43.2930971
827967123 5.39252633 43.29259888
827995228 5.39081977 43.29303768
827975648 5.39092588 43.2927045
827867771 5.39167137 43.29270307
827942730 5.39133031 43.29322568
827978058 5.3892868 43.2936545
827949566 5.39130332 43.29291471
827965697 5.38972711 43.29329366
827901512 5.38960808 43.29324102
827967762 5.39055507 43.29290692
828020914 5.39244527 43.29258153
827892284 5.38917491 43.29329986
827971703 5.39213531 43.29249813
827953666 5.39006003 43.29311588
827905827 5.39083142 43.29317237
827971709 5.3895774 43.29306416
827961087 5.39020638 43.29336172
827943130 5.39121866 43.29311647
827878105 5.3925249 43.29243552
827973968 5.39205769 43.29266728
827879988 5.38880451 43.29343456
827895131 5.38886159 43.29362944
827993649 5.38966508 43.2933463
828029635 5.39216766 43.29285822
827931877 5.39250822 43.29234977
827881321 5.38964798 43.29328846
827867213 5.39003673 43.29331738
827979804 5.38953206 43.293482
828002263 5.38971193 43.29324639
827970755 5.39092614 43.29295872
827980784 5.38958478 43.29337103
827977085 5.3897815 43.29314136
827923143 5.39250126 43.29237366
827958486 5.39211578 43.2928153
827890287 5.39067778 43.29336289
827974019 5.3890682 43.29351938
827889729 5.38973423 43.29331327
827878034 5.39065557 43.29309819
827953365 5.3910289 43.29287457
827988750 5.3902358 43.29314857
827958719 5.39143827 43.29267952
827880463 5.39249791 43.29252613
827869065 5.39230094 43.29294372
827980303 5.38956207 43.2931966
827972460 5.3909605 43.29314756
828025681 5.39001972 43.29325443
827933834 5.39255516 43.29267281
827986376 5.39084617 43.29332752
828022710 5.38956693 43.29359566
827990640 5.39015911 43.29319341
827982987 5.38881121 43.29346113
827957119 5.39243588 43.29279988
827973224 5.39001636 43.29324681
827908551 5.39239423 43.29238246
827898142 5.3894008 43.29330908
827935989 5.39266882 43.29256913
827879039 5.39007579 43.29343448
827967812 5.38916602 43.29354822
827991515 5.39184957 43.29279519
827953517 5.39081407 43.29297607
827940477 5.38970758 43.29347949
827977015 5.39103451 43.29293718
827974163 5.39013271 43.293353
827870412 5.39201511 43.29255371
827983275 5.39252004 43.29241784
828029913 5.39018777 43.29305846
827956070 5.38908949 43.29358351
827894979 5.39042272 43.29298747
827895875 5.3919473 43.29276216
827925688 5.3918525 43.29279401
827981997 5.38973993 43.29333071
827881170 5.39159979 43.29278991
827906477 5.39119092 43.29279393
827938884 5.39251074 43.29243862
827911357 5.39203808 43.29261397
827869716 5.39250302 43.29272947
827934765 5.3911387 43.29302418
827954412 5.39029598 43.2932712
828002927 5.39250847 43.29255362
827988790 5.39203054 43.29259377
827891873 5.39214084 43.292504
827899036 5.39016498 43.29321286
827909014 5.39106393 43.29328159
828006152 5.39154346 43.2925931
828009698 5.39093921 43.293108
827874263 5.39212332 43.29251314
827944312 5.39134573 43.29277096
827967448 5.38978067 43.2934644
827945139 5.38938563 43.29325913
827867437 5.39033664 43.293137
827985615 5.38996029 43.29342609
828015468 5.39008887 43.293209
827900468 5.39238434 43.29281111
827997882 5.3925731 43.29271891
827928990 5.39093142 43.29302343
