827878491 827921708
827878491 828039346
827963303 827896965
827963303 827964419
827963303 827868866
827980055 827934930
827980055 827888931
827980055 827957892
827980055 827920061
828018488 828039346
828018488 827982951
827963306 827957119
827963306 827962793
827913697 828020145
827913697 827885478
827913697 827950562
827983897 827949566
827983897 827981414
827906150 827965069
827906150 828015640
827906150 827926274
827982763 827958486
827982763 827888931
827982763 828029635
827954523 828019022
827954523 827938704
827922860 827885880
827922860 827888387
827922860 827955055
828019022 827899036
828019022 828023659
827981713 828029913
827981713 827962858
827981713 827990021
827994774 827882829
827994774 827928887
827994774 827953666
827941981 827933485
827941981 827975867
828022744 827917099
828022744 827946722
828022744 827900651
827984523 827905822
827984523 827951238
828007550 827954620
828007550 827887641
828007550 827978915
827867943 828039672
827867943 828015271
827867943 827928838
827968105 827944522
827968105 828003962
827968105 827953517
828039672 827985123
828039672 828034415
828014302 827976695
828014302 827971453
828014302 827870394
827984430 827936959
827984430 827926140
827984430 827982344
827909872 827893931
827909872 827890344
827909872 828025454
828022369 827918205
828022369 827967762
828022369 828036012
828022364 828021578
828022364 828023652
827877269 827981947
827877269 828014616
827877269 827995228
828019856 827926995
828019856 828009844
827987127 827905827
827987127 827876033
828015822 827956027
828015822 827889382
828015822 827980132
827972219 827951571
827972219 827952822
827972219 827982987
827926995 827925926
827985123 827962338
827985123 827870100
828003962 827915145
828003962 827916871
827868803 827959472
827868803 828033045
827868803 827896833
827868803 827941058
827870100 827967762
828020430 828039164
828020430 827962969
828020430 827957892
828035353 827869515
828035353 827892014
827932607 827942305
827932607 827932468
827976341 827909372
827976341 827909014
827976341 827991388
827991317 827956070
827991317 828008784
827991317 827876505
827880996 828027361
827880996 828040223
827880996 827931143
827888931 827916001
828010175 827892284
828010175 827964419
828010175 827978819
827983838 827934183
827983838 828017227
827983838 827970953
827995305 827873415
827995305 827914721
827995305 827896305
827965069 828014778
827949806 827907433
827949806 827905822
827949806 827958638
827925235 827893931
827925235 828009458
827988514 827893931
827988514 828012873
828013105 828009607
828013105 827979941
828013105 827990554
828034733 827961389
828034733 827874390
827979574 827925020
827979574 827889382
827895377 827889592
827895377 828009458
827928814 827908133
827928814 828020730
827946722 828028637
827946722 827991869
827946722 827971079
827879176 827869602
827879176 828041503
827879176 827996062
827879176 828026203
827980524 827883743
827980524 828021578
827980524 828023652
827896305 827908551
827980527 827936522
827980527 827967586
827936463 827956070
827936463 827895131
827936463 828011860
827937145 827926692
827937145 828040449
828033922 827889592
828033922 827931686
827970953 827967833
827932468 827936743
827932468 827871354
827898416 827976689
827898416 827982242
827898416 827985419
827871395 828016066
827871395 827973430
827871395 827983384
827939291 828012496
827939291 828007527
827939291 827924378
828013032 828026205
828013032 827971397
828013032 827949566
827980132 827921790
827980132 827953517
827928621 828009844
827928621 827988750
827871251 828009886
827871251 827894465
827871251 827900651
827885478 827924598
827885478 827990715
827936796 827892179
827936796 827965971
827924598 827870945
827971397 827977615
827971397 827881743
827978806 827894182
827978806 827960960
827893867 827925657
827893867 827944633
827893867 827892014
828008489 828014915
828008489 827942305
828008489 827929152
827924378 828020514
827924378 828018009
827897286 827993649
827897286 828011572
827897286 827933356
827914591 827992148
827914591 827931686
827914591 827881170
828023659 827866659
828023659 828015468
827896833 828012736
827896833 827874291
827896833 827922224
827901363 827973433
827901363 827975480
828017227 827971703
828017227 827906753
827900328 828009607
827900328 828041503
827900328 827975480
827908133 827986834
827876033 827975867
827965971 828012332
827965971 827965001
827948359 827971609
827948359 827870412
827971079 827895318
827971079 827957905
827971609 827948467
827971609 827991959
827971609 827982608
827979753 827986834
827979753 827994706
827979753 827978058
827977094 827938884
827977094 827983275
827977094 827902605
827990749 828015705
827990749 827991435
828009644 827869522
828009644 827921760
828009644 827865719
828040449 827921712
828040449 827981019
827865596 828015640
827865596 827926274
827986834 827946991
827916385 827956027
827916385 827921790
827916385 827931086
827986249 827881669
827986249 827980303
827986249 827907430
827979941 827964780
827979941 827895875
827940005 827976695
827940005 827971453
827866659 827890236
828025576 827964228
828025576 827979191
828015059 827902321
828015059 828006533
828015059 827908542
827925374 828014616
827925374 827878034
827925374 827951734
828011341 827986340
828011341 827929846
828011341 827870394
827908542 827898762
827908542 827965001
827951238 827998596
827997797 828022308
827997797 827992148
828012496 828020514
828012496 827944312
827968356 827967762
827968356 827931086
827968356 827975923
827968356 827988079
827926274 827951571
827926274 827952822
828009360 828012873
828009360 827992066
828009360 827977819
828034672 827937259
828034672 827984071
828034672 827977819
827933356 827965697
827933356 827881321
827968892 827901512
827968892 827980303
827975439 827962522
827975439 827939694
827975439 827890358
827962338 827931086
827991959 827915191
827991959 827909136
827962334 827944810
827962334 827900468
827962334 827962793
827978877 828030384
827978877 828006152
827978877 827980351
827951734 827916871
827951734 828036906
827996062 827883749
827996062 827915191
827996062 828003531
828013917 827878034
828013917 827870945
827936522 827957110
827936522 827943771
827979191 827976359
827979191 827944178
827886499 828012332
827886499 827968549
827886499 827964997
827902414 827887546
827902414 827934454
827902414 827987625
827902414 827955055
827981947 827905827
827981947 828009698
827988079 827921790
827988079 827944522
827890358 827973430
827890358 828035900
827871921 827883743
827871921 827933485
827871921 827986376
827962522 827897313
827962522 828035900
827979168 827890236
827979168 827867213
827916932 828011935
827916932 827990783
827938429 827918205
827938429 828012202
827933017 828034632
827933017 827997229
827933017 827991515
827932936 827869065
827932936 827876725
827932936 828014602
827925787 827871053
827925787 827977085
827925787 828033819
827929846 827974956
827998596 827925872
827998596 827921760
828023111 828039346
828023111 827996768
828023111 827869065
828016066 827962982
828016066 827935989
827882232 828040223
827882232 827905631
827882232 827881170
828033819 827987255
828033819 827907771
827982951 827881120
827924537 827944633
827924537 827875875
827979348 827883027
827979348 827881669
827974956 827926712
827974956 827987220
827960960 827977015
827960960 827953365
827948784 827986340
827948784 827901591
827948784 827870394
827948467 827988790
827948467 827944178
827898194 827917099
827898194 827991869
827898194 827982987
827994706 827929862
827994706 828008784
827962793 827920033
827971673 827867437
827971673 828020145
827971673 827874390
828022845 827971709
828022845 827869043
828022845 828006533
827906753 827880684
827906753 827895736
827992066 827905631
827992066 828010568
828007527 827992080
828007527 828018009
827942305 827936242
828039164 827976689
828039164 827925688
827865719 827925872
827865719 827925944
827964228 827932273
827921651 827931143
827921651 827935993
828037306 828012202
828037306 828036906
828037306 827950562
827895736 827968796
827895736 827924231
828033905 827961326
828033905 828011836
828033905 827968796
827909091 828002263
827909091 827881321
827977819 828000379
827977819 827981414
827954620 827930360
827954620 827890476
828041503 827991515
827874291 827987255
827874291 827928887
827948443 827902605
827948443 827894452
827948443 827923143
827869522 827866548
827869522 828021521
827922224 827987255
827922224 827959472
827888387 827987625
828034632 828022308
827990715 828021578
827990715 827871354
827887546 827979804
827887546 828003175
827934454 828022710
827934454 827931008
828012202 827915145
827894452 827899064
827894452 827962982
827914163 828020514
827914163 827982173
827976359 827909136
827865626 827894979
827865626 827921225
827865626 828020145
827911483 827937259
827911483 827984071
827911483 828006717
827881120 827926692
827881120 827957119
827990783 828009886
827990783 827894465
827892179 827945139
827961389 827936743
827961389 827954412
828038745 827909257
828038745 827909014
828038745 827967550
828040223 827984071
827950562 827921225
827991433 827934765
827991433 827925872
827991433 827958638
827991435 827911357
827899064 827921647
827899064 827931877
827913742 827973430
827913742 827983384
827877621 827970960
827877621 827894182
827967833 827934183
827967833 827988260
828012332 827898142
827970934 827969686
827970934 827931877
827895593 828010568
827895593 827889592
827895593 827881170
827997229 827904971
827997229 827935993
827991869 827879988
828027361 827938186
828027361 827984071
828027361 828006717
827931686 828022308
827958550 827869043
827958550 828015852
827958550 827965001
827876725 827977478
827876725 827996768
827987220 827975648
827987220 827889382
827941058 827962858
827941058 827879574
827939694 827902476
827939694 828020914
827916871 827995228
827898762 828035866
827898762 827939466
827946991 827978058
827946991 827984602
828019800 827879039
828019800 827985615
828019800 827987845
827876505 827967812
828021578 827890287
827977615 828026205
827977615 828021521
828029500 828004820
828029500 828006152
827909136 827973433
827899010 827934930
827899010 827958486
827899010 827959165
828003556 827915415
828003556 827977478
828003556 828014602
827995751 827895131
827995751 828011860
827992148 827935993
827990320 828029913
827990320 827990021
827925657 827868866
827925657 827896965
827984602 827989565
827984602 828022710
827982173 827906477
827982173 827901591
827906219 827866548
827906219 827977015
827906219 827925944
827925926 827990640
827925926 828033045
827958396 827932273
827958396 827984715
827984801 828033446
827984801 828009698
827984801 827928990
827979398 827907400
827979398 827973625
827978873 827879039
827978873 827985615
827926140 827988260
828034415 827928838
827955055 827940477
828033045 828012736
827920061 827973427
827920061 827985419
827938041 827973625
827938041 827907771
827938041 827968426
827936743 827936242
827907400 827905928
827939466 827978819
827944522 827975923
827931994 827880684
827931994 827870412
827931994 827982608
827985419 827957892
827974564 827967812
827974564 827929862
827974564 827971239
827866548 827976695
827970960 828021462
827970960 827953365
827874390 827897243
827970633 827996862
827970633 827978819
827992080 827919900
827992080 827958719
827883027 827901512
828012873 828010568
827984505 827972460
827984505 827890014
827975923 827915145
828008784 827967812
828008784 827869318
828026203 827883749
828026203 827955058
827976689 827938186
827976689 827957892
827897225 827871053
827897225 827977085
827897225 827907430
827973427 827916001
827958638 827943130
827915191 827937763
827921712 827926692
827985485 827921708
827985485 827996093
827985485 827997882
827889382 827926712
827962969 827964780
827962969 827984715
827907771 827977085
827907771 827928887
828021462 827925020
828022289 827970755
828022289 827977015
828022289 828004952
828011836 827935155
827868866 827996862
827988260 827982344
828011935 827892284
828011935 828035866
827897313 827896860
827897313 827880463
827902605 827990514
827949228 827972460
827949228 828009698
827949228 827890014
827938704 827867207
827937831 828037654
827937831 827938715
827937831 827962858
827986558 827947587
827986558 827907433
827986558 827981414
827909257 828002932
827909257 827890014
827909257 827980992
827980351 827867771
827980351 828019976
828020148 827951571
828020148 828036083
827879574 828029913
827931143 827904971
827925084 827919900
827925084 827958719
828011572 827968549
828011572 827963772
828011572 828015852
827966092 827911357
827966092 827973968
827966092 827944178
827909372 827943130
827909372 827942730
828035866 827902321
827890344 827958719
827967586 827960953
827967586 828014915
827971344 827882829
827971344 827940493
827971344 828015468
828036906 827878034
827982608 827937763
827956027 827975648
827959165 827973968
827959165 827970151
827865885 827915415
827865885 828029635
828036083 827917099
827960953 827931008
827960953 827967448
827873415 827969686
827934183 827982344
828020730 827979804
828020730 827989565
827964457 827965990
827964457 827874263
827964457 827870412
827955058 827869602
827955058 828019976
828036012 827932201
828021521 827906477
827976719 827957110
827976719 827973625
827976719 827968426
827969686 827924231
827967550 827991388
827937763 827883749
827948612 827956070
827948612 827869318
827948612 828011860
828025454 827944312
827987625 827980784
827968796 827936959
827991388 827943130
828028637 827957905
827921647 828007361
827940887 827993649
827940887 827980784
827904971 827938186
827930360 827933834
827933485 827980992
827964997 827898142
828019976 828006152
828014915 827879039
827869515 827956070
827869515 827974019
827961326 827914721
827961326 827935155
827940493 827973224
827968426 828025681
827964780 827925688
827894465 827895318
827968549 827895805
827970151 827869716
827947587 828000379
827947587 827942730
828009886 827892284
827869602 827867771
827938186 827982242
827957110 827889729
827986340 827975648
827936242 827961087
827965001 828006533
827990514 827923143
827914721 827908551
827935344 827915415
827935344 828029635
827935344 828014602
827870394 827906477
827904787 827996862
827904787 827971239
828007361 827924231
828012736 827953666
827870406 827944810
827870406 827900468
827870406 827996768
828035900 827880463
827925944 827977630
827895318 827900651
827934930 827984715
827920104 827988750
827920104 827990640
827978915 827967123
827978915 827890476
827983384 827878105
828002932 827986376
828002932 827909014
827902476 828015705
827867207 827899036
827881669 827901512
827996093 827981019
827982242 828006717
828003175 828022710
828003175 827989565
827952822 828014778
827871354 827981938
828030384 827956871
827956871 828004820
828033446 827934765
828033446 828004952
827883743 827895384
827880684 827965990
828000379 827937259
827882829 827973224
828003531 827973433
828003531 827975480
827990554 827895875
827935155 827908551
828034276 827938715
828034276 827959472
828034276 828015271
827929152 827974163
827929152 827961087
827916001 827869065
827963772 827895805
827963772 827980784
827981938 827890287
827896860 828002927
828015705 827874263
827869318 827978058
827895384 827890287
827895384 827986376
827871053 827971709
827901591 828018009
828004952 827977630
827885880 827943771
827885880 827981997
827967627 827923143
827967627 827931877
827921708 827935989
827887641 827967123
827897243 827954412
827980992 827905827
827895805 827979804
827892014 827875875
827931008 827940477
827932201 827894979
827981019 827997882
827869043 827980303
827987845 827974163
827987845 827867213
827971239 827974019
827890476 827933834
828037654 827867437
827905928 828002263
827881743 827944312
827920033 827957119
827920033 827900468
828015852 827881321
827925020 827953365
827943771 827967448
827965990 827971703
827907433 827942730
827977630 827934765
827907430 827971709
827967123 827935989
827967123 828002927
827995228 827953517
827995228 827928990
827965697 828002263
827965697 827889729
828020914 827973968
827971703 827891873
827953666 828015468
827878105 827938884
827878105 827983275
827879988 827982987
827993649 827981997
827867213 828025681
827970755 827928990
827958486 827869716
827889729 827981997
827880463 828002927
828025681 827973224
827933834 827997882
827990640 827899036
827990640 828015468
827898142 827945139
827991515 827925688
827940477 827967448
827870412 827988790
827911357 827988790
827891873 827874263
