281581352 21440488
281581352 1303608197
281581352 281581351
281581353 29137371
281581353 21389421
281581353 1303608197
281581353 281581354
568383332 568383335
568383332 568383329
281581351 21555669
281581351 29270265
281581356 21555632
281581356 1303608215
568383335 568383425
303388420 303388418
303388420 27653889
303388420 303388421
303388421 303388417
303388421 573362226
661556398 661556400
661556398 268591122
661556398 249170166
973632516 973632522
973632516 251293096
973632516 249160186
21555479 21555392
21555479 29137409
21555479 1303608202
269601423 27653886
269601423 27653912
269601423 27653924
573362239 573362241
573362239 573362199
1157980281 269792726
1157980281 291883265
1157980281 1157980319
251293096 249159397
251293096 314984571
251293097 680094625
251293097 249157557
251293097 251289421
21226086 540709033
21226086 241471061
21226086 1279617651
1157980284 1157980274
1157980284 1157980261
21226872 1306217734
21226872 1306217735
21226872 1359953170
21226872 673972116
21226872 291888152
251289218 251289220
251289218 251289639
251289218 273129377
27653909 27653888
27653909 27653873
27653909 27738510
1349710958 1349710968
1349710958 1349711005
249167657 304665164
249167657 249168109
249167657 249167615
29137371 29137370
29137371 29137385
573352119 573352109
573352119 573352148
672555980 442590130
672555980 672555558
672555980 543910089
672555980 442590129
446305769 446305767
446305769 446305770
446305769 252638504
590907107 24576266
590907107 24576334
590907107 586443081
29137378 29137379
29137379 29137380
568389997 1269890131
568389997 568389999
568389997 568390010
304767780 304767772
304767780 269792724
304767780 117131796
897516871 897516813
897516871 21226835
897612373 27653946
897612373 27653947
21227279 21227046
21227279 1308281474
21227279 21225986
304671786 304671787
304671786 304671785
582942452 582942418
582942452 582942474
303388418 573362221
303388418 303388417
269792758 269792757
269792758 269792759
269792759 269792760
269792759 269792768
232876441 574474947
232876441 574474935
269792757 269792726
269792757 281885883
269792757 90563675
291888124 1041704395
291888124 613579646
269792753 21555349
269792753 573352082
21227277 21227002
21227277 27653864
291888121 613579638
291888121 291888130
251899369 27654230
251899369 27654233
574474915 574474943
574474915 574474913
574474916 574474943
574474916 574474931
738899413 91532531
738899413 1303608223
1308162232 1308162315
1308162232 1318964098
574474912 574474908
574474912 574474913
249170166 249528122
249170166 1274820794
249170166 249162965
582651648 1273598109
582651648 582651656
582651648 1273598116
21555353 738900714
21555353 304771601
21555353 738900711
1308162238 1308162325
1308162238 1308162202
1308162238 53718386
1308162238 53718384
27654254 251289220
27654254 251289421
344477808 680138648
344477808 344477805
293338054 1349710802
293338054 291885215
598287384 598287383
598287384 598287385
293338050 1302766474
293338050 1308162259
344477812 90563681
344477812 344477811
569785430 27653945
569785430 27653951
569785430 1273598116
249166536 1279617651
249166536 21226727
245480912 245480910
245480912 245480913
571529484 249167509
571529484 571529534
33199136 33199135
33199136 568390001
114317128 90563681
114317128 344804869
114317128 1279480957
114317128 344804870
27653931 27653928
27653931 27654223
27653931 304776299
27653931 27653930
27653930 574417688
27653930 27738501
27653930 27653929
27653870 21226491
27653870 27738514
27653870 1279617627
27653870 27653866
27653870 249162965
27653935 27653939
27653935 27653936
27653935 27653934
27653934 27653932
27653934 27738501
479241916 538834691
303388417 715948267
27653939 27653943
27653939 27653940
1318949774 53718391
1318949774 1308211846
1318949774 1308162246
1318949774 395252684
559773486 684249958
559773486 725046355
559773486 559773483
303388415 573362252
303388415 303388412
1308270775 21226536
1308270775 1308259135
268591650 27653887
268591650 1275648989
268591650 27653912
414681650 1019039528
414681650 414681647
598287390 598287382
598287390 598287391
538901486 538901532
538901486 538901535
538901486 95771041
582631434 538838340
582631434 538837377
540709066 540709033
540709066 1279617637
249167511 571529534
249167511 249170535
27653882 249528122
27653882 27653881
27653882 27653878
27653882 249170193
568390017 568390003
568390017 568390090
27585480 1041704390
27585480 1041704317
568390010 568390009
1272557635 232868021
1272557635 539454486
1272557635 539454488
304767773 304767772
304767773 27653917
27653897 27653896
27653897 27653898
569784446 249169495
569784446 569784282
21226723 21226743
21226723 29765451
21226723 1303608221
680127417 344477811
680127417 344477810
569784440 304666823
569784440 1273598110
569784440 569784282
569784440 1273598116
21226727 27653868
21226727 1279617637
21226351 21226418
21226351 1308294074
21226351 21226501
304671782 304671783
304671782 304671781
21225846 21226380
21225846 571411972
568390009 568390007
1321566176 21226188
1271547380 1269890136
1271547380 251289403
574474935 574474936
1350644863 1157980278
1350644863 1350644842
1350644863 117131796
27653954 27653918
27653954 27653952
27653954 27653925
27653954 587711977
27653954 574437929
586443081 95769557
568390007 568390005
21555598 344804866
21555598 344804865
21555598 90563669
538837002 538837379
538837002 626844323
538837002 538836746
29137370 29137386
21225974 897516857
21225974 21226418
267241324 256990497
267241324 267241321
1041704565 1041704390
1041704565 1349710841
344804870 21555378
251289420 251289493
251289420 33199129
251289420 1269890131
251289421 251289493
251289421 245480910
582942528 442590143
582942482 582942509
582942482 582942501
582942481 582942502
582942481 582942480
29137373 232881506
29137373 29137381
29137373 29137365
582942487 582942489
582942487 582942486
582942486 582942476
582942485 582942484
582942485 582942475
582942484 582942509
24576291 91533559
24576291 21389423
24576291 91532532
24576291 281581355
1273598110 295916247
1273598110 582651634
582942522 582942521
582942522 582942457
582942523 582942437
582942523 582942525
1302766467 1308211871
1302766467 1318975219
21555825 21226188
21555825 1041704541
21555825 232862722
24576297 24576310
24576297 21226062
24576297 24576300
568390087 568390090
568390087 33199134
232862722 1041704648
232862722 293338048
249159397 715904514
249159397 249156831
661556400 661556402
1275648989 27653888
582942465 582942464
582942465 582942466
21226537 308669003
21226537 308668491
29137377 1355480661
539442891 539442890
539442891 539442892
539442890 1157980271
539442892 539442870
1349710850 1349710864
1349710850 1349710830
1349710851 1349710925
1349710851 1349710979
245480913 471165581
139264778 114317181
139264778 929810815
139264778 114317201
139264778 273129377
1349710858 1349710876
1349710858 1356170446
419123693 1274837209
419123693 27653877
419123693 419124085
419123693 27653889
419123693 715904514
362577105 362576381
362577105 362573772
362577105 260020874
362577105 559773476
249167226 768848729
249167226 722135493
249167226 249167615
249167227 768848729
249167227 249170623
269792726 269792724
269792726 1157980278
304665158 304665162
304665158 304665164
304665158 304665157
291888153 21225939
291888153 291888152
291888153 21663206
291888152 303552899
626844327 538837379
626844327 626841126
626844327 626844330
21663221 259985801
21663221 29765448
304665157 304664328
249158672 249156831
249158672 206143793
249158672 1274837214
91533559 91533561
91533559 272714832
267484123 267484124
267484123 1272557413
1269890121 1269890131
1269890121 251289403
267484125 540709033
267484125 21226314
267484125 267484126
267484124 267484063
267484126 249167983
267484126 540790327
251289493 680094621
1302766474 27585496
598287397 598287369
598287397 598287396
626844323 538837377
626844323 626844330
582942450 582942471
582942450 582942449
1308211871 1302766472
1308211871 291890572
538901532 538901533
538901535 21226743
538901535 538901533
582942419 582942418
582942419 582942422
573352085 1157980261
573352085 573352087
27653950 27653955
27653950 587710951
27653950 587711977
582942417 582942434
582942417 582942516
251288992 529960763
251288992 251288993
573362252 573362254
672555852 672555558
24576266 21227127
24576266 302100769
24576266 78456350
573362256 573362258
573362256 573362254
573362254 573362223
442590135 582942472
442590135 586449698
573362258 573362214
680094621 680094625
680094621 680094618
249176934 249177102
249176934 446305770
249176934 21555847
249176934 251288802
626841126 249169494
626841126 24576308
303552899 21227267
245396080 245396081
245396080 245396078
245396080 245396085
245396080 245396100
245396081 245396090
245396081 21226835
245396081 245396092
21555720 21555752
21555720 292847226
249157557 249156830
245396085 245396462
245396085 245396097
245396085 245396459
245396087 245396462
245396087 245396088
245396087 245396094
245396087 245396092
21389423 21389422
21389423 232879844
21389422 272717030
21389421 21389420
21389421 232879844
21389421 21440488
21389420 272717030
21389420 21226743
673972120 1110603659
673972120 673972121
673972121 673972125
1251634625 245396094
1251634625 1251634336
1157980278 573352082
1157980278 1157980328
574437929 27653955
1272557413 1272557567
1157980271 27653911
1157980271 539442889
91534092 21225958
91534092 21227127
91534092 259985803
1157980274 1157980331
27654233 419284249
21226040 21227284
21226040 21226155
21226040 582547242
1308162287 1308162307
1308162287 1308162246
27653877 419124086
27653877 1274837214
27653874 27653887
27653874 27653875
27653874 27653873
27653875 539442885
27653875 268591734
27653875 1309304534
27653873 251289503
27653873 281885883
114317163 251288994
114317163 680094639
114317163 1279480942
114317163 1279480915
114317163 1279480954
1028830722 1019039519
1028830722 725062568
1028830722 725062569
1028830722 1019039528
1279480933 1279480915
1279480933 1279480958
1279480931 1279480954
1279480931 1279480942
586449707 586449698
586449707 586449706
586449707 586449708
590969035 21226290
590969035 259985801
590969035 259985802
27653878 573362222
27653878 573362220
598287393 598287394
598287393 598287403
582942468 582942470
582942468 582942467
232879844 281581354
568383379 568383380
568383379 568383411
568383379 1271544492
268591992 27653943
268591992 27653941
672555733 672555615
672555733 543910093
672555733 672555749
571526816 241471061
571526816 571526823
582942462 442590136
582942462 442590137
582942462 582942457
1274820794 249170193
1274820794 590872229
582942464 582942463
582942467 582942466
90563688 291885174
90563688 442586055
90563688 539454488
90563688 21555761
249170623 571529521
249170623 249171204
1359953168 1359953186
1359953168 1359953173
1308162301 1318964102
1308162301 1308162246
90563681 90563678
90563681 344804868
90563681 21555451
90563681 344477807
574474927 582942508
574474927 574474928
1279617614 1279617637
1279617614 581998750
268591122 661556402
268591122 249163903
268591122 249170535
1308162308 1318964102
1308162308 1318954447
597440065 597440078
597440065 27653899
232881506 232880166
232881506 281581355
726880727 249177103
726880727 1110603658
726880727 291885174
21226307 21227043
21226307 21225982
539462835 539462825
539462835 539462833
21298342 21298343
21298342 268616503
21298342 21225926
21298342 21298337
539462836 683201233
539462836 21663206
539462836 90583884
539462830 539454486
539462830 359070589
539462833 90583881
539462833 90583876
1359953173 1349710838
1359953173 1349710841
21226315 21663203
21226315 891063455
21226315 21226770
21226314 267484063
573352177 573352178
573352177 573352173
29137418 726880671
29137418 726880679
29137418 726880673
29137418 344864616
29137418 304771606
21226645 21226743
21226645 282178781
21226645 268616478
21226645 21440488
586449705 586449706
586449705 586449703
29137415 29137414
29137415 726880673
29137415 253288768
304675800 479241921
304675800 479241920
304675800 304675799
672555749 672555757
672555749 672555758
29137411 29137410
29137411 29137413
29137411 29137407
29137410 29137409
29137410 29137421
29137413 29137414
29137413 29137421
241471061 304665162
442590531 31333701
442590531 256991582
442590531 442590532
1157980319 1157980307
303391174 307809185
303391174 303391179
249170535 582007727
1274837205 27653860
1274837205 419284249
574338925 251289639
574338925 114317201
303391179 715904513
27585496 680350419
590872234 27653865
590872234 27653866
1349711006 1349710877
1349711006 1349710959
304771600 304771601
304771600 280050557
590872231 442044702
590872231 590872233
1318954445 53718399
1318954445 1308162244
590872233 21225832
1349711003 1349710816
1349711003 1349710823
249528122 27653885
139267172 446305767
139267172 139267171
139267172 251288695
291885174 249176957
27653921 27653920
27653921 27653919
27653921 27653916
573352111 573352109
573352111 573352103
291883265 90563672
267241327 256990496
267241327 672555558
267241327 663176931
345460391 359070203
345460391 21225902
345460391 21227182
345460391 21226806
891071599 232867328
891071599 571402766
21555869 738900714
21555869 21555893
21555869 1006191602
380521239 21227013
380521239 1272557562
1157980362 573352162
1157980362 573352079
1157980362 1157980261
1157980362 21555347
90563675 291890517
90563675 344804867
389353620 245476640
389353620 245476650
389353620 245476645
90563672 344477561
90563672 291890517
21225939 21227267
573366430 573366420
573366430 573366422
573366431 573366418
573366431 573366420
90563678 344804869
90563678 293342684
419284199 419284249
419284199 1274837212
304771612 304771611
304771612 304771615
245476640 245476638
249166494 304664327
249166494 27653868
249166494 249163903
27738480 27653918
27738480 1350644839
27738480 573380749
680094617 251289314
680094617 680094618
680094617 251289537
249171204 304666823
249171204 27653951
245476649 304775594
245476649 245476645
21555893 800182456
21555893 663176931
680094618 251289537
613579646 1318964098
598287372 598287373
598287372 598287371
21226188 249177102
568383327 568383382
568383327 568383329
539442879 539442874
539442879 539442881
1359953179 1359953186
1359953179 1359953171
792050821 269792768
792050821 269792770
792050821 792050826
539442874 539442873
53718581 53718584
53718581 53718580
53718580 1359953181
792050826 293342684
539442870 539442873
1350644853 27653915
269601171 295916247
269601171 27653945
573362225 573362223
573362225 573362224
1350644859 1350644845
1350644859 1350644843
245473642 245473640
245473642 245473641
245473642 1251634336
245473642 1308270777
574417688 256990668
582942515 582942514
582942515 582942516
582942514 582942513
90583876 90563684
90583876 539462829
573362216 573362215
573362216 573362220
573362217 573362222
573362217 573362220
573362214 573362206
573362215 715948265
27738487 27738492
27738487 27653947
27738487 304777278
539463454 539463458
539463454 539463453
24576306 304671840
24576306 24576329
24576306 24576325
24576306 24576303
282178788 259986143
282178788 282178781
282178788 282178786
539463457 683201233
539463457 539463451
24576303 24576317
24576303 569784522
539463451 539463452
539463452 539463453
24576300 114343995
24576300 24576308
1349710968 1349710838
1349710969 1349710954
1349710969 1349710959
282178781 282178783
1006191594 21555386
1006191594 1006191582
582648529 569783852
582648529 569784282
24576308 538837379
24576308 21226062
582942502 582942504
273129446 273129447
273129446 139272795
571526823 304664327
27653932 53720612
27653932 304777149
27653932 587710377
419124086 1274837206
419124086 27653856
738953327 29137386
738953327 29137383
419124085 573362199
419124085 1274837206
419124085 1274820786
442044702 27653865
582651630 582651622
582651630 582651634
291890569 1308175636
291890569 291890566
21663203 245396466
21663203 27588812
1308294074 1308294067
582651634 582651639
21663206 90583881
1349710947 1349710991
1349710947 1356170446
582651639 1273598109
573362227 573362222
573362227 573362197
573362227 573362228
573362227 573362230
291890566 291890565
291890566 1308175666
291890565 291890563
27653936 1273607411
27653936 31333705
91533561 91532532
91533561 91532533
539454528 27588811
539454528 539462816
539454528 27588812
395252679 395252680
395252679 1308162202
304776028 21555349
304776028 304776029
304776028 21555526
29137365 29137405
538838340 28848577
538838340 538839250
256990497 256990496
256990496 256990668
573362224 715948267
206143793 1274837212
206143793 206143831
1309304538 1309304543
1309304538 1309304534
1308162307 1308162272
269792762 251288450
269792762 269792760
269792762 251289401
269792760 281885883
293342684 344804867
582942422 582942478
1024569872 680350419
1041704395 291888133
738900709 1006191609
738900709 1006191588
672555773 543910078
672555773 672555770
672555773 672555613
1308162224 291885195
1308162224 1308162259
672555771 543910078
672555771 672555770
672555771 672555758
95769557 95769545
95769557 258936535
540790325 304665164
540790325 538839250
540790325 540790327
540790325 626841125
1308162220 613579638
1308162220 1308162257
21555347 21555349
21555347 442586055
21555347 21555881
281885507 973632522
281885507 303395075
281885507 539442881
21226936 21226651
21226936 21226026
21226936 1251634504
292847216 292847226
292847216 232867328
292847216 21555566
540790327 304665162
251290298 471165581
251289314 251288450
251289314 251289315
587710377 27654228
673972116 673972118
673972116 1308175666
304666823 249168109
359070203 21226529
359070203 21227073
673972119 1110603659
673972119 673972118
673972118 1308211846
139264777 680094640
139264777 929810815
715904514 303395075
27653904 27653896
27653904 27653908
27653904 268591106
479241920 538834691
479241920 538834674
715904511 307809185
715904511 715904510
715904511 715904513
715904511 303391157
715904510 27653890
715904510 27653889
715904513 303395075
715904513 303391186
249162965 249163903
53718387 1359953177
53718387 53718386
573362230 573362199
573362230 573362229
573362230 573362198
27653908 582007696
27653908 268591070
251288695 529960763
251288695 139272795
1019039519 414681645
1019039519 21226238
582007675 582007727
582942525 582942517
1309304534 27653890
569783791 249169497
569783791 249169496
569783791 569783852
897516813 21226501
344477810 90563669
768848729 768848701
259985663 21226290
21555761 21555840
21555761 344804865
598287377 598287408
598287377 598287376
21225982 21226309
21225982 245396072
21225986 21226536
303388412 573362223
568390005 568390003
1309304543 303395075
21555533 21555495
21555533 249177103
21555533 21555457
568390001 33199129
568390001 568389999
582942526 442590140
582942526 672555775
582942526 442590143
1349710961 1349710994
1349710961 1349710914
252638504 529960763
252638504 251288802
1157980328 1157980307
27588811 726880708
1303608206 21555632
1303608206 1303608215
1303608206 544511570
582007696 597440078
726880671 726880673
726880671 726880674
726880671 29137422
726880673 344864616
373266773 1274820778
373266773 27653856
373266773 590872229
726880674 304771601
726880674 726880677
726880674 304771606
726880677 304771606
726880677 280050557
726880677 726880676
726880676 726880679
726880679 344864616
726880679 304775620
725046355 559773490
725046354 725046353
725046354 559773476
725046353 559773479
539454670 726880703
539454670 232868023
539454670 539454486
539454670 539462816
539454670 539462820
573362194 573362195
573362194 573362193
1318954447 1308162315
29137421 29137422
29137422 29137414
33199129 33199130
395252683 53718388
395252683 395252684
304777376 304777377
304777376 253288768
304777376 29137397
1318954449 53718395
1318954449 1308162303
303391186 573366425
303391186 303391157
304777278 27654228
304777278 27653940
1349710830 1349710838
1349710830 1308211846
1349710830 291888147
245396078 245396077
245396078 21225902
245396078 245396084
538836747 538836750
538836747 538836746
538836746 21227080
574474896 574474898
574474896 232876433
574474899 574474898
574474899 574474900
1349710838 1308211846
27653952 1350644867
27653952 268591106
1041704571 291888133
1041704571 27585482
573352097 573352096
573352097 573352099
573352096 573352095
573352095 573352088
27653881 715948263
27653881 27653914
344477561 90563669
344477561 344804865
672555770 672555750
573352099 573352079
304775594 245476650
27738510 27653911
27738510 269792724
359070589 90563684
359070589 726880708
359070589 539462829
539442886 539442887
539442886 539442885
539442887 539442889
539442885 251289503
539442885 268591734
539442885 539442881
573362196 573362195
573362196 573362199
539442881 268591734
1349710847 1349710976
1349710841 1359953176
251288994 1279480957
251288994 1279480942
251288994 251288993
251288994 1279480958
680094640 273129447
680094640 680094639
232880166 281581354
232880166 29137383
1359953176 1359953182
21227253 260019099
21227253 21226348
21227253 1303608221
282178783 282178786
304671840 414675475
304671840 414681645
1269890136 1271547379
573352169 573352167
573352169 573352170
21555386 21555392
21555386 1006191611
251289489 251289537
251289489 251289503
251289489 251289482
493241796 1303608215
493241796 281581355
1359953189 53718093
1359953189 1359953181
573352163 573352162
573352163 573352165
1359953184 1359953185
1359953184 1359953167
304775620 232868023
304775620 27588812
573352167 573352166
573352166 573352165
1359953180 1308162272
1359953180 1359953177
1359953180 1308162325
1359953181 53718586
1359953181 1359953167
27738484 304776299
27738484 304777146
232868021 232868023
232868021 571402766
582942501 582942508
302100769 24576286
302100769 302100762
259986143 268616503
259986143 258937168
302100762 21225958
302100762 21226348
21226254 245473638
21226254 21226021
21226254 245473641
21226254 308668491
442041597 304664323
442041597 304664322
442041597 442041601
471165581 206143832
21226252 21226021
21226252 1308281474
800181759 21555752
800181759 27653929
800181759 256990668
800181759 800182450
245476638 1308294067
245476638 564456388
27732698 27653928
27732698 27653926
27732698 27732697
573352103 1157980261
442041598 442041599
442041599 442041600
1272557562 380521240
414681964 414675471
414681964 414675473
21227073 27588812
21227073 21226529
21227073 21226770
582007727 571529521
891063455 21226806
1272557567 1272557582
1272557567 1272557497
21555495 344477559
245396071 245396084
245396071 245396070
245396071 245396072
249167509 722135493
590907112 21227127
590907112 590907114
590907112 24576334
680138648 344477807
27653940 586449262
27653941 586449262
27653941 1028830634
27653941 268591936
27653941 24576317
27653946 27653945
27653947 27653948
27653912 27653911
27653860 27653865
27653860 27653856
27653948 587710951
344477805 344477804
27653865 21225832
27653864 715948253
1318975219 1302766477
27653868 581998750
27653868 1279617627
28848586 480913572
28848586 480913571
28848585 28848583
28848585 480913573
28848583 21226083
28848583 28848589
442590141 442590140
1279480942 269792773
304771610 304771609
304771610 304771611
28848589 1265957289
28848589 480913572
28848589 271358446
1349710994 1349710864
291888148 27585479
291888148 291888149
897516857 21226861
291885202 1308162259
291885202 291885207
568383382 568383381
568383382 251289317
1006191609 1006191602
291885207 291885208
582942472 582942463
582942472 442590136
304771616 1251650585
304771616 539462820
1006191606 1006191611
1006191606 738900710
582942471 582942474
582942476 582942475
21555378 344804868
21555378 21555847
241470728 241470736
1308162310 291888134
1308162310 1308162257
574474939 574474928
574474939 574474948
574474936 574474937
574474937 574474948
304771615 304771609
574474932 574474933
574474932 574474931
574474933 232876438
21227267 680350419
27653923 27653919
27653923 27653924
27653923 27653925
27653914 27653885
27653914 27653915
117131796 1350644849
1318964103 1318964082
1318964103 53718401
539462825 90583884
539462825 1251650585
725062568 1019039528
539462820 539462816
1110603655 1320610652
1110603655 1024569853
582641392 24576325
582641392 590907114
582641392 414681645
725062569 304671787
1274837210 1274820786
1274837210 1274837206
206143832 245480910
206143832 206143831
29827540 21226290
29827540 259985828
29827540 559773488
21225958 259985828
21225958 259985939
206143831 314984571
1110603658 1041704648
1110603658 293338048
271358446 21226517
271358446 271358445
442590131 442590130
442590131 442590132
27654228 27738492
27654229 27654223
27654229 27654225
27653890 573362226
271358445 21226083
442590137 442590138
245396462 245396463
245396461 245396097
245396461 245396459
245396461 245396098
27653898 27738499
27653898 27653885
27653899 571529521
245396464 245396092
27585482 1041704358
29138058 304777377
1041704438 1041704317
800182456 21555752
800182456 800182450
29765450 24576286
29765450 29765451
29765450 1303608221
29765451 272717030
29765451 91532536
590872229 1274820786
590872229 249170193
259985828 259985803
259985828 259985802
559773481 559773479
559773481 559773483
1359953187 1359953169
1359953187 1359953175
672555614 672555772
672555614 672555774
672555615 672555618
564456843 245396100
564456843 21226501
564456843 245396090
249177178 249177102
249177178 249177103
559773488 27555075
559773488 259985803
672555612 672555618
672555612 543910089
672555613 672555772
1308281474 245473637
1308281474 245396070
1359953185 1359953175
1359953185 1359953174
78456350 91532534
78456350 442590532
280050557 232867328
1272557582 1272557750
1272557582 540709082
1272557582 540709083
683201233 539463458
683201233 683199587
1308162244 1308162294
249160186 680094625
249160186 251289482
90563669 344477804
90563669 344804865
291888140 291888134
291888140 291888149
251289482 973632522
245396070 1308259135
245396070 245396098
53718584 1359953174
249177103 1041704648
259985372 362576405
259985372 362576381
259985372 259985414
53718586 1359953174
1349710905 1349710954
1349710905 1349710816
249169497 598287392
249169497 1028830634
249169497 598287391
249169496 569784543
249169496 569784522
249169495 249169494
249169495 569784543
249169494 249168109
1028305092 340178381
1028305092 21298343
1350644867 268591070
1350644845 1350644839
1350644845 1350644861
91532533 91532534
91532533 91532531
1350644843 1350644839
1350644843 21555526
1350644842 1350644849
91532534 91532536
573362241 573362218
1350644849 21555526
569784522 569784538
573362222 573362193
573362221 715948267
573362221 573362220
573362221 573362218
582942506 582942478
582942506 232876428
582942506 232876432
582942508 232876428
304675798 304675799
24576334 24576294
21226517 241470736
21226517 21226155
598287373 598287378
598287370 598287371
598287370 598287387
598287376 598287407
1308259111 1308270773
1308259111 560881228
1308259111 245473635
598287374 598287366
598287374 598287375
598287375 598287379
1349710876 1349711005
1349710877 1349710860
598287378 598287379
1006191582 1006191588
1349710979 1349711015
1274820778 27738514
1006191596 738900710
1006191596 738900711
260018543 95771041
260018543 21227044
260018543 260018603
260018543 258937168
573381868 27738495
573381868 268591106
672555941 582942519
672555941 672555772
672555941 672555775
672555941 442590125
260019099 260018955
260019099 95771041
582651622 582651656
249167983 28848577
249167983 538839250
27653926 21555526
1349710991 1349710976
1318964081 1318964085
1318964081 1318964098
1318964082 1318964098
543910093 672555757
543910093 543910089
543910093 672555618
291890572 1308175641
538834671 538834670
538834671 538834674
21227182 571406267
21227182 21225902
21227182 21226590
582942434 582942435
582942435 582942437
269792770 269792773
269792773 1279480957
21555451 344804868
21555451 21555457
53718093 1041704461
582942511 582942513
582942511 582942535
95769545 256991582
95769545 258936535
344864616 21226529
268591070 27653951
571411972 21225906
295916247 268591936
292847226 21555566
1308175641 291890563
1308175641 1308175636
21226062 21227080
21227002 27738517
21227002 21226921
21298337 272717044
27653919 27653918
53718399 1308162303
27653911 27653916
53718391 53718395
27653913 27653887
27653913 715948263
27653913 27653915
272714832 1303608215
272714832 1303608223
27653915 27653886
268616478 21298343
268616478 268616503
27653917 27653920
27653917 27653916
21226921 21226491
21226921 581998750
27738499 27738495
21555632 1303608223
442041600 442041601
27653918 27653920
582942519 582942517
582942519 582942536
27738517 21225832
27738517 21226367
582942480 582942479
1019039528 304671780
586449703 442590132
21226264 27555075
21226264 21227127
21226264 259985803
1306217735 1306217734
1306217735 293338048
661556402 27653896
1359953167 1359953169
304777145 27653955
304777145 1071392337
304777145 304777147
1273607411 24576294
598287398 598287387
598287398 598287386
442590532 91532531
21555526 27732696
21226861 21226835
21226083 582547242
21226083 21227080
1279617636 1279617627
1279617636 581998750
582942520 582942521
582942520 582942536
574474944 232876438
574474944 574474949
1274837206 1274837209
571406270 21226651
571406270 21226529
1265957289 479241921
1265957289 258934759
1265957289 1265952814
1157980331 573352082
582942489 582942479
726880703 726880706
442590129 442590128
613579638 1308162303
613579638 673972125
21225902 21226806
304777377 29137405
21225906 571411973
414675471 479241921
414675471 414681647
414675473 24576310
414675473 414675475
573362228 573362229
1071392337 27654225
569784543 569784538
344804866 344477559
1349711015 1349710952
573352088 573352087
1041704541 1041704648
251289401 251289316
251289401 1279480954
251289403 251289315
1349710828 1349710867
1349710828 1349710952
1041704461 1041704640
598287366 1028830634
291885196 291885208
291885196 673972125
291885196 1110603661
245473633 245396097
245473633 245473638
245473633 1251634336
245473633 245473634
598287369 598287382
245473637 21226021
245473637 245473638
245473637 245473634
1041704358 291888128
245473635 245473634
245473634 245396098
245473638 1308270777
291885199 1110603661
291885199 291885215
291885199 291885195
21555800 21555840
21555800 21555926
27653925 27653924
27653925 27738495
33199133 33199132
33199133 33199134
33199130 33199131
663176931 663176943
33199135 33199134
1359953182 1359953166
114343995 24576329
114343995 569784538
21226021 308668493
680094639 114317181
21226026 571406267
21226026 21226590
1272557712 21226155
1272557712 380521240
308668489 308668491
442586055 687864624
21226896 362573772
348322583 259985802
348322583 259985801
348322583 29765448
21226536 21227043
1024569853 673972125
29137409 29137407
29137409 544511570
273129377 1271544492
663176943 304771611
21227284 28848577
21227284 21227013
90583884 90583881
573352178 573352174
304664328 304664327
304664328 304664322
573352174 573352149
304664326 304664324
304664326 304664320
573352170 573352173
304664322 304664320
27738514 27653866
1349710925 1349710890
33199227 33199226
33199226 540709082
598287389 598287401
598287389 598287402
1271547379 251289316
568383411 568383413
139272795 1279480915
568383413 568383425
598287383 598287392
598287386 598287385
260018606 29765447
260018604 29765444
260018604 260018603
1272557750 540709084
260018603 260018955
1265952811 1265952814
362573772 21226238
1303608202 31333699
1265952814 414681643
27653955 304777149
1306217734 249176957
27653951 587710951
442590140 31333701
1359953166 1359953171
304777149 304777147
1041704640 1308162202
1280186115 29270265
245396075 245396077
245396075 245396072
245396077 245396466
29137381 29137380
29137381 29137383
304777146 53720612
304777146 304777147
582942533 582942535
582942533 582942532
586449708 442590132
582942449 582942448
582942448 582942470
281581354 281581355
291888130 291888128
258936535 31333705
574474903 574474902
574474903 574474904
574474902 574474900
1308270777 1308270773
574474907 232876436
574474907 574474908
672555758 672555774
574474904 232876436
340178381 21298343
340178381 340178382
672555757 672555750
340178382 272717044
1349710890 1349710823
672555750 543910089
1251634332 1251634504
27555075 362576405
27732696 27732697
27732696 21555566
27732697 27653929
249156831 314984571
249156830 314984571
571411973 21226309
568383381 568383380
1251634504 253288769
27653928 27653929
253288768 253288769
626841125 626844330
303391157 573366414
245396100 21226590
27653885 27653886
442590126 442590127
442590126 442590125
442590127 442590128
245396459 245396084
414681641 414681640
414681641 414681643
27585479 291888147
21555669 21298343
21555669 21440488
29765448 29765447
29765448 259985939
29765447 29765444
29765447 29765443
573362207 573362206
573362207 715948265
1349710802 291885217
574474947 574474951
573366414 573366418
21225832 21226491
259985939 260018956
259985939 29765444
29137383 29137385
1355480661 29137386
582942529 582942532
582942529 582942504
256991582 31333705
715948267 715948265
21226348 24576286
21226348 260018956
726880708 726880706
1349710914 1349710860
569783852 268591936
251288450 251289503
259985414 362576405
259985414 21226238
33199132 33199131
24576310 414681640
24576310 24576329
24576286 91532536
582942536 442590138
1302766477 1308175636
24576294 24576317
24576325 24576317
573380749 27654225
570105239 28848573
574474949 574474951
573366424 573366422
573366424 573366425
29137407 29137405
28848576 28848575
28848576 28848573
28848577 28848575
28848575 267484063
28848573 21227013
114317181 929810814
543910078 672555772
543910078 672555774
304767772 1350644861
539454488 90563684
573352146 573352149
573352146 573352148
1271544492 251289317
245396463 245396097
245396463 245396094
260018956 260018955
598287402 598287403
260018955 29765444
31333700 31333701
31333700 31333699
31333705 267241317
21226238 479241921
304671780 304671781
53718401 1308162294
267241321 267241319
544511570 31333699
245396090 21226835
53718388 1359953177
53718383 53718384
251289316 251289317
1028830634 598287407
304664324 304664323
1318964102 1308162303
28848591 480913571
1359953170 90583881
1359953177 1359953174
21227080 480913573
267241317 267241319
929810815 929810814
21555881 21555926
598287408 598287409
91532532 91532536
540709084 540709083
21226309 245396466
715948263 715948265
245396098 245396084
304671785 304671784
304671784 304671783
598287399 598287400
598287399 598287409
573362198 573362197
598287395 598287394
598287395 598287396
598287400 598287401
232876432 232876433
308668491 308668493
