281581352 9.16935909 45.45820338
281581353 9.1695357 45.45842508
568383332 9.18589558 45.46868989
281581351 9.16871243 45.45759251
281581356 9.17332909 45.46170903
568383335 9.18585803 45.46895443
303388420 9.18807437 45.46456306
303388421 9.18743559 45.46481628
661556398 9.18704331 45.46271477
973632516 9.18853647 45.46568171
21555479 9.17445294 45.46210029
269601423 9.18539292 45.4646188
573362239 9.18844862 45.46463263
1157980281 9.1828252 45.46720177
251293096 9.18853663 45.46561457
251293097 9.18901717 45.46658176
21226086 9.18847142 45.4605302
1157980284 9.18167504 45.46660993
21226872 9.17814592 45.46912223
251289218 9.18876437 45.46832612
27653909 9.18515269 45.46595941
1349710958 9.17861447 45.46925056
249167657 9.18644049 45.46014379
29137371 9.16931919 45.45856129
573352119 9.18236328 45.46671478
672555980 9.17667842 45.46284352
446305769 9.18372618 45.47035538
590907107 9.17813704 45.45909077
29137378 9.16839207 45.46094418
29137379 9.16875978 45.46074737
568389997 9.18828283 45.46752062
304767780 9.18232799 45.46573896
897516871 9.16936454 45.46755163
897612373 9.18248188 45.46146763
21227279 9.1708903 45.47047482
304671786 9.18123692 45.45857629
582942452 9.17754678 45.46049499
303388418 9.1879784 45.46442812
269792758 9.18414167 45.4671239
269792759 9.18450444 45.4671602
232876441 9.1763273 45.4627146
269792757 9.18391309 45.4669944
291888124 9.18110482 45.47034071
269792753 9.18154696 45.46621824
21227277 9.19072448 45.46165496
291888121 9.18108831 45.47018011
251899369 9.19058592 45.46325993
574474915 9.17552432 45.46248083
574474916 9.17604693 45.46275626
738899413 9.17341928 45.46156042
1308162232 9.18062177 45.47051606
574474912 9.17532147 45.46243708
249170166 9.18761253 45.46318122
582651648 9.18369424 45.46105029
21555353 9.17539171 45.46417004
1308162238 9.17942207 45.47038304
27654254 9.18992208 45.46736639
344477808 9.1823124 45.46812026
293338054 9.1816431 45.46981181
598287384 9.18188543 45.46015008
293338050 9.17990411 45.46876491
344477812 9.18217888 45.46832428
569785430 9.18353423 45.46123637
249166536 9.18838358 45.46070337
245480912 9.18993733 45.46727469
571529484 9.18645599 45.46131868
33199136 9.18872539 45.4677621
114317128 9.18308756 45.46859191
27653931 9.1805123 45.46409879
27653930 9.17930623 45.46400659
27653870 9.18852624 45.46273489
27653935 9.17996739 45.46143821
27653934 9.17974217 45.46251118
479241916 9.1823963 45.4559613
303388417 9.18735571 45.46472911
27653939 9.18073954 45.46153192
1318949774 9.17918452 45.46954393
559773486 9.17852764 45.45777196
303388415 9.18815132 45.46474353
1308270775 9.17101351 45.47040282
268591650 9.18626732 45.46518081
414681650 9.18245162 45.45738036
598287390 9.1820197 45.4602655
538901486 9.17208673 45.456814
582631434 9.18642708 45.45799727
540709066 9.18972452 45.46089154
249167511 9.18655834 45.4617812
27653882 9.18769232 45.46414414
568390017 9.18760071 45.46829511
27585480 9.17777268 45.47034633
568390010 9.18765536 45.46779613
1272557635 9.17780796 45.46787191
304767773 9.18247912 45.46518257
1279617651 9.18840923 45.46060178
571529534 9.18645817 45.46149764
27653897 9.18639623 45.46351759
569784446 9.18425683 45.45969217
21226723 9.17150838 45.45773944
680127417 9.18205164 45.46819092
569784440 9.1838949 45.460798
21226727 9.18847729 45.46112347
21226351 9.16918667 45.4673855
304671782 9.18162894 45.45809659
21225846 9.17194952 45.47038111
568390009 9.18770196 45.46785229
1321566176 9.18177252 45.47046761
1271547380 9.18724423 45.46791323
574474935 9.1762605 45.46267957
1350644863 9.18220612 45.46591549
27653954 9.18380421 45.46355673
586443081 9.17810309 45.45916529
568390007 9.18744917 45.4679605
21555598 9.18190839 45.46807332
538837002 9.18564161 45.4582613
29137370 9.16837707 45.45918817
21225974 9.16883656 45.46744409
267241324 9.17823368 45.4617501
1041704565 9.17802556 45.47020291
344804870 9.18296116 45.46866936
251289420 9.18835818 45.467456
251289421 9.18941053 45.46694847
582942528 9.17610761 45.46168631
582942482 9.17518334 45.46171699
582942481 9.17510229 45.46143938
29137373 9.16974667 45.46097863
582942487 9.17500724 45.46160417
582942486 9.1749556 45.4616066
582942485 9.17493716 45.46169914
582942484 9.17493264 45.46172797
24576291 9.17144107 45.46002091
1273598110 9.18360983 45.46076447
582942522 9.17627668 45.46144416
582942523 9.17596789 45.46166737
1302766467 9.17723481 45.4703195
21555825 9.18170287 45.46949297
24576297 9.18406036 45.45865516
1273598116 9.18372291 45.46105918
568390087 9.18857603 45.46832428
232862722 9.18120314 45.46903783
249159397 9.18854091 45.46514293
661556400 9.1866036 45.46300244
1275648989 9.1852428 45.4659035
582942465 9.17719416 45.46098567
21226537 9.16807381 45.47047893
29137377 9.16773828 45.46048552
539442891 9.18596674 45.46513077
539442890 9.1860198 45.46532909
539442892 9.18597772 45.46507478
1349710850 9.17888387 45.46927244
1349710851 9.17825791 45.46943957
245480913 9.19057059 45.46699457
139264778 9.18822994 45.46917102
1349710858 9.17838749 45.46963009
419123693 9.18855038 45.46467404
362577105 9.17960127 45.45631016
249167226 9.18618987 45.46098743
249167227 9.18592483 45.46141608
269792726 9.18324656 45.46651479
304665158 9.18779416 45.46021847
291888153 9.17610032 45.46928543
291888152 9.17704043 45.46992849
574474943 9.17554259 45.46252224
626844327 9.18563608 45.45853648
21663221 9.1774711 45.45586944
304665157 9.18759962 45.46053598
249158672 9.18925002 45.46473582
91533559 9.17200693 45.4605317
267484123 9.19065549 45.45953367
1269890121 9.18750524 45.46783653
267484125 9.18918246 45.46010004
267484124 9.1904441 45.45938581
249167615 9.18636522 45.46065928
267484126 9.18802701 45.45926998
251289493 9.18899957 45.46715366
1302766474 9.17862763 45.46906071
598287397 9.18247643 45.46007087
626844323 9.18567799 45.4582463
582942450 9.17733539 45.46071979
1308211871 9.17722676 45.47037977
538901532 9.17226359 45.45694333
538901535 9.17189772 45.4569274
582942419 9.17544963 45.46111173
573352085 9.18152676 45.46650909
27653950 9.18347572 45.46252643
582942417 9.17558458 45.46120947
251288992 9.1850009 45.46928157
573362252 9.18756509 45.46498627
672555852 9.17645278 45.46282583
24576266 9.17757838 45.45889229
573362256 9.18740323 45.46495056
573362254 9.18749862 45.46490899
442590135 9.1771116 45.46111676
573362258 9.18746551 45.46502516
680094621 9.18855524 45.46677212
249176934 9.18336751 45.47009244
626841126 9.1848408 45.4589435
303552899 9.17640567 45.4703972
245396080 9.17069408 45.4684873
245396081 9.16956428 45.46771248
21555720 9.17813134 45.46548407
249157557 9.18924046 45.46646056
245396085 9.16988799 45.46909407
245396087 9.16873992 45.46836367
21389423 9.17091863 45.45955538
21389422 9.17125734 45.45935313
21389421 9.16962178 45.45837127
21389420 9.16992814 45.45818393
673972120 9.17935719 45.46886013
673972121 9.17954822 45.4688841
1251634625 9.16711827 45.46781516
1157980278 9.18218458 45.46637867
574437929 9.18374369 45.46349094
1272557413 9.19067494 45.45960173
1157980271 9.18564924 45.46559018
91534092 9.17753086 45.45857528
1157980274 9.18160413 45.46649023
27654233 9.19058416 45.46368489
21226040 9.18757028 45.45697526
1308162287 9.1788143 45.46985624
27653877 9.18872673 45.46467404
27653874 9.1864119 45.46521073
27653875 9.18648969 45.46550134
27653873 9.18524892 45.46598128
114317163 9.18537557 45.46896977
1028830722 9.1810117 45.45772821
1279480933 9.18530549 45.46905317
1279480931 9.1853557 45.46882199
586449707 9.17733833 45.46150778
590969035 9.17734864 45.45743149
27653878 9.18781336 45.46419024
598287393 9.18230083 45.46019282
582942468 9.17721101 45.46079733
232879844 9.17076457 45.45941138
568383379 9.18784613 45.46844246
268591992 9.18144236 45.46049332
672555733 9.17733774 45.46215922
571526816 9.18829113 45.46045652
582942462 9.17666023 45.46126847
1274820794 9.18815408 45.46360644
582942464 9.17709617 45.4610171
582942467 9.17717739 45.46075223
582942466 9.17707941 45.4607757
90563688 9.17944864 45.46759991
249170623 9.18564203 45.46163577
1359953168 9.17855454 45.46953789
1308162301 9.17946138 45.46936279
90563681 9.18255036 45.46834951
574474927 9.17564569 45.46213181
1279617614 9.18950198 45.46100579
268591122 9.18685883 45.46256373
1308162308 9.18085462 45.47025882
597440065 9.18526551 45.462107
232881506 9.1707898 45.4604183
726880727 9.1807226 45.46852821
21226307 9.17166034 45.47012781
539462835 9.17718418 45.46836769
21298342 9.17062493 45.45632893
539462836 9.17684229 45.46867648
539462830 9.17759138 45.46797844
539462833 9.17743698 45.46831648
1359953173 9.17873207 45.46966991
21226315 9.1735166 45.46789353
21226314 9.18977137 45.45976367
573352177 9.18234299 45.46773813
29137418 9.17560788 45.46587274
21226645 9.1708794 45.4572719
586449705 9.17752633 45.46167843
29137415 9.1739942 45.4657201
304675800 9.18285144 45.45674619
672555749 9.17712258 45.46206191
29137411 9.17319289 45.46427716
29137410 9.17453852 45.46391137
29137413 9.17352221 45.46483707
241471061 9.18826322 45.46033456
308669003 9.16719656 45.46990309
442590531 9.17567946 45.46097611
1157980319 9.18244391 45.46708233
303391174 9.18843521 45.46495131
249170535 9.18630696 45.46211806
1274837205 9.19052298 45.46365807
574338925 9.19014001 45.46873541
303391179 9.18840437 45.46499373
27585496 9.17644507 45.47055428
590872234 9.18986332 45.46328206
1349711006 9.18045933 45.4693814
304771600 9.17637298 45.46555599
590872231 9.19005912 45.46311031
1318954445 9.18032631 45.46986579
590872233 9.19004973 45.46288811
1349711003 9.17893374 45.46911687
249528122 9.18696888 45.46367492
139267172 9.18476897 45.47025178
291885174 9.17963027 45.4684293
27653921 9.18368083 45.46461512
573352111 9.18209958 45.46649157
291883265 9.18241977 45.46784659
267241327 9.17670432 45.46294167
345460391 9.17310681 45.46789076
891071599 9.17686098 45.46648688
21555869 9.17550671 45.46415101
380521239 9.19028183 45.45702933
1157980362 9.18142601 45.46670699
90563675 9.18253871 45.46804508
389353620 9.17036207 45.46617382
90563672 9.18229337 45.46794189
21225939 9.17539632 45.46982036
573366430 9.1877313 45.46532649
573366431 9.1878717 45.46556378
90563678 9.1826082 45.46826862
419284199 9.19054427 45.46467798
304771612 9.17454556 45.4620609
245476640 9.17030717 45.46625462
249166494 9.18790556 45.46120469
27738480 9.1817954 45.46491452
680094617 9.18763306 45.46646349
249171204 9.18545084 45.46150727
245476649 9.17059509 45.46576034
21555893 9.17557788 45.46415713
680094618 9.18792727 45.46640859
613579646 9.18076912 45.47059686
598287372 9.18239974 45.46000323
21226188 9.18185592 45.47005497
568383327 9.18594487 45.46857322
539442879 9.18683134 45.46545021
1359953179 9.17849411 45.46938819
792050821 9.18393447 45.46793913
539442874 9.18657971 45.46509196
53718581 9.17830526 45.47034448
53718580 9.17862981 45.47054481
792050826 9.18312067 45.46794491
539442870 9.18608853 45.46501066
1350644853 9.18624804 45.46463649
269601171 9.18305194 45.46080319
573362225 9.18740239 45.46486398
1350644859 9.18167873 45.46532741
245473642 9.16692147 45.46786587
245473640 9.16669147 45.46772656
574417688 9.17929927 45.46395571
582942515 9.17585993 45.46168782
582942514 9.1757751 45.46166133
90583876 9.1776135 45.46819536
582942516 9.17585993 45.46163233
573362216 9.1878297 45.46429451
573362217 9.18792249 45.46424187
573362214 9.18682547 45.46528617
573362215 9.18774479 45.4642552
27738487 9.18204686 45.46163099
539463454 9.17673206 45.46821816
24576306 9.18197846 45.45902984
282178788 9.17128986 45.45704039
539463457 9.17659234 45.46873139
24576303 9.18198928 45.45988278
539463451 9.17554376 45.46796469
539463452 9.17666333 45.46799897
24576300 9.18417561 45.45895046
1349710968 9.17870148 45.46926221
1349710969 9.18021466 45.46920412
282178781 9.17107352 45.45716218
1006191594 9.17539037 45.46399519
582648529 9.18304582 45.46007581
24576308 9.1846647 45.45874041
582942502 9.17532122 45.46161456
251289639 9.19017437 45.46868939
273129446 9.18559442 45.47019176
571526823 9.18821251 45.46075751
27653932 9.18093819 45.46276322
419124086 9.18872246 45.46418789
738953327 9.1691218 45.45970106
419124085 9.18854133 45.46418906
442044702 9.1900302 45.46318349
582651630 9.18318253 45.4607954
291890569 9.1778404 45.46971903
21663203 9.17421163 45.46837976
1308294074 9.16912356 45.46724603
582651634 9.1835872 45.46083027
21663206 9.17674263 45.46879366
1349710947 9.17834499 45.4696969
582651639 9.1835748 45.46093119
573362227 9.18804529 45.46419761
291890566 9.17830468 45.46957293
291890565 9.17832161 45.4696104
27653936 9.17962483 45.46074461
91533561 9.17291176 45.45995863
539454528 9.17557209 45.46781197
395252679 9.17927086 45.47054012
304776028 9.18063853 45.46596896
304776029 9.18013034 45.46613802
29137365 9.16852266 45.46170358
538838340 9.18725269 45.4585726
256990497 9.17840593 45.46177591
256990496 9.17715284 45.46315449
573362224 9.18729058 45.46473137
206143793 9.19002652 45.46473389
1309304538 9.18756458 45.46533412
1308162307 9.17870969 45.46979044
269792762 9.18571939 45.46752867
269792760 9.18458247 45.46721409
293342684 9.18261071 45.46817097
582942422 9.17494638 45.46135539
1041704390 9.17798709 45.4701833
1024569872 9.17538316 45.46994299
269792768 9.18407361 45.46763193
1041704395 9.18124287 45.47036552
738900709 9.1755482 45.46406166
672555773 9.17635622 45.46211111
1308162224 9.18074146 45.46889953
672555771 9.17670843 45.46206543
95769557 9.17774284 45.45953526
540790325 9.18726979 45.45897468
1308162220 9.17958602 45.4691882
21555347 9.18133423 45.46674278
281885507 9.18811779 45.46562312
21555349 9.18100197 45.4663692
21226936 9.17313673 45.46759513
292847216 9.17751938 45.46592647
540790327 9.18806272 45.45941641
251290298 9.19073982 45.46617734
251289314 9.1867419 45.46758432
587710377 9.18125812 45.46231831
673972116 9.17858673 45.46923422
304666823 9.18494616 45.46116269
359070203 9.17329699 45.46778213
673972119 9.1788961 45.46917839
673972118 9.17873316 45.46922248
139264777 9.18768042 45.47059862
715904514 9.18854342 45.46495157
27653904 9.18541806 45.46281619
479241920 9.18284398 45.45649029
715904511 9.18767556 45.46511694
715904510 9.18762963 45.46505383
715904513 9.18777187 45.4652451
249162965 9.18827646 45.4627105
53718387 9.17924236 45.47032696
573362230 9.18832323 45.46419401
27653908 9.18529912 45.46241436
251288695 9.18480979 45.4701724
1019039519 9.18097632 45.45773659
582007675 9.1858468 45.46213893
582942525 9.1760761 45.46165773
27738501 9.179453 45.46298157
1309304534 9.18739711 45.46514376
569783791 9.18276393 45.45986769
897516813 9.16935482 45.46746974
344477811 9.18208609 45.46825907
344477810 9.18208081 45.46813049
768848729 9.1861198 45.46110084
259985663 9.17776932 45.45578587
21555761 9.18161603 45.46785288
598287377 9.18261339 45.4599526
21225982 9.17180233 45.47013284
21225986 9.17096632 45.4704273
303388412 9.18803213 45.46459953
568390005 9.1873915 45.46790652
1309304543 9.18758696 45.46533671
21555533 9.18200487 45.46841153
568390001 9.18848852 45.46757946
582942526 9.17598943 45.46170391
1349710961 9.17909333 45.46896859
582942457 9.17648874 45.46119396
252638504 9.18383447 45.47006637
1157980328 9.18221559 45.46648872
27588811 9.17580301 45.46790988
1303608206 9.17347787 45.46193484
582007696 9.18537741 45.46239844
726880671 9.17551719 45.46571172
726880673 9.17534058 45.4658403
373266773 9.18848777 45.46364223
726880674 9.17576664 45.46574039
726880677 9.17599647 45.46592454
726880676 9.17600066 45.4660698
726880679 9.17584928 45.46616334
725046355 9.17855739 45.45787062
725046354 9.1788531 45.45697459
725046353 9.1788117 45.45702514
304771606 9.17573453 45.46589512
539454670 9.17684128 45.46784433
573362194 9.18832893 45.4638838
1318954447 9.18084112 45.47026946
29137421 9.17483298 45.46447212
29137422 9.17503029 45.46484763
33199129 9.18839573 45.46749933
395252683 9.17871086 45.46977753
304777376 9.17045393 45.46571901
1318954449 9.18008843 45.46973252
395252680 9.1792126 45.47058697
303391186 9.18757347 45.46532012
304777278 9.18161653 45.4615828
395252684 9.178806 45.46984023
1349710830 9.17909283 45.46939406
245396078 9.17160318 45.46909306
538836747 9.18577421 45.45773743
538836746 9.18535847 45.45794656
574474896 9.17512919 45.4623432
574474899 9.17507018 45.46224329
574474898 9.17505552 45.46228118
1349710838 9.17901018 45.46945667
27653952 9.18470887 45.4629203
1041704571 9.18136307 45.47027718
291890517 9.18242178 45.46797299
573352097 9.18135636 45.46637523
573352096 9.18144269 45.4663433
573352095 9.18141093 45.46628119
672555558 9.17662318 45.46290429
27653881 9.18719427 45.46451152
344477561 9.18202498 45.46798447
672555770 9.17657289 45.46220951
573352099 9.18127682 45.46631153
304775594 9.17066709 45.46609109
27738510 9.1848864 45.46595061
359070589 9.17762113 45.46802194
539442886 9.18630478 45.46560921
539442887 9.1852723 45.46600148
539442885 9.18645423 45.46567518
249163903 9.18722763 45.46232258
573362196 9.18844594 45.46394197
539442881 9.18681927 45.46561172
1349710847 9.17750764 45.47041062
1349710841 9.1786076 45.46976529
251288994 9.18511531 45.46891763
680094640 9.18648282 45.47036577
232880166 9.17010843 45.45977784
1359953176 9.17842303 45.46962112
21227253 9.17259048 45.45777431
282178783 9.17097051 45.45704701
304671840 9.18193957 45.45855793
1269890136 9.18726971 45.46797534
573352169 9.18214392 45.46744518
21555386 9.17532751 45.46402201
251289489 9.18763189 45.46623023
493241796 9.17317411 45.46172076
1359953189 9.17888018 45.47052704
573352163 9.1822497 45.46727587
573352162 9.18201778 45.46740663
1359953184 9.17888454 45.47032587
304775620 9.1762527 45.46681738
573352167 9.18210897 45.4674689
573352166 9.18214619 45.46750067
1359953180 9.17898797 45.47003251
1359953181 9.17874431 45.47045144
27738484 9.18100222 45.46334828
232868021 9.17747587 45.46735592
582942501 9.17529968 45.46175781
232868023 9.17678596 45.46760461
53718386 9.17928913 45.47029168
302100769 9.17674724 45.45879682
259986143 9.17145264 45.45694299
302100762 9.17669041 45.4582955
21226254 9.16926513 45.46957804
442041597 9.18661768 45.46073186
471165581 9.19009558 45.46655737
21226252 9.17068528 45.47050374
800181759 9.17821172 45.46469894
245476638 9.1691964 45.46710546
27732698 9.1803243 45.46497847
573352103 9.1816882 45.46665577
442041598 9.18651148 45.46107108
442041599 9.18644283 45.46107108
1272557562 9.18842063 45.45637311
414681964 9.18298404 45.458195
21227073 9.17359681 45.46772606
582007727 9.18610312 45.4619687
891063455 9.17330848 45.46795279
1272557567 9.19031267 45.45983659
21555495 9.1819249 45.46835169
245396071 9.17131802 45.47004483
249167509 9.18639732 45.46114752
590907112 9.17822061 45.45906403
586449698 9.17692426 45.46132136
680138648 9.18247006 45.46823652
27653940 9.18151059 45.46157232
27653941 9.18165543 45.46047127
27653946 9.18255799 45.46138951
27653947 9.182401 45.46170349
27653912 9.18550448 45.46471511
27653945 9.18341118 45.4611171
27653860 9.19001621 45.46365933
27653948 9.18298563 45.4617791
344477805 9.18222892 45.46809486
27653865 9.18992526 45.46325633
27653864 9.18988872 45.46099279
1318975219 9.17720782 45.47021431
282178786 9.17116723 45.45693369
27653868 9.1885171 45.46120729
28848586 9.18379541 45.45593138
28848585 9.18396472 45.45791747
28848583 9.18389608 45.45722102
442590141 9.17587929 45.4618936
442590143 9.1760595 45.46171431
1279480942 9.18526669 45.46888092
304771610 9.17505216 45.46192411
28848589 9.18363163 45.45676488
1349710994 9.17900213 45.46914587
291888148 9.17930942 45.4690794
897516857 9.16888518 45.46754862
291885202 9.18067743 45.46894001
568383382 9.18753768 45.46832101
1006191609 9.17555097 45.46409158
538837377 9.1862902 45.45796274
291885207 9.18057357 45.46922248
582942472 9.17703549 45.46109522
304771616 9.17682929 45.46813602
1006191606 9.17529482 45.46407524
582942471 9.17757721 45.4607638
582942476 9.17489249 45.46167651
1006191602 9.17553748 45.4641236
582942475 9.17490967 45.46167567
21555378 9.18292554 45.46878
241470728 9.18416807 45.45539586
1308162310 9.17962164 45.46910941
564456388 9.16890337 45.46729079
574474939 9.17647432 45.46244613
574474936 9.1763377 45.46259592
574474937 9.17633543 45.46250707
304771615 9.1745272 45.46186208
574474932 9.17585372 45.46301107
574474933 9.17600678 45.4630959
574474931 9.1760595 45.46280144
21227267 9.17635069 45.47041648
27653923 9.18444358 45.4643816
27653914 9.18681541 45.46422511
117131796 9.18222196 45.46573343
446305767 9.18454643 45.4705459
539462829 9.17764016 45.46810878
680350419 9.17634239 45.4705262
1318964103 9.1807366 45.47053794
539462825 9.17701127 45.46833651
725062568 9.18100818 45.45767783
539462820 9.17682418 45.46790644
21226770 9.1735829 45.46781927
1110603655 9.18154017 45.47024717
29137414 9.17375531 45.46520126
582641392 9.18112812 45.4590264
725062569 9.18102326 45.45789451
1274837210 9.18865264 45.46382169
206143832 9.1900209 45.46660112
29827540 9.17762926 45.45767121
21225958 9.17688948 45.45813901
206143831 9.19001411 45.46561231
1110603659 9.17906776 45.46895594
1110603658 9.18092343 45.46877707
271358446 9.18432724 45.45661493
442590131 9.17796253 45.4621557
442590130 9.17714177 45.46305223
27654228 9.1815328 45.46212049
27654229 9.18120909 45.46455091
27653890 9.18756618 45.46507721
271358445 9.18447703 45.45687728
442590137 9.17652226 45.46144986
442590136 9.17688202 45.46102607
245396462 9.16929287 45.4687116
27654223 9.18108269 45.46420809
245396461 9.16995546 45.469686
27653898 9.18610907 45.46370719
27653899 9.18529518 45.46202687
245396464 9.16894343 45.46772447
27585482 9.18136131 45.47023074
273129447 9.1856308 45.47014826
29138058 9.16563099 45.46480178
1041704438 9.17803377 45.47047164
800182456 9.17726784 45.4649747
29765450 9.17218161 45.45806826
29765451 9.17206603 45.45814269
590872229 9.18843471 45.46368087
1359953186 9.17860634 45.4694638
259985828 9.1774597 45.45774631
559773481 9.1784387 45.45708716
559773483 9.17841716 45.4573724
1359953187 9.17832806 45.47034247
672555614 9.1763962 45.46173317
672555615 9.17756028 45.46225989
564456843 9.16982328 45.46758248
249177178 9.18202163 45.46943438
559773488 9.17807292 45.45828427
672555612 9.17729482 45.46254403
672555613 9.17614139 45.46201354
1308281474 9.17079952 45.47041774
1359953185 9.17873349 45.47022596
573352165 9.18237241 45.46737151
78456350 9.17516867 45.46034378
280050557 9.17643199 45.46595907
1272557582 9.19043011 45.45992276
683201233 9.1767531 45.46861773
1308162244 9.18090038 45.47024323
249160186 9.18853202 45.4660454
90563669 9.18196329 45.46802119
559773479 9.17873106 45.45706009
245476650 9.17046919 45.46623794
291888140 9.1795219 45.46901193
251289482 9.18832642 45.4658066
245396070 9.17095023 45.47031649
53718584 9.17859628 45.47012127
249177102 9.18216161 45.47006436
249177103 9.18139609 45.46886818
272717030 9.17082676 45.45899136
259985372 9.18031533 45.45730056
559773476 9.17879066 45.45649532
21225926 9.17245788 45.45512781
53718586 9.17890608 45.47032537
1349710905 9.17904773 45.46892643
249169497 9.18186841 45.46029299
249169496 9.18295529 45.4597765
249169495 9.18380647 45.45945186
249169494 9.18489361 45.45898952
1028305092 9.16825151 45.45697183
1350644867 9.18463226 45.46285986
1350644845 9.18209481 45.46521308
91532533 9.17385883 45.46077889
1350644843 9.18139559 45.46515768
1350644842 9.18196011 45.46590551
91532534 9.17381742 45.45938741
573362241 9.18823078 45.46472157
1350644849 9.18196438 45.46571994
569784522 9.18278019 45.45956167
21226290 9.17755282 45.45742219
573362222 9.18791989 45.46419686
573362221 9.18795384 45.46438973
573362220 9.18787161 45.46427397
582942506 9.17507982 45.46191899
573362226 9.18742494 45.46485593
1041704317 9.17799798 45.47049309
21226743 9.17108559 45.45743987
538834691 9.18252513 45.45622617
582942508 9.17517521 45.46191631
582942509 9.17509147 45.46178597
304675798 9.18190227 45.45605208
304675799 9.18194971 45.45626791
24576334 9.1782859 45.4591108
21226517 9.18490643 45.45649087
598287373 9.18236454 45.4599583
598287370 9.18227099 45.4599982
598287371 9.18231634 45.46004061
598287376 9.18274868 45.45997598
1308259111 9.1706805 45.47045429
598287374 9.18278003 45.4596169
598287375 9.18290693 45.45976367
1349710876 9.1783118 45.46947452
1349710877 9.18041373 45.46941627
598287378 9.18274147 45.45978622
598287379 9.18277391 45.45981748
1006191582 9.17548844 45.46400466
1349710979 9.1782455 45.46951082
1274820778 9.18852406 45.4635714
1006191596 9.17531544 45.4641319
260018543 9.17285024 45.45639867
1272557497 9.19016071 45.45993516
573381868 9.18513978 45.46336848
569784282 9.18396883 45.46032073
672555941 9.17607207 45.46177902
260019099 9.17306406 45.45744247
1303608197 9.16940687 45.45830338
1320610652 9.18150707 45.4703335
251288993 9.18510223 45.46915283
251288802 9.18376599 45.4700315
582651622 9.1831329 45.46086329
249167983 9.18777447 45.45848652
539454486 9.17735358 45.46786939
27653926 9.18038272 45.46549379
1349710991 9.17748057 45.47033074
1318964081 9.18062638 45.47057976
1318964082 9.18070768 45.47052117
543910093 9.17720648 45.46230138
291890572 9.17740907 45.47037022
538834671 9.1823963 45.45508229
568390003 9.18729192 45.4679512
1350644839 9.1817426 45.46494662
21227182 9.17303481 45.46779647
539442889 9.18519058 45.46591331
582942434 9.17573126 45.46115347
582942435 9.17579078 45.46122279
269792770 9.1839374 45.4681729
269792773 9.18423487 45.46871789
21555451 9.1823979 45.46844196
539442873 9.18638332 45.4650156
53718093 9.1790935 45.47036711
582942511 9.1758347 45.46175286
95769545 9.1767417 45.46011848
344864616 9.17550118 45.46611087
268591070 9.18450913 45.46252769
571411972 9.17199998 45.47031422
800182450 9.17767402 45.46472794
295916247 9.18302746 45.46070513
292847226 9.17812832 45.46553201
1308175641 9.17790813 45.46996478
21226062 9.18443562 45.4584939
21227002 9.1902421 45.46201329
21298337 9.16935021 45.45590213
258937168 9.17263952 45.45626138
27653919 9.18373632 45.46431027
53718399 9.18030938 45.46987627
245473641 9.16681099 45.46795581
27653911 9.18521078 45.46530109
53718391 9.17946817 45.46932541
27653913 9.18675883 45.46481536
272714832 9.17308828 45.4615284
27653915 9.18637989 45.4645427
268616478 9.170393 45.45719554
27653917 9.18296007 45.46486523
21226921 9.18969987 45.46201329
27738499 9.1858649 45.46385127
21555632 9.17342247 45.46173292
573362218 9.18796499 45.46438562
442041600 9.18630554 45.46097477
27653918 9.18299712 45.46421052
529960763 9.18394687 45.46996436
21555752 9.17809689 45.46537586
582942519 9.176232 45.46157349
27738517 9.19024126 45.46269759
582942480 9.17503347 45.46147878
1019039528 9.18126039 45.45766928
586449703 9.17744947 45.4616439
21226264 9.17816638 45.45859264
344477804 9.18213848 45.46810316
1306217735 9.1798332 45.46863499
661556402 9.18642004 45.46286741
1359953167 9.17873349 45.47043928
304777145 9.18221056 45.46360937
21555457 9.18223269 45.46846744
1273607411 9.18028457 45.46064813
598287398 9.18216094 45.46012384
582942513 9.17572582 45.46169989
442590532 9.17490892 45.46052014
21555526 9.1804512 45.46561994
21226861 9.16892617 45.46758223
21226083 9.18447828 45.45719671
268591106 9.18497927 45.46307301
1279617636 9.18857108 45.46138758
582942520 9.17620652 45.46147743
574474944 9.17634381 45.46280312
1274837206 9.18865717 45.46418831
571406270 9.17337779 45.46755733
582942521 9.17624516 45.46143318
1265957289 9.18307716 45.45690234
268616503 9.17115986 45.45670863
1274837209 9.18866236 45.46459894
1157980331 9.1816861 45.46643893
582942489 9.17505987 45.46162269
726880703 9.17688872 45.46791289
574474948 9.17639972 45.46251486
442590129 9.17660458 45.46281033
613579638 9.18034768 45.46968173
344477807 9.18248138 45.46829469
21225902 9.17295183 45.46803334
304777377 9.16965388 45.46355011
21225906 9.17200777 45.47025664
414675471 9.18290257 45.45760223
344804869 9.1827149 45.46839996
414675473 9.18290668 45.45834478
573362228 9.18804537 45.46423014
414675475 9.18230419 45.45856724
1071392337 9.18193236 45.46410566
569784543 9.18312896 45.45969293
27653916 9.18358863 45.46493992
344804865 9.18183379 45.46796302
344804866 9.18186942 45.4681439
1349711015 9.17825589 45.4695399
573352088 9.18152911 45.46624934
1041704541 9.1814841 45.46911352
232867328 9.17721629 45.46600777
538836750 9.18629104 45.45768513
251289401 9.1854334 45.46864891
1303608221 9.17252602 45.45782066
251289403 9.1872501 45.46785187
1349710828 9.17734998 45.4703568
1041704461 9.17923901 45.47045202
598287366 9.18152777 45.46016307
291885196 9.18069511 45.46942147
715948253 9.18912194 45.46115549
573352087 9.18167906 45.46642142
245473633 9.169488 45.46940487
598287369 9.18243779 45.4600339
1251650585 9.17690163 45.46826611
245473637 9.17028839 45.47009629
1041704358 9.18133381 45.470189
245473635 9.17088041 45.47029972
245473634 9.17041479 45.4699973
684249958 9.17883332 45.45773777
245473638 9.169373 45.46949347
291885199 9.1813686 45.46935458
21555800 9.18188442 45.46772782
27653925 9.18456772 45.46413752
33199133 9.18986558 45.46747041
27653856 9.18871349 45.46366268
21226418 9.16885299 45.46737771
33199130 9.18916528 45.46710748
663176931 9.17586521 45.46384474
33199135 9.18865448 45.46781239
27653943 9.18082528 45.46100092
539463458 9.17700959 45.46843567
442041601 9.18640847 45.46071594
1359953182 9.17845957 45.46959087
574474928 9.1757088 45.46208227
114343995 9.18305152 45.45945396
21226021 9.17017926 45.47016871
568389999 9.18836707 45.46763109
680094639 9.18695597 45.46908636
21226026 9.17308091 45.46763621
1272557712 9.18846463 45.45621301
480913572 9.18358553 45.45642013
21226380 9.17157837 45.47053098
308668489 9.16708877 45.46870473
442586055 9.17941712 45.46739489
1356170446 9.17833443 45.46968357
1041704648 9.18129844 45.4689546
21226896 9.18030611 45.45301012
348322583 9.17715191 45.45731138
21226536 9.1710804 45.47041313
1024569853 9.18149902 45.47013871
29137409 9.17363713 45.46234689
568390090 9.18842339 45.4686075
21226501 9.16929882 45.4674145
273129377 9.18851409 45.46866173
663176943 9.17535307 45.46360149
21227284 9.18763801 45.45733292
90583884 9.17716423 45.46841363
573352178 9.1825279 45.4676264
304664328 9.18758504 45.46077637
573352174 9.18278321 45.46722507
304664326 9.1862586 45.46098609
344477559 9.18186346 45.46824029
573352170 9.18212406 45.46742892
304664322 9.18662229 45.46070362
21226367 9.19066949 45.46268988
573352173 9.18202247 45.46746698
586449706 9.17758199 45.46161758
232876428 9.17510857 45.4618858
597440078 9.18538303 45.46232987
582942478 9.17461153 45.46169964
27738514 9.18852507 45.46330712
1349710925 9.17853778 45.46925643
573352079 9.18113592 45.46636408
573362229 9.18832398 45.46422586
33199227 9.19070872 45.45965873
33199226 9.19047562 45.45981162
598287389 9.18207067 45.46034194
1271547379 9.18750222 45.46822227
568383411 9.18841577 45.4686702
139272795 9.18495597 45.46999672
568383413 9.18823019 45.46896784
598287383 9.18195231 45.46020808
598287382 9.18202331 45.46022124
303395075 9.18778637 45.46526077
27653866 9.18931196 45.46329572
598287387 9.18210981 45.46006978
598287386 9.18203999 45.46017983
598287385 9.18195441 45.46011118
1359953169 9.1786278 45.47052092
260018606 9.17447658 45.45550877
21555392 9.17458437 45.46218017
260018604 9.17378909 45.45602643
1272557750 9.19066103 45.46009249
260018603 9.17308359 45.45654477
568383329 9.18593866 45.46868696
973632522 9.18823346 45.46568607
598287392 9.18184972 45.46027874
1265952811 9.183567 45.45692866
362573772 9.18074406 45.45616012
538839250 9.18752636 45.45870386
1303608202 9.17439351 45.4619495
1265952814 9.18309309 45.45704223
27653955 9.18252882 45.46315952
1306217734 9.17821474 45.46899374
53718395 9.18009748 45.46972489
27653951 9.18431601 45.46202192
281885883 9.18477961 45.46633257
21226806 9.1732172 45.46794114
442590140 9.17593084 45.46159864
1359953166 9.1783367 45.46946991
95771041 9.17215831 45.45676144
586449262 9.18159893 45.46059231
573352109 9.18215189 45.46650272
304777149 9.18163321 45.46293723
1041704640 9.1791862 45.47049351
1280186115 9.16833424 45.45717199
29270265 9.16833256 45.45722756
245396075 9.17187894 45.47004349
1279480954 9.18541563 45.46874203
245396077 9.17242418 45.46960679
446305770 9.18336508 45.47031121
29137381 9.16938231 45.4606768
29137380 9.16901384 45.46091467
304777146 9.18095059 45.4632264
245396072 9.17164693 45.47001683
1006191611 9.1753037 45.46404867
582942533 9.17568114 45.46205604
587710951 9.18359374 45.46245787
586449708 9.17711998 45.46178832
582942449 9.17731209 45.4606897
582942448 9.17727806 45.46069716
362576381 9.18018298 45.45725622
291888134 9.17956917 45.46903271
281581354 9.17067782 45.45945706
21227044 9.1735943 45.45589417
291888130 9.18113952 45.4701543
291888133 9.18133708 45.47032118
258936535 9.17756967 45.46030849
574474903 9.17495829 45.46234002
574474902 9.17491562 45.4622567
1308270777 9.16694242 45.46787358
574474900 9.1750064 45.46221538
574474907 9.17518309 45.4624256
672555758 9.17683441 45.46193148
1308270773 9.16684687 45.46795472
574474904 9.17514973 45.462496
340178381 9.16879532 45.45699546
672555757 9.17699182 45.46220423
340178382 9.168682 45.45692346
1349710890 9.17856678 45.46920848
672555750 9.17686508 45.4623422
249170193 9.18819608 45.46382102
1251634332 9.17158834 45.46649006
27555075 9.17830929 45.45851896
269792724 9.18362501 45.46585187
1251634336 9.16707133 45.46781399
539462816 9.17576362 45.46781759
27732696 9.1790738 45.46570468
27732697 9.17916541 45.46492089
281581355 9.17137418 45.46008319
1110603661 9.1807993 45.46946463
249156831 9.18925362 45.46514058
249156830 9.18927072 45.46642008
293338048 9.18037266 45.4686821
571411973 9.17197341 45.47020719
27653920 9.18306266 45.46454957
568383381 9.18751589 45.46850038
1251634504 9.17224531 45.4663785
27653924 9.18522628 45.46454521
582942437 9.1756891 45.46127191
380521240 9.18839523 45.45630102
568383380 9.18775754 45.46855226
27653928 9.18030443 45.46483916
27653929 9.17918092 45.46478301
253288768 9.17186503 45.46570719
253288769 9.17185723 45.46584877
626841125 9.18622734 45.45823674
303391157 9.18746802 45.465199
27653887 9.18646488 45.46501979
245396100 9.17176528 45.46766781
27653885 9.18654618 45.46402009
582942479 9.175139 45.46156
442590126 9.1763149 45.46227782
442590127 9.17625891 45.46233901
245396459 9.17031387 45.4693845
442590125 9.17581961 45.46205478
414681641 9.18335368 45.45793566
27585479 9.1793033 45.46912433
414681643 9.18313408 45.45751632
21555669 9.16877076 45.45755579
414681645 9.18107288 45.45863513
27654230 9.1907254 45.46307578
414681647 9.182661 45.4574252
27653888 9.18525076 45.4658978
574474908 9.17523774 45.46239827
29137397 9.16849207 45.46566277
304771609 9.1746474 45.46175379
29765448 9.17625178 45.45671601
29765447 9.17518208 45.45598729
21555840 9.1817866 45.46780284
1279480958 9.18516518 45.4689354
29765443 9.17672318 45.454917
21555847 9.18325151 45.46932801
1349711005 9.1783139 45.46946137
258934759 9.18298153 45.45600078
538837379 9.18545017 45.45835551
581998750 9.18875146 45.46128356
559773490 9.17881329 45.45816181
1274820786 9.18851182 45.46374508
571529521 9.18583548 45.46177541
573362207 9.18658231 45.46503111
53720612 9.18084599 45.46298987
722135493 9.1863197 45.46105909
21226590 9.17280958 45.46769228
1349710802 9.18158334 45.47051681
574474947 9.17634977 45.46267093
21298343 9.16948063 45.45708498
680094625 9.18894877 45.46650859
573366414 9.18686109 45.46545691
1279617637 9.18906662 45.46101392
573366418 9.18690619 45.46556613
419284249 9.19051853 45.46371012
21225832 9.18992258 45.46270019
259985939 9.17553018 45.45722211
245476645 9.17023659 45.46578489
91532531 9.17413074 45.46102624
29137383 9.16951541 45.45973182
291885208 9.18060752 45.46934159
241470736 9.18420864 45.45564061
683199587 9.17625254 45.4682703
582942474 9.1777026 45.46052642
1355480661 9.16890622 45.45977817
582942529 9.17563982 45.46185261
256991582 9.17635362 45.46079381
715948267 9.18733207 45.46470782
291888147 9.17935007 45.46919918
1308162325 9.17947362 45.4703553
21226348 9.17431732 45.45806793
726880708 9.17706164 45.46799822
1308162315 9.18090374 45.47030618
304777147 9.18144286 45.46336596
251289537 9.18772233 45.46631187
1349710914 9.17935652 45.46888142
569783852 9.18286368 45.45994137
251288450 9.18579206 45.46734753
1308211846 9.17903189 45.46944033
1303608215 9.17324343 45.46171548
1308162246 9.17919802 45.46955482
259985414 9.18070257 45.45743811
33199132 9.18952243 45.46721787
539463453 9.17667607 45.46811582
1273598109 9.18363682 45.46102037
21226529 9.17351987 45.46761391
569784538 9.18297172 45.45948204
24576310 9.183178 45.45844889
21226491 9.18970859 45.46270698
29137386 9.16895768 45.45961959
1308162259 9.18071087 45.4689188
24576286 9.17386688 45.45837328
582942536 9.17629268 45.46150719
582942535 9.17578876 45.46205763
1302766477 9.17722048 45.47019218
24576329 9.18258523 45.45882138
24576294 9.18097222 45.46011823
1302766472 9.17723271 45.47048622
1349710976 9.17748057 45.47037139
24576325 9.18113592 45.45909932
573380749 9.18188182 45.46478024
114317201 9.18998712 45.46933857
33199131 9.18941011 45.46728928
570105239 9.19031259 45.45808721
582942470 9.17732014 45.4607581
574474949 9.17632093 45.46276381
587711977 9.18385459 45.4634538
1349710864 9.17888596 45.46924193
1349710867 9.17736247 45.47039167
1349710860 9.1795431 45.46889592
573366424 9.18758126 45.46536287
291890563 9.17830526 45.46966329
304664327 9.18816029 45.46081594
1308162257 9.17961561 45.4691447
256990668 9.17843979 45.46375111
291885217 9.18156289 45.47060499
29137407 9.17232327 45.46274671
251289220 9.19001763 45.46745382
1308294067 9.16914451 45.46717168
538901533 9.17208782 45.45704609
28848576 9.18983943 45.45863102
28848577 9.18774421 45.45823674
304665164 9.18660259 45.45986417
28848575 9.18947557 45.45904383
304665162 9.18823162 45.46016307
28848573 9.18999559 45.45804982
114317181 9.18740709 45.4691131
1318964098 9.18067181 45.47054741
726880706 9.17696022 45.46796712
582942418 9.17544779 45.4610979
543910078 9.17648966 45.46196803
304767772 9.18217259 45.46524477
1279480957 9.18408861 45.4687018
539454488 9.1781222 45.46787367
573352146 9.18243151 45.46694746
1271544492 9.18785971 45.4684241
245396463 9.16891334 45.46899533
260018956 9.174808 45.45772821
598287402 9.18223227 45.460252
260018955 9.1737326 45.45699278
573352149 9.18238147 45.46709264
573352148 9.18239513 45.4669395
574474913 9.17536288 45.46239961
31333700 9.17484697 45.46132656
31333701 9.17545332 45.46104753
304776299 9.18072512 45.46404322
139267171 9.18494457 45.47031598
31333705 9.17782054 45.4603613
21226238 9.18093148 45.45737894
568383425 9.18819524 45.4691255
414681640 9.1833443 45.45813582
304671780 9.18133339 45.45766677
53718401 9.18099049 45.47034943
267241321 9.177714 45.46137149
21227013 9.19009852 45.4574915
544511570 9.17351417 45.46207758
260020874 9.17765139 45.45429708
672555772 9.17627223 45.46186962
1308175636 9.17776044 45.46977678
1157980261 9.18164889 45.46662007
307809185 9.18839163 45.46484101
245396094 9.16838302 45.46864438
582942517 9.17617416 45.46155681
245396092 9.16926714 45.46793661
245396090 9.16978129 45.46758072
53718388 9.1785615 45.46988549
272717044 9.16865342 45.45683202
21555566 9.17814928 45.46577928
53718383 9.17939508 45.47048798
251289315 9.1871506 45.46775121
251289316 9.18750164 45.46825672
1028830634 9.18177017 45.46037228
304664324 9.18643739 45.46109002
21226835 9.16930578 45.46759782
53718384 9.17948074 45.47042361
344804868 9.18267969 45.46848957
1318964102 9.18017082 45.4698191
1308162294 9.18086593 45.47026997
672555775 9.1760341 45.46176703
28848591 9.18396984 45.45540332
768848701 9.18565544 45.46104023
672555774 9.17661824 45.46183358
687864624 9.17911646 45.46678963
245480910 9.18952704 45.46689173
582942504 9.17530521 45.46170148
1359953171 9.17841431 45.4694094
1359953170 9.17803252 45.46896507
1359953177 9.17889309 45.4701051
560881228 9.17076574 45.47054582
21227080 9.18441508 45.4581551
1359953174 9.17874431 45.4702185
267241317 9.17780369 45.46053221
304664323 9.18657661 45.46108198
21440488 9.16943822 45.45815887
929810815 9.1879188 45.46998129
929810814 9.18718698 45.46988507
1006191588 9.17553781 45.46404179
29765444 9.17446023 45.45649062
33199134 9.18899336 45.4680672
626844330 9.18585551 45.45842902
21555881 9.18191853 45.46752992
1308162272 9.17866954 45.4698243
574474951 9.17640224 45.46269407
291888149 9.17939902 45.46901461
21555926 9.1819322 45.46763218
1318964085 9.18065387 45.47060021
571406267 9.17303598 45.46770477
1279617627 9.18851853 45.4614491
1274837212 9.1905472 45.46473431
1274837214 9.18872623 45.46473841
1157980307 9.18241281 45.46671093
598287408 9.18236747 45.46041704
267241319 9.17760621 45.46095357
571402766 9.17686928 45.46658277
21226651 9.17324963 45.46755716
91532532 9.17234523 45.45942219
1308175666 9.17827199 45.4694767
573362193 9.18791579 45.46414531
29137385 9.16964441 45.45882649
91532536 9.17311829 45.45889363
251289317 9.18756484 45.46829704
540709084 9.19062498 45.46011613
21226309 9.17190518 45.47015874
540709082 9.19053362 45.45985512
540709083 9.19039666 45.45994472
29137405 9.17039367 45.46332204
543910089 9.1770779 45.46243892
538834670 9.18256796 45.45440202
249168109 9.18573523 45.45995201
538834674 9.18244777 45.45580481
291888128 9.18129442 45.47016084
344804867 9.18258674 45.46810534
1308162202 9.17922308 45.47051438
590907114 9.17834164 45.4590062
715948263 9.18714893 45.4645432
1349710816 9.17900624 45.46895409
573362206 9.18658231 45.46506137
267484063 9.19031393 45.45945807
715948265 9.18721707 45.46460221
362576405 9.18041842 45.45755714
90583881 9.1772416 45.46845797
738900711 9.17534871 45.46415612
1349710823 9.17882997 45.46918082
245396098 9.17042803 45.46997803
27588812 9.17501369 45.46779881
304664320 9.18636161 45.46069716
480913573 9.18418416 45.45808302
480913571 9.18375107 45.45541606
90563684 9.17792657 45.46798297
245396084 9.17078066 45.46972229
598287403 9.18221123 45.46023591
582547242 9.18453536 45.45716511
582942463 9.17709902 45.46106027
27653886 9.1860364 45.46429199
259985801 9.17732651 45.45724558
314984571 9.18925463 45.46560896
259985803 9.17786077 45.45835283
259985802 9.17737613 45.45762511
1303608223 9.17339833 45.46161733
573366420 9.18791168 45.46552036
21226155 9.18742913 45.45600606
573366422 9.18768746 45.46531936
573366425 9.18753181 45.46533244
27653896 9.18596683 45.46318776
245396097 9.1695077 45.46939196
1359953175 9.17859771 45.47013376
304771601 9.17587493 45.46551927
245396088 9.1681065 45.46793083
27738492 9.18191158 45.46214992
442590132 9.1772675 45.46184272
27738495 9.1855132 45.46365748
249176957 9.1782714 45.46890673
673972125 9.1805895 45.46950001
304671787 9.18118554 45.45788956
1349710959 9.18022916 45.46923606
304671785 9.18142224 45.4585685
304671784 9.18141411 45.45836062
304671783 9.18164378 45.45835677
573352082 9.18169499 45.46639418
304671781 9.18136181 45.45810372
598287399 9.18237451 45.46029383
1269890131 9.18826154 45.46749916
738900714 9.17544418 45.46417146
21227127 9.17779967 45.45876572
1279480915 9.18532812 45.4691509
304771611 9.1747774 45.46220884
582651656 9.183524 45.4611927
31333699 9.17445537 45.46181347
27653889 9.18824603 45.46480463
442590128 9.17680918 45.46258678
479241921 9.18281691 45.4569668
251289503 9.18629121 45.46606829
21227043 9.17124854 45.47039377
573362223 9.18744103 45.46484218
573362199 9.18844854 45.46418999
573362198 9.18832197 45.4641614
442590138 9.17641682 45.46140242
573362195 9.18836388 45.46388019
738900710 9.17529742 45.46410198
573362197 9.18804336 45.4641656
598287395 9.18240971 45.46022853
1350644861 9.1821368 45.46521828
1308162303 9.18019387 45.46980377
268591936 9.18249521 45.46063841
582942532 9.17569262 45.46191531
540709033 9.18890938 45.46026516
232876438 9.17608917 45.46308517
598287409 9.18233411 45.46041092
291885195 9.18144102 45.46934771
245396466 9.17252804 45.46966857
232876436 9.17519642 45.46245099
598287407 9.18248523 45.46054269
598287400 9.18224459 45.4602717
598287401 9.18219011 45.46037639
232876432 9.17491042 45.46211421
232876433 9.17521636 45.4622655
291885215 9.18153783 45.46951618
24576317 9.18128201 45.46020833
308668491 9.16887897 45.46985431
268591734 9.18664433 45.4655787
308668493 9.16979562 45.47045672
1308259135 9.1709778 45.47038237
598287394 9.18234819 45.46022853
1349710954 9.17934412 45.46884647
598287396 9.18247987 45.46011269
27654225 9.18192557 45.46455778
21227046 9.17081402 45.4705371
598287391 9.18193354 45.46032073
672555618 9.17742726 45.46240221
1349710952 9.1781792 45.4697114
