340221581 340221582
340221581 340221583
21672751 110613286
21672755 25655262
21672755 21672756
21672756 25655268
21672756 25655215
303410444 303410435
303410444 297594083
303410444 303410461
320808879 669166764
320808879 320808878
320808878 320808904
303410448 303410465
303410448 303410454
331467933 331467930
331467933 331467935
340221926 340221927
340221926 340221925
340221926 340221930
340221607 340221609
340221607 340221606
340221606 340221605
340221605 340221591
340221605 340221590
340221927 340221928
331467935 331467906
340221609 340221610
297599296 297599294
297599296 297599304
297599294 297599293
297599293 340096100
297599292 340096097
297599292 297599291
297599291 297599290
297599290 297599289
340221690 340221689
340221690 340221565
340221690 340221568
340221923 340221931
340221923 340221924
340221923 340221922
355741640 355741642
355741640 355741639
355741642 355741643
355741642 355741653
355741643 355741639
355741643 355741637
355741644 355741727
355741644 355741731
355741644 355741645
355741645 355741646
355741646 355741649
340096264 340096265
340096264 340096259
355741649 355741653
25655140 303408229
25655140 1166042419
25655140 308814374
25655140 303408234
25655140 303408235
25655141 25655163
25655141 308814375
25655141 303408235
320808901 320808902
320808901 320808899
320808903 320808902
320808903 320808904
355741799 355741809
355741799 355741793
355741799 355741804
355741793 355741789
331465820 331465818
331465820 331465749
331465820 331465844
331465822 331467185
331465822 331465801
331465822 331465826
331465827 331465828
331465827 331465834
331465827 331465826
331465826 331465836
331465829 331465828
331465829 331465830
340221772 340221789
340221772 340221768
340221772 340221813
340221776 340221780
340221776 340221789
300526650 300526651
300526650 300526649
300526651 300526652
300526652 300526653
300526653 300526654
300526654 300526655
300526655 300526656
300526656 300526657
300526657 300526658
300526658 300526659
300526659 300526660
426978174 426978168
426978174 426978173
426978171 426978167
426978170 25655276
426978170 426978168
426978173 426978172
426978172 426978167
747054239 747054259
747054239 747054273
747054231 747054271
747054231 324803120
747054231 25655215
305232949 297600579
305232949 305232962
305232949 305232951
305781775 305781781
305781775 305782350
305781775 305782380
344969059 344969056
344969059 344969061
340096380 297599311
340096380 340096269
340096380 340096428
344969053 344969050
344969053 344969054
344969050 344969049
344969056 344969054
340096254 340096256
340096254 340096252
794680903 794680924
794680903 794680905
340096256 340096257
340096257 340096258
340096251 340096166
340096251 340096252
340096251 340096280
340096252 340096279
794680905 794680922
794680908 794680911
794680908 794680924
340096258 340096249
340096258 340096259
340096259 340096260
340096259 340096270
305779852 305779892
324803120 110613519
324803120 324803121
669166682 669166618
669166682 669166694
669166685 669166694
331467249 331467250
331467249 331467247
352718414 352718417
352718414 352746156
352718414 352718413
331467246 331467247
331467246 331467245
331467245 331467243
919238295 919238221
919238295 919238245
331467243 331467242
919238293 919238244
919238293 919238233
331467241 331467242
331467241 331467239
352718413 110613534
331465854 331465836
331465854 331465859
110613273 110613166
110613273 25656547
641468856 641468846
641468856 641468858
355737383 355737385
355737383 355737330
355737383 355737329
641468858 60709693
305781795 305781788
305781795 305781803
340221582 340221576
340221582 340221573
340221583 340221555
340221583 340221573
340221856 340221806
340221856 340221857
297600682 297601898
297600682 297600343
297600682 297600681
297600682 297600332
297600681 297600680
297600680 297600679
340221586 340221634
340221586 340221565
340221586 340221585
344968988 344968987
344968988 344968990
331235168 331235165
331235168 331235169
344968987 344968985
331235165 331235164
344968985 344968983
331235163 331235145
331235163 331235162
331235163 331241954
344968983 344968982
331235161 331235162
331235161 331235160
331235160 331235159
641468927 641468925
641468927 641468933
641468925 641468922
331235018 331235025
331235018 331235015
641468922 641468920
641468920 641468918
331235013 331235007
331235013 331235015
331235013 331235032
331235010 331235004
331235010 331235034
331235010 331235033
331235015 331235033
355741523 355741549
355741523 355741548
355741527 355741532
355741527 355741495
355741527 355741517
303410461 303410454
340221614 340221627
340221614 340221613
340221615 340221616
340221615 340221632
340221615 340221631
340221616 340221635
340221616 340221618
340221610 340221590
340221611 340221589
340221611 340221639
340221611 340221640
340221612 340221639
340221612 340221613
442292718 442292719
442292718 442292717
442292718 297601551
290929504 290928838
290929504 297601095
290929504 747054245
290929503 297601353
290929503 297601387
290929503 290929526
290929500 297601093
290929500 297601876
355741635 355741636
355741635 355741633
355741635 355741922
355741637 355741636
355741636 355741654
340221988 340221985
340221988 340221987
340221988 340221882
355741633 355741909
355741633 355741632
331465909 331467290
331465909 331465883
331465909 331465908
340221984 340221883
340221984 340221983
331465907 331465905
331465907 331467291
331465907 331465908
340221986 340221985
340221986 340221987
331465905 331465895
355741639 355741638
355741638 355741591
355741638 355741592
340221982 340221930
340221982 340221977
340221983 340221801
278464060 297594948
278464060 278464059
278464061 297594948
278464061 25655129
278464061 290931578
278464061 297596681
340221925 340221924
355741740 355741736
355741740 355741674
355741740 355741677
355741745 355741750
355741745 355742004
355741745 355741668
331465832 331465833
331465832 331465835
331465833 331465834
331465830 331465831
331465831 331465806
331465836 331465849
331465837 331465838
331465837 331465849
331465834 331465835
331465835 331465844
331465838 331465839
331465839 331465840
297599288 297599311
297599288 297599283
297599288 297599287
297599289 297599304
297599289 297599286
340221768 340221767
297599280 297599327
297599280 297599281
297599280 297599279
340221765 340221766
340221765 340221763
297599282 340096092
297599282 340096093
297599282 297599314
297599283 297599279
297599283 340096092
340221760 340221759
340221760 340221761
297599285 340096096
297599285 297599284
297599285 297599286
340221762 340221761
340221762 340221748
340221763 340221747
300526625 300526624
300526625 300526626
300526624 300526623
300526627 300526626
300526627 300526628
300526621 300526620
300526621 300526622
300526620 300526619
300526623 300526622
300526629 300526628
300526629 300526630
340221738 340221737
340221738 340221739
340221738 340221741
426978168 426978167
669166710 669166708
669166710 669166618
25655300 297600599
25655300 297600569
25655300 290929756
25655300 25655301
25655301 24568304
25655301 669166719
25655301 25655215
747054229 297600328
747054229 747054263
747054229 747054265
747054229 297600961
747054225 331467357
747054225 331467350
747054225 747054257
747054227 747054263
747054227 747054220
747054227 747054218
747054220 747054253
747054221 297600587
747054221 747054257
747054221 747054244
747054222 747054219
747054222 747054218
747054223 747054255
747054223 747054265
297601538 297601539
297601538 297601536
305781762 305781635
305781762 305781742
305781762 482486756
331467962 331467952
331467962 331467947
331467962 331467960
305781769 305781755
305781769 482486758
305781769 305781810
747054247 297600571
747054247 297600321
747054247 747054244
344969049 344969046
344969044 344969046
344969044 344969043
472881720 697437275
472881720 697437266
472881720 482486756
344969041 344968968
344969041 344969039
344969041 344969043
25656547 110613519
25656546 110613534
25656546 110613145
340096289 340096290
340096289 340096276
340096289 340096288
340096288 340096287
340096288 340096275
340096287 340096286
340096286 340096285
340096285 340096281
340096285 340096280
340096284 340096275
340096284 340096283
340096283 340096282
340096282 340096281
340096281 340096275
340096280 340096292
331467250 331467252
331467252 331467253
331467253 331467254
331467254 331467255
331467255 331467294
331467255 331467293
331467257 331467293
331467257 331467213
331467258 331467259
331467258 331467201
331467258 331467200
331467259 331467260
331241887 331241884
331241887 331241889
641468845 641468846
641468845 641468796
305781788 305781781
331241884 331241882
331241882 331241880
331241880 331241878
305781781 305782371
331241889 331241892
355732387 297594092
355732387 290931485
355732386 355732385
355732386 297594091
355732385 297594093
331235171 331235128
331235171 331235127
331235171 331235169
340096446 340096445
340096446 340096456
340096446 340096428
355737357 355737355
355737357 355737360
355737355 355737354
355737354 355737350
355737350 355737348
355737350 355741479
340096443 340096445
340096443 340096442
297600592 669166781
297600592 297600594
641468933 649195457
297600346 297600347
297600346 297600344
297600347 297600348
297600344 297600342
355742040 355742042
355742040 355742038
919238331 919238265
919238331 300526599
297600343 669166733
297600340 297600339
297600340 297600341
297600341 297600337
331235004 331235007
331235004 331235038
355742048 355742042
355742048 355742050
331241954 366267146
331241954 331241961
297600348 669166733
340096295 340096290
340096295 340096298
340096295 340096292
355741532 355741537
355741537 355741546
331467274 331467272
331467274 331467279
331467274 331467271
355741538 355741546
355741538 355741589
355741538 355741544
297600598 297600599
297600598 297600597
303421651 303421632
303421651 303421630
303421651 303421649
919238248 919238317
919238248 919238303
919238273 919238222
919238273 305305532
442292720 290929749
442292720 297600581
442292720 297601551
919238245 919238305
919238244 919238303
919238247 919238310
919238247 919238237
919238246 919238297
919238246 919238307
290928175 290928176
290928175 244214239
290928175 25655276
290928176 340196258
290928176 244214248
340221973 340221968
340221973 340221977
355741621 355741591
355741621 355741628
355741628 355741632
344968959 344968958
344968959 344968962
344968958 344968956
344968951 344968949
344968951 344968952
344968951 344968963
344968953 344968952
344968953 344968954
344968955 344968954
344968955 344968956
340221579 340221578
340221579 340221549
340221578 340221576
340221571 340221688
340221571 340221568
340221571 340221573
278464059 278464057
278464059 297597815
278464057 297597824
355741912 355741606
355741912 355741911
355741750 355741756
355741750 355741772
355741756 355741736
355741756 355741731
343696207 340221650
343696207 794676263
343696207 340222360
331234999 331235002
331234999 331234997
331465806 331465801
331465806 331465808
340221887 340221885
340221887 340221889
340221880 340221878
340221880 340221875
340221880 340221882
331465801 331465749
331465800 331465842
331465800 331465746
331465800 331465794
320808887 669166739
320808887 320808889
340221889 340221891
331234994 331235007
331234994 331234997
331465808 331465811
340221791 340221790
340221791 340221792
340221790 340221812
340221793 340221792
340221793 340221795
340221793 340221794
340221795 340221796
340221794 340221788
340221794 340221811
340221797 340221798
340221797 340221796
340221799 340221798
340221799 340221800
297599812 297599791
297599812 297599856
297599812 297599816
25655193 290929813
25655193 25655272
25655193 747054257
297599816 297599820
297599816 340096117
300526636 300526637
300526636 300526635
300526637 300526638
300526634 300526635
300526634 300526633
300526632 300526633
300526632 300526631
300526630 300526631
300526638 300526639
300526639 300526642
305787780 305787781
305787780 305787779
305787781 305787739
305787781 305783704
331465797 331465794
331465797 331465792
331465797 331465798
331465794 331465783
331465792 331465783
331465792 331465787
331465790 331465778
331465790 331465787
331465798 331465745
110613534 352718407
355741981 352724880
355741981 355742011
355741981 355741984
355741987 355741989
355741987 355742036
355741984 355741665
305782369 697437275
305782369 305781642
305782369 305783828
355741989 355741990
331241898 331241968
331241898 303408219
331241898 331241867
297601536 747054259
794680920 1166042419
794680920 794680911
794680920 794680917
794680922 794680911
794680922 794680917
297601539 566240768
305779876 697437255
305779876 305779879
305782364 305782354
305782364 305782352
305782364 305782362
305779879 305779880
331467311 331467310
331467311 331467312
331467310 331467271
331467310 331467275
331467313 331467312
331467313 331467314
331467315 331467269
331467315 331467271
331467315 331467314
331467317 331467318
331467317 331467316
331467316 331467269
331467319 331467320
331467319 331467283
331467319 331467309
331467318 331467293
340096290 340096318
305779898 697437255
305779898 305779896
340096292 340096316
297600597 297600596
297600596 297600595
297600596 297600600
297600595 297600594
297600594 297600600
340096298 340096311
340096298 340096301
305779890 305779888
305779890 305779892
305779890 305779885
297600599 290930147
297600599 290930148
305779892 305779934
305779894 305783740
305779894 305779904
305779894 305783733
305779894 305779939
305779896 697437261
344969017 566240828
344969017 344969016
344969017 344969019
331467225 331467214
331467225 331467224
331467225 331467216
331467224 331467223
331467227 331467216
331467227 331467217
331467227 331467230
331467221 331467215
331467221 331467220
331467220 331467219
331467223 331467214
331467223 331467213
355733464 290928769
355733464 355733463
331241892 331241829
331241892 331241827
331467229 331467272
331467229 331467268
331467229 331467230
331467228 331467268
331467228 331467216
355733463 355733462
355733462 290928838
340221548 340221547
340221548 340221557
340221548 340221549
340221549 340221550
355741969 355741908
355741969 355741933
355741969 355741967
303406586 303406588
303406586 426968370
355741961 355741963
355741961 352724883
355741961 366263758
303406588 25655272
303406588 303400857
355741965 355741963
355741965 355741967
355737341 355737336
355737341 355737346
355737346 355737385
355737348 355737385
355737348 355737329
331235108 331235069
331235108 331235096
641468891 597577508
641468891 641468874
669166739 320808885
669166739 669166737
340221752 340221751
340221752 340221753
669166735 669166775
669166735 669166737
669166737 669166749
297600579 297600580
297600579 297600325
919238327 919238276
919238327 919238261
919238325 300526614
919238325 919238259
355742050 355742052
919238320 919238250
919238320 919238265
290929749 305232955
290929749 297600574
297600570 297600321
297600570 290930147
297600570 297600569
297600570 297600335
297600573 297600583
297600573 297600572
297600573 297600574
297600573 297600581
297600572 297600571
297600572 297600587
297600572 297600588
297600575 297600574
297600575 297600577
331241947 303408219
331241947 366267146
919238328 426968370
919238328 919238262
355741506 355741511
355741506 355741501
355741501 355741500
355741500 355741498
21672760 297596681
21672760 303410900
566240768 566240822
340096095 340096096
340096095 297599325
303421642 303421641
303421642 303421644
919238259 919238310
303421646 297594084
303421646 303421648
303421646 297594083
303421644 303412508
919238250 919238305
919238251 919238267
919238251 919238307
566240811 566240785
566240811 566240822
566240811 747054246
355741612 355741613
355741612 355741611
355741612 355741589
355741611 355741610
355741611 355741591
355741610 355741608
355741614 355741613
355741614 355741597
340221964 25655177
340221964 340221968
340221964 340221958
297597824 297597822
344968948 344968949
344968948 344968947
344968949 344969014
344968942 344968943
344968942 344968941
110613286 352724893
110613286 110613282
110613286 293559407
344968940 344968939
344968940 344968941
344968946 344968947
344968946 344968945
344968944 344968943
344968944 344968945
305305531 303408232
305305531 303408233
305305531 331467950
305305532 919238235
305305532 303400857
305305532 303400860
290928769 297601918
290928769 669166779
290928769 290929498
340221565 340221584
340221562 340221563
340221562 340221561
340221563 340221584
340221560 340221559
340221560 340221561
331465818 331465815
355741767 355741772
355741767 355741761
331465811 331465813
331465813 331465815
355741761 355741699
340221897 340221895
340221897 340221909
340221897 340221898
340221895 340221893
340221895 340221929
340221893 340221891
340221898 340221900
340221782 340221783
340221782 340221780
340221783 340221785
340221780 340221785
340221785 340221788
297599802 297599328
297599802 297599807
297599802 297599317
340221788 340221758
340221789 340221812
297599807 297599787
303412436 303412427
303412436 303412438
303412434 303412429
303412434 303412427
303412434 303412438
303412432 303412429
303412432 303410465
303412432 303410470
303412439 303408213
303412439 303412477
303412438 303408213
300526609 300526608
300526609 300526610
300526608 300526607
300526603 300526602
300526603 300526604
300526602 300526601
300526601 300526600
300526600 300526599
300526607 300526606
300526606 300526605
300526605 300526604
303412508 303412511
303412508 303412504
340096355 340096352
340096355 340096321
340096355 340096335
340096358 340096454
340096358 340096455
340096358 340096335
303412500 303412488
303412500 303412495
303412504 303421630
303412504 303408209
355741994 355741996
355741994 355741992
303412491 303408211
303412491 303412488
303412491 303412492
355741996 355741997
355741997 355741999
355741990 355741992
355741999 355742027
340196030 244214244
641468822 641468828
641468822 597577398
303412492 303412514
303412492 303408210
439703202 439703200
439703202 439703204
439703200 439703199
439703204 649195457
331465780 331465771
331465780 331465778
331465780 331465742
331465783 331465752
331467302 331467303
331467302 331467300
331467303 331467304
331467300 331467299
331467306 331467373
331467306 331467372
331467306 331467307
331467307 331467333
331467307 331467361
331467304 331467305
331467305 331467373
331467309 331467281
297600571 297600589
305779888 305779886
297600587 297600583
297600580 305232962
297600580 297600326
297600581 297600588
297600583 297600577
305779883 305779880
305779883 697437261
305779883 305779885
297600588 297600589
297600589 297600323
305779885 305779886
303408213 303408211
303408213 303408216
340096193 340096191
340096193 340096269
340096193 340096196
340096191 340096249
340096191 340096189
340096196 340096199
340096196 340096378
340096199 340096155
340096199 340096378
439703113 439703115
439703113 439703199
355741809 355741854
331467236 331467237
331467236 331467235
331467237 331467239
331467234 331467235
331467234 331467233
331467234 331467970
331467232 331467195
331467232 331467233
331467232 331467968
340096173 340096169
340096173 340096175
340096175 340096178
340096175 340096249
355741979 355741977
355741979 366263758
355741973 355741971
355741973 355741664
355741971 355741977
355741977 355741975
355741975 355741664
355741975 355741665
331235116 331235041
331235116 331235115
355737334 355737336
355737334 355737332
331235114 331235057
331235114 331235131
331235115 331235130
331235115 331235131
331235112 331235137
331235112 331235113
331235113 331235110
331235110 331235111
331235111 331235071
331235111 331235137
60709694 641468862
60709694 297600959
60709694 60709695
669166729 669166723
669166729 669166773
641468959 977504728
641468959 641468950
669166723 669166725
919238317 919238261
641468950 641468952
669166725 669166719
293559407 300523632
290929750 297600324
290929750 297600326
290929750 244214248
297600569 25655214
290929756 297600321
290929756 297600323
297600960 297600959
297600960 290930154
297600960 290930153
297600961 297600959
297600961 60709693
977504796 977504719
977504796 644711576
919238267 919238333
919238262 303408221
355741608 355741607
320808899 320808898
320808898 320808897
355741604 355741605
355741604 355741603
355741605 355741606
355741605 355741863
355741606 355741607
355741606 355741918
355741600 355741599
355741600 355741601
355741601 355741603
320808891 320808889
320808891 320808892
340221955 340221952
340221955 340221958
340221952 340221949
25655180 25655177
25655180 305809595
25655180 794676263
25655180 794676298
340221958 340222362
344968978 344968976
344968978 344968980
344968976 344968975
344968975 344968973
344968973 344968971
344968971 344968969
340221553 340221552
340221553 340221554
340221552 340221551
340221551 340221550
340221557 340221558
340221557 340221587
340221556 340221701
340221556 340221547
340221556 340221555
340221555 340221554
355741511 355741482
355741511 355741480
340221559 340221558
340221558 340221595
355741517 355741542
355741517 355741549
290931578 290931403
290931578 303410900
290931578 290931486
355741776 355742004
355741776 355742002
355741776 355741780
331465866 331465885
331465866 331465881
331465866 331465880
303421641 303421639
297599834 297599829
297599834 297599840
305783756 305783744
305783756 305783828
290931486 290931398
290931486 290931457
290931485 297594096
290931485 290931457
303421649 303421648
355741934 355741879
355741934 352724886
355741934 355741939
110613519 305781736
110613519 352724886
300526618 300526617
300526618 300526619
300526614 300526615
300526614 300526613
300526615 300526616
300526616 300526617
300526610 300526611
300526611 300526612
300526612 300526613
300526613 919238221
303412514 303412495
303412514 303412511
344969097 344969096
344969097 344969098
344969096 344969095
344969095 344969094
344969095 344969108
344969094 344969102
344969094 344969093
344969093 344969091
344969091 344969088
344969091 344969102
344969099 344969100
344969099 344969106
344969099 344969098
303408211 303412481
297599787 340096108
297599787 297599328
303412429 303412458
331467341 331467342
331467341 331467324
331467341 331467340
303412427 303410465
331467337 331467336
331467337 331467338
331467336 331467346
331467336 331467335
331467335 331467359
331467335 331467347
331467334 331467359
331467334 331467333
331467334 331467363
331467333 331467327
331467331 331467326
331467331 331467330
331467330 331467329
305781688 305781692
305781688 305781684
331467339 331467340
331467339 331467338
297601353 747054261
297601353 297601095
297601353 297600678
340096184 340096186
340096184 340096182
331467930 331467367
340096186 340096189
340096180 340096178
340096180 340096182
331467936 331467950
331467936 331467927
331467936 331467949
331467939 331467940
331467939 331467924
331467209 331467202
331467209 331467201
331467209 331467210
331467202 331467214
331467202 331467215
331467201 331467211
331467200 331467199
331467207 331467206
331467207 331467186
331467207 331467185
331467206 331467205
331467205 331467204
331467204 331467215
340096169 340096166
340096162 340096159
340096162 340096164
340096166 297599874
340096164 297599318
340096164 297599845
355741949 355741908
355741949 355741943
355741949 355741955
355741943 355741959
355741943 355741907
355737326 355737325
355737326 355741473
355737326 355737329
355737325 355737333
919238297 919238234
297601880 290929498
297601880 297601876
352718417 352718422
669166719 10703826
305781664 305781659
305781664 305781667
305781667 305781670
331241961 331241966
331241966 331241968
331241968 331241904
355737381 355737379
355737381 355737395
331235129 331235128
331235129 331235138
331235129 331235154
919238276 919238230
305781659 305781733
305781659 305781654
331235123 331235071
331235123 331235070
331235123 331235124
331235127 331235126
331235127 331235157
331235126 331235124
320808880 320808882
320808880 669166764
340221949 340221945
320808882 320808883
320808883 320808885
566240838 566240840
340221942 340221939
340221942 340221945
566240830 566240828
305809595 1166042422
344968962 297599275
344968963 344969109
344968963 344968964
344968964 344969116
344968964 344968966
305782368 697437277
305782368 305782366
305782368 305782358
344968966 344968968
344968966 344969084
344968968 344968969
305782366 305782352
305782361 305782359
305782361 305782362
340221737 340221745
340221737 340221692
355741569 355741567
355741569 355741669
355741569 355741570
355741565 355737379
355741565 355741564
355741565 355741567
355741564 355741566
355741564 355741563
355741567 355741719
355741566 355741588
355741561 355741554
355741561 355741560
355741560 355737376
355741563 355741553
355741704 355741699
355741704 355741709
355741704 355741804
331465878 331465877
331465878 331465879
331465879 331465849
331465877 331465873
977504728 1017997480
331465873 331465880
352724875 355742038
352724875 352724878
352724875 352724873
352724873 352724893
352724878 352724880
352724878 355742036
297599820 297599823
297599823 340096111
297599829 340096112
305783740 305783744
305783744 305783747
305783747 305782382
305783747 305783729
305783828 305782382
355737360 355737365
300526574 300526698
300526574 300526578
331235164 331235141
344968982 344968980
300526579 300526580
300526579 300526578
300526578 919238286
355737365 355737371
597567404 352744762
597567404 352718421
340221857 340221859
344969088 344969086
344969089 344969103
344969089 344969102
344969089 344969071
344969080 344969081
344969080 344969079
344969081 344969082
344969082 344969083
344969082 344969116
344969083 344969084
344969085 344969101
344969085 344969086
344969085 344969069
340096378 297599308
352744762 300523654
303412458 303412454
303412454 303412450
340221855 340221816
340221855 340221854
303412450 303412447
305781697 305781626
305781697 305781629
305781697 305781692
297599901 297599892
297599901 297599906
305779904 305781639
305779904 697437272
305779904 305781642
303421636 303421637
303421636 303421634
290929813 290929793
290929813 25655214
303421634 303410470
331467922 331467921
331467922 331467924
331467920 331467921
331467920 331467919
331467927 331467368
331467927 331467924
919238222 919238286
303421639 303421637
331467219 331467217
331467210 331467211
331467211 331467213
297601387 747054216
305232957 305232955
305232957 305232958
305232954 305232955
305232954 305232953
305232952 305232953
305232952 305232951
340096159 340096157
340096157 297599318
340096157 297599319
340096155 340096153
340096153 297599319
340096153 340096151
305232958 305232959
305232959 305232962
697437269 697437267
697437269 697437270
697437264 305781651
697437264 697437263
697437267 305781624
697437267 305781626
697437267 697437260
697437266 697437272
697437266 697437270
697437261 697437255
697437261 697437273
697437260 305781621
697437260 697437258
697437260 305781622
697437263 305781612
331467328 331467329
331467328 331467344
331467328 331467327
355741955 355741959
331467320 331467321
331467320 331467326
355741959 355741939
331467322 331467321
331467322 331467323
331467323 331467342
331467324 331467345
331467325 331467345
331467325 331467290
331467325 331467350
331467326 331467327
344513500 303408234
344513500 25655163
669166708 669166741
305781673 305781670
305781673 305781677
305781677 305781680
331241917 331241919
331241917 331241913
331241913 331241909
331241919 331241923
794676263 1166042419
794676263 794676298
297594948 297597826
340221910 340221912
340221910 340221909
297599324 340096140
297599324 297599320
340221915 340221916
340221915 340221914
340221666 340221670
340221666 340221662
331241829 331241833
331235138 331235139
331235139 331235140
331235134 331235135
331235134 331235132
331235135 331235136
331235136 331235137
331235130 331235147
331235130 331235146
331235131 331235132
340221689 340221688
566240823 566240828
566240823 566240840
340221939 340221938
340221938 340221937
340221935 340221912
340221935 340221934
340221934 340221933
340221937 340221936
340221936 340221930
340221936 340221929
340221931 340221932
340221686 340221687
340221686 340221685
340221933 340221932
340221684 340221683
340221684 340221685
305782379 305782377
305782379 305782380
305782377 697437276
305782375 697437276
305782375 305782373
305782373 697437274
305782371 697437274
305782371 305781803
355741576 355741577
355741576 355741575
355741577 355741583
355741575 355741573
331235041 331235057
331235041 331235049
355741573 355741570
340221841 340221844
340221841 340222362
331465842 331465841
331465842 331465883
355741714 355741709
355741714 355741719
331465840 331465841
340221845 340221844
340221845 340221846
340221847 340221848
340221847 340221846
331465844 331465752
340221848 340221850
340221595 340221594
340221594 340221593
340221593 340221592
340221592 340221628
340221592 340221591
340221591 340221627
110613166 110613159
297599856 290931398
297599856 297599861
297599851 297599865
297599851 340096117
297599851 340096115
344968934 344968931
344968934 344968936
305783733 305783719
305783733 305779948
340222360 340221822
340222360 340221821
340222362 340221836
340096151 340096149
60709693 60709692
340221618 340221622
303412447 303412445
303412445 303412443
303412443 303412469
303412443 303412463
303412441 303412477
303412441 303412469
305781803 305781755
331465739 331465738
331465739 331465740
331465738 331465737
331465731 331465730
331465731 331465732
331465730 331465729
331465730 331465725
331465733 331465732
331465733 331465734
331465735 331465734
331465735 331465736
331465737 331465736
331467283 331467282
331467283 331467284
355741813 355741818
355741813 355741804
355741818 355741823
352724883 352724882
352724883 366263754
331467917 331467916
331467917 331467970
331467917 331467907
331467916 331467915
331467915 331467914
331467914 331467912
331467912 331467294
331467912 331467296
331467911 331467364
331467911 331467910
331467910 331467909
331467919 331467918
331467918 331467906
355741731 355741668
340096140 340096142
340096140 340096147
340096142 340096144
340096416 340096276
340096416 340096418
340096416 340096269
340096147 340096144
340096147 297599307
340096149 340096144
340096418 340096420
355741892 355741899
355741892 355741885
697437276 697437274
697437276 697437277
697437277 305782382
697437274 697437275
697437275 305781637
697437272 697437273
697437272 305779900
355741927 355741933
355741927 355741922
331467359 331467358
331467358 331467362
340096098 297599312
340096098 297599313
355741922 355741908
331467354 331467347
331467354 331467360
331467354 331467353
331467357 331467356
331467356 331467355
340096093 297599284
331467353 331467352
331467352 331467351
303408221 919238249
303408221 303408222
303408220 426968370
303408220 331241867
303408220 331241827
303408222 303400860
303408222 305305525
303408229 340221588
303408229 303408228
303408229 25655130
303408228 340096316
303408228 340096335
340221985 340221883
669166775 669166777
669166777 669166779
669166770 669166741
669166770 669166768
669166773 669166781
669166773 669166768
305781646 305781642
305781646 305781639
669166779 25936035
331241904 331241909
10703826 669166783
10703826 110613282
290928838 669166783
340096121 340096120
340096121 297599314
331241833 331241844
340221698 340221697
340221698 340221699
340221699 340221700
340221928 340221918
340221694 340221695
340221694 340221693
340221695 340221697
340221697 340221736
340221922 340221921
340221691 340221687
340221691 340221692
340221920 340221919
340221920 340221921
355741495 355741494
355741495 355741496
355741494 355741492
355741497 355741477
355741497 355741498
340096352 340096454
355741491 355741490
355741491 355741492
355741490 355741489
305782349 305782356
305782349 305782350
355741543 355741546
355741543 355741544
355741542 355741595
355741542 355741589
355741547 355741548
355741547 355741559
977504699 977504719
977504699 977504756
355741549 355741550
355741548 355741478
297600339 297600338
355741723 355741672
355741723 355741727
355741723 355741674
340221852 340221853
340221852 340221851
340221853 340221854
340221850 340221851
340221584 340221585
340221587 340221588
340221588 340221589
340221589 340221590
340221859 340221860
331465859 331465885
110613159 110613154
110613154 110613145
297599845 297599886
297599845 297599840
300523676 300523685
300523676 300523681
305783729 305783704
305783729 305783719
331465778 331465776
308814375 308814374
308814375 25655265
308814374 25655139
25655272 25655266
25655276 25655177
25655276 25655131
25655278 1017997541
331235059 331235057
331235059 331235058
331235149 331235148
331235149 331235150
331235148 331235147
297601543 747054243
297601543 297601544
297601544 297601549
297601549 297601550
303412472 303412469
303412472 303412475
303412477 303412475
597577398 641468878
305781810 305782350
305781810 747054271
297599880 297599886
297599880 297599874
331465728 331465729
331465728 331465727
331465729 331465726
331235147 331235154
331465722 331465721
331465722 331465724
331465723 331465726
331465723 331465706
331465723 331465724
331465720 331465721
331465720 331465719
331465727 331465712
331465724 331465748
331465725 331465747
331467908 331467909
331467908 331467907
331467903 331467904
331467903 331467906
331467904 331467905
331467905 331467906
331467907 331467943
340096318 340096321
340096316 340096332
340096311 340096308
340096311 340096313
340096313 340096324
340096313 340096332
340096420 340096431
340096428 340096431
340096456 340096455
305778003 305779806
331467348 331467347
331467348 331467349
331467349 331467351
331467349 331467350
331467346 331467345
331467344 331467343
331467342 331467343
355741939 352724882
303408232 331467968
303408233 303400857
303408233 25655265
303408233 305305525
340096452 340096438
340096452 340096453
340096453 340096454
297599281 297599315
340221766 340221767
340221766 340221801
305781651 305781609
305781651 305781730
669166764 669166749
340221767 340221800
305781654 305781609
305781654 305781736
331241937 331241869
331241937 331241929
669166768 669166791
297599286 297599287
305781730 305781728
300523685 300523649
300523681 300523654
303421632 303410474
303421632 303410470
303421630 297594096
297599906 297599910
1017997489 1017997490
1017997480 977504712
340221912 340221914
340221662 340221659
340221917 340221919
340221917 340221916
566240840 344969016
340221919 340221918
340221918 340221873
355741486 355741476
355741486 355741485
344968939 344968936
355741485 355741484
355741482 355741483
355741483 355741484
355741480 355741474
355741480 355741488
344968931 297599275
344968931 297599276
355741488 355741489
305782354 305782356
305782352 747054271
305782358 305782380
305782358 305782359
355741554 355741555
355741554 355741553
355741555 355741557
355741555 355741558
355741557 355741559
355741550 355741552
331241827 331241865
355741552 355741553
355741558 355741559
340221867 340221865
340221867 340221868
340221865 340221905
340221865 340221863
340221863 340221875
340221863 340221862
340221862 340221803
340221862 340221860
566240824 566240828
566240824 297599277
566240824 297599276
340221868 340221870
297599874 297599865
355741496 355741477
355741496 355741478
340221687 340221647
297599275 297597826
297599274 297597826
297599274 297597822
297599274 297599278
297599277 297599278
25655129 25655130
25655129 290931398
340096469 340096468
340096469 340096470
331235157 331235159
297599309 297599308
297599309 340096102
297599308 297599307
297599304 297599307
25655262 110622704
25655266 25655268
25655266 110622704
25655265 303408218
25655268 25655214
305783719 305783714
331465889 331465890
331465889 331465888
331465888 331465887
331465887 331465886
331465886 331465885
331465886 331467194
305783710 305783708
305783710 305783714
331465883 331465882
331465882 331465881
297601550 297601551
331465884 331465841
331465884 331465880
303412463 303412486
303412488 303412481
331465719 331465740
331465718 331465717
331465718 331465740
331465718 331465741
331465717 331465749
331465717 331465705
331465716 331465715
331465716 331465705
331465715 331465714
331465715 290928079
331465714 331465713
331465714 331465746
303412486 303412484
331465712 331465713
331465712 331465711
303412484 303412482
331465710 331465709
331465710 331465711
747054259 747054263
355741835 355741832
355741835 355741841
355741832 355741827
747054253 747054219
747054255 747054261
747054257 1166042444
340096308 340096305
110622704 303408218
110622704 303408216
340096305 340096303
340096303 340096301
340096438 340096440
340096438 340096436
340096431 340096467
340096434 340096470
340096434 340096436
340096126 340096125
340096126 340096122
340096126 297599329
8810007 320310525
340096125 340096123
340096122 340096123
340096122 297599336
340096120 340096118
305779948 305779952
305779943 305779952
305779943 305779825
305779943 305779906
8810008 25936035
8810008 320310525
344969039 344969038
344969039 344969016
344969038 344969036
355741909 355741911
697437257 697437255
697437257 305779900
355741903 355741902
355741903 355741885
355741903 355741904
355741902 355741899
344969033 344969031
344969033 344969035
697437258 305781609
697437258 305779900
355741906 355741907
355741906 355741904
331467373 331467374
331467372 331467371
331467371 331467370
331467370 331467369
331467377 331467297
331467377 331467376
331467376 331467375
331467375 331467374
340221631 340221646
340221631 340221633
352746149 352746150
303408209 303408210
305781624 305781622
305781626 305781701
305781621 305781619
331241929 331241926
331241926 331241923
305781629 305781631
297594085 297594084
297594085 297594086
297594085 297594095
297594084 297594096
1017997541 1017997503
1017997541 1017997490
1017997541 244214239
331235071 331235073
331235070 331235069
331235073 331235040
331235073 331235039
331235074 331235086
331235074 331235039
794676298 25655163
331241865 331241863
644711578 439703115
644711578 644711576
297599910 297599869
919238234 919238288
919238235 919238289
919238237 919238232
919238230 919238288
1017997490 244214231
919238232 919238282
919238233 300526687
340221904 340221905
340221904 340221902
340221670 340221678
340221907 340221872
340221907 340221909
340221900 340221902
297597815 297597817
297597815 297597821
340221678 340221683
355737330 355737332
355737333 355737402
355737333 355737332
340221878 340221877
340221870 340221872
340221872 340221873
340221873 340221807
340221875 340221877
355741588 355741587
355741587 355741586
355741586 355741585
355741585 355741583
297599869 340096115
297599865 297599861
290931458 290931403
290931458 290931401
340221700 340221726
340221701 340221726
340221701 340221743
290931457 290931401
25655139 25655138
25655139 25655137
25655138 300084249
25655138 25655137
25655131 25655130
25655137 290931398
290928079 1166042444
290928079 1166042422
290928079 1166042443
297599318 297599317
297599319 297599320
297599312 340096099
297599313 340096097
297599310 297599311
297599310 340096101
297599316 297599336
297599316 297599315
297599317 297599797
297599314 340096104
297599315 340096104
331465890 331465891
331465891 331465895
305783708 305783704
340221632 340221633
340221632 340221630
641468952 597577508
303412482 303412481
331235146 331235145
331465705 331465706
331465706 331465707
331465707 331465708
331465708 331465709
355741823 355741827
747054249 747054219
747054249 747054216
747054249 747054246
331467968 331467964
747054243 747054273
747054243 747054246
331467964 331467945
331467964 331467947
747054241 747054216
747054241 747054210
747054244 290929793
747054245 747054210
747054245 244214243
340096332 340096330
340096330 340096326
340096119 297599326
340096119 340096118
340096445 340096440
340096112 340096111
340096110 340096109
340096110 297599791
340096440 340096442
305781701 305781612
305781701 305781704
305781704 305781709
305781709 305781715
344969029 344969031
344969029 344969024
355741918 355741911
344969021 344969019
344969021 344969024
331467364 331467365
331467364 331467296
331467365 331467366
331467366 331467367
331467367 331467368
331467360 331467355
331467360 331467361
331467361 331467362
331467362 331467363
331467368 331467369
352746153 352746150
352746153 352746155
352746156 352746155
669166749 669166747
669166745 669166783
669166745 669166747
305781637 305781755
305781637 482486756
331235086 331235096
305781635 305781633
305781633 305781631
297594094 297594095
297594094 297594093
297594092 297594093
297594090 297594091
355742027 355742029
355742027 355742002
355742029 355742031
303408218 303408219
303408218 303408216
331241867 331241869
331241860 331241852
331241860 331241863
281875520 281875518
281875520 281875522
641468828 641468811
281875522 244214241
331241869 331241875
303408216 300084250
340221647 340221646
340221647 340221648
340221646 340221649
340221645 340221644
340221645 340221649
340221644 340221643
340221644 340221641
340221643 340221642
340221642 340221641
340221641 340221640
340221640 340221650
340221649 340221648
641468798 641468799
641468798 641468811
641468799 641468796
305781715 305781722
340221809 340221808
340221809 340221810
340221808 340221807
340221805 340221804
340221805 340221806
340221804 340221803
340221807 340221806
340221801 340221882
300084250 300084249
355741592 355741593
355741593 355741594
355741594 355741595
355741597 355741598
355741598 355741599
355741598 355741858
355741599 355741871
297599892 297599886
340221692 340221693
300523643 300523644
300523643 300523638
300523644 300523649
340221739 340221740
340221736 340221735
340221735 340221734
340221734 340221733
340221733 340221732
340221732 340221744
340221732 340221731
340221731 340221730
340221730 340221744
297599329 297599332
297599329 297599328
297599327 340096107
297599327 297599791
297599326 297599325
344969036 344969035
320808897 320808896
244214239 340196258
244214232 1017997503
244214231 977504732
244214231 340196258
244214231 244214230
244214230 281875518
244214230 244214226
60709695 60709692
320808892 320808896
305779810 305779806
305779810 305779832
297597819 297597817
297597819 297597821
305779819 305779822
331235152 331235153
331235152 331235151
331465776 331465773
331465771 331465741
331465771 331465755
355741858 355741879
355741858 355741863
331465773 331465755
355741854 355741850
355741850 355741845
331467952 331467948
331467952 331467954
331467956 331467958
331467956 331467954
331467958 331467960
340096324 340096326
340096324 340096321
340096108 340096107
340096109 297599797
340096105 340096106
340096105 297599334
340096100 340096099
340096101 340096102
305779925 305779927
305779925 305779922
305781736 305781739
305779927 305779928
305781733 305781746
305779920 305779918
305779920 305779922
305779928 305779931
305781739 305781746
305781739 305781751
344969014 344969013
344969013 344969011
344969011 344969009
297600577 290930160
297601918 297601910
297601918 244214226
297601910 297601898
340221658 340221659
340221658 340221657
352718410 352718411
355742032 355742031
355742032 355742034
1017997527 977504732
1017997527 244214244
355742036 355742034
300523633 300523635
300523633 300523632
331235058 331235040
305305525 919238280
331465743 331465744
331465743 331465742
340221652 340221651
340221652 340221653
340221655 340221654
340221655 340221656
331241875 331241878
355741665 355741666
340221728 340221729
340221728 340221727
340221729 340221744
352718411 352718407
340221818 340221817
340221818 340221819
340221819 340221820
340221816 340221817
340221814 340221812
340221814 340221813
340221810 340221811
290930146 297600335
290930146 290929793
303410478 303410474
303410478 303410454
290930148 297600338
300523635 300523636
355741691 355741686
355741691 355741695
300523636 300523638
355741695 355741699
340221650 340221651
340221653 340221654
340221656 340221657
24568304 110613277
305787779 305787777
340221726 340221727
305787775 305787774
305787775 305787776
305787774 305787773
305787777 305787776
305787771 305787772
305787771 305787769
305787773 305779828
305787773 305779825
305787772 305779828
355741671 355741670
355741671 355741672
355741670 355741669
355741677 355741682
1166042422 25655177
340196258 244214241
297599332 297599334
297599336 340096106
300526683 300526681
300526683 300526685
300526681 300526679
300526687 300526689
300526687 300526685
300526689 300526691
244214226 649199214
300526669 300526671
300526669 300526667
300526661 300526660
300526661 300526662
300526663 300526662
300526663 300526665
300526665 300526667
300526597 300526596
300526597 300526598
300526596 300526595
300526595 300526594
300526594 300526592
300526592 300526591
300526591 300526590
300526590 300526589
300526599 919238249
300526599 300526598
331465766 331465764
331465766 331465741
331465766 331465769
331465764 331465762
331465762 331465760
331465760 331465757
355741845 355741841
331465769 331465757
331465769 331465755
331467945 331467946
331467945 331467943
331467946 331467947
331467940 331467943
331467948 331467949
305781728 305781725
340096467 340096468
340096467 340096470
305781722 305781725
305779934 305779931
305779934 305779939
297600678 747054261
297600678 297600329
297600678 290930151
297600678 297600679
305779939 305779906
344969001 344969003
344969001 344968999
344969003 344969004
344969004 344969007
344969009 344969007
297597822 297597821
340096268 340096265
340096268 340096267
340096265 340096261
297600342 297600337
340096267 340096266
340096266 340096261
340096261 340096260
919238333 919238282
305781619 305781616
305781614 305781616
305781614 305781612
331235002 331235038
355742006 355742011
355742006 355742004
355742002 355742054
331235049 331235030
331235049 331235027
977504712 1017997493
352718421 352718422
331241844 331241852
340221823 340221822
340221823 340221824
340221821 340221820
340221827 340221828
340221827 340221826
340221826 340221825
340221825 340221824
352724880 366263754
352724882 352724886
340221828 340221829
1017997493 977504756
290930156 290930154
290930156 297600327
290930157 290930158
290930157 297600327
290930152 297600328
290930152 297600329
290930153 297600328
290930151 297600332
290930158 290930159
290930159 297600326
355741686 355741682
340221629 340221628
340221629 340221630
340221628 340221634
340221625 340221626
340221625 340221622
340221627 340221626
340221755 340221754
340221755 340221756
340221754 340221753
340221757 340221756
340221757 340221759
340221757 340221758
340221751 340221750
340221750 340221749
305787769 305787766
340221758 340221743
355741668 355741666
355741663 355741661
355741663 355741664
355741660 355741661
355741660 355741659
32438694 244214244
649199215 244214243
300526697 300526695
300526697 300526698
300526691 300526693
300526693 300526695
300526679 300526677
300526673 300526671
300526673 300526675
300526677 300526675
300526588 300526589
300526588 300526587
300526580 300526581
300526581 300526582
300526582 300526583
300526583 300526584
300526584 300526585
300526585 300526586
300526586 300526587
305779832 305779828
331465752 331465755
355741871 355741863
366263758 366263754
355741879 355741885
305779909 305779908
305779909 305779911
305779908 305779822
305779908 305779906
305781751 482486758
305781751 305781742
344969075 344969076
344969075 344969073
344969077 344969076
344969077 344969078
344969071 344969070
344969071 344969072
344969070 344969069
344969073 344969072
344969079 344969078
344969079 344969115
340096278 340096274
340096278 340096275
340096278 340096279
340096274 340096273
340096272 340096273
340096272 340096271
340096270 340096271
331467197 331467196
331467197 331467199
331467196 331467195
331467196 331467265
331467195 331467185
331467194 331467191
331467191 331467190
331467190 331467189
669166793 669166791
344969109 344969110
344969108 344969107
344969101 344969100
344969100 344969105
344969103 344969104
344969103 344969115
344969105 344969104
344969105 344969114
344969107 344969106
331467282 331467281
331467281 331467275
331467287 331467288
331467287 331467285
331467285 331467284
331467284 331467288
331467288 331467290
331235035 331235034
331235035 331235036
331235034 331235027
331235037 331235036
331235037 331235033
331235030 331235032
331235039 331235038
331467269 331467268
331467260 331467262
331467263 331467262
331467263 331467265
641468878 641468864
641468874 641468877
641468877 641468864
331467278 331467279
331467278 331467277
355741477 355741476
355741476 355741474
355741474 355741473
331235141 331235140
331235141 331235142
331235143 331235142
331235143 331235145
355741479 355741478
331467277 331467291
331467277 331467275
641468900 641468904
641468900 641468860
641468902 641468904
641468902 641468907
641468907 641468911
340221836 340221832
340221832 340221829
290930160 297600325
340221638 340221637
340221638 340221639
340221636 340221637
340221636 340221635
340221634 340221633
290929526 297601094
340221746 340221747
340221746 340221745
340221747 340221748
340221743 340221741
340221740 340221741
340221748 340221749
355741659 355741658
355741658 355741656
355741656 355741655
355741655 355741654
25655177 1166042444
25655177 1166042443
25655177 297600324
331467189 331467187
355741789 355741784
355741784 355741780
25655214 25655215
244214246 244214244
244214246 244214248
244214243 244214241
300526649 300526648
300526648 300526647
300526647 300526646
300526646 300526645
300526645 300526644
300526644 300526643
300526643 300526642
344968998 344968996
344968998 344968999
355737371 355737374
331235153 331235154
340221885 340221883
331235151 331235150
331465748 331465747
331465744 331465745
331465745 331465746
344968990 344968991
355742054 355742052
482486758 482486756
305779918 305779916
305781746 305781742
305779915 305779916
305779915 305779913
305779911 305779913
305781680 305781684
344969062 344969061
297601093 297601094
344969112 344969113
344969112 344969111
344969113 344969114
344969110 344969111
331467296 331467297
331467297 331467299
331235027 331235025
290929793 297600321
352718409 352718408
352718409 352718407
352718408 352718405
919238289 919238280
355737395 355737402
641468862 641468860
331467186 331467187
355737379 355737376
344968995 344968996
344968995 344968993
110613277 110613282
344968991 344968993
355737374 355737376
641468911 641468918
297600324 297600325
297600325 297600326
