340221581 14.4326459 50.0868542
21672751 14.4303117 50.0795032
21672755 14.4280882 50.0837259
21672756 14.4296627 50.082596
303410444 14.4282614 50.0853694
320808879 14.4330101 50.0809633
320808878 14.4336053 50.0813473
303410448 14.4279819 50.0851186
331467933 14.4320627 50.0848981
340221926 14.4350635 50.0869614
340221607 14.432543 50.0862729
340221606 14.432542 50.086285
340221605 14.4325191 50.0862831
340221927 14.4351655 50.0871208
331467935 14.4320976 50.0849165
340221609 14.4325281 50.0862493
297599296 14.4302239 50.0866449
297599294 14.4302438 50.086853
297599293 14.4301676 50.0868527
297599292 14.4301121 50.0869741
297599291 14.4300707 50.0869814
297599290 14.4300586 50.0869458
340221690 14.432655 50.0867142
340221923 14.4348723 50.086974
355741640 14.4305 50.0808455
355741642 14.4304602 50.0808165
355741643 14.4303875 50.0808645
355741644 14.4305664 50.080747
355741645 14.4305159 50.0807814
355741646 14.4305372 50.0807981
340096264 14.4307942 50.0862887
355741649 14.4304979 50.080825
25655140 14.4318618 50.086012
25655141 14.431566 50.0855937
320808901 14.4336724 50.0811238
320808903 14.4336757 50.0811616
320808902 14.4336446 50.0811385
320808904 14.4337035 50.0812802
355741799 14.4306027 50.0803975
355741793 14.4306154 50.080415
331465820 14.4331238 50.0857161
331465822 14.4326422 50.0857701
331465827 14.4329824 50.0855256
331465826 14.4329169 50.0854941
331465829 14.4328772 50.0857093
331465828 14.4328 50.0856906
340221772 14.4340204 50.0868728
340221776 14.4339131 50.0868784
300526650 14.4308589 50.0849043
300526651 14.4308415 50.0849002
300526652 14.4308341 50.0849127
300526653 14.430778 50.0849011
300526654 14.4307861 50.0848875
300526655 14.4307629 50.0848819
300526656 14.4307562 50.0848938
300526657 14.4307116 50.0848828
300526658 14.4307354 50.0848375
300526659 14.4307569 50.0848319
426978174 14.4369637 50.0868645
426978171 14.4371642 50.087413
426978170 14.435655 50.0872755
426978173 14.4370561 50.086891
426978172 14.4371091 50.086959
747054239 14.4343463 50.0840091
747054231 14.4303348 50.0817081
305232949 14.4350856 50.0854411
305781775 14.4296851 50.08184
344969059 14.4316292 50.0882253
340096380 14.4307846 50.0871391
344969053 14.4312956 50.0882105
344969050 14.4312972 50.0881952
344969056 14.4314714 50.088209
344969054 14.4314756 50.0882206
340096254 14.4306804 50.0861061
794680903 14.4321874 50.0858779
340096256 14.4306623 50.0861867
340096257 14.4306907 50.08619
340096251 14.4307644 50.0859803
340096252 14.4307321 50.0861111
794680905 14.4323009 50.0858354
794680908 14.4322155 50.0859803
340096258 14.4307308 50.086297
340096259 14.4307515 50.0862921
305779852 14.4281565 50.0819589
324803120 14.4299277 50.0814304
324803121 14.4304865 50.0810488
669166682 14.4326089 50.0794008
669166685 14.432909 50.0795813
331467249 14.4322199 50.0852741
352718414 14.4287316 50.0801004
331467246 14.4321863 50.0852999
331467245 14.4321995 50.0853055
919238295 14.4305819 50.0850359
331467243 14.4321781 50.0853345
919238293 14.4304414 50.0847329
331467241 14.4321484 50.0853984
352718413 14.4283617 50.0803549
331465854 14.4330946 50.0853435
110613273 14.4301088 50.0797016
641468856 14.4344468 50.0820184
355737383 14.4306063 50.0815629
641468858 14.434418 50.0821551
305781795 14.4296458 50.0816022
340221582 14.4326266 50.0867913
340221583 14.4327414 50.0868426
340221856 14.4343192 50.0870382
297600682 14.433702 50.0819844
297600681 14.4336342 50.0820279
297600680 14.4335889 50.082115
340221586 14.4326224 50.0866247
344968988 14.4308832 50.0879926
331235168 14.4302548 50.0841403
344968987 14.4308863 50.0880052
331235165 14.4300822 50.0840562
344968985 14.4308964 50.0880156
331235163 14.4298086 50.0841046
344968983 14.4308947 50.0880238
331235161 14.4300033 50.0841359
331235160 14.4300705 50.0841716
641468927 14.4381617 50.0861103
641468925 14.4380921 50.0860483
331235018 14.4315485 50.0845942
641468922 14.4379019 50.0861103
641468920 14.4378806 50.0860966
331235013 14.4316335 50.0847195
331235010 14.431296 50.0845557
331235015 14.4314843 50.0846488
355741523 14.4308536 50.0811104
355741527 14.4307211 50.0810972
303410461 14.4281906 50.0853291
340221614 14.4327267 50.086364
340221615 14.4328162 50.0865304
340221616 14.4327645 50.0864214
340221610 14.432532 50.0862244
340221611 14.4327993 50.0861735
340221612 14.4327794 50.0863035
340221613 14.4327397 50.0863016
442292718 14.4346354 50.0841478
290929504 14.4340475 50.0823032
290929503 14.4337883 50.0826569
290929500 14.4336408 50.082898
355741635 14.4300476 50.0808755
355741637 14.4302135 50.0807518
355741636 14.4301109 50.0808223
340221988 14.434275 50.0867479
355741633 14.4300165 50.0809035
331465909 14.4332962 50.0848887
340221984 14.4344407 50.0866412
331465907 14.4331099 50.0849816
340221986 14.4343903 50.0867095
331465905 14.4330953 50.0849996
355741639 14.4304283 50.0808914
355741638 14.4304365 50.0808968
340221982 14.4348472 50.0866164
340221983 14.4342141 50.0866652
278464060 14.4286555 50.0875282
278464061 14.4287377 50.0871788
340221925 14.434965 50.086987
355741740 14.4306017 50.0806717
355741745 14.4304236 50.0806211
331465832 14.433042 50.0856066
331465833 14.4329742 50.0855811
331465830 14.4329298 50.0856516
331465831 14.4329847 50.0856688
331465836 14.4329824 50.0854408
331465837 14.4331951 50.0855376
331465834 14.4330139 50.0855391
331465835 14.4330841 50.0855706
331465838 14.4333447 50.0854048
331465839 14.4333225 50.0853778
297599288 14.4300069 50.0871348
297599289 14.430079 50.0866497
340221768 14.4340149 50.0868321
297599280 14.4291714 50.0866319
340221765 14.4340044 50.0867446
297599282 14.4293873 50.0869787
297599283 14.4293404 50.0871385
340221760 14.4336453 50.0869417
297599285 14.429865 50.0866454
340221762 14.4336157 50.0869184
340221763 14.4339902 50.0866824
300526625 14.4307257 50.0850135
300526624 14.4307357 50.0850165
300526627 14.430782 50.0849999
300526626 14.4307398 50.0849883
300526621 14.4307267 50.0850376
300526620 14.4307257 50.0850435
300526623 14.4307398 50.0850236
300526622 14.4307381 50.0850333
300526629 14.4307928 50.0850169
300526628 14.4307743 50.0850139
340221738 14.4334166 50.0869724
426978168 14.4362307 50.08707
426978167 14.4371406 50.0871091
669166710 14.4312151 50.0798261
25655300 14.432601 50.0823887
25655301 14.4317024 50.0813051
747054229 14.4334921 50.0830021
747054225 14.4327654 50.0841008
747054227 14.4337976 50.0833197
747054220 14.434294 50.0839773
747054221 14.4330287 50.0840131
747054222 14.4340168 50.0828776
747054223 14.4333617 50.0827633
297601538 14.4345544 50.0843627
305781762 14.4292005 50.0815232
331467962 14.4315029 50.0851935
305781769 14.4297323 50.0814349
747054247 14.4332715 50.0833535
344969049 14.4311986 50.0881916
344969044 14.4309694 50.0881916
344969046 14.4311953 50.0882058
472881720 14.4293064 50.0816934
344969041 14.4309192 50.08821
344969043 14.4309677 50.0882121
25656547 14.4286962 50.0806552
25656546 14.4284596 50.0805023
340096289 14.4310545 50.0864628
340096288 14.4310121 50.0863314
340096287 14.431086 50.0863306
340096286 14.4310848 50.0861417
340096285 14.4309539 50.0861316
340096284 14.4310327 50.0862575
340096283 14.4310242 50.0861627
340096282 14.4310121 50.0861541
340096281 14.4309487 50.0861479
340096280 14.4309701 50.0859972
331467250 14.432238 50.0852448
331467252 14.4322694 50.0852385
331467253 14.4322996 50.085199
331467254 14.4322485 50.0851785
331467255 14.4323326 50.0851143
669166694 14.4329265 50.0795677
331467257 14.4324806 50.0851803
331467258 14.4322936 50.0854312
331467259 14.4322604 50.0854213
331241887 14.4301068 50.0845873
641468845 14.4341097 50.0814505
305781788 14.4297938 50.0816845
331241884 14.429935 50.0847447
331241882 14.429889 50.0847237
331241880 14.42998 50.0846562
305781781 14.4296144 50.0818022
331241889 14.4301569 50.0846056
355732387 14.4287334 50.0858255
355732386 14.4283604 50.0859519
355732385 14.4283908 50.0859358
331235171 14.4302791 50.0841671
340096446 14.4317081 50.0871495
355737357 14.4311478 50.0811917
355737355 14.4311184 50.0811917
355737354 14.4308832 50.0813378
355737350 14.4308625 50.0813231
340096443 14.4314678 50.0870003
297600592 14.4328123 50.0813161
641468933 14.4382071 50.0860966
297600346 14.432531 50.0811281
297600347 14.4324225 50.0811425
297600344 14.4328977 50.0815483
355742040 14.4303427 50.0802186
919238331 14.4303939 50.0849714
297600343 14.4324721 50.0810211
297600340 14.4321943 50.0814258
297600341 14.4324487 50.08175
331235004 14.4311845 50.0846569
355742048 14.4300499 50.0801686
331241954 14.4295257 50.0843467
297600348 14.4323293 50.0810577
340096295 14.431183 50.08634
355741532 14.4306769 50.0810628
355741537 14.430486 50.0811708
331467274 14.4328073 50.0849856
355741538 14.4304136 50.0811189
297600598 14.4328475 50.0822944
303421651 14.4291151 50.085333
919238248 14.4304998 50.0847484
919238273 14.431199 50.0849397
442292720 14.4341725 50.0842852
919238245 14.4305854 50.0850244
919238244 14.4304509 50.084719
919238247 14.4307665 50.085022
919238246 14.4307883 50.0848349
290928175 14.4370717 50.0866517
290928176 14.4369977 50.0864997
340221973 14.4348093 50.0865538
340221977 14.4348373 50.086574
355741621 14.4302535 50.081032
355741628 14.4300444 50.080928
344968959 14.4301446 50.087282
344968958 14.4302128 50.087282
344968951 14.430657 50.0872952
344968953 14.4305939 50.0872853
344968952 14.4305939 50.0872952
344968955 14.430527 50.0872968
344968954 14.430527 50.0872861
344968956 14.4302141 50.0872944
340221579 14.4324426 50.0867781
340221578 14.4325068 50.0867665
340221576 14.4325212 50.0868062
340221571 14.4327089 50.0867297
340221573 14.4327202 50.0867757
278464059 14.428716 50.0875256
278464057 14.4287118 50.087943
355741912 14.4299779 50.0809441
355741750 14.4305003 50.0805961
355741756 14.4305702 50.0806511
343696207 14.433367 50.0862161
331234999 14.4311189 50.0847446
331465806 14.4329695 50.0856906
340221887 14.4345335 50.086757
340221880 14.4342443 50.0868122
331465801 14.4328737 50.0858218
331465800 14.4335858 50.085298
320808887 14.4333829 50.0807178
340221889 14.4345454 50.0867984
331234994 14.4313616 50.0849262
331234997 14.4310813 50.084775
331465808 14.4329824 50.0856973
340221791 14.434039 50.0869944
340221790 14.4340093 50.086973
340221793 14.4340871 50.0870157
340221792 14.4340377 50.0870161
340221795 14.4340881 50.0869931
340221794 14.4341074 50.0871563
340221797 14.4341041 50.086883
340221796 14.4341179 50.0869924
340221799 14.4341012 50.0868488
340221798 14.4341297 50.08687
297599812 14.429345 50.0859688
25655193 14.4327888 50.0838936
297599816 14.4295162 50.0860169
300526636 14.4309059 50.0850109
300526637 14.430916 50.0850045
300526634 14.4308505 50.085012
300526635 14.4308905 50.0850025
300526632 14.4308374 50.0850243
300526633 14.4308505 50.0850245
300526630 14.4308015 50.0850055
300526631 14.4308344 50.0850124
300526638 14.4309019 50.084995
300526639 14.43092 50.0849668
305787780 14.4291956 50.0826378
305787781 14.4293502 50.0827077
331465797 14.4334804 50.0854521
331465794 14.4334545 50.0854196
331465792 14.4334291 50.0854962
331465790 14.4334511 50.0855371
331465798 14.4336208 50.0856134
110613534 14.4283048 50.0803937
355741981 14.4297149 50.0804129
355741987 14.4298892 50.0802058
355741984 14.4300016 50.0805711
305782369 14.4292352 50.0817694
355741989 14.4298624 50.0802263
331241898 14.4294626 50.08458
297601536 14.4344169 50.0842641
794680920 14.4329234 50.0860186
794680922 14.4323498 50.0858448
297601539 14.4346713 50.084373
794680924 14.4321772 50.0859508
305779876 14.4281281 50.0815615
305782364 14.4301122 50.081921
305779879 14.4280068 50.0816424
331467311 14.4327314 50.084865
331467310 14.432796 50.0848962
331467313 14.432727 50.084898
331467312 14.4327046 50.0848878
331467315 14.4327052 50.0849696
331467314 14.4326587 50.0849481
331467317 14.4324869 50.085085
331467316 14.4325597 50.0850313
331467319 14.4328112 50.0848324
331467318 14.4325323 50.0851103
340096290 14.4311854 50.086448
305779898 14.4282148 50.0814927
340096292 14.4311684 50.0860157
297600597 14.4329969 50.0821535
297600596 14.4330672 50.0819815
297600595 14.4331067 50.0817475
297600594 14.4330847 50.0816178
340096298 14.4312787 50.0863384
305779890 14.4283393 50.0817031
297600599 14.4327069 50.0823508
305779892 14.4284355 50.0817698
305779894 14.4288279 50.0820378
305779896 14.4283125 50.0815584
344969017 14.429978 50.0875769
331467225 14.4328177 50.0853215
331467224 14.4327737 50.0853031
331467227 14.432835 50.0853214
331467221 14.4326066 50.0855305
331467220 14.4326475 50.0855278
331467223 14.4327573 50.0853211
355733464 14.4337543 50.0813289
331241892 14.4301671 50.0845932
331467229 14.4329101 50.0851565
331467228 14.4327573 50.0852894
355733463 14.4336748 50.0813879
355733462 14.4335792 50.0814185
340221548 14.4322726 50.0868462
340221549 14.4324558 50.0868197
355741969 14.4297953 50.0807147
303406586 14.4304659 50.0845148
355741961 14.4295592 50.0805274
303406588 14.4313783 50.0849957
355741965 14.4296138 50.0806637
355741967 14.4296613 50.0806306
355737341 14.4307688 50.0814789
355737346 14.4307198 50.081509
355737348 14.4306403 50.0814573
331235108 14.4303931 50.0843738
641468891 14.4390111 50.0832592
669166739 14.4332791 50.0807902
669166733 14.4324159 50.0810227
340221752 14.4335533 50.0869535
669166735 14.4332715 50.0806818
669166737 14.4331953 50.0807376
297600579 14.435053 50.0858043
919238327 14.4305867 50.0847194
919238325 14.4306553 50.0850587
355742050 14.4302165 50.0802839
919238320 14.4304872 50.0850522
290929749 14.4342078 50.0843277
297600570 14.4325268 50.0824861
297600573 14.4339298 50.0841276
297600572 14.4337525 50.0839437
297600575 14.4341611 50.0844765
331241947 14.4293204 50.0844836
919238328 14.4301927 50.0849514
355741506 14.4302293 50.0813125
355741501 14.4302886 50.0812709
355741500 14.430314 50.0812745
21672760 14.4283891 50.0871957
355741963 14.429487 50.0805836
566240768 14.4350583 50.0842779
340096095 14.4298066 50.0866226
303421642 14.4291274 50.0852272
919238259 14.4306866 50.0850661
303421646 14.4287362 50.085236
303421644 14.4292446 50.0852981
919238250 14.4305343 50.085019
919238251 14.4307501 50.0848607
566240811 14.435593 50.0848122
355741612 14.4304789 50.0810312
355741611 14.4304087 50.0809901
355741610 14.4302439 50.0811037
355741614 14.4302436 50.0811833
340221964 14.4346235 50.086312
340221968 14.4346825 50.0863487
297597824 14.429367 50.0879511
344968948 14.4305141 50.0875975
344968949 14.4306408 50.0876093
344968942 14.4302206 50.0874811
110613286 14.4306135 50.0797456
344968940 14.4301806 50.0874728
344968941 14.4302206 50.0874728
344968946 14.4305592 50.0875595
344968947 14.4305141 50.0875835
344968944 14.4303455 50.0874389
344968945 14.4305811 50.0874406
305305531 14.4309768 50.0853714
305305532 14.4312133 50.084983
340221568 14.4326597 50.0867357
290928769 14.4338286 50.0812086
340221565 14.4326328 50.0866489
340221562 14.4324251 50.0866477
340221563 14.4324401 50.0866777
340221560 14.4323996 50.08657
340221561 14.4324289 50.0866441
331465818 14.4330747 50.0856936
355741767 14.430706 50.0805531
331465811 14.4329777 50.0857116
331465813 14.4330291 50.0857221
331465815 14.4330502 50.0856981
355741761 14.4307264 50.0805525
340221897 14.4345899 50.0869488
340221895 14.4345543 50.0868371
340221893 14.4345383 50.0868371
340221891 14.4345295 50.0867987
340221898 14.4345064 50.0869487
340221782 14.4338767 50.0870011
340221783 14.4338785 50.0870533
340221780 14.4338977 50.0870003
340221785 14.4338977 50.0870533
297599802 14.4295858 50.0863194
340221788 14.4339082 50.0871594
340221789 14.4340069 50.0868744
297599807 14.4295144 50.0863166
303412436 14.4289007 50.0844491
303412434 14.4287111 50.0847044
303412432 14.4285234 50.0849155
303412439 14.4290814 50.0847084
303412438 14.4289825 50.0845028
300526609 14.4306038 50.0850304
300526608 14.430611 50.0850187
300526603 14.4304091 50.0849812
300526602 14.4304183 50.08498
300526601 14.4304255 50.0849715
300526600 14.4303586 50.0849543
300526607 14.4305251 50.0849976
300526606 14.4305153 50.0850132
300526605 14.4304746 50.0850384
300526604 14.4304143 50.0850224
303412508 14.429355 50.0852084
340096355 14.4314866 50.0864309
340096358 14.4319519 50.086575
303412500 14.4293 50.0850329
303412504 14.429535 50.0853077
355741994 14.429916 50.0802402
303412491 14.4295156 50.0848993
355741996 14.4299057 50.0802521
355741997 14.4299253 50.0802647
355741990 14.4298809 50.0802382
355741992 14.4298954 50.0802269
355741999 14.4299603 50.0802435
340196030 14.438131 50.0860965
641468822 14.4344357 50.0796891
303412492 14.4296212 50.08501
439703202 14.4428891 50.0872263
439703200 14.4429015 50.0872272
439703204 14.4428648 50.0872831
331465780 14.4335729 50.0856507
331465783 14.433388 50.0854756
331465787 14.4334528 50.0855165
331467302 14.4323653 50.0846729
331467303 14.432376 50.0846626
331467300 14.4326591 50.0848228
331467306 14.432014 50.0845855
331467307 14.4321436 50.0844801
331467304 14.4322531 50.0845975
331467305 14.4321703 50.0846652
331467309 14.4328447 50.0848527
297600571 14.4335768 50.0837153
305779888 14.4283062 50.0817283
297600587 14.4331155 50.0841184
297600580 14.4355013 50.0856315
297600581 14.4340249 50.0841072
297600583 14.4332912 50.0843271
305779883 14.4282227 50.081612
305779880 14.4280998 50.0817
297600588 14.4338799 50.0838986
297600589 14.433691 50.083673
305779885 14.4282936 50.0816758
303408213 14.4291915 50.0846433
297600574 14.4341374 50.0843652
340096193 14.4306749 50.0864387
340096191 14.4306624 50.0863764
340096196 14.4303897 50.0864531
340096199 14.4303249 50.0864155
439703113 14.4424666 50.0871554
355741809 14.4305869 50.0804027
331467236 14.4320452 50.0854829
331467237 14.4320301 50.0854799
331467234 14.4318916 50.0854671
331467235 14.4320355 50.0854981
331467232 14.4317874 50.0855815
331467233 14.4318314 50.0855139
331467230 14.4329832 50.0851917
340096173 14.4306338 50.0862246
340096175 14.4306375 50.0862917
331467239 14.4320802 50.0853818
355741979 14.4296479 50.0804672
355741973 14.4298448 50.0806855
355741971 14.4297964 50.0806551
355741977 14.4298789 50.0805955
355741975 14.4299325 50.080622
331235116 14.431046 50.0842169
355737334 14.4308374 50.0815754
331235114 14.4305929 50.0841559
331235115 14.4307239 50.0840495
331235112 14.4305678 50.0841755
331235113 14.4306409 50.084219
331235110 14.4305842 50.0842568
331235111 14.4305154 50.0842218
60709694 14.4358766 50.0841891
669166729 14.4325231 50.0810139
641468959 14.4390352 50.0856743
669166723 14.432445 50.0810024
919238310 14.4307551 50.0850428
919238317 14.4305244 50.0847552
641468950 14.4405788 50.0849934
669166725 14.4322796 50.0810632
293559407 14.4311244 50.079478
290929750 14.4358221 50.0858163
297600569 14.4324916 50.0824326
290929756 14.4330664 50.0829649
297600960 14.4342538 50.0841986
297600961 14.4347299 50.082624
977504796 14.4387715 50.0857005
919238267 14.4309401 50.0849163
919238265 14.4303974 50.0850324
919238262 14.4302095 50.0849735
919238261 14.4305311 50.0847436
355741608 14.4300577 50.0810038
320808899 14.4336233 50.080958
320808898 14.4335465 50.0809077
355741604 14.4301187 50.0811213
355741605 14.4299493 50.0810332
355741606 14.4300287 50.0809734
355741607 14.4300668 50.080992
355741600 14.4300439 50.081228
355741601 14.4301187 50.0811703
320808891 14.4334974 50.0807429
355741603 14.4300821 50.0811507
340221955 14.4344027 50.0863967
340221952 14.4344518 50.0863986
25655180 14.4340471 50.0861423
340221958 14.4344062 50.0862951
344968978 14.430836 50.0880502
344968976 14.4308309 50.0880403
344968975 14.430742 50.0880346
344968973 14.4307158 50.0881941
344968971 14.4308051 50.0881981
340221553 14.4326265 50.0868628
340221552 14.4325179 50.0868804
340221551 14.4325144 50.0868895
340221550 14.4324847 50.0868904
340221557 14.4321603 50.0865474
340221556 14.4328296 50.0871587
340221555 14.4327443 50.0868547
340221554 14.4326279 50.0868687
355741511 14.4302792 50.0813487
340221559 14.4323609 50.086576
340221558 14.4323382 50.0865177
355741517 14.4307991 50.0810531
355741772 14.4306894 50.0805294
290931578 14.4288174 50.0870686
355741776 14.4303222 50.0805263
331465866 14.4331703 50.0852403
303421641 14.429246 50.0851476
297599834 14.4296776 50.0861946
305783756 14.429237 50.0821022
366267146 14.4295077 50.0843379
290931486 14.429188 50.0859086
290931485 14.4287879 50.0858146
303421649 14.4290769 50.0853584
919238303 14.4305073 50.0847365
355741934 14.429189 50.0808708
110613519 14.4288887 50.080787
355741613 14.4302561 50.0811869
300526618 14.4306936 50.0850515
300526619 14.4307015 50.0850418
300526614 14.4306661 50.0850351
300526615 14.4306706 50.0850296
300526616 14.4306857 50.0850346
300526617 14.4306798 50.0850489
300526610 14.4306215 50.0850346
300526611 14.4306313 50.0850224
300526612 14.4306457 50.0850262
300526613 14.4306457 50.0850313
303412514 14.4294413 50.0850844
303412511 14.4294889 50.0851216
344969097 14.4322316 50.0875309
344969096 14.4322242 50.0875625
344969095 14.4321708 50.0875589
344969094 14.4321642 50.08763
344969093 14.4322201 50.0876316
344969091 14.432216 50.0876854
344969099 14.4321831 50.0874139
344969098 14.4321765 50.0875267
303408211 14.4293739 50.0847651
297599787 14.4295088 50.0863576
303412429 14.4287799 50.0847378
331467341 14.4328306 50.0845047
303412427 14.4286144 50.0846555
331467337 14.4327476 50.0844802
331467336 14.432774 50.0844601
331467335 14.4327416 50.0844409
331467334 14.4325386 50.0846019
331467333 14.4324882 50.0846574
331467331 14.4327748 50.0847222
331467330 14.4326419 50.084657
305781688 14.4287565 50.0815165
331467339 14.4327821 50.0845079
331467338 14.432786 50.0844994
297601353 14.4338753 50.0825597
340096184 14.4304233 50.0863396
331467930 14.4321013 50.0848702
340096186 14.4304221 50.08637
340096180 14.4304557 50.0863173
340096182 14.430452 50.08633
331467936 14.4313138 50.0851384
331467939 14.4319408 50.0849883
340096189 14.4304495 50.086386
331467209 14.4325174 50.0854295
331467202 14.4326291 50.0854687
331467201 14.4323441 50.085365
331467200 14.4322166 50.085528
331467207 14.4324816 50.0856159
331467206 14.4323059 50.0855786
331467205 14.4324117 50.0855098
331467204 14.4325472 50.0855595
340096169 14.4305005 50.0862366
340096162 14.4298854 50.0861255
340096166 14.4305581 50.08596
340096164 14.4298032 50.0861159
355741949 14.4297015 50.0807835
344968943 14.4303442 50.0874802
355741943 14.429686 50.0807914
355737326 14.4303939 50.0816048
355737325 14.4306891 50.081813
355737329 14.4305379 50.0815146
331467247 14.4322067 50.0852717
919238297 14.4307595 50.0847997
297601880 14.4345041 50.0824399
352718417 14.4296714 50.0794332
669166719 14.4321927 50.0810299
919238305 14.4305363 50.085011
919238307 14.430756 50.0848453
305781664 14.4287408 50.0811467
305781667 14.428767 50.0811601
331467242 14.4321775 50.085356
331241961 14.4296467 50.0844035
331241966 14.4295659 50.0844659
331241968 14.4295925 50.0844816
297600959 14.4355914 50.0837998
355737385 14.4307087 50.0815003
355737381 14.4315551 50.0812817
331235129 14.4302202 50.0841063
331235128 14.4302988 50.0841551
919238276 14.4306707 50.0847456
305781659 14.4287592 50.0811265
331235123 14.4303237 50.0843577
331235127 14.4301901 50.0842324
331235126 14.4303303 50.0843156
331235124 14.4303001 50.08434
320808880 14.4331311 50.0808804
340221949 14.4344453 50.0864409
320808882 14.4331082 50.0808636
320808883 14.4332194 50.0807891
320808885 14.4332505 50.0808101
566240838 14.4295192 50.0881547
320808889 14.4334631 50.0807608
340221942 14.434412 50.0864979
340221945 14.4344039 50.0864406
566240830 14.4304777 50.0875183
305809595 14.4343008 50.0860272
344968962 14.4301459 50.0872952
344968963 14.4310124 50.0872919
344968964 14.4310072 50.0875992
305782368 14.4301563 50.0821334
344968966 14.4310034 50.0877025
344968968 14.4309236 50.088194
344968969 14.430809 50.0881882
305782366 14.4304646 50.0819321
305782361 14.4301069 50.0820118
305782362 14.430187 50.0819613
340221737 14.4333438 50.086747
340221547 14.4323938 50.0871599
355741569 14.4309185 50.0807806
355741565 14.43125 50.0809168
355741564 14.4310903 50.0809742
355741567 14.4310953 50.0807205
355741566 14.4310788 50.080978
355741561 14.4311295 50.0811323
355741560 14.4311674 50.0811175
355741563 14.4311079 50.0810011
355741704 14.4309295 50.0805297
331465878 14.4331909 50.0854563
331465879 14.433189 50.0854713
331465877 14.4331105 50.0854179
977504728 14.4388835 50.0856698
331465873 14.4332507 50.0852787
352724875 14.4300512 50.0799356
352724873 14.4301645 50.0798508
352724878 14.4297849 50.0801293
297599820 14.4295053 50.0860663
297599823 14.4295578 50.0860697
297599829 14.4295194 50.086178
303410900 14.4283161 50.0871513
305783740 14.4295391 50.0823955
305783744 14.4296207 50.0823327
305783747 14.4297513 50.0824099
305783828 14.4294983 50.0819189
331235169 14.430264 50.0841582
355737360 14.4311674 50.0811756
300526574 14.4303153 50.0847772
331235164 14.4301099 50.0840384
344968982 14.430912 50.0880263
300526579 14.4302491 50.0847886
300526578 14.4302642 50.0847638
331235162 14.4299407 50.084179
344968980 14.4309017 50.0880527
355737365 14.4311773 50.0811801
597567404 14.4299576 50.0790231
340221857 14.4343208 50.0870264
344969088 14.4322357 50.0876843
344969089 14.4319982 50.0876817
344969080 14.4313967 50.0877402
344969081 14.4312233 50.0877365
344969082 14.4312241 50.0877244
344969083 14.4311912 50.0877218
344969084 14.4311929 50.0877096
344969085 14.4323852 50.0876933
344969086 14.4322373 50.0876912
340096378 14.4303269 50.0864569
352744762 14.4298591 50.0787559
303412458 14.4288792 50.0846502
303412454 14.4289966 50.0847103
340221855 14.4333934 50.0865047
303412450 14.4289327 50.0847857
305781697 14.4287107 50.0815333
305781692 14.4287421 50.0815089
297599901 14.4297733 50.0859904
305779904 14.4289713 50.0819458
303421636 14.4291069 50.0851494
290929813 14.4320314 50.0830017
303421634 14.4290483 50.0851957
331467922 14.4318998 50.0848702
331467920 14.431906 50.0848366
331467921 14.4318873 50.0848526
331467927 14.4316758 50.0848534
331467924 14.4318239 50.0849284
919238222 14.4306502 50.0846545
303421639 14.4291369 50.0850899
331467219 14.4328524 50.0853485
331467214 14.4328003 50.0853349
331467215 14.4325859 50.0855213
331467216 14.4328257 50.0853177
331467217 14.4328433 50.0853235
331467210 14.4325621 50.0853808
331467211 14.4323789 50.0853197
297601387 14.4339105 50.0826832
331467213 14.4324563 50.085206
305232957 14.4351473 50.0852807
305232954 14.4349676 50.0853021
305232955 14.4349976 50.0852807
305232952 14.4349483 50.085388
305232953 14.4349395 50.0853406
340096159 14.429853 50.0863125
305232951 14.4350011 50.0854276
340096157 14.4297783 50.0863109
340096155 14.4303241 50.0863568
340096153 14.4298146 50.0863528
305232958 14.4351913 50.085318
305232959 14.4352019 50.0853575
697437269 14.428738 50.0816603
697437264 14.428484 50.0814023
697437267 14.4286078 50.0815791
697437266 14.4291055 50.0818278
697437261 14.4282947 50.081569
697437260 14.428461 50.0814898
697437263 14.4284917 50.081398
331467328 14.4325854 50.0846554
331467329 14.4326143 50.0846723
355741955 14.4295695 50.0806981
331467320 14.4327259 50.0847833
355741959 14.4295602 50.08071
331467322 14.432953 50.0847431
331467323 14.4329793 50.0847318
331467324 14.4328275 50.0845
331467325 14.4329956 50.0844493
331467326 14.4327134 50.0847713
331467327 14.432549 50.08469
344513500 14.4319632 50.0857787
669166708 14.4312118 50.0798855
305781673 14.428729 50.0812341
305781670 14.4286793 50.0812299
305781677 14.428784 50.0812626
331241917 14.4296201 50.0845459
331241913 14.4296252 50.0845151
331241919 14.4296589 50.0845702
794676263 14.4333822 50.0861268
297594948 14.4286552 50.0872918
340221910 14.4346026 50.0869935
297599324 14.4296949 50.0865495
340221915 14.4347281 50.0870326
340221666 14.4330599 50.0864083
331241829 14.4300393 50.0845348
331235138 14.4301203 50.0840459
331235139 14.430147 50.084028
331235134 14.4304452 50.0840867
331235135 14.430415 50.0840663
331235136 14.4303606 50.0841126
331235137 14.4305274 50.0842099
331235130 14.4304757 50.0839197
331235131 14.4306041 50.0841484
331235132 14.4304586 50.0840769
340221689 14.4327156 50.0867111
566240823 14.4297231 50.0875067
340221939 14.4344483 50.0865073
340221938 14.434471 50.0865485
340221935 14.4346998 50.0869932
340221934 14.4346765 50.0869093
340221937 14.434452 50.0865545
340221936 14.434614 50.0868114
340221931 14.4348493 50.0869636
340221686 14.4332204 50.0865459
340221933 14.434692 50.086881
340221684 14.4332553 50.0864408
305782379 14.4297612 50.081945
305782377 14.4299694 50.0820838
305782375 14.4299387 50.0821035
305782373 14.4294448 50.0818096
305782371 14.4295289 50.0817497
355741576 14.430727 50.0809202
355741577 14.4308198 50.081028
355741575 14.4307773 50.0809007
331235041 14.4310295 50.0842295
355741573 14.4307695 50.0808913
355741570 14.4309593 50.0808306
340221841 14.4342064 50.0865682
331465842 14.4335119 50.0852001
355741714 14.4309581 50.0805502
331465840 14.4333891 50.0853606
340221845 14.4341757 50.0866199
340221844 14.4341856 50.0865657
340221847 14.4340905 50.0866199
331465844 14.4332196 50.0856238
340221848 14.434089 50.0866346
340221595 14.4323274 50.0864941
340221594 14.4323989 50.0864819
340221593 14.4324089 50.0865062
340221592 14.4325678 50.0864807
340221591 14.4325301 50.0863449
355741719 14.430957 50.0805615
110613166 14.4301629 50.0796082
297599856 14.4293918 50.0857876
297599851 14.4296062 50.0859279
344968934 14.4301538 50.0874275
305783733 14.4287636 50.0820799
340222360 14.4334397 50.0862204
340222362 14.434262 50.086285
340096151 14.4298063 50.0864107
60709693 14.4345164 50.0823327
442292717 14.4347988 50.0840997
442292719 14.4345621 50.084043
340221618 14.4326135 50.0864475
303412447 14.4288197 50.0847342
303412445 14.4287111 50.0848258
303412443 14.4289015 50.0849069
303412441 14.4290011 50.0848306
305781803 14.4294821 50.0817165
331465739 14.4336297 50.0857073
331465738 14.4336248 50.0857025
331465731 14.4336999 50.085797
331465730 14.4337222 50.0858175
331465733 14.4337253 50.0857673
331465732 14.4337004 50.0857884
331465735 14.433712 50.0857016
331465734 14.4337591 50.0857579
331465737 14.4336563 50.0856793
331465736 14.4336853 50.085711
331467283 14.4329182 50.0847971
355741813 14.4307015 50.0802512
355741818 14.4307127 50.0802413
352724883 14.4293801 50.0804344
331467917 14.4320083 50.085198
331467916 14.4320363 50.0851761
331467915 14.4320581 50.0851871
331467914 14.4321296 50.0851841
331467912 14.4323644 50.0850134
331467911 14.4321934 50.0849216
331467910 14.4319679 50.0850963
331467919 14.4320005 50.0848885
331467918 14.4319271 50.084946
305232962 14.4351686 50.0854208
355741731 14.4304924 50.0806819
340096140 14.4297783 50.0865532
340096142 14.4297887 50.086504
340096416 14.4308947 50.0864916
340096147 14.4300823 50.0865685
340096149 14.4300896 50.0864221
340096418 14.4309043 50.0865292
355741892 14.4298632 50.0809998
697437276 14.4299557 50.0820926
697437277 14.4300997 50.0821735
697437274 14.4294697 50.0817918
697437275 14.4293264 50.0817055
697437272 14.4289544 50.0819338
697437273 14.4288817 50.0819757
697437270 14.4287812 50.0816279
355741927 14.4298598 50.0807122
331467359 14.432678 50.0844905
331467358 14.4325027 50.0843888
340096098 14.4301321 50.086915
355741922 14.4298125 50.0807508
340096096 14.4298043 50.0866418
331467354 14.4325027 50.0843065
331467357 14.4327249 50.0840394
331467356 14.432662 50.0840292
340096092 14.4293446 50.0869825
340096093 14.4293928 50.087015
331467353 14.4325868 50.0842372
331467352 14.4326381 50.0842406
303408221 14.4303076 50.0850024
303408220 14.429951 50.0848651
303408222 14.4305488 50.0851229
331465908 14.4331986 50.0849175
303408229 14.4318672 50.0860927
303408228 14.4317597 50.0860703
355741632 14.4300435 50.0809155
290929498 14.4344883 50.0823171
340221985 14.4344133 50.0867363
669166775 14.4334423 50.0806427
669166777 14.4336088 50.0806747
340221987 14.4342877 50.0867169
669166770 14.4327444 50.0808865
669166773 14.4326399 50.0810834
305781646 14.4291259 50.0819354
669166779 14.433652 50.0807079
305781642 14.4290548 50.0818898
331241904 14.4296272 50.0844541
10703826 14.4324418 50.0808901
331241909 14.4296763 50.084481
290928838 14.4332393 50.0813577
340096121 14.4294445 50.0868022
331241833 14.4300935 50.0844882
340221698 14.4331814 50.0869681
340221699 14.4331814 50.0870156
340221928 14.4351271 50.0871578
340221929 14.434552 50.0868273
340221694 14.4331922 50.0868472
340221695 14.433172 50.0868506
340221924 14.4349463 50.0869582
340221697 14.4332151 50.0869582
340221922 14.4348535 50.0870214
340221691 14.4332952 50.0865617
340221920 14.4348615 50.0870378
340221921 14.4348624 50.0870234
355741495 14.4304823 50.0812335
355741494 14.4304493 50.0812516
355741497 14.4303713 50.0812884
340096352 14.4315501 50.0866448
355741491 14.4302989 50.0812341
355741490 14.4302876 50.081222
355741492 14.4303685 50.0811931
355741498 14.4303516 50.0813041
305782349 14.4299828 50.0819381
355741709 14.4309416 50.0805319
355741543 14.4304324 50.081169
355741542 14.430706 50.080918
355741547 14.4307803 50.0811925
355741546 14.4304597 50.0811509
355741544 14.4303873 50.0811364
977504699 14.4387006 50.0855191
355741549 14.4308442 50.0810959
355741548 14.4307502 50.0811671
297600339 14.4324749 50.0813153
355741723 14.4306108 50.0807759
355741727 14.4306012 50.0807748
340221852 14.4334164 50.0865682
340221853 14.4334057 50.0865588
340221850 14.4334747 50.0866263
340221851 14.4334847 50.0865726
340221584 14.4325817 50.0866553
340221585 14.4325748 50.086633
340221854 14.4334149 50.0865057
340221587 14.4320065 50.0861531
340221588 14.4320512 50.0861148
340221589 14.4325082 50.0861524
340221859 14.4343112 50.0870213
331465859 14.4330684 50.0853333
110613159 14.430143 50.0795321
110613154 14.430057 50.0794759
297599845 14.4298118 50.0860689
303410435 14.4279941 50.0855592
297599840 14.4297066 50.086062
300523676 14.4304685 50.0790703
305783729 14.4296086 50.0825164
305787739 14.4280947 50.0836193
331465778 14.4334066 50.0855783
308814375 14.4314366 50.0855659
308814374 14.4312626 50.0859312
25655272 14.4320002 50.0845228
25655276 14.435443 50.0871863
25655278 14.4377137 50.0865045
331235059 14.4309761 50.0843584
331235149 14.4302629 50.0839923
331235148 14.4302942 50.0839775
297601543 14.4349853 50.0841773
297601544 14.434951 50.0842259
297601549 14.4345659 50.0843112
303412472 14.4290591 50.0849231
303412477 14.4290383 50.08478
597577398 14.4379967 50.0821286
303412475 14.4291617 50.0848573
305781810 14.4299903 50.081614
297599880 14.4299875 50.0861044
331465728 14.4338018 50.0858084
331465729 14.4337507 50.0858264
331235147 14.4303486 50.0840094
331465722 14.4336142 50.0858443
331465723 14.4337754 50.0858846
331465720 14.4335667 50.0858487
331465721 14.4336023 50.0858574
303412495 14.4294086 50.0851035
331465727 14.4338223 50.0858346
331465724 14.4336917 50.0858653
331465725 14.4337108 50.0858151
331467908 14.4319912 50.0851502
331467909 14.4319694 50.0851392
355741804 14.4307742 50.0803381
331467903 14.4319072 50.0850613
331467904 14.4319632 50.0850843
331467905 14.4320534 50.0850124
331467906 14.4320021 50.0849875
331467907 14.4319617 50.0851731
340096318 14.4311866 50.0864636
340096316 14.4314713 50.0860437
340096311 14.4314168 50.0863361
340096313 14.431475 50.0863345
340096420 14.4309197 50.0865284
340096428 14.4310033 50.0871417
340096456 14.432163 50.0871564
305778003 14.4280477 50.0825786
355741933 14.4298297 50.0806935
331467348 14.4327727 50.0843906
331467349 14.4327408 50.0843502
331467346 14.4328143 50.0844479
331467347 14.4326904 50.0844144
331467344 14.4327525 50.0845237
331467345 14.4328391 50.0844945
331467342 14.4328448 50.0845237
331467343 14.4327778 50.0845387
331467340 14.4327845 50.0845134
355741939 14.4294932 50.0806683
303408232 14.4309923 50.0853983
303408233 14.4309275 50.085343
340096455 14.4321777 50.0871344
303408234 14.4318955 50.0858564
303408235 14.4317872 50.0857926
340096452 14.4315481 50.0866628
340096453 14.4317674 50.0866259
297599281 14.4294855 50.0866589
340221766 14.4340278 50.0867438
305781651 14.4284291 50.0813727
669166764 14.4330971 50.0809037
340221767 14.4340538 50.0868293
305781654 14.428572 50.0810223
297599284 14.4298582 50.0869975
331241937 14.4297182 50.0846607
669166768 14.4328279 50.0809305
340221761 14.4336404 50.0869164
297599286 14.4299571 50.0866467
297599287 14.429936 50.0869331
305781730 14.4284527 50.0813559
300523685 14.4304292 50.0790984
300523681 14.4301928 50.0789118
303421632 14.4286639 50.0850759
669166618 14.4312581 50.0797698
303421630 14.4293305 50.0854502
303421637 14.4290769 50.0851293
297599906 14.4297566 50.086022
1017997489 14.4376807 50.086375
305779886 14.4282637 50.0817031
919238221 14.43063 50.0850483
1017997480 14.4387726 50.0854809
340221912 14.434619 50.086993
340221662 14.433079 50.0863295
340221917 14.434794 50.0869957
340221916 14.4347314 50.0869941
566240840 14.4297208 50.0881591
340221914 14.4346198 50.087031
340221919 14.4347924 50.0870382
340221918 14.4347881 50.087158
355741486 14.4303365 50.0813916
344968939 14.4301794 50.0874538
355741485 14.4303704 50.0813687
355741482 14.4302989 50.0813385
355741483 14.430314 50.0813481
355741480 14.430125 50.081438
344968931 14.4300733 50.0874288
344968936 14.4301536 50.0874554
355741488 14.4300357 50.0813813
355741489 14.4302547 50.0812233
305782354 14.4300869 50.0819381
305782356 14.4300295 50.0819039
305782350 14.4297518 50.0817831
305782352 14.4302778 50.0818122
305782358 14.42994 50.0819887
305782359 14.4300028 50.0819578
355741554 14.4310708 50.0810694
355741555 14.4310003 50.0810966
355741557 14.4309806 50.0810803
355741550 14.4309965 50.0810085
331241827 14.4302357 50.0846279
355741552 14.4310144 50.0810284
355741553 14.4310323 50.0810248
355741558 14.430927 50.0811394
355741559 14.4309072 50.0811225
355741736 14.4305826 50.0806482
566240822 14.4354057 50.0847733
340221867 14.4343638 50.0869738
340221865 14.4343478 50.0869646
340221688 14.4327176 50.0867288
340221863 14.4342761 50.0869702
340221862 14.4342761 50.0869855
340221860 14.4343088 50.086986
566240824 14.4299881 50.0874517
340221868 14.4344546 50.0869702
110613145 14.4298342 50.0794908
297599874 14.43007 50.0859095
566240828 14.4299829 50.0875107
355741496 14.4305528 50.0812836
649195457 14.4398568 50.0870424
340221687 14.4332185 50.0865665
340221930 14.4349222 50.0867328
297599275 14.4300746 50.0872922
297599274 14.4293618 50.0873902
297599277 14.4297647 50.0874527
297599276 14.4300768 50.0874513
340221685 14.4332916 50.0865459
340221932 14.4347827 50.0868583
297599279 14.4290143 50.0871348
297599278 14.4297625 50.0873888
25655129 14.4288954 50.0872047
340096469 14.4313076 50.0868109
331235157 14.4301308 50.0842749
297599309 14.4303659 50.0869649
297599308 14.4303305 50.0865797
297599304 14.4300855 50.0866468
297599307 14.4300968 50.0865719
25655262 14.4289705 50.0843518
25655266 14.4302471 50.0837233
25655265 14.4308789 50.0854021
25655268 14.4308409 50.0832974
305783719 14.4288628 50.0821254
331465889 14.4331615 50.0850946
331465888 14.4331795 50.0850888
331465887 14.4331963 50.0851054
331465886 14.4330549 50.0852278
331465885 14.4331413 50.085266
305783710 14.4286343 50.0824789
331465883 14.4334062 50.0850456
331465882 14.4333097 50.0850737
331465881 14.4333254 50.0850989
305783714 14.4284872 50.0823891
297601550 14.434504 50.0842656
297601551 14.4344984 50.0841882
331465884 14.433285 50.0852112
340096178 14.4305005 50.0862997
303412463 14.4288568 50.0849374
331465880 14.4332277 50.0852674
303412469 14.428958 50.0848582
303412488 14.4293684 50.0849747
331465719 14.4335955 50.0857943
331465718 14.4335157 50.0857725
331465717 14.4333766 50.0859282
331465716 14.4339569 50.0860647
331465715 14.43407 50.0858749
331465714 14.4339628 50.0857448
303412486 14.4289372 50.0849756
331465712 14.43383 50.0858285
303412484 14.4289699 50.0849603
331465710 14.4338697 50.0858847
747054259 14.4342373 50.0839704
355741835 14.4304154 50.0801965
355741832 14.4306058 50.0801318
747054253 14.4347267 50.0838296
747054255 14.4334287 50.0826918
331467970 14.4321382 50.0852655
747054257 14.4329028 50.084053
340096308 14.4314144 50.0862638
110622704 14.4292195 50.0845189
340096305 14.4313805 50.0862622
340096303 14.4313768 50.0861728
340096301 14.431275 50.0861751
340096438 14.4316006 50.0868148
340096431 14.4309601 50.0868783
340096434 14.4314714 50.0868241
340096436 14.4314738 50.0868291
340096126 14.4295681 50.0864625
8810007 14.4304163 50.0770953
340096125 14.4294682 50.0864573
340096122 14.4295541 50.0865791
340096123 14.4294462 50.0865734
340096120 14.4294445 50.0867965
305779948 14.4286702 50.0821385
305779943 14.4285179 50.0822084
8810008 14.4305681 50.0777103
344969039 14.4306483 50.0881963
344969038 14.4307239 50.0877277
355741909 14.4299868 50.080923
697437257 14.4280369 50.0814104
297600600 14.4333352 50.0818631
355741903 14.4296974 50.0808958
355741902 14.4297977 50.0808192
344969033 14.4303074 50.0880583
697437258 14.4281781 50.0813084
355741906 14.4296914 50.080805
355741904 14.429621 50.0808533
331467373 14.4321301 50.0846484
331467372 14.4319742 50.0846159
331467371 14.4319889 50.0846217
331467370 14.4318804 50.084706
331467377 14.4325112 50.0848395
331467376 14.4324328 50.0847971
331467375 14.4323986 50.0848207
331467374 14.4321056 50.0846693
340221631 14.4328486 50.086594
352746149 14.4280327 50.0798672
303408209 14.4297385 50.0851673
305781624 14.4285745 50.0816007
305781626 14.428691 50.081525
305781621 14.4284963 50.081463
331241929 14.4296589 50.0846233
305781622 14.4284267 50.0815159
331241926 14.4296865 50.0846017
305781629 14.4288971 50.0816409
331241923 14.4296589 50.084584
297594085 14.4288467 50.0854699
297594084 14.4289834 50.0853768
297594086 14.4285847 50.0853196
297594083 14.4285791 50.0851371
1017997541 14.4373171 50.0865825
331235071 14.4304903 50.0842414
331235070 14.4303124 50.0843717
331235073 14.4307971 50.0844032
331235074 14.4306442 50.0844571
794676298 14.4334296 50.0860129
331241865 14.4304463 50.0844442
644711578 14.4398716 50.0865703
297599910 14.4297233 50.0860133
919238234 14.4307263 50.0848076
919238235 14.4312246 50.0850204
919238237 14.4308726 50.0850388
919238230 14.4306767 50.0847665
1017997490 14.4375991 50.0864206
919238232 14.4309312 50.085013
919238233 14.4303747 50.0847131
340221904 14.4343582 50.0869456
340221905 14.4343445 50.0869457
340221670 14.433089 50.0864328
340221907 14.4345141 50.0869773
340221900 14.4344809 50.0868424
297597815 14.4288735 50.0875258
340221902 14.4343375 50.0868552
340221678 14.433207 50.0864426
340221846 14.4341657 50.0866263
340221909 14.4345992 50.0869774
355737336 14.4308756 50.0815509
331465849 14.4331423 50.0855157
355737330 14.4307503 50.081662
355737333 14.4309496 50.0816509
355737332 14.4308658 50.0815929
340221590 14.4325042 50.0862238
340221878 14.4342706 50.0868102
340221870 14.4344618 50.0870147
340221872 14.4345215 50.0870136
340221873 14.4345383 50.0871583
340221875 14.4342538 50.0868444
305782380 14.4298119 50.0819082
355741589 14.4305142 50.0810536
355741588 14.4310404 50.0809304
355741587 14.4310285 50.0809322
355741586 14.4310217 50.0809402
355741585 14.4309402 50.0809691
355741583 14.4309523 50.0809847
297599869 14.4297004 50.0860604
297599865 14.4296776 50.0858248
297599861 14.4294467 50.0857668
300523654 14.4301727 50.0789262
290931458 14.4287738 50.0861929
340221700 14.4332279 50.0870182
340221701 14.4332682 50.087156
290931457 14.4290354 50.0858716
25655139 14.430445 50.0858551
25655138 14.4298632 50.0853045
25655131 14.4325649 50.0872326
25655130 14.4323166 50.0872287
25655137 14.4293823 50.0856794
290928079 14.434239 50.0858206
331465841 14.4333178 50.0852623
297599318 14.429782 50.0862875
297599319 14.4297719 50.0863499
297599312 14.4301519 50.0869104
297599313 14.4301054 50.0869356
297599310 14.4302565 50.0869822
297599311 14.4302642 50.0871348
297599316 14.4295471 50.0867179
297599317 14.4295909 50.086274
297599314 14.4294209 50.0868013
297599315 14.4294752 50.0867162
331465890 14.4331425 50.0850665
331465891 14.433157 50.0850593
305783708 14.4289142 50.0822834
331465895 14.4331234 50.0850096
305783704 14.4294866 50.0826122
340221632 14.4326542 50.0865591
641468952 14.4406009 50.0848781
303412482 14.4290517 50.0850157
303412481 14.4292182 50.0848945
331465713 14.433892 50.0857735
320310525 14.4304622 50.0775004
331235146 14.430249 50.0838012
331465711 14.4338732 50.0858756
426968370 14.4300288 50.0848954
439703115 14.4425104 50.0870327
331465705 14.4336693 50.0859959
331465706 14.4337553 50.0859021
331465707 14.4338178 50.0859149
331465708 14.4338166 50.0858998
331465709 14.4338414 50.0858847
355741823 14.430692 50.0802164
355741827 14.4306756 50.0802169
747054249 14.4345492 50.0835043
331467968 14.4313573 50.0854888
747054243 14.434773 50.0838217
331467964 14.4316335 50.0852565
747054241 14.4341674 50.0828602
747054246 14.4347301 50.0837524
331467321 14.4329128 50.084702
747054244 14.4327378 50.0836605
747054245 14.4344165 50.0828345
340096332 14.4314762 50.0862148
340096330 14.4316289 50.0862117
340096335 14.4318864 50.0863922
340096119 14.4295459 50.0867891
340096118 14.4295438 50.0868006
340096445 14.4316616 50.0869856
340096112 14.4295235 50.0861493
340096111 14.429538 50.0861489
340096110 14.4294373 50.0862333
340096117 14.4295393 50.0859218
340096440 14.4316211 50.0868919
340096115 14.4295466 50.086028
340096442 14.4314509 50.0869136
305779952 14.4286501 50.0821223
305781701 14.4286151 50.0814677
305781704 14.4287199 50.0813971
305781709 14.4286924 50.0813795
344969029 14.4302566 50.0880257
355741918 14.4300507 50.0809555
344969021 14.4301623 50.0879922
355741911 14.4299976 50.0809284
344969024 14.4302595 50.0880015
331467364 14.4322435 50.0849448
331467365 14.4322737 50.0849222
331467366 14.431975 50.0847678
331467367 14.4319497 50.0847887
331467360 14.432415 50.084261
331467361 14.4322822 50.0843644
331467362 14.4324345 50.0844468
331467363 14.4323574 50.084507
331467368 14.4318314 50.0847306
331467369 14.4318665 50.0846987
352746153 14.4283567 50.0797958
352746150 14.4280638 50.0798964
352746156 14.4285083 50.0796558
352746155 14.4283183 50.0797245
669166749 14.4330263 50.0808611
669166745 14.4329273 50.0810602
669166747 14.4329085 50.0809473
669166741 14.4327239 50.08083
305781637 14.4293874 50.0816627
331235086 14.4306213 50.084469
305781635 14.4291884 50.081515
305781633 14.4290037 50.0816399
305781631 14.4289468 50.0816053
305781639 14.4290392 50.081991
297594096 14.4292232 50.0855235
297594094 14.4284815 50.0857955
297594095 14.4289137 50.0855164
297594092 14.4284815 50.086003
297594093 14.4284122 50.0859471
297594090 14.4280493 50.0860835
297594091 14.4283142 50.0859192
331235069 14.4303659 50.0843962
355742027 14.4299797 50.0802549
355742029 14.4300005 50.0802419
303408218 14.4293119 50.0845725
303408219 14.4294029 50.0845436
331241867 14.4296681 50.0847027
331241860 14.4301539 50.0843957
331241863 14.4302295 50.0843307
303408210 14.429746 50.0851241
281875520 14.4370457 50.0859539
641468828 14.4342298 50.0797427
281875522 14.4368883 50.0859854
331241869 14.4297131 50.0846667
303408216 14.4292955 50.0845871
340221647 14.4330426 50.0865784
340221646 14.433021 50.0865798
340221645 14.432959 50.086429
340221644 14.4329695 50.0863772
340221643 14.4329292 50.0863739
340221642 14.4329426 50.0863102
340221641 14.4329814 50.0863131
340221640 14.4330046 50.086188
340221649 14.4330016 50.0865329
340221648 14.4330508 50.0865353
641468798 14.4330472 50.0792827
641468799 14.4330073 50.0793084
641468796 14.4330051 50.079334
305781715 14.4286531 50.0813736
340221809 14.4342624 50.0871626
340221808 14.434267 50.087157
340221805 14.4342561 50.0870384
340221804 14.4342465 50.0869929
340221807 14.4343202 50.087157
340221806 14.4342874 50.0870366
340221801 14.4342247 50.0867236
340221800 14.4340602 50.0868519
340221803 14.4342786 50.0869907
300084250 14.4299132 50.0851419
355741591 14.4303527 50.0809524
355741592 14.4306058 50.0807867
355741593 14.4306541 50.0808422
355741594 14.4306668 50.0808446
355741595 14.4307126 50.0809116
355741597 14.4300043 50.0813583
355741598 14.4298822 50.0812907
355741599 14.4300104 50.0812055
297599892 14.4298653 50.0860103
340221692 14.4333342 50.0867085
300523643 14.4306315 50.0792371
300523644 14.4304576 50.0791372
300523649 14.430475 50.0791247
303400857 14.4313104 50.0850506
340221739 14.4333625 50.0869736
697437255 14.4281966 50.0815072
340221693 14.4331478 50.0867461
340221736 14.4332291 50.0870113
340221735 14.4332555 50.08701
340221734 14.4332626 50.0870022
340221733 14.4332542 50.0869736
340221732 14.4332677 50.0869629
340221731 14.4332529 50.0869141
340221730 14.433298 50.0869095
355741908 14.4297768 50.0807338
344969031 14.4303103 50.0880294
1166042419 14.4330429 50.0861019
355741907 14.4296813 50.0807982
297599329 14.4295699 50.086444
297599328 14.4295814 50.0863621
297599327 14.4292503 50.0863471
297599326 14.4296513 50.0867929
297599325 14.4296785 50.0866157
344969036 14.4305425 50.0877119
297599320 14.4297164 50.0863478
320808897 14.4335988 50.0808783
244214239 14.4371683 50.0866225
300084249 14.4299132 50.0852146
244214232 14.4376885 50.0867491
244214231 14.4375465 50.0863635
244214230 14.4371185 50.0858354
60709695 14.4371718 50.0837983
320808892 14.4335808 50.0807933
305779810 14.4282465 50.0824185
297597819 14.4291534 50.0878298
305779819 14.428107 50.0820761
331235152 14.4302281 50.0840161
331465776 14.4333739 50.0856015
331465771 14.4335052 50.0856973
355741858 14.4297245 50.0811994
331465773 14.4333519 50.085599
355741854 14.4305619 50.0803707
355741850 14.4305429 50.0803751
331467952 14.431483 50.0851815
331467950 14.4312939 50.085124
331467956 14.4314606 50.0851879
331467954 14.4314693 50.0851951
331467958 14.4313772 50.0852525
747054273 14.4347449 50.0838989
747054271 14.4302408 50.0817867
340096324 14.4314762 50.0863765
340096326 14.4316858 50.0863547
340096321 14.431475 50.0864301
340096108 14.4294079 50.0863475
340096109 14.4294367 50.0862421
340096104 14.4294368 50.0867152
340096105 14.4294086 50.0865604
340096454 14.43176 50.0866094
340096107 14.4294093 50.0863611
340096100 14.4301671 50.0868923
340096101 14.4302898 50.0869814
340096102 14.4302848 50.0869642
305779925 14.4285379 50.0819073
305781736 14.4288082 50.0808457
305779927 14.4284954 50.081874
305781733 14.4288482 50.0811685
305779920 14.4284906 50.0819134
305779922 14.4285095 50.0819235
355741484 14.4303252 50.0813409
305779928 14.428508 50.0818689
305781739 14.4290813 50.0810214
344969019 14.4301637 50.0875806
597577508 14.4396888 50.0830403
344969016 14.4299721 50.0881645
344969014 14.4307401 50.0876139
344969013 14.4307371 50.0876693
344969011 14.4309285 50.0876687
297600577 14.4339221 50.0850863
297601918 14.434429 50.0825395
297601910 14.4344318 50.082357
303410470 14.4287397 50.0850284
305781609 14.4282377 50.0812651
331467960 14.4314034 50.0852645
340221658 14.4331038 50.0863577
352718410 14.4282187 50.0804179
355742032 14.4299684 50.0801835
1017997527 14.4377283 50.0862149
355742031 14.4299422 50.0802026
355742036 14.4298767 50.0801965
300523633 14.4310092 50.0793814
355742034 14.4299344 50.0801602
331235058 14.4309106 50.0844235
331235057 14.4309066 50.0843281
355742038 14.4304129 50.0801781
305305525 14.4307825 50.0852477
641468846 14.4340919 50.0814633
331465743 14.4335994 50.0856562
340221652 14.4332218 50.0863475
331235096 14.4304226 50.0843668
340221683 14.4332075 50.0864356
340221655 14.4331643 50.0863542
331241875 14.4297642 50.0846942
641468811 14.4336798 50.0791376
303400860 14.4305692 50.0851104
331241878 14.4298788 50.0845964
355741665 14.429989 50.0805811
340221728 14.4332535 50.0870427
340221729 14.433338 50.0870344
352718411 14.4282397 50.0804223
340221818 14.4333689 50.0863925
340221819 14.4334118 50.086395
340221816 14.4334049 50.0864294
340221817 14.4333627 50.0864255
340221814 14.4340391 50.0869089
60709692 14.4358116 50.0819419
340221812 14.4340083 50.0869082
340221813 14.4340358 50.0868725
340221810 14.4341672 50.0871628
340221811 14.4341594 50.0871567
297599797 14.4295907 50.0862605
352724893 14.430386 50.0798679
297599791 14.429279 50.0862159
566240785 14.435626 50.0848464
290930147 14.4327652 50.082412
290930146 14.4319576 50.0827588
297599886 14.4298336 50.0860729
303410478 14.4285375 50.0850863
303410474 14.4286013 50.0851212
290930148 14.4318712 50.0813413
300523635 14.4307322 50.0792222
340221659 14.4331038 50.0863317
355741691 14.4307798 50.0806414
300523636 14.430692 50.079251
355741695 14.4307941 50.0806343
300523632 14.4309857 50.0793983
340221650 14.4332979 50.086211
340221651 14.4332852 50.0863528
355741699 14.4307555 50.0805884
340221653 14.4332203 50.0863691
340221654 14.4331628 50.0863643
300523638 14.4306477 50.0792255
340221656 14.4331188 50.0863499
340221657 14.4331177 50.0863589
24568304 14.4306575 50.0800809
305787779 14.429122 50.0826992
340221726 14.4332337 50.0870335
340221727 14.4332516 50.0870311
305787775 14.4290763 50.0827276
305787774 14.4290513 50.0827446
305787777 14.4290969 50.0826784
305787776 14.4290469 50.0827087
305787771 14.4283177 50.0825116
305787773 14.4283974 50.0823561
305787772 14.4282431 50.0824683
355741671 14.4306829 50.0807848
355741670 14.4306917 50.0807961
355741672 14.4306355 50.0808038
355741674 14.4305475 50.0806915
355741677 14.4306752 50.0806463
1166042422 14.4343444 50.0859362
340196258 14.4370775 50.0864772
297599332 14.4293565 50.0864318
297599334 14.4293268 50.086557
297599336 14.4295528 50.0865957
300526683 14.4304518 50.0847508
300526681 14.4304585 50.0847402
300526687 14.4303578 50.0847141
300526685 14.4303645 50.0847288
300526689 14.4303393 50.0847185
244214226 14.4351135 50.0835219
300526669 14.4306488 50.084752
300526661 14.4307236 50.0848257
300526660 14.4307495 50.0848199
300526663 14.4306512 50.0847887
300526662 14.4306424 50.084805
300526665 14.4306465 50.0847859
300526667 14.4306512 50.0847656
300526597 14.4303324 50.0849766
300526596 14.4303088 50.0849867
300526595 14.4302236 50.0849644
300526594 14.430215 50.0849526
300526592 14.4302465 50.0848836
300526591 14.4302557 50.0848841
300526590 14.4302642 50.0848681
300526599 14.430354 50.0849602
300526598 14.4303442 50.0849577
305779806 14.428267 50.082433
331465766 14.4334353 50.0857382
331465764 14.4334218 50.0857523
331465762 14.4334408 50.0857579
331465760 14.4334135 50.085789
355741845 14.4304214 50.0802352
331465769 14.4332831 50.0856648
331467945 14.4317007 50.0852062
331467946 14.4316621 50.0851847
331467947 14.431595 50.0852374
331467940 14.4318102 50.0850929
747054265 14.4333708 50.0828496
331467943 14.4318413 50.0851064
331467948 14.431427 50.0851527
331467949 14.4313884 50.0851823
439703199 14.4429092 50.0872091
305781728 14.4284802 50.0813727
340096467 14.431253 50.0868464
305781722 14.4285823 50.0813324
340096468 14.4312473 50.0868187
305781725 14.4285679 50.081308
305779934 14.4285284 50.0818345
644711576 14.4392077 50.0862047
297600678 14.4338281 50.082513
297600679 14.433618 50.0822145
305779939 14.4287097 50.081962
344969001 14.4307584 50.0879407
344969003 14.4307897 50.0877743
344969004 14.4308816 50.0877802
355742042 14.4301529 50.080096
344969009 14.4309295 50.0877992
297597822 14.429362 50.0875242
340096269 14.430696 50.0865014
340096268 14.4308278 50.0862389
305779900 14.4281068 50.0813602
340096265 14.4307813 50.0862451
297600342 14.4329015 50.0816731
340096267 14.4308058 50.0861808
340096266 14.4307619 50.086185
340096261 14.4307735 50.086229
340096260 14.4307334 50.0862323
919238333 14.4309575 50.0849461
305781619 14.428513 50.0814726
305781614 14.4285255 50.0814431
305781616 14.4285404 50.0814521
305781612 14.4285465 50.0814276
331235007 14.4314955 50.0848179
331235002 14.4310924 50.0847302
331235040 14.430818 50.0843862
355742006 14.4303398 50.0806194
355742004 14.4303965 50.0805949
355742002 14.430214 50.0804288
331235049 14.4314753 50.0844169
977504719 14.4388016 50.0856888
977504712 14.4387506 50.0854717
794680911 14.432306 50.0859893
352718421 14.4298078 50.0792612
352718422 14.4296225 50.0794006
331241844 14.4301354 50.0845092
340096249 14.4306416 50.086307
340221823 14.433467 50.0862149
340221822 14.4334388 50.0862129
340221821 14.4334195 50.0863305
340221820 14.4334278 50.0863307
340221827 14.4339617 50.0862483
340221826 14.4337484 50.0862335
340221825 14.4337439 50.0862449
340221824 14.433467 50.0862257
352724880 14.429556 50.0803118
303421648 14.4287907 50.0851905
352724882 14.4292621 50.0805245
340221828 14.4339609 50.0862616
1017997493 14.4387144 50.0854743
352724886 14.4289667 50.0807347
290930156 14.4350579 50.0843107
290930157 14.4353899 50.0848178
290930154 14.4344783 50.0844787
290930152 14.433286 50.0828092
290930153 14.433368 50.0830453
290930151 14.4338904 50.082491
303410465 14.4283679 50.0848398
290930158 14.4355788 50.0848508
290930159 14.4362097 50.0855676
355741686 14.4307721 50.0806329
340221629 14.4326373 50.0865521
340221628 14.4325986 50.0865578
355741682 14.4306895 50.080664
340221625 14.4326145 50.0864137
340221627 14.4326036 50.0863526
340221626 14.4326026 50.0863659
340221622 14.4326006 50.0864176
340221755 14.4335247 50.0869744
340221754 14.4335373 50.0869721
340221757 14.4336349 50.0869891
340221756 14.4335212 50.0869869
340221751 14.4335315 50.0868748
340221750 14.4334974 50.0868766
340221753 14.4335288 50.0869561
305787769 14.4280427 50.082692
305787766 14.4279752 50.0826514
340096106 14.4294056 50.086588
340221759 14.4336239 50.0869445
340221758 14.4336865 50.0871587
355741668 14.43045 50.0806473
355741669 14.4308777 50.0807311
297597826 14.4293571 50.0872958
355741663 14.4299171 50.080717
355741660 14.4299179 50.0807386
355741661 14.4299042 50.0807302
355741666 14.4302879 50.0807484
355741664 14.4298522 50.0806792
297597821 14.4291583 50.0875242
25655163 14.4321624 50.0857118
340096144 14.4300854 50.0865246
32438694 14.4382847 50.0861545
649199214 14.4372869 50.0863222
649199215 14.4371776 50.0863306
919238249 14.4303363 50.0849897
300526697 14.4303081 50.084766
300526691 14.4303461 50.0847327
300526693 14.4303346 50.0847482
300526698 14.4303199 50.0847695
290931398 14.4292918 50.0858384
300526679 14.4304796 50.0847462
300526673 14.4305468 50.0847542
300526671 14.4305897 50.0847368
300526677 14.4304736 50.0847579
300526675 14.4305323 50.0847734
300526588 14.4302413 50.0848605
300526589 14.4302445 50.0848643
300526580 14.4302255 50.0847898
300526581 14.4302223 50.0847978
300526582 14.4302321 50.0848004
300526583 14.4302124 50.0848353
300526584 14.430198 50.0848374
300526585 14.4301973 50.0848441
300526586 14.4302032 50.0848466
300526587 14.4302006 50.0848513
344969035 14.4304801 50.0880658
305779832 14.4282814 50.0823974
331465752 14.4332611 50.0855889
331465757 14.4331942 50.0857438
331465755 14.4333351 50.0856189
355741871 14.4300751 50.0811564
366263758 14.4296329 50.0804764
355741879 14.4294748 50.0810524
366263754 14.4294694 50.0803737
747054216 14.4341407 50.0829439
747054210 14.4342123 50.0828088
747054219 14.4345288 50.0835642
747054218 14.433566 50.083013
297601876 14.4344679 50.0825659
305779909 14.4283693 50.0820075
305779908 14.428292 50.082056
340096470 14.4313141 50.0868401
305781755 14.4294009 50.0816703
340096099 14.4301501 50.086897
305781751 14.4295149 50.0812929
305779906 14.4284213 50.082141
305782382 14.4300268 50.0822251
331467355 14.4323955 50.0842468
340096097 14.4301025 50.0869475
340221877 14.4342761 50.0868424
344969075 14.4317755 50.0877381
344969077 14.4317229 50.0877513
344969076 14.4317714 50.0877534
344969071 14.4319875 50.0877334
344969070 14.4319768 50.0878763
344969073 14.431856 50.0877429
344969072 14.431856 50.0877292
331467351 14.432662 50.0842343
344969079 14.4313934 50.0877212
344969078 14.4317245 50.087736
331467350 14.4329029 50.0843093
340096278 14.4309026 50.086271
340096279 14.4308506 50.086125
340096276 14.4310596 50.0864769
340096274 14.4308915 50.0862703
340096275 14.4309869 50.0862596
340096272 14.4309046 50.0863996
340096273 14.430932 50.0864004
340096270 14.430783 50.0864294
340096271 14.4309058 50.0864149
331467197 14.432221 50.0855605
331467196 14.4321972 50.0855547
331467195 14.4321287 50.0856551
331467194 14.4329627 50.0853072
331467191 14.4329954 50.0853244
331467190 14.4326544 50.0856302
331467199 14.4322404 50.0855327
669166793 14.4341794 50.0816952
669166791 14.4341108 50.0816053
344969109 14.4312263 50.0872881
344969108 14.4321708 50.0875483
344969101 14.4324206 50.0873105
344969100 14.4321995 50.0873074
344969103 14.4320056 50.0876153
344969102 14.4321634 50.0876838
344969105 14.4320179 50.0873042
344969104 14.4320163 50.0876158
344969107 14.4321067 50.0875473
344969106 14.4321091 50.0874144
355741899 14.4299779 50.0809188
331467282 14.4329422 50.084834
331467281 14.4328367 50.0848631
331467287 14.4330263 50.0847508
331467285 14.4329703 50.0847671
331467284 14.4329609 50.0847594
331467288 14.433005 50.0847269
331235035 14.4313644 50.0845387
331235034 14.4313365 50.0845262
331235037 14.4314341 50.0845575
331235036 14.4313755 50.084528
331235030 14.4314927 50.0844018
331235033 14.431392 50.0846009
331235032 14.4318483 50.0845504
331235039 14.4306848 50.0844807
331235038 14.4311594 50.084675
331467269 14.4326003 50.0850525
331467268 14.4328768 50.0851836
331465726 14.4338099 50.0858447
331467260 14.4322534 50.0854266
331467263 14.4321517 50.0855212
331467262 14.4322056 50.0854178
331467265 14.4322111 50.0855335
641468878 14.4377056 50.082217
977504732 14.4376402 50.0862089
641468874 14.4376109 50.0822749
641468877 14.4375957 50.0822538
331467278 14.4328087 50.0849471
331241852 14.4302244 50.0844304
331467279 14.4328274 50.0849736
281875518 14.4371086 50.0858945
355741477 14.4304475 50.0813469
355741476 14.4303619 50.0814073
355741474 14.4302096 50.0814966
355741473 14.4303807 50.0816124
331235141 14.4300948 50.0840295
331235140 14.4301226 50.0840124
331235143 14.430089 50.0839767
331235142 14.4300543 50.0840042
331235145 14.4300427 50.0839485
355741479 14.4308743 50.0813131
355741478 14.4307041 50.0811949
919238286 14.4303293 50.0847025
331467277 14.4328541 50.0849368
641468900 14.4369895 50.0855483
641468902 14.4370186 50.0855595
641468904 14.4370055 50.0855437
641468907 14.4370063 50.0855665
297600338 14.4322766 50.0810968
297600337 14.432647 50.0817644
355742011 14.4298562 50.0802984
297600335 14.432063 50.0826451
331467275 14.4328167 50.0848811
1017997503 14.4375211 50.0866186
297600332 14.4339688 50.0823424
340221836 14.4342646 50.0862753
340221832 14.4342405 50.0862735
290930160 14.4347133 50.0860718
303410454 14.4282736 50.0852732
340221638 14.4328157 50.0862992
340221639 14.4327806 50.0862958
340221636 14.4328291 50.0863854
340221637 14.4327963 50.086383
340221634 14.4326185 50.0866075
340221635 14.4328259 50.0864041
297596681 14.4284822 50.0871937
340221633 14.4326711 50.0866062
340221630 14.4326393 50.086561
290929526 14.4335025 50.0827429
340221746 14.433443 50.0867271
340221747 14.4335628 50.0867175
340221744 14.4333155 50.0869594
340221745 14.4334457 50.0867446
340221743 14.4334707 50.0871576
340221740 14.4333721 50.087008
340221741 14.4334237 50.0870059
340221748 14.4335764 50.0867804
340221749 14.4334756 50.0867935
297597817 14.4288833 50.0878282
355741659 14.4298866 50.0807607
355741658 14.4299301 50.0807857
355741656 14.4299913 50.0807415
355741655 14.4300517 50.0807719
355741654 14.4300402 50.0807813
355741653 14.4304687 50.08081
25655177 14.4346631 50.0861598
331467189 14.4326231 50.0856245
977504756 14.4386961 50.0854895
1166042444 14.4334399 50.0847128
1166042443 14.4342786 50.0858042
355741789 14.4306135 50.0804338
355741784 14.4303787 50.0805119
355741841 14.4304404 50.0802274
355741780 14.4303563 50.0805106
25936035 14.4327469 50.0791829
747054261 14.4337098 50.0825937
747054263 14.4337558 50.0833084
25655214 14.4316998 50.0827054
25655215 14.4306703 50.0819369
290931403 14.427998 50.0868111
244214246 14.436899 50.0856412
244214244 14.4379026 50.0861703
244214243 14.4349521 50.0835751
244214241 14.4367456 50.0859532
244214248 14.4363069 50.0856538
300526649 14.4308529 50.0849177
300526648 14.4308811 50.0849258
300526647 14.4308995 50.0849166
300526646 14.4309099 50.0849224
300526645 14.4308945 50.0849334
300526644 14.4309113 50.0849571
300526643 14.4309334 50.0849577
300526642 14.4309341 50.0849661
344968998 14.4308502 50.0879316
290931401 14.4289788 50.0862134
355737371 14.4311905 50.0811703
331235153 14.4302096 50.0840377
340221885 14.4344666 50.0867657
331235151 14.4302177 50.0840035
331465748 14.4337016 50.0858507
331465749 14.4330162 50.0858523
331465744 14.4336577 50.0856354
331465745 14.4336297 50.0856054
331465746 14.4337573 50.0855046
331465747 14.4336928 50.0858483
331465740 14.4335358 50.0857764
331465741 14.4334446 50.085743
331465742 14.4335789 50.0856439
344968990 14.4308907 50.087982
331235154 14.4302687 50.0840697
355741863 14.429909 50.0810604
355742054 14.4303498 50.0803488
320808896 14.4335301 50.08083
482486758 14.4296988 50.0814176
340221883 14.4344578 50.086733
340221882 14.4342331 50.0867514
482486756 14.4293735 50.0816478
305779918 14.4284591 50.0819296
305781746 14.4289556 50.0810988
305779915 14.4284055 50.0819923
305779916 14.4284812 50.0819417
305781742 14.4293904 50.0813862
305779911 14.4283551 50.0819973
340221829 14.4342393 50.0862833
305779913 14.4283803 50.0819802
305781680 14.4288037 50.0812979
344969062 14.4317574 50.0882195
344969061 14.43163 50.0882137
305781684 14.4289491 50.0813744
344969069 14.4323713 50.0878937
305779828 14.4283163 50.0824132
794680917 14.4329189 50.0859647
305779822 14.4282178 50.0819984
305779825 14.4285564 50.0822368
669166781 14.4328269 50.0811917
669166783 14.4330806 50.0812586
297601093 14.4335123 50.0828972
297601095 14.4339772 50.08246
297601094 14.4334592 50.082812
344969112 14.4317233 50.0872963
344969113 14.4318667 50.0872963
344969110 14.4312505 50.0873027
344969111 14.4317006 50.0873064
344969116 14.4312391 50.0876034
344969114 14.4318866 50.0873055
344969115 14.4313854 50.0876234
331467294 14.4324267 50.0850388
331467296 14.4323252 50.0849882
331467297 14.4324935 50.0848554
331467290 14.4331278 50.0846497
331467291 14.4330437 50.0848888
331467293 14.4324561 50.0851699
331467299 14.4325629 50.084894
355741885 14.4296906 50.0809015
331235027 14.4313686 50.0844994
331235025 14.4315289 50.0845718
290929793 14.4321548 50.0829538
305779931 14.4284954 50.0818568
355742052 14.4302391 50.080269
297601898 14.4341553 50.081989
352718409 14.4282483 50.0804493
352718408 14.4282352 50.0804574
919238289 14.4309688 50.085239
919238288 14.4306692 50.0847952
331467272 14.4330076 50.0850816
331467271 14.4327339 50.0849462
352718407 14.4282515 50.0804299
919238280 14.4308556 50.085263
352718405 14.428216 50.0804606
919238282 14.4309624 50.0849728
355737395 14.4313222 50.0814281
641468864 14.4376753 50.0821959
641468862 14.4360048 50.0844342
641468860 14.4359669 50.0844792
355737402 14.4313107 50.0814454
297600323 14.4332847 50.0831113
331467185 14.4323968 50.0857162
331467186 14.4325144 50.085592
331467187 14.4326157 50.085613
355737379 14.4313787 50.0810746
331235159 14.4300149 50.0842162
344968999 14.4308475 50.0879493
300526695 14.4303192 50.0847454
344968995 14.4309224 50.0879669
110613277 14.4306293 50.079929
331235150 14.4302327 50.0839916
344968996 14.4309281 50.0879387
344968991 14.4309028 50.0879749
355737374 14.4311794 50.0811569
344968993 14.4309045 50.0879651
355737376 14.4311884 50.0811394
110613282 14.4307915 50.0798535
344969007 14.4308778 50.0877956
297600321 14.4329618 50.0829866
641468911 14.4371137 50.0856955
297600324 14.4350269 50.0860941
297600325 14.435046 50.0859599
297600326 14.4357011 50.0857425
297600327 14.4351735 50.0845775
297600328 14.4334557 50.0830132
297600329 14.4333283 50.0826573
641468918 14.4378495 50.0861136
