317344210 12.50342503 41.90820964
665132368 12.49420301 41.90355936
665132367 12.49404207 41.90380688
665132366 12.49399396 41.90384451
665132364 12.49451381 41.90419337
1280118282 12.49955401 41.90344386
315115446 12.50014167 41.91029439
261870185 12.4893182 41.90274741
301153291 12.48810668 41.90860753
1193906524 12.48670238 41.9022035
1193906525 12.48593627 41.90224977
1193906522 12.4894073 41.90235832
1193906521 12.48949431 41.90238078
1333306735 12.48614783 41.90633503
32633399 12.49853771 41.9019611
534730705 12.5033257 41.90344889
574833036 12.49925109 41.9027138
574833034 12.49942594 41.90266158
574833035 12.49949911 41.90259511
574833032 12.49909058 41.90245312
294042836 12.50509328 41.91200639
1198379180 12.48939909 41.90313247
1198379187 12.48940051 41.90322434
1198379186 12.48988188 41.90310163
269022553 12.49298042 41.9017508
247701891 12.487903 41.90681162
247701892 12.48586871 41.90643218
666806322 12.49404124 41.90431357
1185740658 12.4948107 41.9108149
270321027 12.49872664 41.90750104
1090524818 12.50210153 41.90962928
303979842 12.48431932 41.90604493
303979843 12.48418697 41.90645363
303979840 12.4849094 41.90584418
303979841 12.48465661 41.90609388
270321028 12.5022187 41.90458631
270321029 12.50061491 41.90586581
303979844 12.48435846 41.90649093
303979845 12.48420239 41.90695009
32641631 12.4942564 41.90442957
32641633 12.49098352 41.90586036
32641632 12.4930137 41.90509501
32641635 12.49025589 41.90541453
32641634 12.49034959 41.90547387
32641636 12.4897409 41.90499283
32641639 12.48801867 41.90501547
32641638 12.48875452 41.90415624
1277412038 12.49569021 41.90249268
1277412033 12.49683417 41.9033411
1277412035 12.49547697 41.90233401
259669455 12.50314809 41.90470274
259669454 12.50318564 41.90446008
665130262 12.49348568 41.90449738
665130263 12.49345928 41.9044843
665130264 12.4934421 41.90446729
665130265 12.49343103 41.90444541
665130267 12.49331092 41.9043802
1280129395 12.49670006 41.9035607
665130269 12.49338829 41.90421944
448927779 12.49807134 41.91115957
448927778 12.49795408 41.9110133
270327826 12.49571301 41.90323993
270327827 12.4957063 41.90331142
1280129393 12.49668799 41.90355467
270327825 12.49579423 41.90315443
258275917 12.49775517 41.8976176
252525453 12.48347778 41.9011074
1281522948 12.4872959 41.9019746
317341903 12.50077492 41.91191604
1233105243 12.50189223 41.90423846
1281522941 12.48726807 41.90199647
1233105241 12.50205819 41.90388869
1233105247 12.50172803 41.90418876
574832980 12.49090917 41.89949397
1281433108 12.4866163 41.89800778
255457313 12.49536616 41.90001943
255457312 12.4961254 41.89944971
1281433104 12.48660163 41.89843098
1363451449 12.49247969 41.91233739
1363451448 12.4924128 41.91229959
1094019228 12.48694168 41.90928529
1280202969 12.49673552 41.90320187
1094019227 12.49787621 41.91025164
317341871 12.50053461 41.91059572
667349525 12.49246837 41.90744697
122570350 12.49756918 41.90130857
293801579 12.48342698 41.9036985
281045400 12.48368179 41.90193017
281045403 12.48405076 41.90242529
1227795732 12.48570468 41.90894214
672912200 12.48359789 41.89992111
672912201 12.48363544 41.89983687
672912206 12.48357442 41.8993778
246151652 12.49953817 41.90099467
246150307 12.4948464 41.89968189
270201245 12.50216003 41.90975208
1227802458 12.48362186 41.90950817
1198379188 12.48943781 41.90268178
1280113065 12.49948017 41.90337303
1227795739 12.48364759 41.90897684
574833033 12.49898446 41.9025589
454458832 12.49687717 41.90247466
309309751 12.49602976 41.91103451
309309750 12.49021833 41.9099364
309309752 12.49475252 41.91108069
255445752 12.48966186 41.89943806
255445753 12.48976462 41.89949883
301336162 12.49967128 41.9104052
255445751 12.48952423 41.89934896
1280103333 12.49740816 41.90425338
1280103332 12.49753163 41.90451792
1280103331 12.49730364 41.90434919
1280103330 12.49738679 41.90440912
1280103336 12.49746717 41.90429026
1280103334 12.49741629 41.904432
1280103338 12.49754227 41.90426629
257494121 12.4916943 41.91129217
257494120 12.49141929 41.9116287
257494123 12.4903475 41.91246069
662563821 12.4868499 41.90196144
662563820 12.48680011 41.9020295
662563823 12.48791306 41.90207836
662563822 12.48787341 41.90215992
662563825 12.48808992 41.90229998
662563824 12.48814549 41.90212279
662563827 12.48672786 41.90218364
662563826 12.4868504 41.90209429
662563829 12.48500194 41.90119826
281045225 12.4861563 41.90240132
281045224 12.48586511 41.90211491
259198993 12.50114037 41.91133928
281045221 12.48482952 41.90134612
281045220 12.48415914 41.90099282
919655149 12.49099726 41.91037209
415344696 12.49816262 41.91057594
415344694 12.4981477 41.91093309
566651301 12.49681657 41.91075816
662423517 12.48556696 41.90120949
246151875 12.49635473 41.90324579
309304803 12.48466583 41.9012514
1119323841 12.49892772 41.91091574
309304808 12.48501703 41.89992698
315111374 12.5045902 41.90784587
665132370 12.49425657 41.9040145
665132372 12.49382096 41.90373622
317344733 12.49396186 41.90674272
292467026 12.49739953 41.90849044
292467025 12.49664398 41.90840762
317344738 12.49449922 41.9069169
454464726 12.4993873 41.90203821
564916529 12.49775853 41.89801557
255456450 12.49445681 41.89977409
564363343 12.50101691 41.90013007
564916522 12.49803798 41.89811532
564916527 12.49786573 41.89808807
1280031303 12.49779038 41.90386513
1193906533 12.48744971 41.90222094
1283020137 12.50164773 41.90909343
292467154 12.49627317 41.90910583
1280207916 12.49583111 41.90317337
1150894087 12.49607309 41.90519333
1150894085 12.49808291 41.90690634
1281526093 12.48559337 41.90107941
1281526091 12.48565338 41.90111796
1090499830 12.49186672 41.91043797
1281526094 12.48568347 41.90109433
413740413 12.50354933 41.91068867
1185740668 12.4877828 41.9093148
672912746 12.48369973 41.89897664
255680482 12.49295301 41.90666578
1090524809 12.50189944 41.90945008
32641644 12.49019629 41.90638331
32641647 12.48929549 41.90813613
32641640 12.48800912 41.90535552
32641641 12.48811858 41.90552341
327782594 12.49976834 41.91050561
32641643 12.48865653 41.90577369
415343125 12.5022923 41.90879386
415343126 12.50225223 41.90879202
32641648 12.48848328 41.90920432
1227803962 12.48350493 41.90957933
415343123 12.5017898 41.90910466
1277412044 12.49570102 41.90253459
1277412042 12.4953805 41.90273517
301153290 12.48843399 41.90790672
247701428 12.4907956 41.90761562
1280107097 12.49814376 41.90496693
1185838209 12.48525432 41.90778837
1119303908 12.50408192 41.90837879
1119303903 12.5041048 41.90853737
383407974 12.49953658 41.90457139
1280266606 12.49930507 41.90274791
1233105238 12.5023187 41.9039829
1281522957 12.48572991 41.90014801
1281522956 12.48667799 41.90185683
1233105234 12.49906476 41.90230392
1233105235 12.50188209 41.90413838
1233105232 12.50261626 41.90425078
1233105231 12.5020343 41.90397762
254528051 12.49263869 41.89886776
1185740861 12.5064462 41.90450107
1277397884 12.49651909 41.90316239
1094019232 12.49777739 41.91033269
1277397886 12.49684004 41.90299233
1277397887 12.49692537 41.90263936
1277397880 12.4968687 41.90304882
1277397889 12.49705948 41.90260148
1280101656 12.49832271 41.90296592
976733781 12.50003086 41.90422396
292464067 12.49691112 41.91164438
255446520 12.48733923 41.89956639
255446521 12.48928761 41.89812169
261950845 12.48589118 41.90512007
270325407 12.49969969 41.90256929
566652892 12.4833937 41.90085762
566652893 12.48352446 41.90097723
448927780 12.4985243 41.91122679
1107362996 12.4984124 41.90077573
1333306677 12.48781692 41.90967304
270325411 12.49969324 41.90074363
1333306671 12.48879567 41.90957908
270325412 12.50051693 41.90018129
947964123 12.50161353 41.90030576
947964127 12.50292538 41.9015379
315143621 12.48784324 41.90972928
281045306 12.48545373 41.90051531
281045307 12.48434304 41.9019849
308549193 12.50160708 41.90967849
454458801 12.49755074 41.90222354
566651276 12.49421357 41.9108144
1349033300 12.49804502 41.89852553
1349033301 12.49850351 41.89894831
1277411997 12.49649764 41.90374242
1280103340 12.49760396 41.90435221
1280102912 12.49772466 41.90443703
301336339 12.50356023 41.9109144
301336338 12.50198317 41.91115043
662563832 12.48558029 41.9005433
662563830 12.48547862 41.90059041
662563831 12.48553453 41.90061262
919655150 12.48860431 41.90947481
919655151 12.48842913 41.90955896
315138522 12.48953781 41.90969374
315138524 12.48954552 41.90985157
1280093974 12.4979327 41.90198214
1280093973 12.49598274 41.90313549
1280093970 12.49639362 41.90316583
309307065 12.48647129 41.90437283
1193897521 12.4848079 41.90064724
1119323850 12.49914364 41.9106041
309306986 12.48634866 41.90302527
255445198 12.4874534 41.90013812
255445199 12.48760779 41.90017743
255445194 12.48810878 41.89903171
255445195 12.49056979 41.90063483
255445196 12.48593988 41.90127823
669160657 12.49733138 41.89859526
293799279 12.48567601 41.90402858
270327828 12.49572307 41.90336683
301153339 12.49016637 41.90700374
255456443 12.4941435 41.89962171
255456440 12.49384133 41.89979899
255456441 12.49389556 41.89973881
255456446 12.49434684 41.89963001
564916532 12.49756817 41.89771282
1280129399 12.49681271 41.90346389
255456448 12.49443871 41.8996891
261875340 12.4937104 41.90463208
448927776 12.49824694 41.91036563
1193906508 12.4857279 41.90166614
448927774 12.49811861 41.91037628
1193906505 12.48557157 41.9025625
317344344 12.49947967 41.91038466
665130268 12.49344143 41.90425363
1283020123 12.50193607 41.90885027
1280129397 12.49692537 41.90339097
1280129391 12.496992 41.90333246
1280207901 12.49601618 41.90322333
1280207903 12.49587134 41.90231901
25418885 12.4938275 41.90112031
1280207909 12.49588609 41.90210041
1150894097 12.49586204 41.90538092
267941813 12.4852316 41.90870241
267941812 12.48556956 41.90871323
1280271706 12.49766708 41.90277431
1280271707 12.49772173 41.90273391
1280271705 12.49770647 41.90272142
247701859 12.49031691 41.90670031
255680498 12.49456527 41.90866453
1185740675 12.50702547 41.90399237
255680494 12.4971101 41.90770396
255680495 12.49799833 41.90697792
1280123062 12.49986113 41.90330623
255680492 12.49575022 41.90768267
255680493 12.49630008 41.90788711
32641653 12.48994282 41.90964127
1227803975 12.48358364 41.90923181
32641650 12.4885847 41.90939183
32641659 12.48593267 41.91172442
1277412058 12.49546356 41.90291488
1277412057 12.49634743 41.90373236
1277412050 12.49640644 41.9036845
574833018 12.49881507 41.90229747
574833019 12.49868213 41.90222371
315132702 12.49567537 41.91104557
566651270 12.49369012 41.91079378
309304124 12.48421429 41.90246787
294719271 12.48338842 41.90363069
1280207950 12.49570898 41.90221122
1185838219 12.48490379 41.907408
566651274 12.49478832 41.91081524
252439084 12.48889634 41.91106837
947964260 12.50596064 41.89839653
408615849 12.48641496 41.89976663
947964265 12.50586668 41.89821447
1280279888 12.49785106 41.90267063
1233105228 12.50189357 41.90408826
281042894 12.4843614 41.8990535
1233105223 12.50069496 41.90317488
1227795633 12.48377533 41.9094396
1277397893 12.49674398 41.90310473
1277397891 12.49711178 41.90278714
1277397890 12.49657936 41.90319844
1277397896 12.49671892 41.90308159
1277397895 12.49645472 41.90313649
356929290 12.50016966 41.90843302
356929291 12.50083083 41.90887726
356929292 12.50111414 41.90889402
356929296 12.50152049 41.90917071
356929298 12.50185166 41.90890207
1094019249 12.48839418 41.90982794
1280102358 12.49778778 41.90469452
1280102359 12.4977623 41.9046786
1280102356 12.49786154 41.90452479
1280102357 12.49787629 41.9046237
1280102354 12.49804376 41.9046366
1280102355 12.49800898 41.90470953
1280102353 12.49792717 41.90478438
1280102350 12.49793656 41.90466259
1280102351 12.49789373 41.90476443
1333306668 12.48877363 41.90944027
1107362989 12.49929736 41.90101411
1107362984 12.49886276 41.90119164
1107362983 12.49886443 41.90457181
1277411998 12.49540732 41.90246971
669163789 12.49688119 41.89936807
270325408 12.50080753 41.90192036
270325409 12.5011501 41.90220468
259671029 12.48812093 41.89911679
259671028 12.48912374 41.89977049
259671027 12.48847733 41.90032646
259671026 12.48751567 41.89956723
25418886 12.49309777 41.90064347
25418887 12.49249897 41.90023937
25418884 12.49454298 41.90158869
733351945 12.49914959 41.91047703
25418882 12.49523038 41.90202899
25418888 12.49166203 41.89969639
25418889 12.4903418 41.89882836
93810139 12.50067551 41.90033342
1281522940 12.48727453 41.90204366
1198263785 12.49089576 41.90295779
1198263784 12.49132634 41.90329324
1198263781 12.49086483 41.90290901
1198263783 12.49085553 41.90287598
257494109 12.49128652 41.91154078
257494108 12.49134972 41.91160658
292466159 12.49695797 41.9093008
317344300 12.50417848 41.90822272
1280207936 12.49589414 41.90211441
1290143699 12.49280692 41.90126691
317343949 12.50665357 41.90871733
317343947 12.50507308 41.90831282
247701862 12.49351033 41.90837133
1193897553 12.48615487 41.90110011
1193897551 12.48914084 41.90230836
1119323827 12.4989672 41.91102202
1227742616 12.48507151 41.9085196
122568065 12.50627127 41.90217501
122568063 12.50332411 41.90450434
1227802476 12.48359361 41.90981528
303987116 12.48337761 41.90599933
293799467 12.48441454 41.90384971
454464721 12.49905211 41.90222991
247701538 12.4928666 41.91061181
247701539 12.49190628 41.91033789
247701536 12.49393227 41.91070317
247701537 12.49299886 41.91064349
1193906514 12.48551567 41.90186613
1193906512 12.4873648 41.9024377
454458788 12.49762769 41.90212203
315112276 12.50369811 41.90817368
1283020114 12.50191101 41.90883879
1283020117 12.50175183 41.90906988
454458784 12.49774302 41.90207593
255457314 12.49662948 41.89994391
1280102914 12.49774218 41.90453879
1280102915 12.49777026 41.90446503
1280102916 12.49766172 41.9046107
566651256 12.49252503 41.9106699
1280102911 12.49763079 41.90458866
1280207932 12.49662152 41.90230677
1280102913 12.49779851 41.90457382
317344396 12.49867827 41.9110351
566651258 12.49241951 41.91062983
666803081 12.49451364 41.90372893
301346552 12.50224293 41.90952149
247701194 12.49000686 41.90944983
247701195 12.49032093 41.90661532
257908478 12.50159702 41.90926836
247701846 12.48822889 41.90982232
122571275 12.49636302 41.8988204
122571276 12.49787763 41.90032294
122571273 12.49490742 41.89717788
413740989 12.5021022 41.90996288
1280161548 12.49683979 41.90309174
255445208 12.48710831 41.89940018
1277412064 12.4965781 41.90320942
1277412066 12.49676452 41.90322727
1277412068 12.49689863 41.90341503
1363451445 12.49222329 41.91196859
247701442 12.49071622 41.90993749
503717915 12.50595787 41.90520171
503717916 12.5048518 41.90446469
247701441 12.49029972 41.90970061
327776487 12.49885681 41.910573
1150894112 12.49008163 41.90626688
1277412081 12.49675907 41.90329718
1277412085 12.49651096 41.90317337
1119303994 12.50406021 41.90842807
327782399 12.5009864 41.9096085
408615852 12.48627473 41.89896298
408615850 12.48636299 41.89979388
408615851 12.48651923 41.89973612
252439059 12.48721627 41.9121913
1233105213 12.50194613 41.90403252
1233105214 12.50270812 41.90484556
1233105216 12.50288691 41.90475412
1233105219 12.50305287 41.90443661
252439053 12.48704746 41.91231912
252439056 12.48719993 41.91225751
1227795629 12.48492223 41.90848499
1094019254 12.49788417 41.91019188
259669460 12.50177991 41.9040756
259669461 12.50197932 41.90393219
259669462 12.50214536 41.90387427
956687234 12.501766 41.90084371
956687233 12.50165267 41.90073583
1280102349 12.49799833 41.9046097
1280102348 12.49806941 41.90474942
1107581691 12.49812339 41.91057677
253873481 12.48544803 41.90399774
1280126801 12.4971733 41.90386723
1280313143 12.49709267 41.90280147
25418891 12.49002262 41.89861412
25418897 12.48702039 41.8966883
309310043 12.4911447 41.9102415
1333306720 12.48880858 41.90940088
908478365 12.48500202 41.90124126
259199105 12.50196004 41.91108547
259199104 12.50197052 41.9112221
259199106 12.50163876 41.91091389
259199101 12.50122143 41.91145788
308549573 12.50186356 41.9096551
259199103 12.50153751 41.91158931
257494110 12.49128828 41.91146224
257494111 12.49137001 41.91139108
257494113 12.49147461 41.91137758
257494116 12.49156212 41.91140742
257494117 12.49161878 41.91148303
257494118 12.4916078 41.9115526
257494119 12.4915265 41.9116173
662563813 12.48540628 41.90067741
662563814 12.4855243 41.90072888
662563815 12.48519472 41.90118401
662563816 12.48522088 41.90124059
304564677 12.485056 41.89994098
304564678 12.48504704 41.90023543
304564679 12.48588129 41.90002396
1280102165 12.4982596 41.90487113
1280102167 12.49919317 41.90420049
1280102166 12.49822448 41.90502678
1280102161 12.49819807 41.90500289
1280102163 12.49830939 41.90490407
1280102162 12.49831978 41.90481623
292467002 12.49766297 41.90805919
1193897541 12.48938283 41.90211927
1119323838 12.49894582 41.91071457
1280234446 12.50170506 41.90230702
1193897548 12.48519816 41.90026846
1119323833 12.4983818 41.91045373
1227742600 12.48444111 41.90857492
1198381452 12.4905324 41.90348677
1227742604 12.48797148 41.90958972
564916518 12.49816186 41.89821933
454464733 12.49911623 41.90163337
454464731 12.49912277 41.90176681
1198380077 12.49014876 41.90294882
454464735 12.49915512 41.90152667
819036583 12.4842391 41.91265088
1277412013 12.49551989 41.90229797
1283020101 12.50204503 41.90866344
1277412012 12.4965807 41.90367553
1283020109 12.5011252 41.90896711
296377275 12.50452113 41.90561092
296377272 12.50362963 41.90642539
1280207929 12.49585248 41.90315049
1280207922 12.4965942 41.90232798
1280207920 12.49634869 41.90325149
1280207927 12.49666259 41.90227014
1280207926 12.49665354 41.90232261
1280207925 12.49557973 41.90224843
1245329708 12.4867209 41.90317631
1245329706 12.48413986 41.9025097
1245329701 12.48792278 41.90348074
1245329700 12.48554978 41.9026739
1245329703 12.48521174 41.90272704
454464728 12.49918722 41.90188491
1103070029 12.49855866 41.91080971
255680472 12.49410988 41.9062041
669160663 12.49687449 41.89825353
413740996 12.50274811 41.91034929
413740997 12.50266462 41.91035122
413740994 12.50283369 41.91027578
413740992 12.50217587 41.90984386
413740993 12.5028543 41.91019523
413740990 12.50209658 41.90991343
413740991 12.50227252 41.90982056
1277412077 12.49570773 41.90309861
1277412073 12.49567822 41.90274917
1277412072 12.49579222 41.90300574
413740040 12.50366701 41.91085111
413740042 12.50171939 41.90956843
413740043 12.50168436 41.90933013
413740044 12.50175493 41.90918513
1150894128 12.4959736 41.90550036
309308960 12.48733647 41.90940524
1280113053 12.49937028 41.90370437
1281635127 12.48651311 41.89882828
1281635126 12.486766 41.89842042
1281635125 12.4864997 41.89884731
257496188 12.48480119 41.91255448
257496185 12.48488736 41.91249414
304573208 12.4887997 41.90400427
257496187 12.48473858 41.91256773
257496180 12.4846017 41.91227771
257496183 12.48488149 41.91232658
454458837 12.4967366 41.90226008
317344879 12.49287867 41.90568158
261737459 12.49091487 41.90602247
952321868 12.50688684 41.89920379
1233105207 12.5027875 41.90496266
1233105206 12.50308288 41.90454641
1233105204 12.50123953 41.90319852
1281522980 12.48546429 41.90121603
315139525 12.48938911 41.90967614
1281522982 12.48658562 41.90178969
1281522983 12.48550192 41.90128091
255680502 12.4947977 41.90735544
255680500 12.49726014 41.90646067
255680506 12.49651767 41.90595918
1233060718 12.49787512 41.90168064
270323580 12.50042439 41.90300289
270323583 12.5017608 41.90426151
270323582 12.50102521 41.90337714
270323585 12.50319302 41.9045672
270323584 12.50279421 41.90484984
257497053 12.4871343 41.91210228
1198065209 12.49126599 41.90327421
270566686 12.50388058 41.90524932
270566684 12.50308782 41.90475521
309309089 12.49014089 41.90982274
309309088 12.49177544 41.91063
574833026 12.49959408 41.9025014
1107581687 12.49806287 41.91094591
1281437017 12.48923639 41.89808933
566651255 12.49253593 41.91064316
1280207935 12.49577344 41.90219018
566651257 12.49240693 41.91065154
327792502 12.50167388 41.9093246
454458873 12.49611232 41.9024812
1280711923 12.49859772 41.90248673
385767713 12.4885355 41.89990879
385767715 12.48864748 41.89998666
385767714 12.48860901 41.89993888
385767717 12.48865117 41.89936338
415341751 12.50283377 41.90845791
385767718 12.48861454 41.89939481
415341752 12.50280686 41.9084129
415361289 12.49316809 41.90486518
415361288 12.49310364 41.90483333
534730706 12.50345948 41.90333959
665130620 12.49447014 41.90370889
255453047 12.48633927 41.89968282
255453049 12.48605379 41.89969204
270320063 12.50058113 41.9067444
270320062 12.50137381 41.90728914
253874145 12.50068767 41.9088978
253874144 12.4907386 41.90196856
246150528 12.49624249 41.9024594
246150529 12.49640376 41.9024755
1198127409 12.49029629 41.90393001
566651300 12.49672671 41.91076176
270324002 12.50087601 41.9047905
327777204 12.49894063 41.91077652
327777202 12.49890542 41.91085572
662564892 12.48655159 41.9018596
295795353 12.50188863 41.90399631
309306684 12.48381682 41.90016368
309306682 12.48468158 41.90071538
309306683 12.48493656 41.9006785
295795101 12.50153323 41.9042274
261874881 12.49403461 41.90435849
1227925181 12.49938554 41.90772911
669174322 12.4968972 41.89816284
566651279 12.4951168 41.9108108
566651278 12.49429454 41.91081373
1281522960 12.48569068 41.89984702
317344602 12.49839211 41.91040377
566651273 12.49478832 41.91083544
566651272 12.49468907 41.91083687
566651271 12.49468907 41.91079252
1280102360 12.4979058 41.90455178
566651277 12.49429638 41.91084273
1280207953 12.49702042 41.90251414
566651275 12.49421281 41.91084407
1280207951 12.4956685 41.9024351
247701961 12.48880917 41.90878866
252608212 12.49577721 41.89915383
309307007 12.48936179 41.90239637
247701861 12.49386823 41.90708068
309307005 12.48687027 41.90211717
309307004 12.48675828 41.90220803
247701865 12.48677019 41.90901187
1248513551 12.48415788 41.90025848
309307008 12.4902558 41.90164678
662426759 12.48532842 41.90045118
662426753 12.48552849 41.90052629
1280031322 12.49711857 41.90314236
1280031323 12.49679402 41.90316239
1280031320 12.49697909 41.90377629
1280031321 12.4968651 41.90302367
1280031326 12.49694959 41.90305661
1280031327 12.49683694 41.90314739
1280031324 12.4975437 41.90338502
1280031325 12.49677441 41.90316583
1150894110 12.4938104 41.90392431
1280031328 12.49713064 41.90316441
1280031329 12.49680207 41.90368936
413740034 12.50104633 41.90958201
413740036 12.50199801 41.90974521
413740030 12.50194462 41.90978292
413740033 12.50075522 41.90980287
246152639 12.49597729 41.90543171
917760210 12.48755968 41.91102713
1351150950 12.49886318 41.90165659
1351150952 12.49871666 41.90205481
1150894127 12.49600461 41.90559407
303979839 12.4857833 41.90597427
1150894069 12.494115 41.90407451
1185740622 12.50689421 41.90311613
1150894067 12.4957783 41.90532937
1150894061 12.49376547 41.90400737
252439078 12.48755146 41.91140348
252439073 12.48738944 41.91198502
1150894126 12.49377964 41.9039622
1227795601 12.48566721 41.90891179
1227795609 12.48535851 41.90840729
315141718 12.48789814 41.90947313
1280126798 12.49755451 41.90371099
1280126799 12.4970205 41.90382524
1280126794 12.49752358 41.90375927
1280126796 12.49757094 41.90372549
1280126797 12.49736801 41.9037933
1280126790 12.49736801 41.90369439
1280126791 12.49695219 41.9038332
1280126792 12.49743909 41.90370537
25643643 12.50548538 41.90622372
315136479 12.4929702 41.91090744
1280279016 12.49754026 41.90253769
1280279017 12.49706979 41.90263802
309309094 12.49471631 41.91096913
1280279015 12.4971096 41.90277943
667349503 12.49084429 41.90594628
1280102361 12.49813513 41.90470148
317341887 12.50002374 41.91185543
1107496235 12.4928319 41.89611808
1281522998 12.48812638 41.90208842
253873620 12.48773528 41.90429018
261875418 12.49353489 41.90496467
1281522993 12.48663507 41.90185884
315113702 12.50317089 41.90832221
1281522995 12.48668737 41.90188969
715929859 12.48692936 41.9121452
715929858 12.48699013 41.91210236
715929854 12.48721602 41.91221929
715929856 12.48708308 41.91209013
304565079 12.48802353 41.90029671
304565078 12.48794826 41.90033543
454458841 12.49695294 41.90253249
304727496 12.48559454 41.90282519
304565073 12.48989069 41.90188206
292470433 12.49795869 41.9116691
304565075 12.48705593 41.89941987
304565074 12.49018799 41.90165206
254528639 12.49069208 41.89639661
574832979 12.49119692 41.89939297
385767708 12.4879626 41.89994978
385767709 12.48808556 41.89989789
1333306707 12.48795153 41.90940373
415361290 12.49354 41.90508378
1198263778 12.49131687 41.90324529
1198263774 12.49059938 41.90253459
1198263775 12.49040634 41.90358074
1198263776 12.49100674 41.90215598
1198263770 12.49102048 41.90377629
1198263771 12.4913276 41.90327019
1198263772 12.49058596 41.90260148
255453053 12.48596158 41.89907437
255453050 12.48600257 41.89966806
255453051 12.48597206 41.89962699
255453057 12.48627909 41.89898234
255453054 12.48600282 41.89901838
255453055 12.4860527 41.89899064
255453059 12.48658989 41.89978373
1280104888 12.49726198 41.90433318
1193897568 12.4861278 41.90107488
1280104884 12.49725402 41.9043512
1280104885 12.49768259 41.90389246
1280104886 12.49776372 41.90355827
1280104887 12.49775149 41.90395398
309309552 12.49381023 41.91103996
309309555 12.49275629 41.91097869
259199418 12.49880073 41.91173582
259199417 12.49869101 41.91153349
415361832 12.49404417 41.90416068
415361833 12.49394954 41.90417627
415361831 12.49409723 41.90412522
1198064822 12.49124721 41.90334713
257908485 12.50367313 41.90813429
666819235 12.49421969 41.90363497
257908482 12.50283327 41.90833143
1227744620 12.50182517 41.90948017
566651281 12.49520624 41.91083402
662423470 12.48558473 41.90104119
443611931 12.50081138 41.90244239
315143133 12.48798741 41.90977102
1099803096 12.48787341 41.9099975
308549419 12.50168603 41.90971352
666819263 12.49437811 41.90376782
566651268 12.49381652 41.91083016
1280207948 12.49566079 41.90218431
566651264 12.49328921 41.91077769
566651265 12.49296383 41.91073058
1280207946 12.49587402 41.90314354
566651260 12.49277196 41.91069974
566651261 12.49337194 41.91078314
566651262 12.49336834 41.91081306
566651263 12.49328628 41.91080979
454458738 12.4981171 41.90212832
454458731 12.49671858 41.90236352
1227755673 12.5005782 41.90993648
1227755671 12.50068641 41.90988032
454458734 12.49683124 41.90245253
255456451 12.49453971 41.89984048
267941857 12.5041618 41.91117977
267941856 12.50299814 41.91216649
1282606380 12.48496288 41.89741073
443612138 12.50070267 41.90259393
1193906492 12.4889349 41.90399371
1193906493 12.48614029 41.90241121
1281506707 12.48648587 41.89890464
669160648 12.4964797 41.89894362
1227755655 12.50403448 41.91002424
242161441 12.49825591 41.90217811
1280031331 12.49694858 41.90351837
1280031330 12.49768183 41.90350882
1280031333 12.49798358 41.90370143
1280031332 12.49679268 41.90325317
1280031335 12.49678187 41.90315544
1280031334 12.49684632 41.90369641
1280031337 12.49709041 41.90339298
1280031336 12.49684088 41.9032033
1150894107 12.49540237 41.90518688
1280031338 12.49682889 41.90317237
1150894101 12.49379129 41.90408499
1280268725 12.49718973 41.90308964
662426698 12.4851995 41.90023879
1280268721 12.4980498 41.90301638
1227925157 12.5006797 41.90784629
383407968 12.49996456 41.90538997
1280266611 12.49904808 41.90296198
1280266612 12.49930909 41.90265697
1280266613 12.49938998 41.90269577
1280097948 12.49843419 41.90292887
1280097949 12.49904171 41.90301672
1280097943 12.49833218 41.90303071
1280097940 12.49848784 41.90284103
1280097941 12.49831483 41.90305058
1280097946 12.49858708 41.90303474
1280097947 12.49845029 41.90287699
1280097944 12.49839932 41.90276618
1280097945 12.49728352 41.90303474
1351150949 12.49990128 41.9009479
1150894078 12.49315049 41.90508051
252439062 12.48718911 41.91213807
252439064 12.48691528 41.91216808
252439067 12.48691243 41.91223321
1280126783 12.49744848 41.90364352
1185740834 12.50481709 41.9079348
1280126781 12.49739484 41.90374343
1280126780 12.49730758 41.90376028
1280126787 12.4969858 41.90385407
1280126786 12.49738939 41.90377729
1280126785 12.49738142 41.90373236
270325626 12.49852061 41.90177142
270325627 12.49864416 41.90171291
270325624 12.49801853 41.90175373
1280126788 12.4972272 41.90390411
252439050 12.48696272 41.91229263
1280279004 12.49762551 41.90260952
566651269 12.49369012 41.9108284
566650218 12.50365268 41.90801024
566650219 12.50385318 41.90797168
261952006 12.48989848 41.90736894
1227795705 12.48784911 41.90996783
1227802464 12.48575681 41.90935872
1227802462 12.48365162 41.90962769
1227802463 12.48354374 41.909408
304565080 12.48985632 41.9016726
301344458 12.49783514 41.9122586
304565082 12.48974442 41.90177376
1280113070 12.49915034 41.90366849
1227795742 12.4878994 41.90998468
301344457 12.49868028 41.9123503
261870618 12.48630943 41.90225774
32651016 12.48809637 41.90346079
1245378571 12.4976939 41.90122978
1245378572 12.49962853 41.90068102
1245378573 12.50084013 41.90049611
1245378574 12.5004943 41.90027868
1245378575 12.49978267 41.90067674
304727482 12.48395043 41.90239562
1245378579 12.50049782 41.9001626
1280129400 12.4968304 41.90342592
1189805790 12.48586503 41.90651683
1333306714 12.49286953 41.91071667
304564689 12.48640172 41.90064397
662527389 12.48571222 41.90065763
304564688 12.48608086 41.90089936
258995599 12.50634218 41.90436293
259320674 12.48681193 41.90913408
261873230 12.4938653 41.90455052
258995597 12.50297601 41.90199186
1198263768 12.49098561 41.90378534
304564687 12.48592361 41.90078537
1243130433 12.50687468 41.90278739
270200201 12.50465214 41.90849999
315140299 12.49118602 41.91100677
25418915 12.49978619 41.90083994
25418916 12.49924363 41.90030844
25418917 12.49869663 41.8998067
246151149 12.4960021 41.90257541
246151148 12.49591593 41.90273659
246151145 12.49630452 41.90297246
246151147 12.49596027 41.9028412
246151146 12.49617812 41.90295821
25418918 12.49805734 41.89922944
25418919 12.49745544 41.89864312
1193897597 12.48594641 41.90026184
1280104899 12.4977395 41.90398692
1280104898 12.498516 41.90333313
1280104897 12.49783204 41.90388911
1280104896 12.49757723 41.90422539
1280104895 12.49723793 41.90434022
1193897599 12.48600433 41.90020157
1280104893 12.49773548 41.90393001
1280104891 12.49834568 41.90346289
259200027 12.49654357 41.90257373
1280234471 12.50154539 41.90241582
1280031312 12.49716819 41.90313448
1198381465 12.49052704 41.90346289
1198381462 12.4910789 41.90368408
252714295 12.50047401 41.89871579
252714294 12.5010242 41.8992581
281045399 12.48351927 41.90162641
281045398 12.48350041 41.90144109
1280207919 12.49650702 41.9021673
281045397 12.48358238 41.90114328
1280031316 12.49694422 41.90330313
292467464 12.49220057 41.90969701
292467463 12.49250592 41.90897717
292471155 12.4960622 41.91165687
317344597 12.49812666 41.91033823
255456436 12.49389279 41.90000627
255456434 12.49408273 41.9000771
255456438 12.49382037 41.89991918
317344599 12.49862312 41.91123257
317344598 12.49795961 41.91112403
257906434 12.50179517 41.90997588
257906433 12.50200891 41.90991041
257906432 12.50224947 41.90964932
257906431 12.50217177 41.90940021
1193897560 12.48366771 41.90080783
1280234461 12.50192769 41.90191173
1283020153 12.50172434 41.90904364
32633413 12.496963 41.89947511
259198914 12.49808701 41.91102856
566651291 12.49672671 41.91073469
566651290 12.49651767 41.91073109
566651293 12.49562868 41.91082404
566651292 12.49681841 41.91073603
566651295 12.49598844 41.91079797
566651294 12.4956307 41.91079361
566651296 12.49606203 41.91079898
566651299 12.49651289 41.9107564
566651298 12.49643989 41.9107564
1227755668 12.50229347 41.90885136
292463612 12.50134791 41.91112713
1227755661 12.50243236 41.90892462
1227755663 12.50404839 41.9099576
454458721 12.49660593 41.90269913
1227755666 12.5027616 41.9085621
443612126 12.49997261 41.90252671
1280234493 12.50243202 41.9023315
1227925179 12.4998851 41.90731764
1280031304 12.49753942 41.90363849
1280031305 12.49674298 41.90310548
1280031306 12.49764294 41.90296081
1280031307 12.49691598 41.9033281
1280031300 12.49764101 41.90392406
1280031301 12.49759709 41.90367981
1280031302 12.49686242 41.90307757
1280126789 12.49719317 41.90393319
247701488 12.49208381 41.90798869
1280031308 12.49681129 41.90310858
1280031309 12.49729417 41.90321931
301153723 12.48751534 41.9076654
1198064824 12.49107237 41.90314462
255680735 12.4960596 41.90633017
255680737 12.49753163 41.90735167
255680736 12.49680869 41.90683677
1280266607 12.49950573 41.90325527
255680738 12.49871557 41.90812021
383407976 12.50048281 41.9052204
1280266604 12.49893543 41.90249461
1233060851 12.4974121 41.89854967
383407972 12.5001985 41.90504128
1280097951 12.49820352 41.90310548
1280097950 12.49858968 41.90306458
356929310 12.50177472 41.9073598
356929312 12.50145721 41.90739182
1198379174 12.48940454 41.90325233
1198379175 12.48966873 41.90346791
1198379172 12.48953462 41.90277222
1198379173 12.48949171 41.90339902
1198379171 12.4894125 41.90311152
1198379178 12.4893897 41.90323029
669160658 12.49747237 41.89761902
1277744081 12.49962912 41.90341301
1277744082 12.49981419 41.90327128
443610969 12.50102588 41.90235941
1277744084 12.49973372 41.90338703
669160650 12.49719233 41.89846786
669160652 12.49624962 41.89868688
309307061 12.48704109 41.90294178
669160655 12.49699033 41.89828958
309307063 12.48673129 41.90312652
309307062 12.48694 41.90318142
281044962 12.48364357 41.90070851
976733791 12.49877902 41.90527564
255680559 12.49409119 41.91015332
259200029 12.49442211 41.90425263
1277744068 12.49986624 41.90318553
1277744062 12.49978326 41.90335007
1277744063 12.49965317 41.903397
1277744061 12.49961554 41.90337412
1277744066 12.49984612 41.90329634
1277744064 12.49987571 41.9032183
1277744065 12.49973909 41.90336314
574329723 12.49952459 41.90296408
566650223 12.50392174 41.90783899
566650221 12.5039152 41.9078053
566650220 12.50433916 41.90796497
566650224 12.50394663 41.9078716
1227795711 12.48468284 41.90894323
305788476 12.49215388 41.90632631
1227802475 12.48475694 41.91095782
1227802477 12.48548256 41.90908387
947964148 12.50136023 41.90045714
261875470 12.49346146 41.9049003
261875473 12.49344159 41.90481799
1280099892 12.49855623 41.90344193
1280099893 12.49831081 41.90363262
252716626 12.501838 41.89790309
252716627 12.50237721 41.89844322
715929872 12.48491544 41.91243831
715929871 12.48478032 41.91226497
385767720 12.48870632 41.89945634
385767721 12.4887137 41.89950009
385767722 12.48872283 41.89952063
385767723 12.48869157 41.90011113
385767724 12.48911217 41.89977208
1198379169 12.4894394 41.903382
1193964656 12.48887128 41.9039715
250889367 12.49751017 41.90159263
1193897586 12.48367173 41.90077548
252714285 12.50512639 41.89766873
252714280 12.50346551 41.89863633
1281261998 12.49857358 41.90266728
295795497 12.50172744 41.90412707
261875897 12.49359817 41.9039549
1245378581 12.5004725 41.90026427
1245378580 12.5005067 41.90068219
1245378585 12.50034451 41.90052193
257906429 12.50148479 41.90923668
317345507 12.48770686 41.9051598
292466302 12.49806824 41.91036731
257906426 12.50121698 41.90973783
257906427 12.50115144 41.9094422
255445222 12.48913749 41.89968022
255445223 12.48937017 41.89982849
259198909 12.49824267 41.91042288
32633403 12.49564092 41.90389346
32633402 12.49600428 41.90357587
32633401 12.49659881 41.90267272
566651282 12.49520816 41.9108108
566651283 12.49554512 41.91079361
566651280 12.49511487 41.91083544
301153289 12.48882853 41.90707213
566651286 12.49606421 41.91077048
566651284 12.49554319 41.91082404
566651285 12.49599028 41.91077341
566651288 12.49620494 41.91072019
566651289 12.49644483 41.91072748
301153287 12.48911729 41.90645548
295795925 12.50155343 41.90426294
1227755659 12.50062841 41.90997898
1227755654 12.50080811 41.90993824
454458716 12.49848608 41.90218833
1227755657 12.50346702 41.91051324
1227755653 12.50063863 41.91002449
122571142 12.49723332 41.89973646
242161425 12.50372552 41.90152088
1280031319 12.49687558 41.90296877
1280031318 12.49743641 41.9030945
1280207949 12.49562592 41.90221323
1280031311 12.49751 41.90365961
1280031310 12.49700323 41.90305762
1280031317 12.49695227 41.90300666
242161428 12.49921463 41.90482117
1280031315 12.49695898 41.90379221
1280031314 12.49693207 41.90302971
1280268708 12.49715084 41.90312049
1333306722 12.48876894 41.90951781
1245329674 12.48616242 41.90229571
908478364 12.48504058 41.90128594
259200034 12.49588727 41.90309006
1280207944 12.49698178 41.90241448
413740794 12.50180238 41.90969542
413740795 12.50189097 41.90961302
413740792 12.50156441 41.90952401
1119303992 12.50415761 41.90830226
566651267 12.49381576 41.91079688
1233060847 12.49767798 41.90141368
247701900 12.49345509 41.90592356
269022663 12.49281262 41.90341829
269022665 12.4938648 41.90256577
356929307 12.50216959 41.90711069
356929305 12.50347423 41.90806254
356929302 12.50283897 41.90817754
590066980 12.49285788 41.90345073
1198063480 12.4909862 41.90321621
1198379164 12.48971031 41.90340798
1198379167 12.48968608 41.90339801
1198063483 12.49102057 41.90320891
1198063484 12.49103146 41.90321218
1198063485 12.49103758 41.9032157
1198379163 12.48972372 41.90303968
1198063487 12.49104806 41.90322937
1198063488 12.49104806 41.90324194
1198063489 12.49104278 41.90325074
1227748083 12.50111481 41.90969039
93810142 12.49955854 41.89927001
255680546 12.49616831 41.91063763
300930386 12.49835012 41.90978452
758357548 12.48351214 41.90089341
255680548 12.49792114 41.90762006
1277744078 12.4997981 41.90313247
1277744070 12.49976859 41.90311353
259200030 12.49584871 41.90299509
1277744072 12.49978728 41.90315552
1277744075 12.49979281 41.90310087
1277744074 12.49954588 41.90330623
1277744077 12.49959819 41.90339197
315141742 12.48800761 41.9093308
1280125419 12.49892101 41.90387008
1227802444 12.48432921 41.91055683
1227802445 12.48371741 41.9098929
1227802447 12.48554232 41.90898899
253873618 12.48728551 41.90391224
253873619 12.48824658 41.90473358
253873617 12.48663004 41.90533037
1119303975 12.50406448 41.90848013
454470066 12.4993956 41.90109542
315136394 12.49319257 41.91099721
715929860 12.48690748 41.91220781
715929861 12.48693472 41.91226958
715929867 12.48450389 41.91237008
715929869 12.48464898 41.91226137
257915756 12.48590157 41.90468187
253872922 12.4879828 41.90352826
253872925 12.48821472 41.90340413
253872927 12.48832738 41.90378291
1280101408 12.49808148 41.90308662
1280101407 12.49767907 41.90344889
1280101406 12.49785877 41.9033561
1280101405 12.49769516 41.90339801
1280101402 12.49775819 41.90337697
1280101401 12.49802381 41.90318243
1280101400 12.49792717 41.90321428
1280124347 12.49962316 41.90340899
1280124346 12.49926157 41.90374628
1280101399 12.49799959 41.90325929
1280101398 12.498056 41.90321126
1100292265 12.49704313 41.90257499
1280101395 12.49767781 41.90342986
1280101394 12.49768451 41.903411
1280101392 12.49781318 41.90339298
1280101391 12.49780379 41.90332408
256577529 12.49275243 41.89678578
1233105197 12.50270653 41.90476677
1198127441 12.49020199 41.90408046
252714271 12.4998136 41.89809847
252714270 12.50155913 41.8997808
252714272 12.50292647 41.89812848
733351954 12.49874139 41.9106424
733351956 12.49878363 41.91068322
733351950 12.49869596 41.91073352
733351953 12.49911648 41.91044216
574833020 12.49873804 41.9023802
1100292284 12.49593337 41.90280826
292466460 12.49847702 41.90924632
292466461 12.49860996 41.90861927
315115036 12.49939878 41.91054677
257906450 12.50435282 41.90830117
907703579 12.49911732 41.91177396
309306662 12.4836657 41.90059829
1233060725 12.49767387 41.89781566
247701009 12.49349356 41.9049873
255445211 12.4892602 41.89975767
255445210 12.48848772 41.9004029
1347450022 12.48925291 41.90317639
1347450023 12.48888226 41.90365508
292467311 12.49286308 41.90819003
303990429 12.48344408 41.90472327
1280104909 12.49745778 41.90415548
1280714363 12.49698672 41.9026221
1280714365 12.49697549 41.90258899
666803061 12.49359121 41.90394971
1280104902 12.4972567 41.90432622
1280104905 12.49761344 41.90409463
1280104904 12.49772609 41.90393797
1280104907 12.49767638 41.90413361
1280104906 12.49807478 41.90328519
295795933 12.50216079 41.90380688
292464537 12.50125663 41.9096126
257750252 12.5069611 41.89948752
1277397885 12.49681481 41.90310498
296366191 12.50340433 41.90446913
296366190 12.5028015 41.90410527
296366193 12.50216053 41.9046268
296366192 12.50311272 41.9047718
246150586 12.49658892 41.90281874
296366194 12.50220211 41.90375282
246150584 12.49652069 41.90290423
246150585 12.4966123 41.90274791
292466504 12.49752761 41.90827678
454470065 12.49949928 41.90117722
1090520098 12.49890978 41.90723038
1150894109 12.49706233 41.90440107
1280268719 12.49714941 41.90312149
1280268718 12.49819933 41.90289099
1280268717 12.49696702 41.90296877
1280268714 12.49693023 41.90299576
1090520094 12.49816287 41.91099528
1090520095 12.49821266 41.91094432
1280268711 12.49707389 41.90281572
1280268710 12.49714271 41.90287003
879129845 12.50701751 41.8990012
879129842 12.50266253 41.90169774
255455536 12.4955768 41.90015991
255680716 12.49536097 41.90584142
259669597 12.50274257 41.90500868
247700995 12.49285327 41.90480542
1198379150 12.48941661 41.90324831
1198379152 12.48969254 41.90305167
1198379153 12.48949439 41.90330723
1198063494 12.49099659 41.90326088
255456700 12.48634933 41.89972581
1198063490 12.49103716 41.90325552
247701702 12.49162381 41.9104399
309307047 12.48626887 41.90277758
1280234440 12.50187128 41.90271346
309307045 12.48840742 41.90326423
309307048 12.48730219 41.9024278
1198063479 12.49098058 41.90322182
1198063478 12.49097639 41.9032302
1280268720 12.49705294 41.90300071
1227795648 12.4868618 41.90987781
665130618 12.49458589 41.90370454
1198063475 12.49098352 41.90325242
1198063477 12.49097572 41.90323708
1198063476 12.49097841 41.90324588
758357770 12.4835139 41.9008961
261737662 12.48580929 41.90678438
261737667 12.48643072 41.9078452
261737666 12.48633634 41.90785157
261737665 12.4859672 41.90754504
261737664 12.48613886 41.90742359
1227802457 12.48557191 41.9099172
1227802456 12.48340033 41.90935142
261737669 12.48791599 41.9092464
261737460 12.49058487 41.90635054
1280711918 12.4977716 41.9025356
257496176 12.4845976 41.91254661
257496177 12.48453607 41.91250721
257496178 12.48449668 41.91242448
257496179 12.48452006 41.91233949
1280711915 12.49779088 41.90263249
772443204 12.4948366 41.9026024
976733789 12.4987351 41.90536633
772443198 12.49325661 41.90156204
976733780 12.49957941 41.90460106
574329737 12.5009646 41.90343271
574329735 12.4997292 41.90306919
574329734 12.49978192 41.90302141
574329733 12.4998799 41.90292468
574329732 12.5000498 41.9030313
574329731 12.5001446 41.90295503
1107362992 12.49915763 41.90103079
253872932 12.48906079 41.90372197
259199182 12.50179366 41.91138764
32651021 12.49943013 41.89770427
32651020 12.49840502 41.89822093
270325410 12.50051768 41.90306642
733351947 12.49869252 41.9073168
252714269 12.50289638 41.89897019
662553211 12.48563679 41.90058052
1107360243 12.49413537 41.90213813
315109826 12.5049927 41.90686334
257906447 12.50291348 41.908487
257906445 12.50233647 41.90881808
257906443 12.50176876 41.90925679
247701033 12.4889789 41.90387083
247701034 12.49221163 41.90536767
255445202 12.48984232 41.90167184
255445203 12.48973512 41.90176731
255445204 12.48986353 41.90185968
255445205 12.48913003 41.90236259
255445206 12.48824683 41.90206931
255445207 12.48674068 41.90177066
309309912 12.48929926 41.90960397
1280101409 12.49797947 41.90316944
253872929 12.48864052 41.90400503
261875981 12.49389849 41.90390629
261875983 12.49410678 41.90402112
122568740 12.49919703 41.90788442
454458771 12.49768234 41.90193428
454458779 12.49777579 41.90202279
296366189 12.5017629 41.90401224
247701950 12.49329852 41.90918379
415351702 12.4893949 41.90996238
662426701 12.48521258 41.90010049
1185740787 12.48804248 41.90945159
1090520087 12.49802658 41.9109859
1090520086 12.4980876 41.91054333
976733779 12.49926249 41.9048599
296391632 12.50185661 41.90982936
296391630 12.50133592 41.90956391
1280129387 12.49679796 41.90345191
1280123111 12.49979667 41.90336314
247701960 12.49517296 41.91043152
952321918 12.50285866 41.90147529
296377274 12.50294097 41.90757102
252603293 12.49892328 41.89868386
315116272 12.49953122 41.91047544
1119303889 12.50439632 41.9086424
1119303887 12.50462473 41.90855598
1277744053 12.49981947 41.90322526
1277744057 12.49972568 41.90333213
1277744059 12.49961696 41.90333808
1277744058 12.49951889 41.90333523
246152248 12.49743758 41.90456217
1280125430 12.49903501 41.90394099
1280125433 12.49925889 41.90374527
565051517 12.48339429 41.9046967
1277397876 12.4963984 41.90326616
1280126782 12.49739484 41.90365751
1227795747 12.48347694 41.9097955
261737670 12.48787308 41.90931027
1227795583 12.48517151 41.90845791
255680565 12.49543448 41.90970422
255680566 12.4957141 41.90896837
1198063481 12.49100062 41.90320942
255680560 12.49431817 41.90943373
255680561 12.49509819 41.91068691
574329728 12.49969198 41.90281672
574329729 12.50022063 41.90287707
976733793 12.49874776 41.90547312
976733796 12.50095136 41.90351578
574329722 12.49914489 41.9023781
560447970 12.50256538 41.90429429
574329724 12.49959257 41.90290733
560447975 12.50247536 41.90436604
574329727 12.4992433 41.90280398
1227742586 12.50153952 41.90967228
1281433083 12.48653189 41.89804373
1281433084 12.48648612 41.89829326
315144001 12.4878217 41.90961529
261873304 12.49403319 41.90427132
122569229 12.50089386 41.90348216
258994155 12.50409877 41.90396111
308549309 12.50178989 41.90944648
308549308 12.50161152 41.90947933
1107360256 12.50036471 41.90231213
270319809 12.50372527 41.90250534
270319808 12.50437813 41.9019689
1100292268 12.49826924 41.90204551
270319807 12.50292069 41.90316038
258995603 12.50431837 41.90294681
258995602 12.5048901 41.903338
258995600 12.5056609 41.90384183
1281514202 12.48519607 41.90045043
1281514203 12.48513169 41.90026167
1281514201 12.48567358 41.90032956
1281514207 12.48510361 41.90026268
1281514205 12.48503773 41.90046032
301153433 12.48740302 41.90557538
301153432 12.48827499 41.90601082
254528049 12.49392674 41.90017416
254528048 12.49318184 41.89969111
122568601 12.49999817 41.90840536
254528047 12.49235253 41.8990939
254528046 12.49102099 41.89823886
669160661 12.49679939 41.89817357
122568170 12.50577523 41.90178994
1107551613 12.50131069 41.90315242
1107551612 12.5022296 41.90373479
454458769 12.49769717 41.90186479
1280031340 12.49704213 41.90301973
1280031341 12.49765367 41.90322828
1280031342 12.49683291 41.9037094
1280031343 12.49672018 41.90308947
1280031344 12.49684389 41.90299233
1280279890 12.49775417 41.90274623
247701759 12.48833978 41.90979114
1090520078 12.49883409 41.90735276
1281506199 12.48585103 41.8997829
247701596 12.48960352 41.90961814
247701597 12.48958123 41.90988971
247701590 12.48938978 41.90988862
1245329688 12.48550737 41.90270064
1193904689 12.4888727 41.90407544
1245329680 12.48554643 41.90285729
1185838195 12.48522993 41.9077302
1280031296 12.4968128 41.90316441
908477924 12.48641329 41.89978717
1280031294 12.4978374 41.90307564
1280031295 12.49682746 41.90314052
1280031292 12.49720138 41.90315653
247701375 12.4904449 41.90950959
1280031290 12.49716551 41.90365651
1280031291 12.49768577 41.90325317
247701378 12.48860063 41.90956952
1280031298 12.49775207 41.90383957
443610929 12.50063972 41.90202078
665130634 12.49466183 41.90365877
665130633 12.49468681 41.9036182
665130632 12.49469243 41.90358493
665130631 12.49468153 41.90354092
665130630 12.49464281 41.90349566
413742858 12.50440546 41.91141379
1280125427 12.49904574 41.90375432
1277412000 12.49681011 41.90336507
1280125423 12.49902947 41.90302736
1280125421 12.4989283 41.9040311
1277412009 12.49551721 41.90236293
665130259 12.49358082 41.90449503
665130258 12.49364712 41.90443393
1198065212 12.49081529 41.90296978
665130253 12.49357562 41.90404442
454464744 12.49963197 41.9010722
665130255 12.4938389 41.90442513
665130254 12.49397494 41.90431499
665130257 12.493712 41.90445673
665130256 12.49378391 41.90438816
304573100 12.48823543 41.903712
1150894125 12.49577202 41.90545862
258275921 12.49834912 41.89810811
1280031297 12.49716819 41.90309651
908477927 12.48750553 41.9000978
908477926 12.48645754 41.89973554
1280711939 12.49864014 41.90245739
590066977 12.49154242 41.90454549
247701374 12.49088713 41.90980204
1280031293 12.49697767 41.90353866
257904934 12.5009242 41.90975359
315113273 12.50199399 41.90894138
257904933 12.50003061 41.91022096
1281514194 12.48510437 41.90023669
1281514195 12.48516799 41.90045043
1281514199 12.48519749 41.9004164
281043043 12.48443658 41.89881479
560447968 12.50230093 41.9041186
93834317 12.49999381 41.90419924
93834314 12.49857627 41.90535284
93834310 12.49625263 41.90052939
1280031299 12.4969863 41.90381107
1227742590 12.48541148 41.90851223
317345193 12.48936556 41.90601342
1281433093 12.48696909 41.89678318
1281433090 12.48653717 41.89829033
301342402 12.49780362 41.91241333
309306926 12.48653323 41.90207711
733351964 12.49906887 41.91051953
733351965 12.4984466 41.9109004
733351960 12.49903576 41.91048474
733351961 12.49734413 41.90639052
733351962 12.4986538 41.9106927
733351963 12.49835691 41.9107833
1280113068 12.49923081 41.9037244
1280113069 12.49931262 41.90371543
1280113067 12.49924288 41.90371736
270319810 12.50354724 41.9036001
270319811 12.50207261 41.90255588
295795097 12.50336862 41.90456997
25418879 12.49561871 41.90227442
662427254 12.4849804 41.90046929
443611957 12.50049849 41.90287858
257496184 12.48491251 41.91237603
122570105 12.5001332 41.89981349
1280234519 12.50132419 41.90255462
122569744 12.50191947 41.90683878
254528050 12.49049326 41.90069367
315114683 12.49682227 41.91092102
122568168 12.5027352 41.90414392
454458750 12.49800663 41.90192229
454458756 12.49757119 41.90166807
317345499 12.48798372 41.9051619
317345497 12.48955558 41.90606664
317345495 12.4899305 41.90561117
309309805 12.49603722 41.91083217
309309803 12.49539332 41.91090501
443612207 12.50019699 41.90239771
317344944 12.49621542 41.90730347
317344945 12.49481589 41.90651817
317344943 12.49545476 41.90680031
259321398 12.48904436 41.90995081
281042896 12.48376879 41.8987142
281042895 12.48370392 41.89895988
564916533 12.49760329 41.89757091
564916530 12.49771821 41.89795991
1277412002 12.49608156 41.90355492
255448433 12.49136104 41.89995464
255448434 12.49221549 41.90108293
681500316 12.48342832 41.90597712
269022846 12.49400553 41.90392138
294043349 12.50408217 41.91125973
247701569 12.48776051 41.91004276
1116790373 12.49108033 41.90490516
1245329693 12.48575413 41.90270407
1245329698 12.4858082 41.90259301
1280031285 12.49746591 41.90311252
1280031287 12.49770597 41.90348476
1280031286 12.49719627 41.9036804
1280031281 12.49687181 41.90304857
908477933 12.48769144 41.90012664
1280031283 12.49694548 41.90304061
1280031282 12.49746457 41.90381023
415351699 12.48851622 41.90933709
1280031288 12.49734924 41.90355869
1193906503 12.4896658 41.9025568
1227795692 12.48385756 41.90896661
1227795693 12.48474001 41.91107759
296366195 12.50190707 41.90391484
1198062914 12.49081001 41.90314647
1277412010 12.49677516 41.9032872
247701949 12.49160152 41.90872773
247701948 12.49044171 41.90842531
1277412014 12.49686099 41.90344486
1277412016 12.4964802 41.90361661
1277412018 12.49675513 41.90337898
253875104 12.48355673 41.90592172
1198065205 12.49127529 41.90329919
1198065207 12.49091018 41.90303432
261737455 12.49012228 41.90736667
261737456 12.49209513 41.90793882
261737457 12.49289979 41.90667718
415346509 12.498819 41.90757488
662563819 12.48653474 41.90185943
575329830 12.49840041 41.90231959
758357690 12.4836289 41.90083021
665130628 12.49455178 41.90345953
1280711924 12.49715629 41.90281647
315141659 12.48801901 41.90921446
665130622 12.49437819 41.90365961
665130623 12.49435288 41.90361912
1233105261 12.49983238 41.9027697
1233105260 12.50299889 41.90469871
1233105263 12.50306863 41.90463476
1281514184 12.4850379 41.9002377
1281514187 12.48515323 41.90045831
1281514188 12.48513044 41.90041338
93834323 12.50023991 41.90313138
93834321 12.49941236 41.90378844
309309391 12.49690902 41.91100224
1233060776 12.49755032 41.9015208
257496639 12.48714729 41.91230076
356930011 12.49707272 41.9044926
919655183 12.48824448 41.90940507
919655181 12.48829502 41.90973456
667349505 12.49152633 41.90655061
667349504 12.49146212 41.90644567
309310038 12.49210527 41.91066529
309310039 12.49084547 41.9101244
667349479 12.49106507 41.90596656
667349478 12.49242026 41.90742903
304564691 12.48741266 41.90010417
415359990 12.4957462 41.90312317
1198424536 12.4903822 41.90351376
1198424530 12.49103624 41.90375147
308549322 12.50190581 41.90955703
666802405 12.49435254 41.90359582
666802407 12.49428272 41.90354788
666802409 12.49441147 41.90349197
666802408 12.49434173 41.9034561
1280102226 12.49820746 41.90483827
1280102227 12.49806002 41.90487021
1280102224 12.49826924 41.90478538
1280102225 12.4981472 41.9048003
1280102222 12.49817804 41.90472453
1280102223 12.49802784 41.90485118
662426823 12.48529531 41.90027089
304564684 12.48562337 41.90065428
1280103313 12.49750338 41.90449587
1280103312 12.49766172 41.90448791
304564680 12.48600391 41.90030601
662427713 12.48816913 41.90230333
1280711935 12.49771033 41.90249612
257492852 12.49677566 41.91230169
919655163 12.48826007 41.90963884
919655165 12.49027516 41.90977588
255452752 12.48678276 41.89887237
617242274 12.49663711 41.90233493
122569750 12.50117608 41.90628541
617242273 12.49685797 41.90255663
1280113080 12.4995567 41.90346389
1090520093 12.49811744 41.91050352
1280268713 12.49704347 41.90301169
454458743 12.49807209 41.90205682
257904937 12.49245018 41.91222751
309306714 12.48500974 41.90030718
309306716 12.4842127 41.90025513
309306717 12.48409762 41.90054339
1193897510 12.48946061 41.90217626
1280123088 12.49953591 41.90357629
1193897515 12.4835978 41.900735
1283020083 12.50188938 41.90891364
1283020084 12.50084089 41.90919862
122570601 12.49690324 41.90090314
255453570 12.48588799 41.89974258
255453578 12.48386628 41.90003368
246152419 12.49707716 41.90430359
665132351 12.49420058 41.90447483
415368299 12.49081102 41.9059648
247701572 12.4883278 41.90932301
443610992 12.50046798 41.90212304
317344374 12.49843947 41.91104507
247701799 12.4882247 41.90955611
1185740732 12.48876826 41.90948009
1185740733 12.4904231 41.9095997
1280097939 12.4984637 41.9029049
1280097938 12.49845163 41.90289292
1280097937 12.49848507 41.90315443
1280097936 12.49847711 41.9026594
1280097935 12.49761478 41.9027412
1280097934 12.49731169 41.9030546
1280097933 12.49848918 41.90269326
1280097932 12.49845699 41.90267331
1280097931 12.49831207 41.90301772
1198379194 12.48948626 41.90329617
1281675865 12.48627524 41.89891671
1198379190 12.4894876 41.90341
1198379191 12.48949699 41.90306156
1090524828 12.50172099 41.9098571
270321031 12.49999968 41.90635121
303979851 12.48381314 41.90893828
1090524820 12.50183867 41.90943256
1198062926 12.490865 41.90347387
246148715 12.49753339 41.89761441
32641629 12.4967926 41.90462043
327782776 12.49882588 41.91110534
1277412025 12.49567152 41.90243878
1277412026 12.49669268 41.90311713
247701958 12.49115677 41.90941102
247701959 12.49310523 41.90991502
247701954 12.49654357 41.91000538
247701956 12.49012907 41.90914439
1277412028 12.49672562 41.90326524
247701951 12.48625537 41.90735234
560447967 12.50218803 41.9041046
1280129389 12.49665052 41.90358761
270327831 12.4955877 41.90335199
270327830 12.49544638 41.90339281
270327832 12.4951976 41.9036151
1198065216 12.49127403 41.90328519
1198065214 12.49109827 41.90356473
304573120 12.48819 41.90355341
1185838228 12.48595262 41.90829572
1185838221 12.48494218 41.90736089
575329822 12.4975473 41.9024532
575329825 12.49761419 41.90252068
1280207942 12.49574788 41.90217928
1233105250 12.50194512 41.90432798
1233105252 12.5021426 41.90395524
1233105253 12.5022835 41.90452898
1198063492 12.49102031 41.90326214
1119303859 12.50456874 41.90860761
1119303851 12.50432877 41.908012
667349516 12.49165516 41.90718026
667349514 12.49155868 41.90709242
315110639 12.50439222 41.90797017
247701983 12.48715869 41.90840419
1191382302 12.5013283 41.90930449
315113270 12.50070778 41.90975501
666802411 12.49444902 41.90346808
1280113049 12.4995111 41.90362457
1277744073 12.49986783 41.9032613
454458829 12.49697147 41.90239788
666802962 12.49425648 41.9035799
1280103328 12.49760673 41.90445304
1280103329 12.49754638 41.9044061
1280103325 12.49763758 41.90437308
1280103327 12.49727808 41.90433117
1280103321 12.49751277 41.90424441
304564690 12.48657589 41.90075117
1280103323 12.49748997 41.90436612
631066318 12.50390137 41.90830369
309306899 12.4848975 41.90125878
301336288 12.49995936 41.91229272
301336287 12.50010932 41.91126459
301336286 12.50015156 41.91091507
276549264 12.50361203 41.90814158
1227778741 12.50432499 41.90805248
270323994 12.50203833 41.90559507
270323995 12.50146006 41.90519802
309306941 12.48556789 41.90264188
270323993 12.50280183 41.90612448
122568413 12.50499479 41.90240241
122568410 12.50552377 41.90275369
122568411 12.5062908 41.90328309
295795093 12.50278297 41.90503374
1283020097 12.50167413 41.90911799
295795098 12.50210756 41.90377226
443612227 12.50058876 41.90275269
385767719 12.48868428 41.89943044
255453564 12.48587869 41.8990768
255453562 12.48593652 41.89897572
255453560 12.48602126 41.89893129
292466360 12.49720767 41.90885253
1185838216 12.4860081 41.90826873
