317344210 315113273
317344210 315112276
665132368 665132367
665132368 666802962
665132367 665132366
665132366 665132372
665132364 665132370
665132364 259200029
665132364 270327832
1280118282 1280113080
1280118282 1280113065
315115446 257904933
315115446 317341871
315115446 1227755653
261870185 1198379188
261870185 1193906512
261870185 309307045
301153291 301153290
301153291 247701961
301153291 247701983
1193906524 309306926
1193906524 309307004
1193906525 281045225
1193906525 281045224
1193906522 309307007
1193906522 309307008
1193906522 1193906521
1193906521 1193906503
1333306735 247701891
1333306735 247701892
32633399 270325624
32633399 1351150950
32633399 242161441
32633399 1351150952
534730705 270319807
534730705 270319810
534730705 534730706
574833036 1280266606
574833036 1280266612
574833036 574833033
574833034 574329728
574833034 1280266613
574833034 574833035
574833034 574833032
574833035 1233105261
574833035 574833026
574833035 574329722
574833032 574833018
574833032 574833033
294042836 294043349
1198379180 1198379187
1198379180 1198379171
1198379187 1198379178
1198379186 1198379167
1198379186 1198379163
269022553 772443198
247701891 301153723
247701891 301153289
247701891 301153432
247701892 1189805790
247701892 261950845
666806322 261874881
666806322 261873304
1185740658 566651279
1185740658 566651271
1185740658 566651274
270321027 415346509
270321027 255680495
270321027 733351947
1090524818 1090524809
1090524818 270201245
303979842 303979843
303979842 303979841
303979843 303979844
303979840 303979839
303979840 303979841
270321028 270323583
270321028 1233105214
270321028 296366193
270321028 1233105253
270321029 270321031
270321029 383407968
270321029 270323995
270321029 122569750
303979844 303979845
32641631 1150894107
32641631 259200029
32641631 665132351
32641633 667349503
32641633 247701034
32641633 32641634
32641633 305788476
32641632 1150894078
32641632 261875473
32641632 247701034
32641635 317345495
32641635 32641634
32641635 32641636
32641634 1116790373
32641636 32641638
32641636 32641643
32641639 317345499
32641639 253873619
32641639 317345507
32641638 253872929
32641638 1193904689
32641638 253873619
1277412038 1277412025
1277412038 1277412044
1277412038 1280207951
1277412033 1280129397
1277412033 1277412081
1277412033 1277412000
1277412035 1277412013
1277412035 1277412009
259669455 270566684
259669455 270323585
259669454 270323585
259669454 122568168
259669454 122568063
665130262 665130259
665130262 665130263
665130263 665130264
665130264 665130265
665130265 665130267
665130267 665130268
1280129395 1280129399
1280129395 1280129393
665130269 665130268
665130269 665130253
448927779 448927780
448927779 292470433
448927779 317344598
448927779 259198914
448927778 259198914
448927778 309309391
448927778 317344598
448927778 448927774
270327826 270327827
270327826 270327825
270327827 270327828
1280129393 1280129389
270327825 1280207916
270327825 415359990
270327825 259200034
258275917 564916532
258275917 564916533
252525453 566652893
252525453 281045397
1281522948 1281522940
1281522948 1281522956
317341903 317341887
1233105243 1233105235
1233105243 1233105250
1281522941 1281522995
1233105241 259669461
1233105241 259669462
1233105247 270323583
1233105247 295795497
574832980 574832979
1281433108 1281433083
1281433108 1281433104
255457313 25418885
255457313 255457312
255457313 246150307
255457313 255455536
255457312 255457314
255457312 252608212
1281433104 1281635126
1363451449 1363451448
1363451449 257904937
1363451448 257904937
1363451448 1363451445
1094019228 259320674
1094019228 315143621
1280202969 1277412066
1280202969 1280031325
1094019227 1094019232
1094019227 1094019254
317341871 301336286
317341871 292463612
667349525 255680482
667349525 247701488
667349525 667349478
122570350 1245378571
122570350 122570601
122570350 1233060776
293801579 294719271
293801579 293799467
281045400 281045399
281045400 281045220
281045400 304727482
281045403 309304124
281045403 281045307
281045403 304727482
1227795732 1227795648
1227795732 1227795601
1227795732 1227802447
1227795732 1227795705
672912200 672912201
672912200 255453578
672912201 672912206
672912206 672912746
246151652 25418915
246151652 454464744
246151652 454470066
246150307 255456451
246150307 252608212
270201245 257906433
270201245 308549322
270201245 257906432
270201245 413740991
1227802458 1227802462
1227802458 1227802463
1198379188 1198379172
1198379188 1193906503
1280113065 1280113070
1280113065 1277744058
1227795739 1227795692
574833033 1280266604
454458832 454458829
454458832 454458841
454458832 454458837
309309751 292471155
309309751 315114683
309309751 309309391
309309751 315132702
309309750 247701597
309309750 919655149
309309752 309309552
309309752 315132702
255445752 255445753
255445752 309306926
255445752 255445751
255445752 25418889
255445753 255445223
301336162 315116272
301336162 327782594
301336162 257904933
255445751 255445222
1280103333 1280103331
1280103333 1280103336
1280103332 1280103313
1280103332 1280103328
1280103331 1280103327
1280103330 1280103338
1280103330 1280103334
1280103336 1280103321
1280103334 1280103323
1280103338 1280103321
257494121 1363451445
257494121 257494116
257494121 315140299
257494120 257494119
257494120 257494108
257494123 252439084
257494123 257494108
662563821 1281522940
662563821 662563820
662563820 662564892
662563823 662563822
662563823 662563824
662563822 1281522940
662563825 662563824
662563825 662563826
662563827 908478364
662563827 662563826
662563829 908478365
662563829 662563813
281045225 1193906493
281045225 261870618
281045224 1193906505
281045224 1193906514
259198993 301336287
259198993 259199101
259198993 292463612
281045221 309304803
281045221 1193906514
281045221 281045307
281045221 309306899
281045220 309304803
281045220 1193897560
919655149 309309555
919655149 309309088
415344696 259198909
415344696 259198914
415344694 259198909
415344694 259198914
566651301 566651292
566651301 566651300
662423517 662423470
662423517 255445207
246151875 1280207920
246151875 1280093970
309304803 309306683
1119323841 1119323827
1119323841 327777202
1119323841 327782594
1119323841 317344396
309304808 309306714
309304808 255453578
309304808 1281522960
315111374 1227778741
665132370 666803081
665132372 666803061
317344733 255680472
317344733 247701861
317344733 317344738
292467026 292467025
292467026 292466504
292467026 292466360
292467025 255680493
292467025 292467154
317344738 317344945
454464726 454464721
454464726 454464728
564916529 564916530
564916529 564916527
255456450 255456451
255456450 255456448
564363343 93810139
564363343 252714270
564363343 947964148
564916522 564916518
564916522 564916527
1280031303 1280104897
1280031303 1280031333
1280031303 1280031298
1193906533 309307007
1193906533 309307005
1193906533 1193906512
1283020137 1283020097
1283020137 356929296
292467154 292466159
292467154 255680566
1280207916 1280207929
1150894087 1150894097
1150894087 1150894067
1150894087 32641629
1150894085 255680495
1150894085 733351961
1150894085 733351947
1281526093 662423470
1281526093 1281526091
1281526091 1281526094
1090499830 247701702
1090499830 247701539
1281526094 255445196
413740413 413740040
413740413 413740993
1185740668 1227795609
1185740668 1333306707
1185740668 1185838216
672912746 281042895
672912746 281042894
255680482 247701861
255680482 305788476
255680482 247701900
1090524809 1090524820
32641644 415368299
32641644 1150894112
32641644 247701195
32641647 301153290
32641647 247701948
32641647 247701961
32641647 261952006
32641640 32641641
32641640 317345499
32641641 32641643
327782594 301336286
32641643 317345193
415343125 415343126
415343125 257906445
415343126 415343123
32641648 247701572
32641648 247701961
32641648 32641650
1227803962 1227802445
1227803962 1227803975
415343123 257908478
415343123 257908482
1277412044 1277412073
1277412042 1277411998
1277412042 1277412058
301153290 301153289
301153290 301153723
247701428 247701488
247701428 247701948
247701428 261952006
1280107097 1280102165
1280107097 1280104884
1280107097 1280102161
1185838209 1185838228
1119303908 1119303992
1119303908 1119303994
1119303903 1119303889
1119303903 1119303975
383407974 93834317
383407974 242161428
383407974 976733780
1280266606 574329724
1280266606 574329727
1233105238 1233105219
1233105238 1233105252
1281522957 1281522980
1281522957 1281522960
1233105234 454464721
1233105234 574329722
1233105235 1233105228
1233105232 560447970
1233105231 1233105252
1233105231 1233105213
1233105231 259669461
1233105231 560447967
254528051 254528047
1185740861 1185740834
1185740861 1185740675
1277397884 1277397890
1277397884 1277397876
1094019232 292466302
1094019232 247701954
1277397886 1277397880
1277397886 1280268711
1277397887 1280714363
1277397887 1277397889
1277397887 1277397895
1277397880 1280161548
1277397889 1280279017
1277397889 1100292265
1277397889 1280714363
1280101656 1280268718
976733781 93834317
976733781 270324002
976733781 976733796
976733781 976733780
292464067 292471155
292464067 292470433
292464067 309309391
292464067 257492852
255446520 255445194
255446520 255445208
255446520 255445210
255446521 255445194
255446521 25418891
255446521 1281437017
261950845 257915756
261950845 253873617
270325407 443610992
270325407 574833026
270325407 574329729
566652892 758357548
566652892 758357770
566652893 758357548
566652893 758357770
448927780 259199417
448927780 317344374
448927780 317344599
1107362996 1245378571
1107362996 122571276
1107362996 1107362984
1107362996 25418916
1333306677 315144001
1333306677 315143621
270325411 25418915
270325411 1245378572
270325411 1107362989
1333306671 1333306722
1333306671 309309912
1333306671 247701378
270325412 93810139
270325412 1245378579
270325412 1245378574
270325412 1245378581
947964123 947964148
947964123 952321918
947964127 952321868
947964127 879129842
947964127 952321918
315143621 315143133
281045306 662427254
281045306 309306899
281045307 1193906505
308549193 308549419
308549193 296391630
308549193 413740792
454458801 454458788
454458801 454458829
566651276 566651267
566651276 566651278
566651276 566651275
1349033300 1349033301
1349033301 252603293
1349033301 25418918
1277411997 1277412012
1277411997 1277412050
1280103340 1280103325
1280103340 1280103329
1280102912 1280102915
1280102912 1280103312
301336339 413740997
301336339 294043349
301336339 301336338
301336339 413740030
301336338 259199105
301336338 259199104
662563832 662563831
662563832 662426753
662563832 1281514201
662563830 662426753
662563830 662563831
662563830 662563813
919655150 1185740787
919655150 247701378
919655150 1185740732
919655150 32641650
919655151 247701378
919655151 919655163
919655151 247701799
315138522 247701596
315138522 315138524
315138524 247701597
1280093974 454458750
1280093974 454458743
1280093973 259200034
1280093973 1280093970
1280093970 246150584
309307065 257915756
309307065 253873618
309307065 1245329708
1193897521 309306682
1193897521 309306683
1119323850 327776487
1119323850 315115036
309306986 309307047
309306986 304727496
309306986 309307063
255445198 908477927
255445198 304564691
255445199 908477927
255445199 908477933
255445194 385767717
255445195 255445223
255445195 254528050
255445195 255448433
255445196 1193897553
255445196 255445207
669160657 669160650
669160657 25418919
669160657 669160648
293799279 253873481
293799279 257915756
293799279 1245329680
270327828 270327831
270327828 32633402
301153339 247701859
301153339 301153287
301153339 261952006
255456443 255456441
255456443 255456446
255456440 255456441
255456440 255456438
255456446 255456448
564916532 1233060725
1280129399 1280129387
261875340 261873230
261875340 247700995
261875340 261875473
448927776 300930386
448927776 317344597
448927776 259198909
448927776 317344602
1193906508 309306926
1193906508 1193906514
1193906508 309306899
448927774 292466302
448927774 259198909
448927774 317344597
448927774 1090520086
1193906505 309306941
317344344 327782399
317344344 315116272
317344344 300930386
1283020123 1283020114
1283020123 1283020083
1280129397 1280129391
1280129391 1280031316
1280129391 1280031337
1280207901 1280207920
1280207901 1280207946
1280207903 1280207922
1280207903 1280207949
25418885 25418886
25418885 25418884
25418885 772443198
1280207909 1280207936
1280207909 1280207919
1150894097 1150894125
1150894097 246152639
1150894097 1150894067
267941813 267941812
267941812 1227795711
267941812 259320674
1280271706 1280097935
1280271706 1280271707
1280271706 1280268721
1280271707 1280271705
1280271705 1280097935
247701859 247701195
255680498 247701862
255680498 255680560
255680498 255680566
255680498 255680492
1185740675 1185740622
255680494 292467002
255680494 255680737
255680494 255680493
255680495 255680500
255680495 255680737
1280123062 1280123111
1280123062 1277744066
255680492 255680502
255680492 317344944
255680492 255680493
32641653 247701596
32641653 247701194
32641653 247701441
1227803975 1227795692
32641650 415351699
32641650 1333306720
32641659 247701569
32641659 257496183
32641659 252439078
1277412058 1277412077
1277412057 1277412002
1277412057 1277412050
574833018 574833019
574833018 574833020
574833019 454464721
574833019 454458716
574833019 574329722
315132702 309309094
566651270 566651267
566651270 566651261
566651270 566651269
309304124 1245329706
309304124 1245329703
1280207950 1280207948
1280207950 1280207942
1185838219 261737662
1185838219 1185838195
566651274 566651273
252439084 1099803096
252439084 252439078
947964260 956687234
408615849 908477924
408615849 908477926
947964265 956687233
1280279888 1280711915
1280279888 1280279890
1280279888 1280268718
1233105228 1233105213
281042894 281043043
281042894 281042895
281042894 255453578
1233105223 270323582
1233105223 1233105204
1233105223 270325410
1227795633 1227795711
1227795633 1227802462
1277397893 1277397885
1277397893 1277397896
1277397891 1280279015
1277397891 1280313143
1277397890 1277397896
1277397895 1277397876
356929290 356929291
356929290 356929312
356929291 356929292
356929292 356929296
356929296 1191382302
356929298 1283020083
356929298 1283020153
1094019249 259321398
1094019249 247701759
1280102358 1280102357
1280102358 1280102359
1280102359 1280102360
1280102356 1280102360
1280102356 1280102913
1280102357 1280102350
1280102354 1280102349
1280102354 1280102351
1280102355 1280102353
1280102355 1280102348
1280102353 1280102351
1280102350 1280102349
1333306668 1333306720
1333306668 1185740732
1107362989 270325627
1107362989 1107362992
1107362984 1107362992
1107362983 242161428
1277411998 1277412009
669163789 669160648
270325408 443610929
270325408 270325409
270325409 443610969
259671029 385767721
259671029 259671026
259671028 385767721
259671028 259671027
259671027 385767708
259671026 385767708
25418886 254528049
25418886 25418887
25418886 255448434
25418887 254528048
25418887 25418888
25418884 255455536
25418884 25418882
25418884 1107360243
733351945 733351964
733351945 733351953
25418882 772443204
25418882 1280207925
25418882 93834310
25418888 255448433
25418888 254528047
25418888 574832979
25418889 25418891
25418889 254528046
25418889 574832979
93810139 1245378579
93810139 1245378573
93810139 1245378585
1198263785 1198263778
1198263785 1198263781
1198263784 1198263771
1198263784 1198381462
1198263781 1198065212
1198263781 1198263783
1198263783 1198263772
257494109 257494110
257494109 257494108
257494108 257494116
292466159 247701954
292466159 1094019254
292466159 292466360
317344300 315113702
317344300 631066318
1280207936 1280207935
1290143699 772443198
317343949 257908485
317343947 315112276
247701862 292467311
247701862 247701861
247701862 247701950
1193897553 1193897568
1193897551 1193897541
1193897551 255445205
1119323827 327782776
1227742616 1227742590
122568065 122568410
122568063 296366191
1227802476 1227795747
1227802476 1227802445
303987116 681500316
293799467 253873481
293799467 1245329680
293799467 565051517
454464721 574833026
454464721 1351150952
454464721 1233105261
247701538 247701537
247701538 247701539
247701538 566651260
247701538 247701959
247701538 1333306714
247701539 292467464
247701539 247701374
247701536 247701537
247701536 255680559
247701536 255680561
247701536 309309552
247701537 566651265
1193906512 309307048
454458788 454458784
315112276 1227778741
1283020114 1283020101
1283020117 1283020153
1283020117 1283020097
454458784 454458779
255457314 93834310
255457314 32633413
1280102914 1280102916
1280102914 1280102913
1280102915 1280102911
1280102916 1280102911
566651256 566651255
566651256 566651257
1280207932 1280207922
1280207932 1280207927
1280207932 1280207926
317344396 317344374
317344396 327782776
317344396 327777202
566651258 566651257
566651258 1185740733
666803081 665130620
301346552 257906432
301346552 257906431
247701194 247701956
247701194 1333306720
247701194 247701375
247701195 415368299
257908478 257904934
257908478 257906429
257908478 257906443
257908478 327792502
257908478 1283020109
247701846 1227795742
247701846 315143133
247701846 247701759
122571275 669160650
122571275 669160652
122571275 669160648
122571275 669160655
122571275 252608212
122571276 25418917
122571276 122571142
122571276 122570601
122571273 669160652
413740989 413740997
413740989 257906433
413740989 413740990
1280161548 1277397885
255445208 255452752
255445208 304565075
1277412064 1277412026
1277412064 1277412085
1277412066 1277412028
1277412068 1277412000
1277412068 1277412014
1363451445 257904937
247701442 309310043
247701442 247701374
247701442 247701441
503717915 503717916
503717916 270566686
503717916 258995600
503717916 258994155
327776487 1119323838
327776487 1119323833
1150894112 317345497
1277412081 1277412010
1277412085 1277412002
1119303994 1119303975
327782399 257904934
327782399 257906427
408615852 255453057
408615850 908477924
408615850 255456700
408615850 304564677
408615851 255453059
408615851 908477926
252439059 252439062
252439059 715929854
1233105213 295795353
1233105213 560447975
1233105214 270323584
1233105216 1233105260
1233105216 1233105197
1233105219 1233105206
252439053 252439050
252439053 257496639
252439056 715929854
252439056 257496639
1227795629 1227795583
1227795629 1227795692
1094019254 292466302
259669460 295795497
259669460 296366189
259669460 295795353
259669461 296366195
259669461 295795353
259669462 122568168
259669462 295795933
956687234 879129842
956687234 956687233
956687233 947964148
1280102348 1280102361
1107581691 1107581687
1107581691 259198909
253873481 253875104
1280126801 1280126780
1280126801 1280126788
1280313143 1280268711
1280313143 1280711924
25418891 254528639
25418897 1281433093
309310043 247701702
309310043 309310039
908478365 908478364
259199105 259199106
259199104 259199182
259199106 257906434
259199106 292463612
259199101 259199103
308549573 413740794
308549573 413740795
259199103 259199182
257494110 257494111
257494111 257494113
257494113 257494116
257494116 257494117
257494117 257494118
257494118 257494119
662563813 662563814
662563814 662563815
662563815 662563816
662563816 662563819
304564677 304564678
304564678 1281514184
304564678 1281514194
304564679 1193897599
304564679 662426701
1280102165 1280102163
1280102165 1280102162
1280102167 1280102166
1280102167 1280125421
1280102166 1280102161
1280102161 1280102163
1280102162 1280102224
292467002 292466504
292467002 255680548
1193897541 1193897510
1119323838 327777204
1280234446 1280234471
1193897548 662426823
1193897548 662426698
1119323833 259198909
1119323833 733351963
1119323833 317344602
1227742600 303979851
1227742600 1227795609
1198381452 1198381465
1198381452 1198381462
1227742604 919655165
1227742604 247701865
564916518 258275921
454464733 454464731
454464733 454464735
454464731 454464728
1198380077 1198379172
454464735 454470065
819036583 257496177
1277412013 1280207925
1277412013 1280207951
1283020101 356929302
1277412012 1277412016
1283020109 253874145
296377275 270566686
296377275 296377272
296377275 25643643
296377272 315109826
296377272 296377274
296377272 270323993
1280207929 1280207946
1280207920 1277397876
1280207920 32633402
1280207927 1280207919
1280207926 454458731
1280207926 617242274
1280207926 454458837
1280207925 1280207949
1280207925 25418879
1245329708 1245329680
1245329708 1245329701
1245329708 309307063
1245329706 1245329680
1245329701 253872922
1245329700 309306941
1245329700 1245329688
1245329703 1245329688
1245329703 304727496
1103070029 315113270
1103070029 309309803
255680472 255680716
255680472 317344945
255680472 247701900
669160663 669160661
669160663 669160652
413740996 413740997
413740996 413740994
413740994 413740993
413740992 413740990
413740992 413740991
413740993 413740991
1277412077 415359990
1277412077 1277412072
1277412073 1277412072
413740040 267941857
413740040 413740036
413740042 413740043
413740042 413740030
413740043 413740044
413740044 315113273
1150894128 1150894127
1150894128 246152639
309308960 309309089
309308960 259320674
1280113053 1280113069
1280113053 1280113049
1281635127 1281433084
1281635127 1281635125
1281635126 255452752
1281635126 1281433093
1281635125 1281506707
257496188 257496185
257496188 257496187
257496185 715929872
304573208 253872929
304573208 1193964656
257496187 257496176
257496180 715929869
257496180 257496179
257496183 257496184
257496183 715929871
454458837 250889367
317344879 247701034
317344879 305788476
317344879 415361290
317344879 247701900
261737459 261737460
261737459 667349503
261737459 667349479
261737459 667349504
952321868 879129845
1233105207 259669597
1233105207 270323584
1233105206 1233105263
1233105204 1107551613
1233105204 270323582
1281522980 1281522983
315139525 309309912
315139525 247701590
1281522982 1281522993
1281522982 1281522998
1281522982 1281522983
255680502 247701861
255680502 317344943
255680500 255680506
255680500 733351961
255680500 255680736
255680506 255680735
255680506 1150894127
1233060718 270325624
1233060718 1233060847
1233060718 250889367
270323580 574329729
270323580 443611957
270323580 270325410
270323582 574329737
270323582 296366195
270323584 270566684
257497053 252439062
257497053 715929856
1198065209 1198064824
1198065209 1198065216
270566686 296366192
270566686 270323993
270566684 1233105260
270566684 296366192
309309089 247701759
309309089 309309088
309309088 309309094
1107581687 259198914
566651255 566651260
1280207935 1280207942
327792502 308549309
327792502 257906443
327792502 296391630
454458873 246150528
454458873 246151149
1280711923 1280711918
1280711923 1280711939
385767713 385767709
385767713 385767714
385767715 385767723
385767715 385767714
385767717 385767718
385767717 255445222
415341751 257906447
415341751 415341752
385767718 385767719
415341752 257908482
415361289 1150894078
415361289 415361288
415361288 247700995
665130620 665130618
665130620 665130622
255453047 255453049
255453047 255456700
255453049 255453050
270320063 270321031
270320063 270320062
270320063 122569750
270320063 1227925179
270320062 122569744
270320062 1227925157
253874145 122568601
253874145 1283020084
253874144 1198263776
253874144 1193906503
253874144 255448434
253874144 309307008
246150528 246150529
246150528 25418879
246150529 617242274
246150529 259200027
1198127409 1198127441
566651300 566651291
270324002 295795925
270324002 270323995
327777204 327777202
327777202 733351956
327777202 315115036
662564892 662563819
295795353 574329737
309306684 309306662
309306684 1248513551
309306684 255453578
309306682 309306717
309306683 662427254
295795101 295795925
295795101 296366189
261874881 261873230
261874881 665132351
261874881 665130254
1227925181 1090520078
1227925181 1227925179
1227925181 122568740
669174322 1233060851
669174322 669160655
566651279 566651282
566651279 566651280
566651278 566651271
566651278 566651277
1281522960 1281506199
566651273 566651272
566651272 566651271
566651277 566651275
1280207953 1280207944
1280207953 454458841
1280207953 1100292265
1280207953 242161441
1280207951 1277412025
247701961 247701956
252608212 1107496235
309307005 309307004
247701865 315141718
247701865 1227742590
1248513551 309306716
309307008 255445210
662426759 1281514202
662426759 662426753
662426759 662426823
1280031322 1280031297
1280031322 1280031328
1280031323 1280031296
1280031323 1280031335
1280031320 1280031334
1280031320 1280031315
1280031321 1280031281
1280031321 1280031344
1280031326 1280031310
1280031326 1280031283
1280031327 1280031338
1280031327 1280031295
1280031324 1280031287
1280031324 1280031291
1280031325 1277412026
1280031325 1280031335
1150894110 261875981
1150894110 1150894126
1150894110 261875897
1280031328 1280031312
1280031329 1280031342
1280031329 1280031293
1280031329 1280129389
413740034 315113270
413740034 413740036
413740030 1227742586
413740033 733351965
413740033 315113702
413740033 1227742586
246152639 356930011
246152639 733351961
917760210 252439078
1351150950 454470066
1351150950 1351150952
1150894127 1150894125
303979839 261737662
1150894069 415361831
1150894069 261875983
1150894067 1150894107
1150894061 1150894126
1150894061 1150894101
252439078 252439073
252439073 252439062
1227795601 1227795692
315141718 315144001
315141718 1333306707
1280126798 1280126796
1280126798 1280031301
1280126799 1280126789
1280126799 1280126787
1280126794 1280126792
1280126794 1280031282
1280126796 1280031282
1280126797 1280126780
1280126797 1280126786
1280126790 1280126782
1280126790 1280126785
1280126791 1280126787
1280126791 1280031299
1280126792 1280126781
315136479 566651265
315136479 315136394
1280279016 1280279017
1280279016 575329825
1280279016 1280279004
1280279017 1280279015
309309094 315114683
1280279015 1280279004
667349503 415368299
1280102361 1280102222
317341887 301336287
317341887 301336288
253873620 253873617
253873620 253873618
253873620 253873619
253873620 253872927
261875418 665132351
261875418 261875470
261875418 247701009
1281522993 1281522995
715929859 715929858
715929859 252439064
715929858 715929856
304565079 304565078
304565079 255445202
304565079 304565080
304565078 908477933
454458841 617242273
454458841 1280714365
304727496 1245329693
304727496 1245329680
304565073 304565074
304565073 304565082
292470433 301344458
292470433 259199418
304565075 255453059
304565075 304565074
385767708 385767709
1333306707 315141742
1333306707 1185740787
415361290 247701009
1198263778 1198263771
1198263774 1198263776
1198263774 1198263772
1198263775 1198263768
1198263776 269022663
1198263770 1198263768
1198263770 1198424530
255453053 255453051
255453053 255453054
255453050 255453051
255453057 1281675865
255453057 255453055
255453054 255453055
1280104888 1280104909
1280104888 1280104902
1193897568 304564690
1280104884 1280104895
1280104884 1280103327
1280104885 1280031300
1280104885 1280104893
1280104885 1280031298
1280104886 1280031330
1280104886 1280031333
1280104886 1280104906
1280104887 1280104897
1280104887 1280104904
309309552 315136394
309309555 315136394
309309555 257904937
309309555 566651260
309309555 1333306714
259199418 259199417
259199418 301344457
259199418 907703579
259199417 907703579
415361832 415361833
415361832 415361831
415361833 261873304
415361833 1150894101
1198064822 1198065205
1198064822 1198065214
1198064822 1198063489
257908485 1119303851
257908485 276549264
666819235 666802962
666819235 666819263
666819235 269022846
257908482 276549264
1227744620 308549309
1227744620 308549308
1227744620 308549322
566651281 566651282
566651281 566651280
662423470 304564687
443611931 443610992
443611931 443612138
315143133 247701799
315143133 1227795705
1099803096 247701569
1099803096 1227795742
308549419 413740794
308549419 296391632
666819263 261875983
566651268 566651267
566651268 566651269
1280207948 1280207949
566651264 566651265
566651264 566651261
566651264 566651263
566651265 1333306714
566651260 1333306714
566651261 566651262
566651262 566651263
454458738 1280207944
454458738 454458743
454458731 454458756
454458731 454458734
1227755673 1227755671
1227755673 1227755659
1227755673 257904933
1227755671 257904934
1227755671 1227755654
454458734 1280207944
255456451 255456434
267941856 294043349
267941856 259199182
1282606380 281043043
443612138 443612227
443612138 1107360256
1193906492 247701033
1193906492 1193904689
1193906492 1116790373
1193906493 1245329693
1193906493 309307047
1281506707 1281675865
1281506707 255452752
1227755655 1227755663
1227755655 1227755657
242161441 454458716
242161441 1100292268
1280031331 1280031293
1280031331 1280031337
1280031330 1280031287
1280031332 1280031307
1280031332 1280031336
1280031334 1280031342
1280031336 1280031338
1150894107 1150894125
1150894101 261875897
1280268725 1280268719
1280268725 1280268720
662426698 1281514194
662426698 662426701
1280268721 1280097951
1280268721 1280268718
1227925157 122568601
1227925157 1227925179
383407968 383407972
383407968 976733779
1280266611 1280266607
1280266611 574329727
1280266611 1281261998
1280266612 1280266613
1280097948 1280097946
1280097948 1280097931
1280097948 1280097939
1280097949 1280097936
1280097949 1280125423
1280097943 1280097941
1280097943 1280097931
1280097940 1280097947
1280097940 1280097944
1280097941 1280097937
1280097946 1280097950
1280097947 1280097938
1280097944 1280097933
1280097945 1280097935
1280097945 1280097934
1351150949 25418915
1351150949 454464744
1150894078 247701009
252439064 715929860
252439067 715929860
252439067 715929861
1280126783 1280126782
1280126783 1280031311
1185740834 566650219
1280126781 1280126785
1280126786 1280031282
270325626 270325627
270325626 270325624
270325624 1100292268
1280126788 1280126789
252439050 715929861
566650218 566650219
566650219 566650221
566650219 356929305
261952006 301153289
1227795705 247701569
1227795705 1227795742
1227802464 1227802457
1227802464 1227802477
1227802462 1227802445
1227802463 1227802456
304565080 304565082
301344458 301344457
301344458 301342402
1280113070 1280125427
1280113070 1280113068
261870618 1245329674
261870618 309307048
261870618 309306926
32651016 253872922
32651016 253872925
32651016 309307062
1245378571 1233060847
1245378572 25418915
1245378572 25418916
1245378572 1245378575
1245378572 1245378581
1245378572 1245378579
1245378573 1245378580
1245378574 1245378575
1245378579 122570105
1280129400 1280129387
1280129400 1277412014
1280129400 1277412018
1189805790 247701951
304564689 304564688
304564689 304564690
662527389 304564684
662527389 304564687
304564688 304564687
258995599 258995600
261873230 259200029
258995597 242161425
258995597 1280234493
258995597 270319809
258995597 879129842
1243130433 122568411
270200201 1119303887
315140299 415351702
315140299 259321398
25418915 1245378585
25418916 122570105
25418916 25418917
25418917 25418918
25418917 93810142
246151149 246151148
246151148 259200030
246151148 1100292284
246151148 25418879
246151145 246151146
246151145 246150584
246151147 1100292284
246151147 246151146
246151146 259200034
25418918 122571142
25418918 25418919
25418919 32651020
25418919 1233060851
25418919 32633413
1193897597 1193897599
1193897597 304564680
1280104899 1280104905
1280104899 1280031300
1280104898 1280104891
1280104898 1280101408
1280104896 1280104909
1280104896 1280104907
1280104895 1280104902
1280104893 1280104904
1280104891 1280104906
259200027 32633401
1280234471 1280234519
1280234471 1280234440
1280031312 1280268708
1280031312 1280031292
1280031312 1280268719
1198381465 1198065212
1198381462 1198424530
252714295 252714271
252714295 93810142
252714295 252716626
252714295 252714294
252714294 122570105
252714294 252714270
252714294 252716627
281045399 281045398
281045398 281045397
281045397 758357690
1280031316 1280031307
292467464 247701958
292467464 292467463
292467464 247701959
292467463 292467311
292467463 247701949
292467463 247701950
255456436 255456438
255456436 255456434
255456434 254528049
317344599 327782776
257906434 296391632
257906434 257906433
257906434 257906426
257906433 296391632
257906431 257906443
1193897560 758357690
1193897560 1193897586
1280234461 1280234493
32633413 122571142
259198914 1090520087
259198914 1090520094
259198914 317344374
566651291 566651292
566651291 566651290
566651290 566651299
566651290 566651289
566651293 566651294
566651293 566651284
566651292 733351963
566651295 566651285
566651295 566651296
566651294 566651283
566651294 566651285
566651296 566651286
566651299 566651298
566651298 566651289
1227755668 1227755661
1227755668 257906445
1227755668 257906443
1227755661 1227755663
1227755661 1227755666
454458721 246150585
454458721 32633401
454458721 1280714365
1227755666 257906447
1227755666 257906445
443612126 443611957
443612126 443612207
1280234493 270319811
1280031304 1280031311
1280031304 1280031301
1280031305 1280031343
1280031305 1280031308
1280031306 1280031285
1280031306 1280031294
1280031300 1280031282
1280031302 1280031281
1280031302 1280031308
247701488 292467311
247701488 247701949
1280031309 1280031318
1280031309 1280031292
301153723 247701951
301153723 247701983
1198064824 1198065207
1198064824 1198063484
255680735 255680716
255680735 317344943
255680735 255680736
255680737 255680548
255680737 255680736
255680736 317344944
1280266607 574329735
255680738 415346509
255680738 292466461
255680738 255680548
383407976 383407972
1280266604 574833020
383407972 976733780
1280097951 1280097931
1280097950 1280097937
356929310 356929307
356929310 356929312
1198379174 1198379150
1198379174 1198379178
1198379175 1198379164
1198379175 1198379190
1198379172 1198379152
1198379173 1198379190
1198379173 1198379169
1198379171 1198379191
669160658 669160661
669160658 246148715
1277744081 1277744063
1277744081 1280124347
1277744082 1277744053
1277744082 1277744057
443610969 443610929
443610969 270325410
1277744084 1277744063
1277744084 1277744065
669160650 669160655
309307061 309307048
309307061 309307047
309307061 309307045
309307061 309307062
309307063 309307062
281044962 309306662
281044962 1193897515
281044962 1193897586
976733791 976733789
976733791 976733779
255680559 255680560
255680559 247701960
255680559 247701959
259200029 261875983
1277744068 1277744075
1277744068 1277744064
1277744062 1280123111
1277744062 1277744065
1277744061 1277744058
1277744061 1277744077
1277744066 1277744073
1277744064 1277744073
574329723 574329735
574329723 574329724
574329723 574329727
566650223 566650221
566650223 566650224
566650220 566650224
1227802475 1227802444
1227802477 1227802447
261875470 261875473
1280099892 1280125427
1280099892 1280099893
1280099892 1280125423
1280099893 1280125421
252716627 252714269
715929872 257496184
715929871 715929869
385767720 385767719
385767720 385767721
385767721 385767722
385767722 385767724
385767723 385767724
1198379169 1198379153
1193964656 247701033
250889367 1233060776
250889367 454458769
252714285 252714280
252714280 252714269
252714280 252714272
295795497 295795925
261875897 666803061
1245378580 1245378585
257906429 257906427
317345507 301153433
257906426 1227755654
257906426 1090524828
257906426 292464537
257906426 1227748083
257906427 292464537
257906427 1283020084
257906427 296391630
255445222 255445211
255445223 255445211
259198909 1090520093
259198909 1090520095
32633403 270327832
32633403 32633402
32633403 32641629
32633402 246152419
32633401 617242273
566651282 566651283
566651283 566651284
301153289 301153287
566651286 566651288
566651286 566651285
566651288 566651289
301153287 301153432
301153287 317345193
295795925 296366193
1227755659 1227755653
454458716 575329822
242161425 257750252
242161425 270319808
1280031319 1280268714
1280031319 1280031344
1280031319 1280268711
1280031318 1280031285
1280031311 1280031288
1280031310 1280031340
1280031317 1280268714
1280031317 1280031314
242161428 93834314
242161428 976733779
1280031315 1280031299
1280031314 1280031283
1333306722 1185740732
1245329674 1245329698
413740795 308549322
413740792 308549308
1119303992 631066318
1119303992 257906450
269022663 269022665
269022663 590066980
269022665 1107360243
356929307 356929305
356929305 356929302
590066980 590066977
590066980 666803061
1198063480 1198063479
1198063480 1198063481
1198379164 1198379167
1198063483 1198063481
1198063483 1198063484
1198063484 1198063485
1198063485 1198063487
1198379163 1198379152
1198063487 1198063488
1198063488 1198063489
1198063489 1198063490
1227748083 257904934
1227748083 292464537
93810142 122570105
93810142 252603293
255680546 309309805
255680546 247701954
255680546 255680561
300930386 292466460
1277744078 1277744070
1277744078 1277744072
1277744070 1277744075
1277744070 1277744074
259200030 415359990
1277744072 1277744053
1277744075 574329735
1277744074 1277744059
1277744074 1277744058
1277744077 1280124347
315141742 315141659
1280125419 1280125430
1280125419 1280125427
1227802444 1227802457
1227802444 1227802445
253873618 253872922
253873617 301153433
454470066 454470065
715929867 257496178
715929867 257496179
257915756 253875104
253872922 304573100
253872925 304573120
253872925 309307045
253872925 1347450023
253872927 253872929
253872927 304573100
1280101408 1280101409
1280101407 1280101395
1280101407 1280031287
1280101406 1280101392
1280101406 1280101391
1280101405 1280101394
1280101405 1280101402
1280101402 1280101392
1280101401 1280101409
1280101401 1280101398
1280101400 1280101391
1280101400 1280101399
1280124347 1280113080
1280124346 1280113069
1280101399 1280101398
1100292265 575329822
1100292265 1280714365
1280101395 1280101394
256577529 254528046
1233105197 1233105253
1198127441 253872932
1198127441 590066977
252714271 252603293
252714270 252714269
733351954 733351956
733351954 733351960
733351954 733351962
733351956 733351950
733351950 733351962
733351953 1191382302
733351953 733351960
292466460 292466461
292466460 292466360
292466461 292466504
315115036 315116272
907703579 301336288
309306662 309306717
1233060725 564916530
255445211 255445210
1347450022 1347450023
1347450023 253872932
303990429 565051517
1280714363 1280714365
666803061 665130253
1280104905 1280104907
295795933 296366194
292464537 296391630
296366191 296366190
296366191 258994155
296366191 295795097
296366190 122568168
296366190 296366194
296366190 270319810
296366193 259669597
296366193 270323995
296366192 295795093
296366192 295795097
246150586 246150584
246150586 246150585
296366194 295795098
296366194 1107551612
454470065 454464744
1090520098 1090520078
1090520098 270321031
1150894109 32641629
1150894109 246152419
1280268718 1280097932
1280268717 1280268714
1280268717 1280268713
1090520094 1090520095
1280268711 1280268710
1280268710 1280097935
879129845 952321918
255455536 93834310
255680716 1150894125
255680716 317344945
259669597 295795093
259669597 270323994
247700995 590066977
1198379150 1198379194
1198379152 1198379191
1198379153 1198379194
1198063494 1198062926
1198063494 1198063475
1198063494 1198063492
255456700 1281506199
1198063490 1198063492
247701702 309310038
1280234440 1107551613
1280234440 270319811
1198063479 1198063478
1198063479 1198062914
1198063478 1198063477
1280268720 1280268713
1227795648 1227795693
665130618 665130634
1198063475 1198063476
1198063477 1198063476
261737662 1185838221
261737662 261737664
261737667 261737669
261737667 261737666
261737666 261737665
261737665 261737664
261737669 261737670
261737460 261737455
1280711918 1280711935
257496176 257496177
257496177 257496178
1280711915 575329825
1280711915 1280711924
772443204 666802962
772443204 1107360243
976733789 976733793
772443198 1107360243
976733780 976733779
574329737 976733796
574329737 574329731
574329737 122569229
574329735 574329734
574329734 574329724
574329734 574329733
574329733 574329728
574329733 574329732
574329732 93834323
574329732 574329731
574329731 574329729
574329731 1233105261
253872932 247701033
32651021 32651020
32651020 252603293
32651020 258275921
662553211 304564684
662553211 304564680
257906447 631066318
247701034 1116790373
255445202 255445203
255445203 255445204
255445204 1193897510
255445205 662427713
255445206 662427713
255445206 255445207
309309912 247701596
261875981 269022846
261875983 269022846
122568740 415346509
122568740 122568601
454458771 454458779
454458771 454458769
296366189 296366195
296366189 976733796
247701950 255680560
247701950 247701959
415351702 247701590
1090520087 1090520086
1090520086 1090520093
296391632 1090524828
1280123111 1280123088
247701960 255680565
247701960 255680561
296377274 122569744
296377274 276549264
1119303889 1119303859
1119303887 1119303859
1277744057 1277744059
1277744058 1280125423
246152248 356930011
246152248 93834314
246152248 246152419
1280125430 1280125433
1280125430 1280125421
1280125433 1280113068
1227795747 1227795693
261737670 1185838221
1227795583 1227742590
255680565 247701954
255680565 255680566
255680565 255680560
574329728 574329724
976733793 270321031
976733793 93834314
976733796 122569229
560447970 560447968
560447970 560447975
560447975 1233105253
560447975 1233105260
574329727 1280711939
1281433083 1281433090
1281433084 1281433090
122569229 93834317
122569229 93834323
258994155 270319810
258994155 258995602
308549309 1090524820
1107360256 443612207
270319809 258995603
270319809 270319807
270319809 270319808
270319808 122568413
270319807 1107551612
270319807 270319811
258995603 122568413
258995603 258995602
258995603 270319810
258995602 122568410
258995602 258995600
258995600 122568411
1281514202 1281514199
1281514202 1281514195
1281514203 1281514188
1281514203 1281514207
1281514207 1281514194
1281514205 1281514184
1281514205 1281514187
301153433 301153432
254528049 254528048
254528048 254528047
254528047 254528046
122568170 122568413
1107551613 1107551612
1280031340 1280031297
1280031341 1280031294
1280031341 1280031291
1280031343 1277412026
247701759 919655181
1090520078 415346509
1281506199 255453570
247701597 247701590
247701590 259321398
1245329688 1245329698
1185838195 303979851
1280031296 1280031295
1280031292 1280097934
247701375 247701374
1280031290 1280031286
1280031290 1280031299
443610929 443610992
665130634 665130633
665130633 665130632
665130632 665130631
665130631 665130630
665130630 665130628
413742858 294043349
413742858 1191382302
665130259 665130258
665130258 665130257
1198065212 1198065207
665130253 665130254
665130255 665130254
665130255 665130256
665130257 665130256
304573100 304573120
1280711939 575329830
590066977 1116790373
247701374 247701958
315113273 315113270
1281514195 1281514187
1281514199 1281514188
281043043 281042896
560447968 560447967
93834317 93834321
93834310 122570601
317345193 317345497
301342402 257492852
733351964 733351960
733351965 315114683
733351962 733351963
1280113068 1280113067
1280113069 1280113067
662427254 309306714
443611957 443612227
122569744 122569750
122569744 270323993
454458750 454458756
317345497 317345495
309309805 309309803
309309803 309310038
443612207 443612227
317344944 317344943
317344945 317344943
281042896 281042895
564916533 246148715
255448433 255448434
681500316 253875104
1245329693 1245329698
1280031286 1280031288
415351699 247701572
296366195 295795098
1198062914 1198065207
1277412010 1277412028
247701949 247701958
247701949 247701948
247701948 247701956
1277412016 1277412018
1198065205 1198065216
261737455 261737456
261737456 667349478
261737457 667349479
261737457 667349478
575329830 1280711935
665130628 666802411
315141659 247701983
665130622 665130623
665130623 666802405
1233105260 1233105263
93834323 93834321
919655183 247701572
919655183 247701799
919655181 919655163
667349505 667349504
667349505 667349514
309310038 309310039
309310039 919655165
667349478 667349516
304564691 304564690
415359990 270327830
1198424536 1198424530
666802405 666802407
666802407 666802962
666802407 666802408
666802409 666802408
666802409 666802411
1280102226 1280102224
1280102226 1280102225
1280102227 1280102225
1280102227 1280102223
1280102222 1280102223
1280103313 1280103325
1280103312 1280103328
1280711935 575329825
919655163 247701799
617242274 617242273
122569750 270323994
1280113080 1280123088
309306714 309306716
309306716 309306717
1280123088 1280113049
255453570 255453564
1185740732 1185740733
1280097939 1280097938
1280097936 1280097932
1280097933 1280097932
1281675865 255453560
327782776 301336287
247701958 247701956
247701951 247701983
270327831 270327830
270327830 270327832
1185838228 1185838216
575329822 575329825
1233105250 1233105253
1119303851 315110639
667349516 667349514
1280103329 1280103323
301336287 301336286
270323994 270323995
270323994 270323993
122568413 122568410
122568410 122568411
255453564 255453562
255453562 255453560
