1119319455 23.33615629 42.69668974
1117754589 23.31475553 42.69295477
292654494 23.32023562 42.68718642
292654611 23.31974637 42.68709808
215481912 23.32483402 42.69763497
1119319352 23.33559521 42.69666107
303498141 23.31607887 42.68787416
150466727 23.32091221 42.69654188
1117637072 23.31578508 42.70024526
332052265 23.32611016 42.69530849
1120434529 23.31834047 42.68739681
1117637060 23.31331921 42.69791928
1117217955 23.32693 42.68985572
152185386 23.33333243 42.69551418
1117636899 23.31506759 42.69726306
1117702181 23.31504764 42.69421146
1117636955 23.31745568 42.70001543
150513452 23.31524043 42.69454749
150513451 23.31518619 42.69449243
166405612 23.3244192 42.69759599
148593129 23.33119546 42.70041659
1117217892 23.32781672 42.68966671
207620286 23.3319184 42.69045101
257010898 23.32809298 42.69726063
1117636896 23.31364267 42.69748552
152185389 23.33341373 42.69588164
1117218069 23.32723996 42.690177
1117636343 23.31390762 42.69833511
1117150712 23.33118532 42.68618043
1117702060 23.3151551 42.69474883
1117636347 23.31600343 42.70021584
332052279 23.33569579 42.69099508
1117636261 23.31539918 42.69822799
1117636267 23.31512618 42.6972836
258307290 23.32532486 42.68974433
207629755 23.3279696 42.68749312
1119319512 23.32599717 42.69784133
1119346560 23.33472491 42.69869411
119079672 23.32830329 42.68760334
394503783 23.329102 42.6857739
300137039 23.31582121 42.68980107
213015277 23.33550887 42.69650802
207616247 23.33172092 42.6885893
207616246 23.33058006 42.6893591
207626412 23.33200683 42.69129833
1117636515 23.31521453 42.69737823
304923698 23.31907121 42.69595004
1117754193 23.31465897 42.69238044
1117636519 23.3136425 42.69829412
292653971 23.3193204 42.68859978
1117754533 23.31398783 42.68938181
303594656 23.31344837 42.68724853
332052277 23.32633614 42.69544687
1117754536 23.31575139 42.69472628
207616248 23.33280764 42.68788212
152195776 23.33459458 42.69871221
1117754281 23.31418598 42.69032444
1120434554 23.31795851 42.68624572
1119489146 23.31286349 42.69975936
207593018 23.3205367 42.68948189
1119489142 23.31272359 42.69967211
1119346516 23.33634581 42.69887666
1119346514 23.33634958 42.69881749
214875391 23.32332309 42.70278372
249314832 23.31944361 42.69640903
243074067 23.31999799 42.70060971
243074066 23.32064533 42.7027377
1117636191 23.31517941 42.69720959
1117754368 23.31575549 42.69466928
1117702117 23.31521687 42.69467188
214875397 23.32204586 42.70303694
304672300 23.3152768 42.69484949
207611765 23.3282302 42.68997332
207611764 23.32740978 42.68936639
207611766 23.3295454 42.69102257
207611768 23.33181991 42.69308561
303720688 23.32225734 42.69187953
168728843 23.33426927 42.69268797
207572630 23.31707623 42.68701879
1117636634 23.31734839 42.69999229
292655134 23.32074197 42.68762807
292655135 23.32121412 42.68755866
215649167 23.32737357 42.6940134
1119346559 23.32482102 42.6977042
303720686 23.32108228 42.69196168
152618236 23.32220319 42.69473299
242143335 23.31401399 42.69833712
251141113 23.33662719 42.69978048
251141112 23.3362495 42.69974268
251140811 23.33632678 42.70257493
305060510 23.33690153 42.68711249
251141111 23.33628386 42.6994841
300885773 23.32790967 42.6855429
304001413 23.32607831 42.69477649
207559101 23.31770353 42.68909423
303493383 23.32310106 42.69241908
1117288393 23.32283686 42.6936819
1119346601 23.33220892 42.69844466
304013284 23.33621631 42.69417592
207560660 23.3130442 42.68718919
1119346605 23.33025367 42.6982207
303493389 23.32237309 42.6924625
1117636951 23.31608834 42.700214
1119319575 23.32577581 42.69876376
303716377 23.32117842 42.69776187
148598311 23.33171422 42.70143658
303595006 23.31320237 42.68765883
303595000 23.31321301 42.68759253
1117217843 23.3276065 42.68964827
257016339 23.32021626 42.70282488
300137040 23.31574787 42.68954023
1117217920 23.32706042 42.6901278
303981464 23.32262379 42.69709593
1117217925 23.32720819 42.69023358
1117217924 23.32700166 42.68997382
1117636312 23.31551401 42.69827962
1117217929 23.32625307 42.6903231
1117331249 23.31894749 42.69512987
292654728 23.31990093 42.68695927
207547719 23.32506418 42.68840146
1117287988 23.32089167 42.69494622
1117175568 23.32984723 42.68736521
304884403 23.33372889 42.6900703
1117150539 23.33119722 42.68591497
1117150536 23.33051083 42.68554701
1117288105 23.31904413 42.68911527
243136991 23.31498159 42.70038264
304884371 23.33309019 42.6896538
1117287984 23.31893274 42.68911963
1117288100 23.32388183 42.69252326
148593128 23.33028703 42.70179357
249313991 23.31991661 42.69798206
249313990 23.31960262 42.69696282
1119507150 23.33554181 42.69662252
800893169 23.32195014 42.68690001
255649317 23.33351473 42.69471161
1119346462 23.32690309 42.69792657
207631570 23.32355092 42.6853129
1119319317 23.31887197 42.70078858
207629703 23.33263681 42.69181692
1119319706 23.32592677 42.69789648
1119319704 23.32000269 42.70062169
1119319312 23.32331899 42.70003052
1117636894 23.31497707 42.70036738
340474679 23.33417992 42.69238597
215670458 23.32373699 42.69524931
152481389 23.32183916 42.68866876
152481388 23.32162718 42.68764357
207551802 23.31474447 42.69236828
305474339 23.32570892 42.69660282
764501040 23.33141859 42.68620272
243063322 23.31680248 42.69395917
303594927 23.31269912 42.68774583
255592669 23.33200918 42.6938321
255592668 23.33203499 42.69368701
1117776186 23.32114606 42.68594682
303989719 23.32963584 42.69557
303938127 23.3228496 42.69677188
772507056 23.31485 42.69457976
1117150541 23.33048476 42.68554826
215151325 23.3224865 42.70017418
303989714 23.33004714 42.69621767
255594795 23.32996391 42.69396252
303938129 23.32251592 42.69711621
255592665 23.33257571 42.69349146
255592664 23.33274737 42.69356723
303989807 23.3325431 42.69620342
255592666 23.33237832 42.69347889
304884309 23.3357175 42.69148802
1117288178 23.31969524 42.6915311
1117288077 23.31980957 42.69151341
304884301 23.33462207 42.69105283
1119319677 23.32587689 42.69797159
1117288079 23.32081054 42.69491362
304884302 23.33468041 42.69235538
304884305 23.3367079 42.69065879
243073090 23.31972256 42.70246152
1119319670 23.31999439 42.70059747
1117288175 23.31883517 42.68912231
303938131 23.32347489 42.69665311
1117636558 23.31530564 42.69766984
243074742 23.31796521 42.70130918
213015231 23.33551508 42.69681203
207574140 23.31899678 42.6970598
249313747 23.31779858 42.69720087
1119319405 23.32690242 42.69807359
1117636550 23.31407199 42.70052672
207601835 23.3298091 42.6938922
292653934 23.32026127 42.68798773
1117636415 23.31508762 42.69723649
292653937 23.32141202 42.68870866
1119354909 23.33519329 42.69643552
305474332 23.32437268 42.69715066
292653933 23.32031282 42.68827163
1120434514 23.31896928 42.68897638
303594752 23.31362859 42.68711442
152182151 23.33002074 42.6973245
207599430 23.32394201 42.69623553
204756405 23.32929126 42.70148209
255594948 23.32926871 42.69429051
1117150547 23.33122522 42.68590952
150475598 23.32091841 42.69675244
207590188 23.31847014 42.6873699
255594942 23.32987808 42.69407601
255594943 23.33016994 42.69429679
150475597 23.32098949 42.69692041
1117636866 23.31580461 42.70027099
255594946 23.32953467 42.69484564
255594947 23.32923426 42.69445454
303594812 23.31373336 42.68729002
1123548784 23.32926653 42.69648883
1117150666 23.32970306 42.68532413
1117150748 23.33119211 42.68621672
1117636319 23.31839789 42.70081967
1117702156 23.31527077 42.69479786
207574138 23.31738217 42.69189546
215489487 23.32691608 42.69784594
207574134 23.31655144 42.68915986
207574135 23.31678286 42.68992068
207574137 23.31700222 42.69064329
1117636316 23.31568643 42.69885956
207603658 23.32624972 42.6883106
207603659 23.32611913 42.68698241
292654361 23.31900306 42.68869642
1119346631 23.33471896 42.6986646
1117636931 23.31408498 42.70056796
1119346634 23.328873 42.69806437
1117636671 23.31802481 42.70065061
207601832 23.32626347 42.69033056
207601833 23.32839582 42.69259954
256853037 23.32650176 42.69781007
1117175590 23.32866538 42.68781129
207601836 23.33055098 42.69465931
1117175592 23.32979334 42.68733864
1117288256 23.32203807 42.69473927
1117288254 23.32012288 42.69265746
1117637075 23.31536523 42.6981228
1117287835 23.3220814 42.69471706
303498153 23.31418188 42.68725172
303498150 23.31353488 42.68680069
1117150728 23.33116604 42.68583912
1117754444 23.31513951 42.69421314
148590938 23.32908096 42.70286989
728623410 23.32061733 42.69386169
207604124 23.32496813 42.68670614
1117754563 23.31515459 42.68834589
292653940 23.32143239 42.68836534
292653943 23.31982357 42.68770384
292654531 23.3198322 42.68658083
292654530 23.31994376 42.68648612
292654533 23.3198322 42.68707293
304001459 23.32574119 42.69470642
292653949 23.32019991 42.6855512
728623412 23.32033629 42.69387837
304001454 23.32589307 42.69461279
1117754568 23.31575248 42.69471119
251139869 23.33509078 42.70319301
800893042 23.3222275 42.68686263
243073636 23.31976162 42.69958971
1117754255 23.31571501 42.69483122
148595309 23.3331378 42.69933524
303492194 23.3145682 42.69163353
303492195 23.31595096 42.69138869
303492196 23.31715091 42.69113329
252320437 23.31884054 42.69600343
292654080 23.32023562 42.6873
292654083 23.32112561 42.68611102
1117754317 23.3149945 42.68852409
304884306 23.33480924 42.69089609
292654084 23.3211101 42.68604137
303594867 23.31270448 42.68789142
148915944 23.32749971 42.69315937
207549359 23.31446393 42.69118082
1117701977 23.31514479 42.69470491
1117701975 23.3152473 42.69491119
214838591 23.3316164 42.70313442
676659864 23.3191013 42.68593886
676659865 23.33138271 42.68999838
1117636481 23.31599949 42.70020427
1117701978 23.31490314 42.69452361
1117701979 23.31589447 42.69478596
1119354973 23.3350943 42.69634592
251140946 23.33481619 42.70141428
292653945 23.32010687 42.68571012
1117754566 23.31509768 42.69421557
1117754143 23.31437516 42.69119356
1117288327 23.3207662 42.694793
109357395 23.33471108 42.69862554
304675130 23.31537672 42.69453249
249313956 23.31529943 42.69694002
304937645 23.32138847 42.68652182
772812403 23.33426517 42.68882911
1123561302 23.33277922 42.69522919
304937646 23.32154957 42.68727997
207560642 23.31369707 42.68763418
249315174 23.31729458 42.695598
1117331290 23.31886543 42.69505661
207593022 23.32179432 42.69478646
1117288387 23.32091891 42.69481924
727629920 23.33508332 42.69548878
1117288381 23.31933608 42.69026367
243073854 23.31816638 42.70197177
1117150789 23.33118708 42.6861417
1119319621 23.32645952 42.6995421
152182908 23.33493128 42.69788777
1120434465 23.31794267 42.68617104
1120434561 23.31858598 42.68812427
1117217822 23.32712387 42.69003887
1117217799 23.32741254 42.69018488
207588277 23.31629051 42.68848478
1119319199 23.32248189 42.70015918
1119319584 23.32504734 42.69942224
204756426 23.32028717 42.70164076
1120434469 23.31887951 42.68898443
217597438 23.32700158 42.68719422
1117331278 23.31878396 42.69504513
1117636815 23.31372121 42.69832052
800893186 23.32190773 42.68670656
245965883 23.31379983 42.69177828
1117637101 23.31726072 42.70002004
300137065 23.31585381 42.68983267
1117637102 23.31321452 42.69802632
1117331276 23.31828272 42.69500364
1117637107 23.31524562 42.6966858
152188852 23.33222593 42.69836889
292654089 23.31797821 42.68536939
1117150813 23.33056439 42.68662743
152184096 23.33433474 42.69313816
303989841 23.33379008 42.69566472
1119346509 23.32886412 42.69810159
207598619 23.31695578 42.69445077
207567199 23.31325693 42.68891351
148915940 23.32426891 42.69093121
148915941 23.3249377 42.6914223
148915942 23.32594043 42.69204399
148915943 23.3267036 42.69261496
1117288033 23.32282362 42.69367552
148915945 23.32803004 42.69362716
148915946 23.32872733 42.69430819
303588159 23.32094548 42.68561959
304675140 23.31554251 42.69496793
304675143 23.31574091 42.69461522
1117150562 23.33040304 42.68583174
1117150564 23.33113092 42.6859252
1117636676 23.31331393 42.69789984
304884342 23.33394749 42.68927343
214887874 23.32233881 42.69924698
257888215 23.32471583 42.69130018
797311402 23.32198937 42.69053063
1119319531 23.33551424 42.69656032
304884348 23.33403718 42.68874613
152186774 23.33495156 42.69668102
1117754319 23.31517404 42.69458924
308744850 23.31369899 42.69520112
255649322 23.33344257 42.69570629
1117175622 23.32887426 42.68814908
251140416 23.33424111 42.70154672
1117636753 23.318546 42.70085563
1119319366 23.32604638 42.69782331
303492197 23.3183849 42.69092299
303594717 23.31356689 42.68711568
1117637116 23.31524956 42.69724102
1117636281 23.31356497 42.69753388
252320439 23.31911588 42.69590704
213015198 23.33502323 42.6965138
119081321 23.327836 42.69199127
148915938 23.32333399 42.6898719
1117702058 23.31543463 42.69474774
206186449 23.33627397 42.69802632
305474345 23.32624343 42.69731092
292654082 23.32041013 42.68577734
292217084 23.32749209 42.69585289
1117636889 23.31608457 42.70019983
728623395 23.31994619 42.69268378
206186442 23.33635142 42.69879117
215670487 23.31862663 42.69615338
1117636968 23.31518083 42.69733833
257888139 23.32424158 42.69179823
243179594 23.31525752 42.70299042
1117288048 23.31911882 42.68967928
303989741 23.33293487 42.69531528
1117218058 23.32751027 42.68965506
728623397 23.31964486 42.69077949
150476505 23.31524898 42.69465311
1117218049 23.32726234 42.69019293
1117218054 23.32795594 42.68891846
251140469 23.33614648 42.70316149
1117288044 23.32042262 42.69387334
256575736 23.3270553 42.68993778
1117701976 23.31523741 42.69480867
1119346577 23.3322173 42.69840728
1117288437 23.3205253 42.69386714
1117287874 23.32080668 42.69490171
1117287872 23.32179147 42.69477272
1117287991 23.32015524 42.69265268
1117287869 23.32083459 42.69498989
1117636525 23.31517907 42.69718293
214875374 23.32615232 42.70256437
215498582 23.3258085 42.69876627
243074944 23.31833067 42.70250837
1117754529 23.31476777 42.69300782
249315084 23.31820762 42.69541234
243137769 23.31463416 42.70252472
1119319427 23.33542522 42.69683659
1117754489 23.31401767 42.68933102
152180875 23.33387993 42.70132736
1120434489 23.31797703 42.68626877
1120434524 23.31794543 42.68629677
1117636783 23.31437583 42.69828809
303589237 23.31625237 42.68561842
1120434521 23.31798542 42.68623809
215151299 23.32749737 42.70044089
303589238 23.31547436 42.68525423
1120434484 23.31703516 42.68722196
152195986 23.33473254 42.69873157
1117150701 23.33126 42.68607456
1117754199 23.31518108 42.69446728
800810996 23.32118697 42.68630171
800810997 23.3218219 42.68823441
331942597 23.33455962 42.68632887
331942596 23.33452048 42.68640741
303594982 23.31349649 42.68731022
332052274 23.32632063 42.69534327
207590840 23.32040041 42.68880304
303594986 23.31328367 42.68747954
332052270 23.32584228 42.69506382
1117288289 23.31913047 42.68911141
1117150755 23.33044042 42.68543452
259754391 23.32508573 42.69267431
259754390 23.32554631 42.693283
1117288122 23.31978124 42.69151777
1117287902 23.32095931 42.69488537
255595076 23.3297407 42.69441674
1117287906 23.32087256 42.69492242
304923696 23.3186154 42.6959233
1117287904 23.32075413 42.69484849
1117288180 23.32386892 42.69251673
215649174 23.32798083 42.6945915
1117637081 23.31284362 42.69970161
304923699 23.31913139 42.6958715
1117287909 23.31930489 42.69026577
214875571 23.31612162 42.70019178
1117288260 23.32066612 42.69491672
728623380 23.31919073 42.69027356
1117288342 23.31938268 42.69026057
1117754417 23.31394701 42.68938122
245963380 23.31374987 42.69413209
150471591 23.31536247 42.6976612
300885822 23.32834419 42.68568522
1117175574 23.32833019 42.68805269
292654409 23.31919677 42.68778598
245964590 23.31325676 42.69470499
1116945709 23.33128741 42.68624203
303493430 23.31878019 42.69212764
685747613 23.32889664 42.68797868
1117754229 23.3147816 42.69306717
148596561 23.33557149 42.70147732
148874978 23.33340426 42.70296544
256575738 23.32698716 42.69056391
1117754225 23.31520522 42.6945967
1119507083 23.33558691 42.69662352
1117754220 23.31397392 42.68931937
1119370892 23.33105842 42.69671849
292654602 23.31994184 42.68757643
150467606 23.3288611 42.68814112
292654601 23.319712 42.68663749
242141679 23.31333773 42.69798751
207625083 23.33099991 42.69339649
292654315 23.31919224 42.68721048
150467608 23.3281121 42.68814364
1117217851 23.32755914 42.69028479
728612531 23.31830703 42.68601488
207557396 23.32162366 42.68868888
303989883 23.33441353 42.69347226
1119354841 23.33351867 42.6965734
256575432 23.3246031 42.69057288
303989886 23.3339423 42.69417727
207558916 23.31489132 42.6885722
303713721 23.32079394 42.69491521
215670478 23.31923398 42.6960585
728623362 23.31930531 42.68967258
304884386 23.33432359 42.6898605
304884389 23.33465157 42.68987157
1117288501 23.32498942 42.69145357
256575430 23.3240343 42.68981608
256575431 23.32412072 42.69033249
797311278 23.32076712 42.69062937
1119319592 23.33499389 42.69668102
800893157 23.32228919 42.68706137
300137011 23.31555517 42.69012646
800893155 23.3214479 42.68674621
1119354942 23.33493429 42.69550538
1119346498 23.33023917 42.69829982
1119346497 23.33317611 42.69854533
375330404 23.33087452 42.68808186
292216805 23.32725748 42.69566162
1117287997 23.31947002 42.69081797
375330400 23.3288197 42.68955582
1119319716 23.33505516 42.69679879
1117150805 23.33120569 42.6861899
148872382 23.3204196 42.69807913
1119319468 23.32678809 42.69791928
1117288486 23.32285186 42.69368919
1117288166 23.32085337 42.69504563
215491238 23.32665096 42.69942233
292654077 23.32136383 42.68846064
1117636843 23.31324511 42.69800377
332113279 23.33588706 42.68579226
303594957 23.31281479 42.68784633
215151291 23.32837671 42.70050912
292654079 23.32029572 42.68773527
303594953 23.31282149 42.6878092
152185938 23.33528047 42.6963232
1117702092 23.31519793 42.69475092
245965732 23.31305443 42.69016108
303989707 23.33015686 42.69664004
1117636945 23.31614131 42.70041223
1117288168 23.32078153 42.69493021
255594944 23.33030723 42.6945428
243073088 23.31902804 42.70129761
1117701982 23.31535258 42.69463249
148594846 23.33318843 42.69847249
304884313 23.33587374 42.69135726
1117702087 23.31581542 42.69474832
304884311 23.33496589 42.69076533
148593810 23.33057093 42.69933658
1117701981 23.31525149 42.69572557
148593812 23.33104316 42.69862303
304884315 23.33618739 42.69156169
243074007 23.31855304 42.69979289
152181497 23.33400868 42.70134002
332113276 23.33690069 42.68592159
1117636402 23.31407719 42.69738686
1117636407 23.31359036 42.69754528
1117636406 23.31525543 42.6970878
243074008 23.31818222 42.6984077
728623363 23.32014661 42.69331594
255594945 23.32991236 42.69469418
166405607 23.32351362 42.69735451
292654634 23.3206434 42.68670656
292655088 23.32053938 42.68787282
148593130 23.33164901 42.69972617
244035335 23.32099586 42.68557039
207553214 23.32297927 42.69119297
304884283 23.33356712 42.6914762
207599032 23.32530542 42.69676962
1119319230 23.33533218 42.69686417
207565953 23.3142496 42.68816652
207619242 23.33136369 42.68999838
303594962 23.31277983 42.68787877
251139430 23.33438704 42.69989406
292656514 23.31972919 42.68718642
1117636976 23.31334486 42.69800947
1117150675 23.33120544 42.68605621
1117288247 23.32085831 42.69499257
1117702006 23.31537169 42.69459804
303594696 23.31348056 42.68715533
1117288214 23.32059646 42.69494622
1117150679 23.33122907 42.68606157
1117702073 23.31524202 42.69484522
207598428 23.32393271 42.692549
207598429 23.32488339 42.69370008
267762083 23.31437273 42.69827719
1119346626 23.3279432 42.69797091
1119346629 23.3288554 42.69813822
706284424 23.3197312 42.6883381
1119346582 23.32985427 42.69821324
207598423 23.31899334 42.69277698
1119346584 23.33219844 42.6984916
207598425 23.32124346 42.69253031
292654311 23.31961762 42.68616433
207624641 23.32999199 42.69247281
1117637045 23.31522249 42.6981528
1117636104 23.31334838 42.69802163
1117637040 23.31527027 42.69669418
1117754459 23.3150178 42.68854127
1117637043 23.31599639 42.70026722
1117754456 23.31523649 42.69452478
1117754453 23.31573647 42.69477523
206185659 23.33579394 42.69297279
1117754451 23.31441213 42.69118719
303493376 23.32305378 42.69205673
303493374 23.32230293 42.69210878
303492208 23.32175886 42.68936991
304001464 23.32560532 42.69436167
303492204 23.32213647 42.69127084
303492205 23.32187981 42.6899786
303594942 23.31275821 42.6877491
303492207 23.31581459 42.69091352
207622384 23.33131138 42.69261236
303492202 23.32268632 42.69047246
1117754519 23.31388951 42.68951341
1117754303 23.3139564 42.68935952
1119346539 23.32986106 42.69817862
207565623 23.31632546 42.68650891
292654092 23.31902544 42.68629677
1119346534 23.32984656 42.69825263
292654096 23.31954043 42.68835989
1119346530 23.32793314 42.69803328
215496677 23.32766006 42.69963808
215496676 23.32735538 42.70130021
119079678 23.33482717 42.69271094
442544214 23.33552254 42.68985723
1117701962 23.3151893 42.69468797
292654313 23.31857911 42.6859309
119079674 23.33408948 42.69226301
119079677 23.33456541 42.69277003
119079676 23.33439601 42.69278
1117288253 23.32044969 42.69387166
204756428 23.32420956 42.70097247
303716460 23.32138637 42.69564578
1119507077 23.33616023 42.69672654
1117636616 23.31339347 42.69803621
251140810 23.33642979 42.70154043
207559104 23.31863652 42.6916896
245964623 23.31530782 42.6957544
150467597 23.32318848 42.68853876
1117636582 23.31605062 42.70019447
1117636580 23.31521779 42.69724479
1117754425 23.3151074 42.69454238
1117331284 23.31827258 42.6949691
303725184 23.32302688 42.68566343
1117331169 23.31895637 42.69508134
207561946 23.31587468 42.68778799
166406926 23.32185174 42.69764452
255655510 23.32615459 42.69472963
305508417 23.32596507 42.69649796
245964787 23.31376018 42.69618129
207615917 23.32893989 42.69045671
245963828 23.31530488 42.69669502
727629918 23.33477252 42.69438103
1119319618 23.31888463 42.70081657
207590065 23.31741586 42.68830063
1117287950 23.32073719 42.69479979
1117636806 23.31870458 42.70083099
303588156 23.31796689 42.68630523
1117331305 23.31895294 42.69506893
267626974 23.33381388 42.69420711
1117331303 23.31961243 42.69502862
292654238 23.31799807 42.68601329
1117754160 23.3151903 42.69451288
148871834 23.33025962 42.69818843
207600643 23.32444107 42.6931758
292654232 23.32044156 42.68796242
303716428 23.32215206 42.69759214
1117636809 23.31331493 42.7006543
303590190 23.31522048 42.68643239
148915939 23.3235479 42.69057791
303989853 23.33353686 42.69670324
1117150822 23.33046003 42.68535783
1117636811 23.31372003 42.69833276
303719284 23.32654929 42.69705804
303989916 23.33377457 42.69411566
303719286 23.3293273 42.69512543
303590192 23.31457608 42.68597641
1117150828 23.33116889 42.68592377
303989858 23.33246557 42.69677121
1117288333 23.31896761 42.68911862
1117288127 23.3200425 42.69266953
304884355 23.33323402 42.68954861
304884352 23.33209157 42.69027893
1117288120 23.32204142 42.69475436
1119319507 23.32794001 42.69800143
1117288286 23.3209661 42.69491127
1119346604 23.3331699 42.69858263
1117288283 23.32059068 42.69491948
243136990 23.31563899 42.70232598
1117636446 23.31373302 42.6974587
243136992 23.31459141 42.69905377
1117636442 23.31730439 42.70000017
1117636337 23.31519407 42.69671966
1117636440 23.31526926 42.69767529
243073142 23.3193929 42.70251642
243073141 23.31908479 42.70183556
332052287 23.33581649 42.69079366
152190700 23.33233247 42.69757579
207562640 23.31697028 42.68695911
1119319274 23.32126408 42.70040183
215670472 23.32107314 42.69575516
1119319683 23.32573331 42.6994432
1117754178 23.31434289 42.69119859
1117636979 23.31592288 42.70026839
1119319680 23.33539362 42.69647894
292216992 23.32576432 42.69630409
215658653 23.32618836 42.69475428
148598312 23.33076706 42.70107264
305474352 23.32661391 42.69714681
148597129 23.3335227 42.70032028
1117636974 23.31843628 42.70087374
292653967 23.31938586 42.68827163
1117636873 23.31545551 42.69810754
1117754116 23.31568693 42.69457901
206186438 23.33615244 42.69662512
303594968 23.31274128 42.68789101
1119319503 23.32688658 42.69803152
207565625 23.31522148 42.68734786
150476512 23.31479132 42.69466803
150476513 23.314951 42.69472066
764501765 23.33106211 42.68585839
303594799 23.31375683 42.68724443
764501766 23.33116001 42.68600022
242144668 23.31530413 42.69723431
766743056 23.31701806 42.6869804
207562906 23.31503867 42.68561012
213015252 23.33497402 42.69657474
1117754498 23.31494337 42.69357
1119346540 23.33466314 42.69866116
375330386 23.31398817 42.6938782
1117637007 23.3131597 42.70068053
553020594 23.32867913 42.68798161
1117754492 23.31514747 42.69446309
1117288336 23.31973329 42.69152523
243073089 23.3193634 42.70178753
617026155 23.33381238 42.68829786
207598469 23.31520179 42.6942118
243074763 23.31776162 42.70068296
215485247 23.32535889 42.70108454
207593020 23.32086988 42.69138383
303594676 23.31345139 42.68719707
215477149 23.32594529 42.69776522
256853036 23.32659321 42.69732266
303726463 23.32102704 42.68547987
1117636387 23.31340219 42.69802967
148595313 23.33122161 42.70216379
303594777 23.31372271 42.68715449
292653962 23.31778794 42.68580307
207622018 23.33256104 42.69097529
292653961 23.31820142 42.68549563
152209709 23.33207053 42.70246403
249315464 23.31873266 42.69417257
1117754343 23.31469828 42.69237759
1117754420 23.31411356 42.69033676
1117754341 23.31524462 42.69460634
1119319660 23.32705522 42.69794317
303594836 23.31365423 42.68733604
1117636984 23.31601072 42.70023093
215670502 23.31653803 42.69649486
303981490 23.32271692 42.69739759
215506373 23.32642733 42.69707807
1117702033 23.31581936 42.69476509
1117702031 23.31521218 42.69486324
1117702037 23.31551066 42.69475637
152479632 23.32126198 42.68584708
152479633 23.32261633 42.68607431
245964101 23.3130623 42.69490339
148590934 23.32986743 42.6981466
243074006 23.31887582 42.70079704
152184099 23.32420772 42.69722174
304675144 23.31590159 42.69476668
152184098 23.33207841 42.69399806
152203356 23.33111013 42.69826889
148594306 23.3341153 42.70053427
207593083 23.31503021 42.6935539
215649182 23.32854301 42.69547529
1117288279 23.32093241 42.6953913
1117217917 23.32728882 42.69021179
1117217873 23.32756073 42.68968758
1117754100 23.31415002 42.69032972
251140748 23.33658427 42.70011492
207599686 23.32187311 42.69661942
215477145 23.32445398 42.69963388
148590935 23.32957683 42.69983103
1123561217 23.32807169 42.69718444
292654410 23.31864172 42.68785563
212972926 23.33407423 42.69668438
394503781 23.32902254 42.68591061
150462714 23.314031 42.68941274
1117288378 23.32081473 42.69483298
394503786 23.32932781 42.68540208
394503787 23.3294195 42.6852378
207547554 23.3232319 42.68926262
207547555 23.32519679 42.68909867
1117754231 23.31524118 42.69457046
1117754375 23.31498344 42.69356388
292654993 23.32038147 42.68704762
1117754236 23.31508192 42.68845561
1117702011 23.31524043 42.69482879
1119354875 23.33327107 42.6962196
243074862 23.31690541 42.70275656
152197910 23.3333419 42.69768216
1117754334 23.3151147 42.69457482
245962941 23.31407987 42.69739927
1117217860 23.32723233 42.69003107
303983607 23.32339828 42.69530648
1117217865 23.32742 42.68937259
214875364 23.32716452 42.70266998
1137607284 23.32226052 42.69757319
1117217869 23.3252547 42.68968532
304675146 23.31541988 42.69499542
300137046 23.31636377 42.68946856
148916165 23.32340717 42.69459988
1117702102 23.31709593 42.69487011
765089776 23.31797427 42.68616291
207600607 23.32323643 42.69400451
1123548774 23.32920107 42.69651154
1117702012 23.31527588 42.6948246
1119354857 23.33524241 42.69700591
1117331222 23.31833494 42.6950686
1117636641 23.3151955 42.69666401
251140964 23.33518516 42.69997612
251139927 23.33475609 42.70292814
1117331180 23.31960933 42.6950137
304001467 23.32568118 42.6943149
1117331182 23.31827719 42.69498528
1119319178 23.3351166 42.69648321
304884392 23.33422728 42.6904702
1117288476 23.32069252 42.69487598
292654308 23.31832161 42.68692491
1309479848 23.3173732 42.69999246
243138011 23.31277472 42.69939022
304884394 23.33367751 42.69011162
119080502 23.3344468 42.6882552
215658645 23.32680527 42.6952929
243138010 23.3137171 42.70266973
292654307 23.31911178 42.68677001
207605918 23.33270638 42.68926597
300885849 23.3277842 42.68663322
304884374 23.33378019 42.6900294
1117218084 23.32783398 42.6898144
1137607213 23.32235197 42.6979249
553020595 23.32863731 42.68805026
152186775 23.33541013 42.69645102
125301551 23.33069339 42.68663062
1117636767 23.315383 42.69789389
1117636334 23.31736138 42.69999573
1117636450 23.31527337 42.69813428
1119319234 23.32690803 42.69803277
1117702176 23.31590184 42.69475252
1119319232 23.32577966 42.69947438
214838603 23.32953853 42.70291766
1117288491 23.31902544 42.68897127
1117288495 23.32072068 42.69484564
207603657 23.32632046 42.68866021
207599210 23.32234032 42.69479619
257010875 23.32811 42.6967537
257010874 23.32822827 42.69708947
148590936 23.32941221 42.70061096
207562190 23.314046 42.68639609
303594948 23.31280473 42.68777643
1117636839 23.31524453 42.69741369
1117754156 23.31516734 42.6945568
1117636834 23.31372347 42.69743598
304884409 23.3347115 42.69247993
1117636832 23.31609278 42.70034492
215491240 23.32664669 42.69955769
1117636830 23.31558819 42.69887499
1117636938 23.31543941 42.69821332
303566788 23.3162061 42.69211532
292654244 23.31939953 42.68893489
215151305 23.3264938 42.70035632
243074461 23.32125846 42.7003875
243661926 23.31934462 42.69820687
303989822 23.33331281 42.69602346
1117331178 23.31828834 42.69502241
728623399 23.31958234 42.6915487
1119319652 23.32249044 42.70018801
1119319655 23.3244513 42.69965023
292653939 23.32176901 42.6883324
304884328 23.33398337 42.68943411
304884326 23.33512129 42.69017616
304936640 23.31347997 42.69844399
150466725 23.32069101 42.69619772
304884323 23.33482122 42.69042737
1117150582 23.33039994 42.68560467
1119319555 23.32663529 42.69785717
304884320 23.33603232 42.6916932
1117636577 23.31320061 42.69800226
1117636576 23.31610787 42.70041734
1117636575 23.31841616 42.70080031
1119319420 23.3354668 42.6965138
1117636573 23.31317336 42.7007242
1117636478 23.31605682 42.70035984
214875380 23.32520659 42.70246831
1119319343 23.33501761 42.6965734
207600647 23.32717022 42.69116389
303594637 23.31347293 42.68729237
1117636472 23.31498821 42.700402
1117175600 23.32849289 42.68811514
1117175603 23.32883579 42.68813827
1117636578 23.3174307 42.70003873
1117636770 23.31678127 42.7027766
119079669 23.31487958 42.68874076
1117754388 23.3154664 42.69452361
1117636774 23.31602221 42.70031944
1117636777 23.31524294 42.69670692
764501036 23.33065508 42.68656633
764501039 23.33081082 42.68664579
206184548 23.33600072 42.69197609
303989785 23.33181539 42.6960015
166405609 23.32399013 42.69744462
215491242 23.32634896 42.70118663
331942589 23.33705659 42.69060859
1117636946 23.31512358 42.6972499
207593019 23.32065916 42.69009218
764501042 23.33282583 42.687156
1117754190 23.31394626 42.6894694
332113275 23.33655887 42.68577768
1117150641 23.33048233 42.6854942
1117702175 23.31533036 42.69480541
1117150643 23.33114467 42.68585538
1117702173 23.3152799 42.69574007
1117702068 23.3152193 42.69491454
1117702171 23.31520422 42.69570126
1119319475 23.33501568 42.6967464
1119346461 23.33023523 42.69832178
458403892 23.32248071 42.69469946
1117636338 23.31338509 42.69804107
303997622 23.3256391 42.69427248
331942655 23.33609812 42.68648922
1117218076 23.32796441 42.68892458
109357391 23.32887887 42.69803956
292656132 23.31967772 42.68672592
243074462 23.32098538 42.69946901
685747524 23.32838627 42.68852778
1117287958 23.32081883 42.69505041
1117287955 23.32213253 42.69468663
1117287954 23.32208081 42.69474933
1117636699 23.31312961 42.70057542
1119319700 23.33512649 42.69683659
245965712 23.31336187 42.69224038
1117287952 23.32091849 42.6949028
1117288330 23.32389566 42.69253031
152479631 23.32117004 42.68532271
332052284 23.33581951 42.6907427
303590193 23.31390561 42.68550241
243074711 23.31634172 42.70089553
727629919 23.33509363 42.6954752
1117288338 23.32049336 42.69386898
207559875 23.31670894 42.68531391
1117636241 23.31522081 42.69708947
1117701994 23.3151116 42.69470818
292653965 23.31863912 42.68614539
207562905 23.31568777 42.68606383
1117636706 23.31497128 42.69726038
1117754279 23.31484622 42.69299282
243069961 23.31724622 42.70001032
1117754277 23.31490012 42.69357687
206183944 23.33502909 42.69681673
1117636707 23.31538552 42.69818197
304884443 23.33337342 42.6916383
207568424 23.31285242 42.68632493
1120434543 23.31892109 42.68898074
213015196 23.33510637 42.69686408
245964711 23.31307798 42.69585289
245964710 23.3140517 42.69514403
1117754372 23.3152478 42.69457189
1117217871 23.32792308 42.68974559
1117636186 23.31726373 42.6999902
1117702103 23.31474229 42.69445588
1117636182 23.31526649 42.69670449
206185245 23.33667597 42.69269677
1117636180 23.31365801 42.69827811
1117636511 23.31534252 42.69805708
1117288009 23.31941386 42.69025839
207565029 23.31731662 42.68574381
1117217941 23.32773022 42.68973251
331942595 23.33520117 42.68580986
243077171 23.32122117 42.69596161
1117702149 23.31508218 42.69442671
214875389 23.32436882 42.70259982
1117636960 23.31531402 42.69816764
1117636603 23.31331058 42.69788793
1119354922 23.33506371 42.69697657
1117636243 23.31517982 42.6972494
1117636607 23.31317227 42.70062052
215499336 23.32266654 42.69905553
1117754439 23.31397803 42.68944476
1117636598 23.31743573 42.69995793
304884295 23.3345162 42.69022838
1117702008 23.31574711 42.69474489
304884293 23.33400868 42.69065293
1117288202 23.31922468 42.68967551
1117150796 23.33047814 42.68542564
304884290 23.33431378 42.69085183
1117150770 23.33034839 42.68555187
217597425 23.32504683 42.68734962
304884299 23.33512934 42.69062854
207558782 23.3237261 42.6915337
300886422 23.32687501 42.68751918
255655501 23.32417176 42.69476542
728623370 23.31987528 42.6915031
255655504 23.32540843 42.69405363
255655505 23.32569081 42.69443618
255655506 23.32553944 42.69452939
1117150647 23.3311217 42.68615117
1117754203 23.31462243 42.69238228
207559102 23.31800402 42.68975866
1119319295 23.3257059 42.69905687
1117637078 23.316058 42.70022062
215670494 23.3175074 42.69627693
303595019 23.31315291 42.68775237
179934998 23.32965512 42.68533922
303716441 23.32174612 42.69589438
1119319568 23.32125553 42.70037526
148598309 23.33365186 42.70212381
1117217836 23.32746141 42.68970443
1117288275 23.3192018 42.68967627
1117150839 23.33116604 42.68626793
217597417 23.32301288 42.68752287
292654495 23.31983807 42.68595956
1117637128 23.31739617 42.70005684
1117150834 23.33116738 42.68617221
207598675 23.32278297 42.69365591
304884414 23.33469407 42.69257993
304884369 23.33230581 42.6904593
207598676 23.32364521 42.69441531
207598671 23.31939047 42.69398716
207598670 23.31807468 42.69428129
207598673 23.32157103 42.693686
303717687 23.32086762 42.69675998
304884363 23.3326519 42.68992219
303595075 23.31275326 42.68808513
304884361 23.3328099 42.68920588
304884367 23.33347811 42.69060247
1117288443 23.31950648 42.69081017
304884365 23.3340495 42.69107278
1117288441 23.32095739 42.69541636
148597521 23.33256842 42.70172903
300885806 23.32734943 42.6864976
1119507126 23.33556067 42.6967609
1117287947 23.31957094 42.69079559
1119346470 23.33024646 42.69826043
125290062 23.33121759 42.68619543
1119346475 23.32593532 42.69783597
1119346477 23.33463221 42.6986843
1117636487 23.31521939 42.69718067
1119319268 23.32504323 42.69944739
252320436 23.31867877 42.6959637
1117287945 23.32097331 42.69538367
207610976 23.33194439 42.68739748
255593228 23.33262718 42.69534612
332113273 23.33552103 42.68567751
251139929 23.33578606 42.70003286
1117636663 23.31605381 42.70020578
255593224 23.33194061 42.69571828
207631067 23.32896026 42.68588689
1119319265 23.33520562 42.69645848
215670463 23.32251248 42.69545592
152199928 23.33115489 42.69681539
706284404 23.31978384 42.68885886
305474325 23.32498816 42.69678043
148915935 23.32278246 42.68618152
249315499 23.31885009 42.69460139
207598427 23.3236929 42.69242771
1117636900 23.31321846 42.70064449
1117636801 23.31532173 42.69810603
1117636861 23.31833628 42.70081816
303938130 23.32355729 42.69691924
243068497 23.31316557 42.70070098
251139826 23.33347718 42.70316778
251139928 23.33540837 42.70252438
772507048 23.31496131 42.69445563
1117636869 23.31592866 42.70024669
255649324 23.33470379 42.69444138
249315379 23.31791258 42.69364342
255649315 23.33271871 42.69378482
1117288200 23.31915226 42.68967811
1117218034 23.3280188 42.68993569
207558839 23.31791752 42.68625829
1117636102 23.31546473 42.69829362
242144801 23.31549767 42.69810033
303594788 23.31375188 42.6871948
303938128 23.32243302 42.69685084
1117217881 23.32739402 42.68935616
243074460 23.32155133 42.70143641
303997078 23.32636053 42.69385146
214875358 23.32805284 42.70276268
303498169 23.31641381 42.69271077
213015222 23.33557953 42.69672587
1117636546 23.31522986 42.69768124
1117754138 23.31856729 42.68597759
1117636544 23.31364887 42.69828574
303594974 23.31336858 42.68741324
292654492 23.32068187 42.68695299
1117637019 23.31391382 42.69835791
617026145 23.33443683 42.68868712
305506491 23.3322691 42.69440534
1117636423 23.31540873 42.6981155
215670511 23.31395934 42.69691278
256575737 23.32731942 42.69031321
255592667 23.33217229 42.69354192
256575735 23.32672816 42.6903785
1119346649 23.33634799 42.69884297
249315085 23.31688579 42.69562666
1117636781 23.31587007 42.70024099
215496679 23.32794672 42.69793781
215670519 23.31310212 42.69703357
1117776224 23.32086577 42.68569989
1117217886 23.32623731 42.69031321
1117636787 23.3156415 42.69886711
215497690 23.32854837 42.69973899
255595077 23.32999819 42.69482041
1119489136 23.31280993 42.69966892
148592427 23.32565712 42.69946868
1119489132 23.31279333 42.6996908
207631066 23.32841393 42.68682961
206185658 23.33523797 42.69261697
148592429 23.33304493 42.7010257
148591742 23.33430423 42.69976473
215497691 23.32821586 42.70139082
207560287 23.31489987 42.69298636
1117637117 23.31608172 42.70018868
249313955 23.31608046 42.69696534
207622017 23.33068668 42.69206779
1117150614 23.33053279 42.68554374
1117636223 23.31335098 42.69803059
800892998 23.32152342 42.68714259
1119319464 23.32583901 42.69949902
213216239 23.33092632 42.69610753
1119319461 23.32563952 42.69919652
303983606 23.32315437 42.69462478
243137771 23.31367267 42.69921789
243137770 23.3140776 42.70054491
303716388 23.32147078 42.69594367
207599031 23.32408761 42.69657013
1119354916 23.33413977 42.69363278
710675013 23.32233898 42.69805817
303716382 23.32059839 42.69581651
257010873 23.32795946 42.69713968
728623365 23.31971787 42.69197391
255649318 23.3325364 42.69486098
1117288243 23.3249491 42.69142959
1117637066 23.3181647 42.70077173
1117637064 23.31862454 42.7008325
1117288173 23.31954571 42.69080112
150469958 23.31573102 42.69885219
1117288249 23.32081481 42.69492736
728623407 23.31936348 42.69084068
1117637069 23.31517236 42.69488302
1117288170 23.320631 42.69485754
728623403 23.3190593 42.68892382
207568423 23.3133586 42.68592964
1117636665 23.31669259 42.70221518
249313958 23.31679904 42.69744587
217597429 23.32687861 42.68825914
215151312 23.32552309 42.70026764
207605127 23.32707257 42.68526873
152203355 23.33130384 42.69748158
303493609 23.31755283 42.69245772
303493608 23.31882252 42.69225638
243179646 23.31569347 42.70295178
207598624 23.3153861 42.68927301
1117754573 23.31520011 42.69456191
1117288498 23.31901706 42.68911652
207600168 23.32498238 42.69555081
251139390 23.33475609 42.69932644
207559100 23.31718872 42.68761533
1117776189 23.3209884 42.68564172
148595311 23.33257026 42.7000627
245964741 23.31449167 42.6953359
207601834 23.32894903 42.69310136
148595312 23.33210859 42.70075304
1119346556 23.33318239 42.69850828
304884397 23.3343277 42.6903863
1117776127 23.32107943 42.68547886
1117754274 23.31529491 42.69458211
300137045 23.31633519 42.68943696
119080760 23.33392277 42.68856038
300137043 23.31580562 42.68947963
304884339 23.33621899 42.6905422
300137041 23.3157596 42.68950394
553020518 23.32864259 42.68785513
1117754147 23.31480666 42.69299852
207546758 23.3142579 42.69031522
1117331212 23.31822396 42.69499752
1117754483 23.3150427 42.68843943
1117331215 23.31857106 42.69586261
1117331216 23.31878589 42.69503272
300137048 23.31643736 42.68975263
148593283 23.33206961 42.69899418
243074523 23.31714119 42.69859838
292654681 23.32099946 42.68682684
251139899 23.33376904 42.70218383
1117288096 23.32077047 42.69483893
243074937 23.31849579 42.70302814
243138435 23.31289617 42.70277877
728623390 23.31902628 42.68968272
148593582 23.3300997 42.70000151
1117636600 23.31537169 42.69799807
303492203 23.32259689 42.68990551
257016255 23.32308128 42.70195643
243074743 23.31655429 42.70156709
305506483 23.33223859 42.69491948
300137047 23.31644256 42.68972438
1117701995 23.31710079 42.69488797
207598421 23.31771921 42.69300623
1117701997 23.31541519 42.69473852
332052263 23.32542134 42.69597292
1117288390 23.32007469 42.69266467
1117701993 23.31521017 42.69481119
303981122 23.32741573 42.68967333
1117331253 23.31889946 42.69507472
1117701998 23.31477557 42.694433
213015246 23.33497813 42.69675789
214838579 23.33062172 42.70304951
215480682 23.32463771 42.69867407
206183964 23.33533344 42.69689216
1120434472 23.31795943 42.68628889
207599327 23.32274541 42.69645991
207598674 23.32250158 42.69367108
207598620 23.31657969 42.69326238
1117636876 23.31666007 42.70222088
207598677 23.32609021 42.69644507
207610974 23.32978781 42.6888131
109357485 23.31872797 42.68810307
204756414 23.31674967 42.70220537
207605917 23.32982008 42.68734853
207605916 23.3265306 42.68624229
204756410 23.32282077 42.70124296
207622140 23.33318742 42.69148642
1117636827 23.31661782 42.70222817
1117754146 23.31574334 42.69476006
207605914 23.32543064 42.68589913
1119507110 23.33615747 42.69666107
1117637114 23.31603721 42.70030234
207562189 23.31470222 42.68684134
303989724 23.33072608 42.69521193
257016315 23.32187613 42.70250586
1119319168 23.32445918 42.69960681
728623369 23.32024216 42.69263977
215151313 23.32435122 42.70012959
710675014 23.32258582 42.69898077
303989930 23.3339029 42.6940859
1117175588 23.3288523 42.68812721
215478298 23.32410353 42.7018048
1120434501 23.31797519 42.68634614
215151319 23.3232283 42.70002406
207610102 23.32692547 42.69088033
1309479851 23.31621709 42.69899921
1117288446 23.32077382 42.69490523
303594615 23.31353119 42.68733009
728623384 23.31947999 42.69025403
304884336 23.33567567 42.69053776
303764943 23.31859428 42.70089452
207620694 23.32687618 42.69354661
303764941 23.31833167 42.70098019
207559103 23.31822204 42.69042519
243076661 23.31611742 42.69905872
249315454 23.3192054 42.69342323
1119319520 23.32567623 42.699367
207620692 23.33010724 42.69154183
