1119319455 1119507110
1119319455 1119507077
1119319455 213015222
1117754589 1117754203
1117754589 245965712
1117754589 1117754529
292654494 292654080
292654494 292654993
292654611 292656132
292654611 292656514
292654611 292654533
215481912 166405612
215481912 1119346559
215481912 215477149
1119319352 1119507110
1119319352 1119507083
1119319352 1119507150
1119319352 213015222
303498141 119079669
303498141 207572630
303498141 207588277
150466727 243077171
150466727 150475598
1117637072 1117636781
1117637072 1117636481
1117637072 1117636894
332052265 332052274
332052265 332052270
1120434529 207559100
1120434529 1120434501
1120434529 1120434561
1120434529 207590188
1117637060 1117636843
1117637060 1117636407
1117637060 1117636676
1117637060 242141679
1117217955 256575736
152185386 255649322
152185386 303989741
1117636899 1117636446
1117636899 1117636243
1117636899 1117636946
1117636899 1117636706
1117636899 245962941
1117636899 1117636267
1117702181 1117754277
1117702181 1117754566
1117702181 1117702149
1117636955 1117636634
1117636955 1117636575
150513452 1117754456
150513452 1117754231
150513452 1117754274
150513452 150513451
150513451 1117754492
150513451 1117754199
150513451 1117754160
166405612 166405609
166405612 1119346559
148593129 148593582
148593129 148595312
148593129 148598312
148593129 148593130
1117217892 1117217871
1117217892 1117217865
1117217892 1117217941
207620286 207619242
207620286 207622018
207620286 207620692
207620286 676659865
257010898 215496679
257010898 1123561217
1117636896 245962941
1117636896 1117636676
152185389 255649322
152185389 303989822
1117218069 1117217860
1117218069 1117218049
1117636343 1117636450
1117636343 1117636180
1117150712 1117150805
1117150712 1117150679
1117150712 1117150834
1117702060 1117701994
1117702060 1117701977
1117702060 1117637069
1117702060 1117701993
1117636347 1117636781
1117636347 1117636481
1117636347 1117636663
1117636347 1117636984
332052279 304884299
332052279 332052287
1117636261 1117636102
1117636261 1117636960
1117636261 1117636830
1117636261 1117636707
1117636267 1117636968
258307290 207603657
258307290 256575430
258307290 1117217886
258307290 256575432
258307290 1117217869
207629755 217597438
207629755 207631066
207629755 119079672
1119319512 1119319366
1119319512 1119319706
1119319512 1119346475
1119319512 1119319468
1119346560 1119346477
1119346560 1119346631
1119346560 1119346649
1119346560 152195986
119079672 553020518
394503783 394503781
394503783 617026155
394503783 394503786
300137039 300137065
300137039 300137040
213015277 1119507083
213015277 152186775
207616247 375330404
207616247 207616246
207616247 207605918
207616247 207616248
207616246 207619242
207616246 207615917
207616246 207610974
207626412 207622018
207626412 207629703
207626412 207622017
1117636515 1117636580
1117636515 1117636440
1117636515 1117636968
1117636515 1117636839
304923698 252320439
304923698 252320437
1117754193 1117754203
1117754193 1117754147
1117754193 1117754343
1117754193 1117754143
1117636519 1117636811
1117636519 1117636338
292653971 292654244
292653971 292654096
1117754533 1117754303
1117754533 1117754439
1117754533 150462714
1117754533 1117754489
303594656 303594637
303594656 303594676
332052277 332052274
332052277 332052263
1117754536 1117754274
1117754536 1117754568
1117754536 1117702087
1117754536 1117702008
207616248 394503781
207616248 119080760
207616248 207610976
152195776 1119346477
152195776 148591742
152195776 1119346604
152195776 152195986
1117754281 1117754439
1117754281 1117754100
1117754281 1117754451
1117754281 207546758
1120434554 1120434465
1120434554 1120434524
1119489146 1117637081
1119489146 1117636699
1119489146 1119489132
207593018 207590840
207593018 303492208
207593018 207593019
207593018 728623362
1119489142 1119489132
1119346516 251141111
1119346516 1119346649
1119346516 152195986
1119346514 206186442
1119346514 1119346631
1119346514 1119346649
214875391 257016255
214875391 214875389
214875391 214875397
249314832 150466725
243074067 243074461
243074067 243074006
243074067 1119319670
243074067 1119319704
243074066 257016315
243074066 204756426
243074066 257016339
1117636191 1117636525
1117636191 1117636243
1117636191 1117636487
1117636191 1117636946
1117754368 304675143
1117754368 1117754568
1117702117 1117701976
1117702117 1117754225
1117702117 150476505
1117702117 1117701962
214875397 257016315
304672300 245964623
304672300 1117702175
304672300 1117701975
304672300 1117702012
207611765 207610102
207611765 375330400
207611765 207615917
207611765 1117217871
207611764 1117217929
207611764 1117218054
207611764 1117217881
207611764 1117217865
207611766 207619242
207611766 207620692
207611766 207615917
207611766 119081321
207611768 207625083
207611768 207622384
207611768 255592667
207611768 119079674
303720688 303492204
303720688 303493374
303720688 303720686
168728843 119079676
168728843 152184096
168728843 340474679
207572630 1120434501
207572630 1120434484
207572630 766743056
1117636634 1309479848
1117636634 1117636334
292655134 292655088
292655134 292655135
292655135 304937646
215649167 215649174
215649167 207620694
215649167 215658653
215649167 148915945
1119346559 215480682
1119346559 1119346475
303720686 207598425
303720686 207593020
152618236 1117287954
152618236 215670463
152618236 458403892
242143335 267762083
242143335 1117636815
242143335 1117637019
251141113 251141112
251141113 251140748
251141112 251141111
251140811 251140810
305060510 331942655
251141111 251139390
300885773 207605127
300885773 300885806
300885773 300885822
304001413 304001454
304001413 255655510
207559101 207574134
207559101 207559102
207559101 207590065
207559101 1120434469
303493383 303493376
303493383 207598427
303493383 303493389
1117288393 1117287955
1117288393 1117288033
1117288393 1117288486
1117288393 1117288100
1119346601 1119346470
1119346601 1119346584
1119346601 1119346497
1119346601 1119346577
304013284 206185659
304013284 727629918
304013284 255649324
207560660 303498150
207560660 303594974
1119346605 1119346470
1119346605 148871834
1119346605 1119346539
1119346605 1119346577
303493389 207598674
303493389 303493374
303493389 207598425
1117636951 1117637101
1117636951 1117637078
1117636951 1117636889
1117636951 1117636945
1119319575 1119319677
1119319575 215498582
1119319575 1119319295
1119319575 215480682
303716377 303717687
303716377 166406926
303716377 249313991
148598311 148597521
148598311 148595313
148598311 148595312
148598311 148598312
303595006 303595019
303595006 303595000
303595000 303594986
1117217843 1117217873
1117217843 1117217941
257016339 243073090
300137040 300137041
1117217920 1117217925
1117217920 256575735
303981464 303938130
303981464 303938129
303981464 303981490
1117217925 1117218049
1117217925 256575737
1117217924 256575736
1117217924 1117217822
1117636312 1117636873
1117636312 1117636316
1117636312 1117636938
1117217929 148915941
1117217929 207601832
1117217929 1117217886
1117331249 304923699
1117331249 1117331253
292654728 292654531
292654728 292654533
207547719 207547555
207547719 150467597
207547719 207603658
207547719 217597425
1117287988 1117288286
1117287988 1117288247
1117175568 375330404
1117175568 1117150839
1117175568 207605917
1117175568 1117175622
304884403 304884374
304884403 304884371
304884403 304884394
1117150539 1117150643
1117150539 1117150679
1117150536 1117150641
1117150536 1117150643
1117288105 1117288491
1117288105 1117288498
1117288105 1117288289
1117288105 1117288202
243136991 1117636781
243136991 243137770
243136991 1117636472
243136991 1117636894
304884371 304884363
304884371 304884355
1117287984 1117288048
1117287984 1117288333
1117287984 1120434469
1117287984 1117288175
1117288100 1117288330
1117288100 148915941
1117288100 1117288180
148593128 204756405
148593128 148595313
148593128 148598312
148593128 214838603
249313991 243661926
249313991 249313990
249313990 207574140
249313990 215670478
249313990 303717687
1119507150 1119319531
800893169 800893186
800893169 800893042
255649317 255649318
255649317 303989841
255649317 267626974
255649317 255649315
255649317 255649324
1119346462 1119319468
1119346462 1119319503
1119346462 215489487
1119346462 1119319660
207631570 207605914
1119319317 243074007
1119319317 243074006
1119319317 1119319670
1119319317 1117637064
207629703 207622384
207629703 207622140
1119319706 1119319677
1119319706 215498582
1119319706 1119346475
1119319704 1119319618
1119319704 204756426
1119319704 1119319274
1119319312 1119319652
1119319312 215151319
1119319312 1119319655
1119319312 215151313
1117636894 243136992
1117636894 1117636550
340474679 119079674
215670458 207599430
215670458 148916165
215670458 303983607
152481389 207557396
152481389 292653937
152481389 292653939
152481389 150467597
152481388 217597417
152481388 304937646
152481388 292653939
207551802 207560287
207551802 303492194
207551802 1117754343
207551802 303566788
305474339 305508417
305474339 305474345
305474339 207599032
764501040 764501042
764501040 1116945709
243063322 207598620
243063322 207598469
243063322 207598619
303594927 303594942
255592669 255592668
255592669 152184098
255592668 255592667
1117776186 152479632
1117776186 292654084
303989719 303989724
303989719 303989714
303989719 303719286
303938127 303938131
303938127 303938128
303938127 207599327
772507056 150476513
1117150541 1117150828
1117150541 1117150755
215151325 243074461
215151325 1119319199
215151325 1119319652
215151325 215151319
303989714 213216239
303989714 257010875
303989714 1123548784
303989714 303989707
255594795 255594942
255594795 207601835
255594795 207601836
303938129 303938128
255592665 255592664
255592665 255592666
255592664 255649315
303989807 303989785
303989807 303989822
303989807 303989858
255592666 255592667
304884309 304884313
304884309 304884302
304884309 304884306
304884309 304884320
1117288178 728623399
1117288178 1117288127
1117288178 1117288336
1117288178 1117287997
1117288077 1117287991
1117288077 1117287947
1117288077 728623370
1117288077 1117288122
304884301 304884306
304884301 304884290
1117288079 1117288249
1117288079 1117287874
1117288079 303713721
1117288079 1117287952
304884302 304884283
304884302 304884409
304884305 304884313
304884305 304884339
243073090 243073089
1119319670 1119319568
1119319670 243073636
1117288175 728623390
303938131 303938130
1117636558 150471591
1117636558 1117636440
1117636558 1117636767
1117636558 1117636839
243074742 243074743
243074742 243073854
243074742 243074763
213015231 206183964
213015231 1119507126
207574140 249313747
207574140 243661926
207574140 215670487
249313747 249313958
249313747 215670494
249313747 243074008
1119319405 215491238
1119319405 1119319234
1119319405 1119319503
1117636550 243137771
1117636550 243137770
1117636550 1117636809
207601835 207625083
207601835 207601834
207601835 148915946
207601835 207601836
292653934 292654232
292653934 292653933
1117636415 1117636525
1117636415 1117636706
292653937 207557396
292653937 207590840
292653937 292654077
1119354909 213015198
1119354909 152186775
305474332 152184099
305474332 207599031
305474332 207599032
292653933 207590840
292653933 706284424
1120434514 1117288491
1120434514 1117288498
1120434514 765089776
1120434514 1120434543
303594752 303594717
303594752 303594777
152182151 303989707
152182151 152203355
152182151 148590934
207599430 207600168
207599430 207599327
207599430 207599031
204756405 215497691
204756405 148590938
204756405 148590936
255594948 255594942
255594948 255595076
255594948 255594947
255594948 148915946
1117150547 1117150701
1117150547 1117150728
150475598 150475597
150475598 303717687
207590188 292654308
207590188 292654315
207590188 292654410
255594942 255594943
255594942 255595076
255594943 255594944
150475597 166406926
1117636866 1117636869
1117636866 1117636979
1117636866 1117636472
255594946 303719286
255594946 255594947
255594946 255594945
303594812 303594836
303594812 303594799
1123548784 215649182
1123548784 1123548774
1117150666 1117150770
1117150666 394503786
1117150748 1117150839
1117150748 125290062
1117150748 125301551
1117150748 1117150805
1117636319 1117637064
1117636319 1117636578
1117702156 1117702012
1117702156 1117701997
1117702156 1117702011
1117702156 150476505
207574138 303566788
207574138 303493609
207574138 207559104
207574138 303492196
215489487 215496679
215489487 256853037
207574134 207574135
207574134 300137045
207574134 207598624
207574134 207588277
207574135 207559102
207574135 207574137
207574135 300137011
207574135 300137048
207574137 303492207
207574137 303492196
207574137 207559103
1117636316 150469958
1117636316 1117637117
1117636316 1117636787
207603658 207603657
207603658 217597429
207603658 207603659
207603659 217597438
207603659 207604124
207603659 207605916
292654361 292653967
292654361 728623403
1119346631 109357395
1119346631 1119346540
1117636931 1117636573
1117636931 243137770
1117636931 1117636472
1117636931 243137769
1119346634 1119346509
1119346634 1119346539
1119346634 109357391
1119346634 1119346626
1117636671 1117637101
1117636671 1117637066
1117636671 243074763
207601832 207610102
207601832 1117288243
207601832 1117217865
207601832 256575735
207601833 148915944
207601833 207601834
207601833 119081321
207601833 207620692
256853037 215477149
256853037 256853036
1117175590 685747613
1117175590 1117175574
207601836 303989724
207601836 255595077
207601836 303719286
207601836 255594944
207601836 152184098
1117175592 207631066
1117175592 207605917
1117175592 1117175588
1117175592 1117150834
1117288256 1117287872
1117288256 1117287835
1117288254 1117287991
1117288254 1117288338
1117288254 1117288390
1117288254 1117288122
1117637075 1117636511
1117637075 1117636450
1117637075 1117636423
1117637075 1117636707
1117287835 1117288033
303498153 207560642
303498153 303498150
303498153 303594799
303498153 207562189
303498150 207568424
303498150 303594717
303498150 207562190
1117150728 1117150614
1117754444 1117754375
1117754444 1117754199
1117754444 1117754566
1117754444 207598469
148590938 214875358
148590938 214838603
728623410 1117288387
728623410 1117288437
728623410 728623369
728623410 207598673
207604124 148915935
207604124 217597425
207604124 207605914
1117754563 766743056
1117754563 1117754236
1117754563 1117754483
292653940 292655088
292653940 292653939
292653943 292656514
292653943 292654602
292654531 292656132
292654531 292654530
292654530 292654495
292654530 292654634
292654533 292654602
304001459 304001454
304001459 332052270
304001459 255655506
292653949 292654084
728623412 1117288170
728623412 207598671
728623412 1117288044
728623412 728623363
1117754568 1117702176
1117754568 1117702006
251139869 251139927
243073636 243074007
243073636 243074462
243073636 243661926
1117754255 304675140
1117754255 1117754453
148595309 148595311
148595309 148593283
148595309 148591742
148595309 1119346604
303492194 303492195
303492194 207549359
303492195 303566788
303492195 303492207
303492195 303492196
303492196 303492197
252320437 252320436
292654080 292654079
292654080 292654602
292654083 292654082
292654083 800810996
292654083 292654084
1117754317 1117754220
1117754317 1117754236
1117754317 1117754483
304884306 304884311
303594867 303594968
148915944 207620694
148915944 148915943
148915944 148915945
207549359 207546758
207549359 303492207
207549359 1117754451
1117701977 1117702092
1117701977 1117701962
1117701977 1117701978
1117701977 1117701994
1117701977 1117754334
1117701975 1117702173
1117701975 1117702073
214838591 214838579
214838591 152209709
676659864 148915935
676659864 303588156
676659865 119080760
1117636481 1117636582
1117636481 1117636830
1117701978 1117701998
1117701978 1117754334
1117701978 1117702103
1117701979 1117702033
1117701979 1117754453
1117701979 1117701995
1119354973 1119354942
1119354973 213015198
251140946 152181497
251140946 148596561
251140946 251140964
292653945 292654495
292653945 292654082
1117754566 1117754492
1117754566 1117754498
1117754143 1117754178
1117754143 1117754451
1117754143 1117754100
1117288327 1117288338
1117288327 1117287874
1117288327 1117287904
109357395 148594846
109357395 152182908
109357395 206186442
109357395 1119346540
304675130 1117754388
249313956 245963828
249313956 249313955
249313956 242144668
304937645 800810996
304937645 292654681
304937645 800893155
772812403 119080760
772812403 617026145
1123561302 255649318
1123561302 303989741
304937646 800892998
207560642 207565953
207560642 303594974
249315174 249315085
249315174 249315084
249315174 1117701995
1117331290 1117331278
1117331290 1117331305
1117331290 1117331216
1117331290 1117331253
207593022 1117287872
207593022 1117288120
207593022 1117287952
1117288387 1117288378
727629920 1119354942
727629920 152185938
727629920 255649324
1117288381 1117287909
1117288381 1117288200
1117288381 1117288443
1117288381 1117288342
243073854 204756414
243073854 243073141
243073854 243074944
1117150789 1117150675
1117150789 1117150834
1119319621 215491238
1119319621 1119319464
1119319621 1119319232
1119319621 215491240
152182908 206186449
152182908 1119354922
152182908 152197910
152182908 1119354857
1120434465 1120434521
1120434561 109357485
1120434561 207590065
1120434561 1120434469
1117217822 1117217860
1117217799 1117217917
1117217799 1117217851
207588277 207590065
1119319199 1119319568
1119319199 214887874
1119319199 1119319168
1119319584 215477145
1119319584 148592427
204756426 243074460
204756426 243073089
1120434469 1120434543
217597438 300886422
1117331278 1117331216
1117331278 1117331182
1117636815 1117636544
800893186 800893155
245965883 1117754178
245965883 245965712
1117637101 1117637128
1117637101 243069961
300137065 300137048
300137065 300137011
1117637102 1117636843
1117637102 1117636223
1117331276 1117331212
1117331276 1117331178
1117331276 1117331182
1117331276 1117331253
1117637107 1117636641
1117637107 1117701981
1117637107 1117637040
1117637107 1117636777
152188852 148594846
152188852 152203356
152188852 152190700
152188852 1119346577
292654089 292653961
1117150813 394503781
1117150813 685747613
152184096 119079678
152184096 303989883
152184096 255649315
303989841 1119354942
303989841 255649322
303989841 212972926
1119346509 1119346629
1119346509 1119346582
1119346509 1119319507
207598619 207598670
207567199 1117754303
207567199 207565953
148915940 257888215
148915940 148915939
148915940 256575432
148915940 207558782
148915941 1117288501
148915941 257888215
148915941 1117288243
148915942 1117288501
148915942 148915943
148915942 259754391
148915942 207600647
148915943 119081321
148915943 259754390
1117288033 207598675
1117288033 1117288180
148915945 207601834
148915945 148915946
148915946 215649174
148915946 303719286
303588159 728612531
303588159 244035335
304675140 304675146
304675143 1117754116
1117150562 1117150582
1117150562 394503786
1117150562 1117150647
1117150564 764501765
1117150564 764501766
1117636676 1117636603
304884342 304884348
304884342 304884328
214887874 710675014
214887874 166406926
214887874 243074462
257888215 257888139
797311402 303492204
797311402 303492205
797311402 303492202
797311402 797311278
1119319531 1119319420
304884348 119080760
152186774 212972926
152186774 213015252
152186774 213015246
1117754319 1117754156
1117754319 1117754225
1117754319 1117754334
1117754319 1117701962
308744850 245964711
308744850 245964710
1117175622 150467606
1117175622 1117218076
1117175622 207610974
251140416 251139928
1117636753 1117636861
1117636753 1117636806
1117636753 1119319618
1117636753 1117636974
1119319366 1119319555
303492197 728623407
303492197 207559103
303492197 207559104
303594717 303594696
1117637116 1117636580
1117637116 1117636406
1117637116 242144668
1117637116 1117636839
1117636281 1117636834
1117636281 1117636603
252320439 304923699
213015198 213015252
119081321 207600647
148915938 207547554
148915938 148915939
148915938 256575430
148915938 303492203
1117702058 1117754146
1117702058 1117702012
206186449 206186442
206186449 1119507077
305474345 305474352
292654082 292654634
292217084 215658645
292217084 292216805
292217084 215649182
292217084 207598677
1117636889 1117636663
1117636889 214875571
1117636889 1117637117
728623395 728623365
728623395 1117288127
728623395 207598423
728623395 728623363
215670487 215670494
215670487 215670478
215670487 1117331178
1117636968 1117636546
1117636968 1117636243
257888139 207558782
257888139 207598427
243179594 243179646
1117288048 728623390
1117288048 1117287909
1117288048 1117288200
303989741 255593228
1117218058 1117217873
1117218058 1117217836
728623397 1117287947
728623397 728623370
728623397 728623384
728623397 797311278
150476505 1117754341
1117218049 1117217917
1117218054 1117218076
1117218054 150467606
251140469 251139928
1117288044 1117288495
1117288044 1117288127
1117288044 1117288253
256575736 303981122
1117701976 1117702011
1117701976 1117702092
1119346577 1119346556
1117288437 1117287991
1117288437 1117288338
1117288437 1117288378
1117287874 1117287902
1117287874 1117288446
1117287872 1117287902
1117287872 207598673
1117287991 728623369
1117287869 1117288249
1117287869 1117287906
1117287869 1117287958
1117287869 1117288166
1117636525 1117636241
1117636525 1117636337
214875374 214875364
214875374 215491242
214875374 214875380
215498582 1119319520
243074944 243074937
243074944 243074862
1117754529 1117754147
1117754529 1117754229
243137769 243136990
243137769 243138010
1119319427 1119319230
1119319427 213015222
1117754489 1117754459
152180875 152181497
152180875 148592429
152180875 148598309
152180875 148594306
1120434489 1120434472
1120434489 1120434521
1120434524 1120434501
1120434524 1120434472
1120434524 766743056
1120434524 207558839
1117636783 1117637045
1117636783 243136992
1117636783 267762083
1117636783 1117637019
303589237 207559875
303589237 303589238
303589237 207562905
1120434521 765089776
1120434521 1120434543
215151299 215151291
215151299 215151305
215151299 215496677
215151299 215496676
303589238 207562906
1120434484 207559100
152195986 251139430
1117150701 1117150805
1117754199 1117754456
800810997 292653939
331942597 331942595
331942597 331942596
331942596 331942655
331942596 764501042
303594982 303594615
303594982 303594637
303594982 303594974
207590840 292654244
303594986 303594974
1117288289 728623362
1117150755 1117150582
1117150755 1117150822
259754391 207600643
259754391 259754390
259754390 303997078
259754390 207598429
1117288122 1117288173
1117288122 1117288336
1117287902 1117287952
255595076 255594944
255595076 255594945
1117287906 1117288249
1117287906 1117288286
1117287906 1117287952
304923696 1117331215
304923696 252320436
1117287904 1117288446
1117287904 1117287950
1117287904 1117288260
1117288180 1117217886
1117288180 207598427
215649174 215658645
215649174 215649182
1117637081 1119489136
1117287909 728623380
1117287909 1117287997
214875571 150469958
214875571 243074711
214875571 243069961
1117288260 1117288446
1117288260 1117288283
1117288260 1117288214
728623380 728623390
728623380 728623407
728623380 207559103
1117288342 1117288275
1117288342 1117288173
1117288342 1117288009
1117754417 1117754303
1117754417 1117754190
245963380 245964590
245963380 150476512
150471591 249313958
150471591 242144668
150471591 242144801
300885822 300885849
300885822 207631067
1117175574 217597429
292654409 292653967
292654409 292654315
292654409 292654410
245964590 245964710
245964590 245964101
1116945709 764501039
1116945709 119080502
1116945709 125290062
303493430 728623365
303493430 303493608
303493430 207559104
1117754229 1117754277
1117754229 375330386
148596561 251139929
148596561 251140810
148596561 251139928
148874978 148598309
148874978 152209709
256575738 207610102
256575738 256575737
256575738 256575735
1117754225 1117754341
1117754225 1117754573
1119507083 206186438
1117754220 1117754303
1119370892 152199928
1119370892 213216239
150467606 207605917
150467606 1117175588
150467606 1117175603
292654601 292654311
292654601 292656132
242141679 1117636546
242141679 1117636843
242141679 1117636976
207625083 207624641
292654315 292654307
150467608 685747524
150467608 217597429
150467608 1117175600
1117217851 1117218034
728612531 1117754236
207557396 303492208
303989883 206185658
303989883 255649324
1119354841 303989853
1119354841 1119354875
256575432 256575431
303989886 303989930
303989886 267626974
303989886 255649324
207558916 207561946
207558916 207565953
303713721 1117288096
303713721 1117331303
303713721 215670472
215670478 303716382
215670478 1117331169
728623362 728623384
728623362 1117288202
304884386 304884389
304884386 304884374
304884389 304884326
304884389 304884328
1117288501 207598428
1117288501 1117288243
256575430 256575431
797311278 207593019
797311278 207593020
1119319592 1119319343
1119319592 1119319475
800893157 800892998
300137011 303492207
300137011 207598624
300137011 207546758
800893155 800892998
1119346498 1119346470
1119346498 1119346534
1119346498 1119346584
1119346498 1119346461
1119346497 1119346604
1119346497 1119346556
1119346497 1119346477
375330404 207610976
375330404 207610974
292216805 215658645
292216805 292216992
1117287997 728623407
1117287997 1117288443
375330400 1117218076
375330400 207610974
1119319716 1119319700
1119319716 1119319475
1117150805 125290062
148872382 243074462
148872382 166406926
148872382 243661926
1119319468 1119319503
1119319468 1119319555
1117288486 1117288330
1117288486 1117287954
1117288486 207600607
1117288166 1117287945
1117288166 1117288247
215491238 1119319503
215491238 215491240
292654077 292654232
1117636843 1117636577
1117636843 1117636976
332113279 332113275
332113279 332113273
303594957 303594962
303594957 303594953
215151291 215497690
215151291 148590936
215151291 215497691
292654079 292655088
303594953 303595019
303594953 303594948
152185938 152186775
1117702092 1117701993
1117702092 1117701962
245965732 1117754178
245965732 1117754519
303989707 152199928
303989707 1123548774
1117636945 1117636665
1117636945 1117636832
1117288168 1117288446
1117288168 1117288249
1117288168 1117287958
1117288168 1117288214
255594944 255594945
243073088 303764943
243073088 1119319618
243073088 243073089
1117701982 1117702008
1117701982 1117754372
1117701982 1117754341
148594846 152197910
148594846 1119346556
304884313 304884311
304884313 304884315
1117702087 1117702176
1117702087 1117702008
1117702087 304675144
304884311 304884299
148593810 148593582
148593810 148593812
148593810 148593130
1117701981 1117702173
1117701981 1117702171
1117701981 1117702068
148593812 148593283
148593812 1119346461
304884315 304884320
243074007 1117636598
243074007 243074008
152181497 251139899
152181497 251139430
332113276 332113275
332113276 331942655
1117636402 1117636834
1117636402 215670511
1117636402 245962941
1117636402 1117636706
1117636407 1117636446
1117636406 1117636487
1117636406 1117636182
243074008 243074523
243074008 243661926
728623363 249315454
255594945 255595077
166405607 166405609
166405607 152184099
166405607 1137607284
292654634 292654492
148593130 148595311
148593130 148593283
244035335 303726463
207553214 303492204
207553214 148915939
207553214 207558782
304884283 304884443
304884283 304884369
304884283 304884365
207599032 305474325
1119319230 1119319700
207619242 304884352
207619242 207605918
303594962 303594968
251139430 251140964
1117636976 1117636104
1117636976 1117636387
1117150675 1117150828
1117702006 1117754456
1117702006 1117754274
303594696 303594676
1117288214 1117331169
1117702073 1117702011
1117702073 1117702012
1117702073 1117702031
207598428 1117288330
207598428 207600643
207598429 207600643
207598429 303997622
207598429 207598676
267762083 1117636450
1119346626 215496679
1119346626 1119319555
1119346626 1119319507
1119346629 215497690
1119346629 1119346534
1119346629 1119346530
706284424 292654096
706284424 706284404
1119346582 1119346470
1119346582 1119346534
1119346582 1119346539
207598423 207598421
207598423 249315454
207598423 303493608
1119346584 148593283
1119346584 1119346604
207598425 728623369
207598425 207598673
292654311 292654495
207624641 207601834
207624641 207622017
1117637045 1117636450
1117637045 1117636960
1117636104 1117636223
1117636104 1117636616
1117637040 245963828
1117637040 1117636182
1117637040 1117702173
1117754459 1117754138
1117754459 1117754236
1117637043 1117636869
1117637043 1117637114
1117754456 207598469
1117754453 1117754146
1117754453 1117702037
206185659 206185658
1117754451 1117754343
303493376 303493374
303492208 207547554
303492208 303492205
304001464 304001467
304001464 255655505
303492204 207593020
303492205 207593019
303492205 303492203
303594942 303594948
207622384 207622017
303492202 303492203
1117754519 1117754190
1117754519 1117754420
1119346539 148590934
207565623 207562905
207565623 207562640
207565623 207565029
207565623 207565625
292654092 292653965
292654092 292654307
1119346534 148590935
1119346530 1119319660
1119346530 215496677
1119346530 1119319507
215496677 215497690
215496677 215491240
215496676 214875364
215496676 215497691
215496676 215491242
119079678 119079677
119079678 304884320
442544214 304884326
292654313 292653965
292654313 292654238
119079674 304884443
119079677 119079676
119079677 304884414
1117288253 1117288338
1117288253 1117287950
1117288253 1117288390
204756428 215485247
204756428 215478298
204756428 204756410
204756428 215151313
303716460 303716388
303716460 215670463
303716460 215670472
1119507077 1119507126
1117636616 1117636544
251140810 251140748
207559104 728623399
245964623 245963828
245964623 1117702173
150467597 207547554
150467597 217597417
1117636582 1117636663
1117636582 1117637117
1117636582 1117636787
1117636580 1117636487
1117636580 1117636243
1117754425 1117754156
1117754425 1117701998
1117754425 1117754334
1117754425 1117702149
1117331284 1117702176
1117331284 1117331216
1117331284 207598670
1117331284 1117331182
303725184 148915935
303725184 152479631
1117331169 1117331305
1117331169 1117331253
207561946 207562640
207561946 207565625
166406926 303716428
255655510 215658653
305508417 215506373
305508417 207598677
305508417 292216992
245964787 245964741
245964787 245964711
245964787 1117636641
245963828 1117636182
245963828 215670502
727629918 727629919
1119319618 243074006
207590065 207559100
1117287950 1117288495
1117636806 243074006
1117636806 1117637064
303588156 119079669
1117331305 1117331303
267626974 303989916
1117331303 1117331180
292654238 292654308
292654238 292653962
1117754160 1117754492
1117754160 1117754372
1117754160 1117754573
148871834 152203356
148871834 148590934
207600643 207600607
303716428 207599686
303716428 1137607284
1117636809 1117636900
1117636809 1117637007
303590190 207562905
303590190 207562189
303590190 303590192
303989853 212972926
303989853 152197910
303989853 303989858
1117150822 1117150641
1117636811 1117637019
303719284 215506373
303719284 305474352
303719284 257010875
303719284 207598677
303989916 303989930
303989916 255649315
303719286 255595077
303719286 215649182
303590192 207562906
303590192 303590193
303590192 207562190
303989858 152199928
303989858 152190700
1117288333 1117288498
1117288333 1117288200
1117288333 1120434543
1117288127 1117288390
304884355 304884361
304884355 304884328
304884352 304884363
304884352 304884369
1117288120 1117287955
1117288120 1117287954
1119319507 1119319660
1117288286 1117287954
1117288283 1117288476
1117288283 1117331180
243136990 1117636827
243136990 1117636472
243136990 243179646
243136992 243137771
243136992 1117636830
1117636442 1117636186
1117636442 1117636578
1117636442 1117636334
1117636442 243069961
1117636337 215670511
1117636337 1117636641
1117636337 1117636777
1117636440 1117636546
1117636440 1117636600
243073142 243073141
243073141 303764941
243073141 243073089
332052287 332052284
152190700 152203355
152190700 152197910
207562640 766743056
207562640 207558839
1119319274 243074461
1119319274 243074460
1119319274 1119319652
215670472 243077171
215670472 303716382
215670472 1117288441
1119319683 1119319232
1119319683 1119319520
1117754178 1117754203
1117754178 1117754420
1117636979 1117636774
1119319680 1119319420
1119319680 1119319265
292216992 305474325
292216992 332052263
215658653 215658645
148598312 148590936
148597129 148595311
148597129 148592429
148597129 148594306
1117636974 1117637066
1117636873 1117636423
1117636873 1117636767
1117636873 242144801
1117754116 1117754388
206186438 1119507110
303594968 303595075
207565625 207562189
150476512 1117637069
150476512 150476513
150476513 1117701994
764501765 1117150582
303594799 303594788
764501766 1117150647
207562906 207562905
1117754498 1117754277
1117754498 1117754147
1117754498 1117754375
1119346540 1119346556
1119346540 1119346477
375330386 1117702149
1117637007 243068497
1117637007 1117636699
553020594 553020595
553020594 553020518
1117754492 1117754156
1117754492 1117702149
1117288336 1117288443
1117288336 1117288390
617026155 119080760
207598469 207593083
243074763 243074711
215485247 215491242
215485247 215151312
215485247 214875380
207593020 728623370
215477149 1119346475
256853036 215506373
1117636387 1117636180
148595313 214838579
148595313 152209709
303594777 303594788
292653962 292653961
207622018 207622140
152209709 148597521
249315464 249315499
249315464 207598671
249315464 207598670
1117754343 1117754279
1117754420 1117754100
1117754341 1117754231
1119319660 1119319234
303594836 303594615
1117636984 1117636869
1117636984 1117637078
1117636984 1117637114
215670502 249313958
215670502 215670494
1117702033 1117754146
1117702033 304675144
1117702033 1117702008
1117702031 1117637069
1117702031 1117702068
1117702031 1117701993
1117702037 1117702175
152479632 152479631
152479632 152479633
152479633 148915935
148590934 109357391
152184099 166405609
304675144 1117702102
152184098 305506491
152184098 255649315
152203356 152203355
148594306 148591742
207593083 207598620
207593083 1117754375
207593083 207560287
1117288279 1117287958
1117754100 1117754190
251140748 251139929
207599686 207599327
207599686 303716441
215477145 1119319655
215477145 1119319168
215477145 215151319
148590935 215497690
148590935 148593582
148590935 148590936
1123561217 257010873
292654410 109357485
394503781 207631067
394503781 125301551
150462714 1117754439
150462714 207546758
150462714 119079669
150462714 207598624
1117288378 1117288096
394503786 119080502
394503786 394503787
207547554 207547555
207547555 1117217869
1117754231 1117754372
1117754231 1117754573
1117754375 1117754279
292654993 292654492
1117702011 1117702068
1119354875 303989822
243074862 1117636770
243074862 204756414
303983607 215670463
303983607 303983606
1117217865 303981122
1117217865 1117218076
214875364 214875358
1137607284 1137607213
300137046 300137047
300137046 300137045
148916165 207598676
148916165 303983606
1117702102 1117701995
1117702102 1117331182
207600607 207598676
1123548774 257010875
1123548774 109357391
1119354857 206183964
1117331222 1117331178
1117331222 1117331215
1117636641 1117702171
251140964 251139929
251139927 251139899
251139927 251139928
1117331180 207598671
1117331180 1117331216
304001467 303997622
1119319178 1119319343
1119319178 1119319265
304884392 304884293
304884392 304884397
304884392 304884394
1117288476 1117288495
292654308 292654307
1309479848 1117636598
1309479848 1309479851
243138011 243137771
243138011 1117636699
119080502 119080760
243138010 243138435
243138010 1117636573
207605918 304884361
300885849 207631066
300885849 300885806
304884374 304884397
1117218084 1117218034
1117218084 1117217871
1137607213 710675013
553020595 1117175600
125301551 207605917
125301551 207610976
1117636767 1117636600
1117636450 1117636707
1117636450 1117636801
1119319232 1119319464
1119319232 148592427
214838603 214838579
1117288491 109357485
1117288491 292654244
1117288495 1117288170
1117288495 1117288096
207603657 1117217881
207599210 215670463
207599210 458403892
257010875 257010874
257010874 257010873
207562190 207568423
207562190 207562189
1117754156 1117754573
304884409 304884414
1117636832 1117637078
1117636832 1117637114
1117636832 1117636576
215491240 215151305
1117636830 1117636787
1117636938 1117636423
1117636938 1117636102
1117636938 1117636707
303566788 303498169
292654244 728623403
215151305 215151312
215151305 215491242
243074461 1119319568
1117331178 1117331212
728623399 728623365
728623399 728623407
1119319652 204756410
1119319655 215151313
1119319655 1119319268
304884326 304884323
304884326 304884336
304936640 243137771
304936640 1117636223
304936640 1117637019
150466725 303716382
150466725 303717687
304884323 304884295
304884323 304884299
1117150582 179934998
1117636577 1117636603
1117636576 1117636876
1117636576 1117636478
1117636575 1117637064
1117636573 243068497
1117636478 1117636827
1117636478 1117636774
1117636478 1117637114
214875380 214875389
207600647 207610102
1117175600 1117175603
1117175603 1117217881
1117175603 1117175588
1117636770 1117636827
1117636770 243179646
1117636777 1117636241
1117636777 1117636182
764501036 764501039
764501036 1117150647
206184548 206185245
206184548 206185658
303989785 255593224
303989785 213216239
331942589 119080760
207593019 728623384
1117754190 1117754439
1117702171 245964741
1117702171 1117637069
458403892 303983606
1117636338 1117636223
303997622 303997078
303997622 255655504
331942655 331942595
109357391 215496679
243074462 1119319568
1117636699 1117636607
1117288330 1117288243
332052284 304884339
303590193 207568423
243074711 243074743
207559875 207565029
1117636241 1117636487
1117701994 1117702103
1117754279 1117754147
1117754279 207560287
243069961 1117636186
206183944 213015246
206183944 213015196
206183944 1119354922
304884443 207622140
207568424 207568423
213015196 206183964
245964710 245964741
1117754372 1117754274
1117636186 1117637117
1117636186 243076661
1117636511 1117636546
1117636511 1117636600
1117636511 1117636801
1117288009 1117287947
1117288009 728623384
1117288009 1117288202
207565029 207558839
331942595 332113273
1117702149 772507048
214875389 215478298
1117636603 215670519
1117636607 1117636900
215499336 215480682
1117636598 243074523
304884295 304884397
1117702008 1117701997
1117702008 1117754146
304884293 304884367
304884293 304884290
1117288202 1117288275
1117150796 1117150614
304884290 304884365
217597425 217597417
300886422 217597429
255655501 207600168
255655501 255655504
728623370 728623369
255655505 255655506
1117150647 1117150834
207559102 207559103
207559102 728623390
1119319295 1119319520
1119319295 1119319461
1117637078 1117636663
303716441 303716388
148598309 148597521
1117217836 303981122
1117288275 1117288498
1117288275 1117288200
217597417 148915935
1117637128 1117636861
207598675 207598674
304884369 304884367
207598676 207600168
207598671 249315454
207598670 249315379
207598673 207598674
304884363 304884367
304884361 119080760
304884367 304884365
1117288443 1117288173
148597521 148592429
300885806 207605916
1119507126 213015222
1117287947 1117288173
1119319268 1119319464
255593228 255593224
207631067 207631066
215670463 207599327
152199928 152203355
305474325 207599031
249315499 1117331216
243068497 243137770
251139826 251139899
1117636869 1117636781
249315379 207598421
249315379 249315454
1117636102 1117636787
242144801 150469958
1117217881 1117217886
243074460 204756410
243074460 257016315
303997078 207620694
214875358 215497691
303498169 207598620
303498169 207560287
1117754138 1117776224
305506491 255649318
305506491 305506483
1117636423 1117636600
215670511 215670519
1117776224 1117776189
148592427 1119319520
148592427 215151312
148592429 148595312
207622017 207620692
213216239 303989724
1119319461 1119319168
1119354916 303989930
710675013 710675014
255649318 305506483
150469958 243074523
1117636665 204756414
1117636665 1117636876
249313958 243074523
215151312 215151313
207605127 207605916
303493609 207598421
303493609 303493608
207598624 300137041
207600168 332052263
1117776189 1117776127
148595311 148595312
300137045 300137043
300137043 300137041
304884339 304884336
553020518 1117175588
1117331212 1117701995
300137048 300137047
257016255 204756410
257016255 215478298
243074743 204756414
305506483 303989724
207598421 207598620
215480682 1119319168
1117636876 1117636827
207605916 207605914
1309479851 243076661
303764943 303764941
