90773015 90772976
90773015 90772993
90773015 90773033
1326293386 106399698
1326293386 1326293321
1326293386 1326293125
1326293386 106392217
1326293385 1326293586
1326293385 1326293511
252944154 60707984
90772386 90772365
90772386 90771305
90772386 90771348
69573072 260367718
69573072 260367713
69573072 260367712
69573072 260763329
35594386 524846223
35594386 35594388
35594388 524846205
69573313 209237000
69573313 1326293139
69573313 132071611
1083021629 297664560
1083021629 1083021636
1083021629 1083021628
1083021629 1083021630
1083021628 25767324
1083021628 57472064
106396060 364683935
106396060 1326293125
106396060 106392217
1342102502 1342102381
1342102502 1342102491
69830269 321220004
69830269 69830286
79451052 79451054
79451052 79451049
79451054 79451113
79451054 79451108
79451057 79451060
79451057 79451146
79451057 79451106
79451057 79451164
84977235 84977211
60707965 60707964
60707965 60707956
60707964 60707942
60707967 60707966
60707967 60707961
60707967 60707953
60707966 60707954
60707966 79451138
60707961 60707897
60707961 60707960
60707960 60707908
60707960 79451185
57471990 1287585286
57471990 57471996
57471990 57471987
60707962 60707972
60707962 60707973
60707962 60707963
60707969 60707975
60707968 60707973
60707968 60707970
60707968 60707971
60707989 60707988
60707989 60707986
60707988 60707991
60707988 60707987
60707983 60707981
60707983 60707980
60707983 60707974
60707982 60707991
60707982 60707970
60707982 60708014
60707981 60707978
60707980 60682657
60707980 60707990
60707987 60707976
60707987 60707984
60707986 60707995
60707985 60707990
60707984 60707993
90694044 90694047
90694044 79451177
90694047 90694035
90694047 90694041
90694041 85460111
90694041 90694025
321219999 69572889
321219999 321220004
321219999 1326293355
79451121 79451114
79451121 79451122
79451121 79451180
79451121 79451159
79451120 79451082
79451120 79451219
79451120 79451193
56207844 56207860
56207844 56207857
56207844 56207849
79451122 79451144
79451124 79451132
79451124 79451114
79451124 79451126
79451126 79451082
79451126 103166257
79451129 79451136
79451129 79451132
79451129 103166257
69830081 69830059
69830081 69830110
430019783 1274111599
430019783 430019782
430019782 430019781
430019782 319337992
430019782 430019797
430019782 364683905
84976010 84976200
84976010 84975919
56207849 56207864
56207849 35594422
370899415 370899407
370899415 370899401
370899415 370899410
370899410 370899365
370899410 370899427
370899410 370899361
55597207 55597209
55597207 57471987
55597207 59766891
55597204 57472104
55597204 59766892
55597204 55597201
55597204 59766891
55597201 59766868
55597201 57472029
55597201 55597219
1194423735 1195041553
1194423735 1195041761
1194423735 1194423579
138318597 1064855546
138318597 138318581
138318597 138318601
55597023 55597271
55597023 55597267
55597023 55597020
55597020 55597093
55597020 55597036
55597020 55597015
69574954 84975726
69574954 60545974
69574954 84975710
525252751 524846210
525252751 35594411
525252751 35594397
525252751 35594394
79451147 79451070
79451147 79451099
52749388 299219078
52749388 25767480
52749388 52749415
52749388 90340131
84976304 84976349
84976304 84976131
322612734 257843559
322612734 257843557
322612734 322612746
322612734 322612714
79451145 79451080
79451145 79451144
79451145 79451180
370899369 370899398
370899369 370899401
90771061 60545968
90771061 90771035
90771061 60545993
258006729 258006731
258006727 258006725
258006725 258006731
1274111586 1194423505
1274111586 1274111591
1274111586 1274111594
322100182 69575211
322100182 318119587
322100182 318119586
322100185 69575211
322100185 318119782
322100185 116762540
322100185 318119586
322100187 318119782
322100187 250422678
322100187 281908481
299218736 299218767
299218736 299218770
299218736 299219078
1287585331 1287585286
1287585331 1287585250
1287585331 56207720
299223412 297664738
299223412 429797987
90693938 90693951
90693938 90693963
90693938 90693927
299223414 429797988
299223414 297664738
90693935 90693936
90693935 90693931
90693935 90693963
90693934 59836773
90693934 90693931
90693931 90693927
87763815 87761172
87763815 95191121
87763815 95191446
370899432 370899427
87763810 79451136
87763810 103166263
87763810 103166273
1287585286 1287585219
1287585286 60682642
25767290 524846221
25767290 25767326
25767290 524846208
25767290 524790982
330838301 330838274
330838301 330838302
330838301 330838281
1342102511 1342102452
1342102511 258006808
1342102511 1342102379
1342102511 1342102418
139643511 430019780
139643511 139643513
139643511 1113000566
139643510 430019780
139643510 139643517
139643513 1274111599
139643513 139645710
258006761 258006763
258006761 258006759
139643517 1274111599
364683855 430019792
364683855 430019798
364683855 299218793
364683858 1064855574
364683858 317846171
364683858 430019809
90771262 90771331
90771262 90772558
258006765 258006763
258006765 258006751
60546001 1194423505
60546001 1195041494
249528542 249528543
249528542 249528541
90771281 90772739
90771281 90772562
90771281 132010547
90771281 322612715
249528540 249528541
249528540 69573507
249528544 249528543
249528544 249528535
106364845 25767505
106364845 106364866
106364845 69579247
1326293467 1326293542
1326293467 1326293117
106364840 106392212
106364840 69576908
106364840 69573063
60545978 1274111598
60545978 69573110
60545978 322603493
103166250 139308889
103166250 139308903
103166250 87752827
103166257 87762705
90772009 90772059
90772009 90772531
299218234 474704207
299218234 299218300
299218234 299218344
299218239 299218289
299218239 299218286
299218239 299218260
84975783 84975869
84975783 60545974
84975783 1326293551
84975783 84975743
517705069 517705076
517705069 517704996
1326293264 1326293302
1326293264 69577552
1326293264 69577166
1326293264 1326293577
903875020 358023003
903875020 903874987
903875020 903874959
1326293119 1326293514
1326293119 84975992
1326293119 84976087
1326293117 1326293591
1326293114 1326293377
1326293114 132071695
1326293114 69572681
90772640 90772616
90772640 90772480
90772640 90771994
90772480 90772441
90772480 90772369
95191180 95191209
106396052 106392160
106396052 106392158
1194423505 1195042176
1194423505 1195041460
1107859844 1107859787
90772739 90772770
90772739 90772698
84976284 84975919
84976284 84976365
84976284 84976349
84976284 84976384
299218901 299218983
299218901 430019780
299218901 299218940
85460111 85459783
85460111 90694064
318120398 69574942
318120398 318120395
322102330 25767492
322102330 318119760
322102330 249507240
322102330 249528573
34853552 25767291
34853552 524846225
34853552 35594371
318120394 322603481
318120394 318120393
318120395 318120396
318120396 318120393
318120397 69574942
318120397 318120401
318120393 69573110
318120393 90770924
258006776 258006774
258006776 258006778
330824711 60545984
330824711 330824721
60545950 60545952
60545950 60545972
60545950 60545956
132071689 132071677
132071689 209236984
132071689 138318608
55597093 55597010
55597093 55597081
56207851 59592540
56207851 297664573
56207851 1287585223
370899322 370899359
370899322 370899361
69830305 69830286
69830305 69830325
79451154 79451073
79451154 60708017
79451154 79451153
79451155 79451148
79451155 79451206
79451155 79451153
430019798 430019796
430019798 430019795
79451150 79451161
79451150 79451151
79451150 79451149
79451151 79451159
79451151 79451160
79451152 79451043
79451152 79451065
79451152 79451084
79451152 79451214
79451153 79451200
430019792 317846166
430019792 430019794
55597096 55597105
55597096 55597010
55597096 55597099
430019790 430019824
430019790 430019791
430019790 430019818
430019790 318120003
370899420 370899328
370899420 370899336
370899420 370899424
430019796 319337995
79451159 79451060
430019794 430019795
370899424 370899383
370899424 370899378
55597231 1336585211
55597231 55597228
55597231 55597213
84977552 84977294
84977552 69577432
84977552 84977530
57472194 55597225
57472194 57472059
318119782 52749454
318119782 250422677
57472198 57472077
57472198 57472207
57472198 221230876
318119785 430257073
318119785 318119813
60545958 60545943
60545958 60545949
60545958 60545953
1194423723 1194423579
1194423723 1194423451
84976047 84977062
84976047 84976328
84976047 84977440
84976047 84977530
69572901 69578018
69572901 25767498
318120400 318120347
318120400 322603493
318120401 322603493
52749242 52749198
52749242 52748700
52749242 1342143465
1194423451 1195041243
91190288 25767499
91190288 224086145
91190288 25767480
257843555 1326182059
52749399 52749395
52749399 103753703
52749399 25767477
370899336 370899342
52749395 52749425
52749395 52749392
90772592 90771305
90772592 90772567
52749392 52749408
52749392 299219078
1274111599 318120017
1274111599 364683920
1274111599 318120003
1274111598 1195042026
1274111598 60545981
258006733 258006731
258006733 258006734
258006733 258006835
258006734 258006800
258006736 258006833
1274111591 60545976
1274111591 1195041460
55597165 25767440
55597165 25767444
1274111595 60545959
1274111595 69573462
1274111595 60545982
1274111595 69572569
1274111594 90771124
1274111594 1195042176
250422678 322102324
250422678 250422677
364683915 364683920
364683915 364683909
250422677 25767486
250422677 116762540
250422676 116762540
84976200 84976183
84976200 84976160
299218338 299218323
299218338 299218340
299218338 299218299
299218338 299218337
55597010 55597070
55597010 55597067
55597015 55597070
55597015 297664569
55597015 55597055
524790983 524846215
524790983 35594397
524790982 524846210
524790982 524790981
524790982 524846221
524790981 524846219
524790981 524846232
524790985 524846217
524790984 35594397
524790984 524846217
139637508 139637509
57471996 57472002
57471996 56207720
69583415 85578664
69583415 225694251
322603542 318120352
322603542 60545984
322603542 318120862
322603542 60546015
52749429 103753704
52749429 52749425
52749429 25767477
60707963 60707900
90771102 90771035
90771102 322603635
90771102 90771124
90771102 90770924
524846166 524846174
524846166 524846169
524846166 524846173
249528576 249528574
524846169 524846170
249528574 249507240
249528574 249528573
249528574 249528562
249528573 260367744
249528571 249528566
249528571 249528567
106364855 69579247
106364855 69576908
106364855 106364866
903874987 903874960
903874986 358023011
903874986 903874960
364683904 364683905
90773033 90773038
281907032 281907031
281907032 281907033
90773038 176729456
90773038 994095182
90773038 90771191
252108713 249528555
103166245 103166239
103166245 225694255
103166245 139308885
84975959 84975992
84975959 60545947
84975959 84975743
299218220 299218450
299218220 299218448
364683909 430019804
364683909 430019797
160792536 160792550
299218228 299218217
299218228 299218201
299218228 299218218
52749440 52749447
52749440 52749437
52749440 297664579
52749440 297664581
246128509 246128522
246128509 246128512
246128509 246128503
246128503 60707916
1326293106 1326293586
1326293106 1326293355
299219063 299218899
299219063 299218941
299219063 299218884
1195041761 1195041929
1113172391 1113000584
524846188 524846203
524846188 524846190
524846188 524846186
524846181 524846208
524846181 524846182
524846181 524846177
524846182 524846184
1083021641 57472144
1083021641 57472138
1083021641 1083021636
524846184 524846186
69830247 321220004
69830247 321220036
318120360 1326293489
318120360 318120357
322102324 25767486
322102324 1342143468
322102324 322102321
318120366 260763323
318120366 322603623
318120369 318120174
318120369 322603481
318120369 69573110
318120369 90772202
84977490 84977511
84977490 84977469
90694064 90694033
60708013 60708014
60708013 60708005
60708013 60708004
60708014 60708005
60708015 60708019
60708015 60708016
60708016 60708021
60708017 60708018
60708017 60708022
60708017 60708005
60708018 79451204
60708019 60708020
60708019 60707902
299219081 299218770
299219081 84976431
299219081 25767480
69583450 69583447
69583450 225694248
69574889 132071677
132071695 209236984
132071695 138318617
87761999 87761172
87761999 87762703
87761999 103166279
260367744 260367739
260367744 260367742
79451146 79451087
260367746 25767492
260367746 25767493
79451144 79451212
260367740 260367739
260367740 260367735
260367740 260367742
260367742 69575037
260367748 25767493
260367748 25767494
79451149 79451049
79451149 79451148
79451148 79451167
55597225 55597257
55597225 25767322
55597225 55597223
55597223 524846175
55597223 55597247
322616949 344612586
322616949 1326182095
322616949 344612588
322616949 322616970
55597228 55597216
55597228 55597212
106394572 106399698
106394572 106392160
106394572 106395245
322612713 322612712
322612713 322612715
322612712 322612711
60545952 1326293432
60545952 1326293401
60545953 60545955
60545953 1326293401
60545955 60545948
60545955 1326293218
60545956 1326293218
60545956 60545947
322612714 322612728
370899328 370899208
60545959 25767498
60545959 1326293543
60545959 60545949
60545959 60545982
90340131 299218868
90340131 59592566
57472031 57472138
57472031 57472029
57472031 57472046
138318487 138318492
138318487 138318482
57472035 57472138
57472035 57472064
57472035 57472040
138318482 139308864
55597171 55597005
55597171 25767441
55597171 25767440
258006744 258006738
258006744 258006746
258006744 258006740
258006746 258006748
139637509 139637510
139637509 139640509
258006740 258006742
258006748 258006750
281907034 297664572
281907034 297664571
257843559 257843560
281907031 281907030
281907030 297664573
281907033 297664572
364683905 430019797
370899226 370899218
370899226 258006829
370899226 370899223
370899221 370899218
370899221 370899223
430257073 322102321
430257073 25767494
430257073 84977211
430257070 260594771
430257070 430257069
430257070 249507229
517704996 322603635
517704996 322603612
1064855580 1064855531
1064855580 1064855564
1064855580 1064855558
1064855582 318120009
1064855582 1064855571
1064855582 1064855556
55597005 25767441
55597005 25767438
69572268 69573462
69572268 69572569
69572268 69578628
69576908 69573430
85576028 69583390
85576028 69583396
524846219 524846210
524846219 35594397
524846219 35594414
297664726 297664725
297664726 297664728
524846210 524846208
524846213 35594411
524846213 524846215
524846213 35594418
524846212 35594414
524846212 524846234
524846215 524846217
524846217 35594415
85462328 103166317
85462328 85462327
69577166 69573063
69577166 69573430
258006819 258006825
258006819 258006797
1326293591 1195041243
1326293591 1326293543
258006817 258006816
258006817 321220009
258006817 321220010
258006816 258006831
258006816 321220003
258006816 321220013
258006810 258006804
258006810 258006802
258006810 258006808
258006810 258006812
322603591 322603580
322603591 90376798
322603591 90770974
322603591 322603612
1326293599 1326293302
1326293599 1259522955
249528560 249528561
249528561 249528562
249528561 249528555
249528561 387095835
249528562 249507233
249528562 109319097
524846177 524846190
524846177 524846200
524846170 524846221
524846170 524846227
524846171 524846227
524846171 1083021630
524846171 524846173
249528566 387095835
79451128 79451191
79451128 79451116
106364866 106364886
1107859787 1107859726
103166279 87762704
103166279 103166283
103166273 103166269
103166273 87761172
106364886 106392179
299218217 299218286
299218216 299218448
299218216 299218286
59766896 59766863
59766896 55597209
59766891 59766862
59766892 59766870
59766893 59766853
59766893 59836777
59766893 59836772
299218218 299218450
318120346 318120337
318120346 318120327
246128518 60707919
246128518 60682641
246128518 246128519
246128519 246128520
246128516 246128515
246128514 246128515
246128514 246128512
1326293139 1326293332
1326293139 1326293577
1326293139 69576838
106399687 106392212
90772112 90772422
90772112 90772170
1107872109 1107859750
1107872109 1107859726
69577432 84976239
69577432 84977329
69577432 84977132
299218853 299218215
299218853 299218769
299218853 299218940
524846198 25767291
524846198 524846191
524846198 524846197
524846198 524846225
524846193 524846191
524846193 524846204
524846193 524846195
524846190 524846204
524846191 524846200
524846191 524846205
524846196 524846201
524846196 524846197
524846196 524846195
524846195 524846202
84977971 60545974
84977971 84977987
84977971 84975830
258006812 258006797
258006812 258006798
258006812 321220019
524846174 524846175
524846175 524846176
524846175 55597257
524846176 524846173
84975710 84975726
84975710 84977087
103753704 52749405
95191088 95191098
95191088 95191121
103753701 25767478
103753701 103753700
103753701 297664578
103753700 103753697
103753700 281908488
103753700 297664580
103753703 52749405
221230562 1342143459
221230562 25767483
221230562 297664581
84977376 84977354
84977376 84977400
85459783 85465048
85459783 79451187
1096775719 1096775713
1096775719 1195042190
1096775719 330838309
60708002 1064816375
60708002 60707995
60708002 60708004
69573507 322105718
69573507 1316020823
69573507 249528539
69573507 1316020819
60708005 60708022
60708004 60707991
57472209 57472207
57472209 221230876
60707882 60707881
60707882 60707930
60707882 60707884
84976365 84976415
84976365 84976349
84976365 69579161
60707881 60707923
60707881 60707931
60707886 60707887
60707886 60707884
60707886 60707890
60707887 60682645
60707887 60682646
60707884 60707885
60707885 246128491
60707885 60707897
60707889 60707894
60707889 60682654
60707889 60707890
69583445 69583431
69583445 69583447
79451178 79451187
79451178 79451177
79451178 79451174
79451179 79451182
79451179 79451180
69830325 321220003
25767494 69575037
25767494 25767495
25767495 25767486
25767495 322102321
79451173 79451094
79451173 79451166
79451173 79451174
25767498 69573462
25767498 25767481
25767499 69578018
25767499 69573853
25767499 69576732
79451176 90694001
79451176 79451177
79451176 79451175
79451175 60707941
79451175 90693983
318119813 69575037
318119813 1316020821
318119760 318119778
322616971 344612586
524846173 25767324
318120174 321220037
69573430 69576838
299218450 299218449
60545943 84975919
60545943 25767481
60545943 60545944
131943299 131943285
60545947 60545985
60545947 1326293373
60545944 84976087
60545944 60546026
60545949 1326293432
60545948 1326293373
60545948 60546026
370899359 370899355
57472029 57472025
69575211 52749454
69575211 29173711
57472025 57472018
258006757 258006755
258006757 258006759
258006755 258006753
258006753 258006751
258006750 258006690
258006750 258006692
258006751 258006723
258006751 258006766
55597109 55597105
55597109 56207725
55597109 55597110
139640509 139640512
139640509 139640516
258006759 258006774
258006759 258006793
364683935 141589269
364683935 258006723
1064816379 1064816363
1064816379 1064816348
1064816377 1064816358
1064816377 318120012
1064816375 25767504
1064816375 1064816361
364683939 364683942
364683939 106364829
1064816371 1064816358
1064816371 1064816349
25767478 52749431
25767478 25767477
25767479 25767470
25767479 297664576
25767479 52749300
25767479 52749318
430257069 260594770
430257069 430257067
430257069 131943282
430257064 249507197
430257064 160792645
430257064 260594777
430257065 318119805
430257065 260594774
430257065 322105721
430257066 260594760
430257066 430257067
25767475 25767473
25767475 52749313
25767477 25767483
25767477 430698002
25767477 297664579
1342102543 1342102522
1342102543 1342102483
321220016 321220029
321220016 321220020
60708020 79451113
60708020 79451108
25767319 524846202
25767319 524846203
25767319 25767434
25767319 524846204
25767318 524846203
25767318 35594401
25767318 55597212
249507275 160792584
249507275 160792614
321220015 321220022
321220015 321220007
321220015 321220014
249507271 160792614
249507271 160792625
524846202 524846201
524846200 25767447
524846200 524846204
524846201 25767448
524846207 35594411
524846207 35594413
524846207 524846205
524846205 25767447
69573853 69575419
322603580 322603570
90771124 60545993
258006808 1342102463
258006806 258006804
258006802 1342102379
258006800 1342102379
1342102381 1342102526
1342102381 1342102483
249528510 249528555
84977180 84977184
84977180 84977165
84977180 322105721
52748779 297664576
52748779 52748781
52748779 1342143458
52748779 52748698
132010633 257843551
132010633 994095182
52748776 52748700
103166263 103166269
106364895 106364905
106364895 106392179
299218201 299218196
299218201 299218210
160792556 160792550
160792556 160792564
59766884 59766859
59766884 59766881
59766889 59766872
59766889 59766873
59766888 59766861
59766888 59766887
246128522 246128520
1326293125 1326293487
1326293125 106392173
258006723 258006731
299218215 299218449
299218215 299218210
90772164 90772141
90772164 90772089
90772164 90772170
90772698 69578929
90772698 90772661
1326293636 1326293377
1326293636 1326293335
1326293631 1326293332
1326293631 1326293335
330838298 330838306
330838298 330838290
330838296 330838306
330838296 330838293
330838290 330838302
330838293 330838302
84977165 84977177
84977165 84977132
139308864 1064855564
139308864 1064855543
139308868 1064855569
139308868 138318617
69830342 69830059
69830342 321220003
90772562 90772770
90772562 90771331
90772567 90772661
297664577 297664576
297664577 103753697
297664577 281908488
297664577 52749318
297664576 281908490
297664575 25767469
297664575 25767468
297664575 281908492
297664575 281908493
297664574 430697998
297664574 52749313
297664574 281908493
297664574 56207869
297664573 56207857
297664573 59592546
84976160 84976183
84976160 84976131
297664571 55597142
297664571 55597053
297664571 297664570
297664570 297664569
297664570 55597055
297664570 55597139
297664579 281908485
297664579 281908484
297664578 430698002
297664578 281908486
297664578 52749264
321220009 321220008
321220008 321220023
321220008 321220025
321220005 321220021
321220005 321220006
321220005 321220012
321220004 321220021
321220007 321220023
321220007 321220006
321220003 321220034
321220002 430019807
321220002 69576732
321220002 25767502
79451200 79451195
79451200 79451206
358023011 60708023
358023011 60707924
358023014 90693988
358023014 60707924
358023014 903874959
60707895 60707903
60707895 60707894
60707895 60707900
60707897 60707898
60707897 60707953
60707896 60707905
60707896 60707898
60707896 60707893
60707891 60707890
60707891 60707892
330824721 90376798
60707893 60707903
60707893 60707892
60707899 60707902
60707899 60707900
60707898 60707908
25767487 116762540
25767487 25767486
25767481 25767480
25767481 84976384
25767483 297664731
25767483 25767482
25767482 1342143474
25767482 84976415
25767482 69579161
79451164 79451070
79451167 79451065
79451167 79451043
79451166 79451181
79451166 79451201
79451161 79451160
79451160 79451070
318119805 318119701
318119807 260594763
318119807 318119808
318119807 322105721
318119802 322105718
318119802 1316020813
318119778 69575037
318119808 322105719
318119808 260594767
139308889 69576546
139308888 139308885
139308888 85470845
139308880 1064855564
139308880 139308871
314767828 35594393
314767828 35594396
314767828 314767826
314767825 25767434
314767825 314767827
314767825 314767826
314767827 35594390
314767827 314767826
85470845 95191098
85470845 85458486
84976431 297664731
84976431 84976415
299218449 299218288
55597101 55597105
55597101 55597120
55597101 56207729
60545976 322603493
60545976 69574942
60545977 69576328
60545977 84978162
60545974 84978190
60545972 60545967
60545972 60545971
60545971 60545969
60545971 60545985
60545971 60545967
84976183 84975992
131943285 249507229
370899348 370899315
370899348 370899342
260763326 260763327
260763326 260763325
260763327 84978162
260763327 84978190
260763327 260763329
260763325 260763285
260763323 260763285
57472018 57472046
57472018 1342102490
297664684 297664686
297664684 297664682
297664686 297664737
297664686 297664688
297664681 297664680
297664681 297664682
297664680 297664678
260763329 318119701
260763329 84977087
55597110 1287585236
55597110 55597120
364683920 318120016
370899206 370899208
370899206 370899210
370899206 258006829
1195042176 322603513
1195042176 1195041494
370899208 370899365
1064816361 1064816353
1064816360 1064816358
1064816360 318120013
1064816363 59592566
1064816363 25767500
25767469 52749313
25767469 52749300
25767468 52749279
25767468 56207864
25767468 52748781
84976239 84976262
84976239 69579161
258006696 258006694
258006696 258006698
258006694 258006692
258006690 258006688
258006698 258006700
90771331 90771994
90771339 90772558
90771339 90772141
90771339 322603642
90771339 322603648
297664560 35594402
297664560 35594400
524846235 35594415
524846235 35594408
524846234 35594408
524846234 524846232
524846232 35594400
524846232 524846230
524846230 35594398
524846230 35594404
524846230 524846227
258006768 258006770
258006768 258006766
994095182 994095315
994095182 322612715
139640512 139640514
139640512 139641660
139640514 139641664
139640514 139640516
258006766 258006774
258006766 258006780
139640516 1107872119
139640516 1107883743
258006833 258006738
258006833 258006835
258006831 258006825
258006831 258006821
25767324 55597257
25767324 1083021630
1342102392 1342102463
1342102392 1342102491
249507197 131943278
249507197 131943242
249507197 249507229
25767326 55597250
25767326 35594401
249528508 249528530
25767322 55597254
25767322 55597213
1195042190 1195041504
1326293489 1326293551
1326293489 322603619
322603481 322603635
209237000 69572681
209237000 1326293377
1326293487 1326293526
299218288 299218941
299218288 299218355
299218288 299218342
90782783 90772975
90782783 90376798
90782783 84975755
90772359 90772365
90772359 90772339
90772359 90772504
160792564 160792570
35594402 35594410
35594401 1336585211
90772173 90772141
90772173 90772339
90772173 90772170
1195041553 1195042250
299218300 299218345
299218300 297664671
299218870 299218865
299218870 299218869
260367705 260367700
260367705 260367703
260367705 260367706
69583419 69583423
69583419 85578665
299218899 430019780
299218899 299218793
299218899 364683849
430698002 281908485
430698002 52749447
84977177 322105719
330838281 60545990
330838281 60545989
139308871 103166239
139308871 1064855569
90772770 90772616
69574051 69579247
69574051 69576838
69574051 69572681
69830127 69830147
69830127 69830110
84977354 69583138
84977354 84977329
321220018 321220017
321220018 321220025
321220018 321220019
321220019 321220013
60708021 79451204
60708021 79451196
321220017 321220029
321220017 321220024
321220014 321220028
321220014 321220024
60708022 79451211
321220012 321220011
321220013 321220025
321220010 321220011
358023003 358023006
358023006 358022987
87762703 87762704
87762705 87762704
87762705 103166290
69830231 321220036
69830231 69830219
79451190 79451189
79451190 79451181
79451191 79451189
79451191 79451193
79451193 79451114
79451193 79451116
79451194 79451195
79451194 79451196
79451195 79451049
128249443 69579092
128249443 141589264
79451201 79451183
79451201 79451075
79451202 79451209
79451202 79451203
79451202 79451204
297664569 55597041
318120350 322603522
318120350 318120862
318120352 318120353
318120353 318120357
297664565 55597185
297664565 1334403250
297664565 25767444
297664565 57472084
60545969 322603518
60545969 60546015
60545968 322603518
60545968 90770947
370899378 370899373
370899373 370899407
60545960 60545986
60545960 1326293543
60545960 60545967
1113000555 1113000581
1113000555 1113000584
370899376 370899383
370899376 370899386
131943278 69572507
131943278 260594777
131943278 131943282
57472002 1342102532
57472002 55597189
57472002 57472006
57472006 57472104
57472006 1342102490
297664697 297664672
297664697 297664688
257846657 257843444
257846657 322616990
1342102379 1342102411
1064816350 1064816359
1064816350 1064816352
25767291 25767449
25767291 25767448
1064816352 318120028
1064816352 1064816348
1064816353 1064816349
370899210 370899214
370899210 258006823
1064816357 1064816359
1064816357 430019807
1064816359 430019805
225694255 69576546
225694255 225694251
225694251 85578665
225694251 225694248
258006688 258006686
370899214 258006825
370899214 258006827
25767458 25767456
25767458 35594390
25767458 25767364
25767456 55597263
25767456 25767437
25767456 35594396
258006686 258006700
221228397 52749420
90693988 90693946
90693988 358022979
90693988 60707916
322089179 1334403250
322089179 56207729
104667509 100937003
104667509 474694126
221230932 221230921
524846221 35594398
524846223 35594371
524846223 35594420
524846223 524846225
474694115 474694111
474694115 474694119
106392173 106392166
474694111 474694105
258006774 258006772
55597120 55597130
90693983 90694001
90693983 86871065
258006770 258006772
249528539 249528537
258006827 258006829
258006821 258006823
249528531 249528558
249528531 249528530
249528531 249528555
1316020815 249507233
1316020815 260367732
1316020815 1316020823
1316020815 109319191
249528537 1342102486
249528537 249528536
249528536 249528535
249528535 1342102486
249528535 109319191
90772968 90772993
1287585250 60682644
1287585250 1287585294
1326293321 106395245
1326293321 106392217
246128499 60707909
246128499 246128498
246128498 246128497
246128493 246128494
246128491 60707918
246128491 60707942
246128490 60708023
246128490 60707942
246128490 60707941
246128497 246128495
246128495 246128494
90772365 90772511
90772365 90772369
55597209 1287585220
55597209 60707915
1107859750 1107859705
1107859750 1107859767
160792577 160792570
160792577 160792584
299218260 299218195
299218260 299218196
90772369 90771305
69576732 69572889
84978214 84978190
139645710 1113000589
139645710 139645728
139645710 139645712
139645713 139645712
139645713 139645715
139645715 139645716
139645716 139645718
139645718 139645720
299218865 299218793
299218865 299218867
299218867 100937003
299218867 299218868
299218867 299219025
299218868 224086145
299218868 299218869
100937003 100949354
1195041504 1096775713
1096775713 60545989
299218884 299218767
299218884 299218194
430019795 319337992
430019795 430019801
109319198 260367701
321220023 321220024
321220022 321220021
321220022 321220020
321220025 321220024
321220029 321220028
60708023 60707918
69830205 69830178
69830205 69830219
84977294 84977329
79451183 85465048
79451183 85462327
318120030 318120031
318120030 318120033
79451181 79451087
79451187 90694035
79451185 79451111
79451185 79451138
79451189 79451075
138318608 138318601
138318608 138318617
79451212 79451217
79451212 79451214
79451211 79451073
79451211 69576455
79451210 79451182
79451210 69572399
79451210 69576455
79451217 79451215
79451215 79451214
224086145 299219025
224086145 299218949
318120327 322603629
260594771 260594770
260594771 249528522
260594770 260594772
260594770 260594765
260594773 69573244
260594773 260594767
260594773 260594765
260594772 249528521
260594772 260594765
260594775 260594774
260594775 260594776
260594774 69572507
260594774 260367725
260594777 260367723
260594777 260594778
260594776 260594778
260594779 260594778
297664735 297664734
297664735 297664736
297664734 297664733
297664737 297664666
297664737 297664707
297664737 297664738
297664736 297664730
84976415 84976384
297664730 297664712
297664730 297664728
297664730 299218195
297664733 297664731
69578628 69577540
57472077 57472084
57472073 57472052
57472073 55597254
57472073 221230876
364683945 258006789
364683945 258006782
364683945 364683942
225694260 87753796
225694260 87761172
225694260 95191121
90693995 90694009
90693995 90694001
25767441 25767442
25767440 25767438
25767442 55597216
25767442 25767444
25767442 55597192
25767444 55597254
25767447 35594394
25767449 25767431
25767448 25767432
257843560 322612728
257843560 257843548
258006778 258006780
69579161 84977188
1064855528 1064855540
1064855528 1064855556
474704209 299218495
474704209 474704211
474704209 299218494
474704207 299218194
474704207 474704206
474704206 299218344
474704206 474704203
474704206 299218343
474704203 299218496
474704203 299218493
52749415 25767471
52749415 59592563
52749415 52749408
90771318 90771365
90771318 90771305
90771318 69578929
90771035 90770974
221230921 57472207
52749471 52748781
52749471 52748788
52749471 52748676
1287585314 55597078
1287585314 1287585279
1287585314 1287585225
1287585314 60682652
474694119 474694126
474694104 474694105
55597139 55597041
55597139 55597142
1342102490 1342102532
258006787 258006789
258006787 258006785
258006787 258006797
1342102486 1316020830
1342102486 1342102437
55597130 1287585294
55597130 55597189
319337998 319338000
319337998 319337995
90772202 90771365
90772202 90772253
249528526 249528530
249528526 249528520
249528526 1342102437
319337992 318120026
319337992 319337995
319337995 430019781
249528521 1316020830
249528521 69573244
249528521 249528522
249528522 249507232
249528522 249528523
55597036 55597041
90772976 994095315
90772976 318120337
90772976 322603648
90772975 318120337
90772975 90773004
90772975 69576328
1316020819 1316020830
1316020819 69573244
1316020819 1316020813
358022996 358022995
358022996 358022999
52748781 52748784
322603642 318120288
322603642 322603629
322603642 318120284
52748784 52749279
52748784 52748788
52748784 25767363
1113000617 1113000589
1113000617 1113000633
322603648 318120286
322603648 318120284
59766853 59766863
59766853 59766854
59766854 59766873
59766854 59766855
59766859 59766887
59766859 59766860
84975743 84977062
84975743 1326293172
430019781 430019780
1326293551 1326293172
1326293551 60545985
430019780 364683849
60546026 84976087
84978001 84977987
84978001 84978007
84978007 84975830
84978007 322603623
299218327 299218351
299218327 299218323
299218327 299218337
299218323 299218345
299218323 299218321
299218321 299218344
299218321 299218340
299218321 299218515
95191121 85458486
103166239 69576546
60546015 60545985
90772558 90772531
60707910 60707911
60707910 60682641
60707911 60707912
60707912 60707909
60707913 60707919
60707913 60707915
60707915 60707916
60707916 60707909
60707918 60707923
60707919 60707920
321220034 321220035
321220034 321220033
321220035 321220030
321220036 258006798
321220036 321220037
321220030 1326293511
321220030 318120013
321220030 321220031
321220030 321220033
321220031 321220032
321220032 318120015
321220032 318120014
1107883743 139637510
59592542 59592539
59592542 59592536
59592541 430697975
59592541 59592540
59592541 59592545
59592541 59592544
59592547 59592546
59592547 56207867
59592546 281908494
59592546 59592545
59592544 1287585224
59592544 59592537
370899355 370899315
318120026 318120017
318120028 318120031
59836773 59836772
59836777 59836776
318120330 318120288
318120330 322603629
318120330 322603612
260594763 69572507
260594763 260594767
260594763 260594764
260594760 260594761
260594760 260594764
260594767 260594765
260594764 260594765
370899391 370899386
370899391 370899395
297664724 297664725
297664724 297664723
370899395 370899398
297664723 297664718
297664720 297664719
297664720 297664668
297664728 297664729
297664729 299218299
297664729 299218337
57472064 57472059
69583378 69583386
69583378 225694248
138318617 69573000
84975992 84976328
52749313 430697998
52749318 25767470
52749318 52749431
60550325 60545986
60550325 60545992
84976262 84976131
1326182059 344612586
1326182059 1326182095
1326182059 322616984
25767434 35594392
25767434 25767432
25767435 35594393
25767435 25767437
25767435 55597192
25767435 55597212
430697971 430697977
25767437 55597081
25767437 55597085
25767431 25767432
25767432 25767365
25767438 55597081
474704211 299218340
474704211 299218342
52749408 52749420
1064855531 1064855543
1064855535 1064855543
1064855535 1064855546
249507233 249528557
249507232 1316020830
249507232 1342102437
90770947 322603545
90770947 90770974
52748698 1342143469
52748698 52748700
52748698 52748676
1287585308 1287585236
1287585308 1287585279
1287585308 60682665
258006793 258006783
258006793 258006782
69572569 69572889
1342102452 1342102522
1287585279 55597099
358022983 60707923
358022983 358022984
358022984 358022979
358022984 358022987
358022987 358022990
90693946 90693951
90693946 90693963
1113000623 139645721
1113000623 139645723
1113000623 193568238
193568261 193568263
193568261 193568254
193568263 193568272
109319097 260367732
109319097 260367737
1326293543 1326293432
1326293542 1326293355
1326293542 60545981
1326293542 60545982
1195042250 1195041243
103166317 85465048
281908484 297664581
281908486 297664580
281908481 322100197
281908483 297664581
281908483 281908482
281908482 322100197
84975869 84975830
84975869 322603619
25767470 25767471
25767471 25767473
1326293302 1326293526
84978162 260367700
25767473 59592535
209236984 1326293377
85578664 69583409
1326293169 84975919
1326293169 1326293514
60707903 60707904
60707902 60707901
60707902 60707906
60707901 60707904
60707906 60707905
60707905 60707908
69572889 25767505
318120017 318120009
318120017 318120032
318120016 318120015
318120016 318120078
318120014 318120013
318120013 318120012
69577540 69575419
330838274 1326293189
330838274 60545995
69830178 69830163
318120306 322612711
318120306 318120305
318120305 318120286
297664719 297664718
297664718 297664716
297664712 297664716
297664712 297664702
1113000566 139641661
1113000566 139641660
430019817 317846171
430019817 430019813
430019810 319338005
430019810 430019809
430019813 319338005
430019818 430019820
430019818 318120004
57472059 57472052
57472052 57472040
84977417 84977400
84977417 69583138
84977417 84977440
1316020813 322105719
1287568744 55597050
297664668 297664667
297664668 297664671
297664667 297664672
297664667 322100192
297664666 429797989
297664666 322100192
299218538 299218495
299218538 299218496
299218538 299218517
132071611 69577552
257843547 344612588
257843547 257843548
257843546 257843545
257843546 344612588
257843545 257843544
257843545 257843549
257843544 257843551
257843544 257843543
257843548 257843551
299218770 299218769
52749437 52749454
52749437 52749269
524846208 35594394
69572399 79451136
69572399 139308903
69572399 87752827
249507229 131943282
1113000584 1113000633
106395245 69830056
1316020823 260367733
1316020823 1316020821
1316020821 322105718
430019791 430019820
322603629 90376798
322603623 69576328
322603623 322603619
90693951 86871066
429766615 322616990
193568272 193568276
193568272 193568238
429797988 429797985
429797988 429797989
429797989 429797986
59766870 59766862
59766870 59766871
59766871 59766860
429797983 297664704
429797983 429797984
429797986 429797985
429797987 297664704
429797987 429797984
322603531 322603522
322603531 322603537
322603537 322603518
139645728 139645725
139645728 1107859817
139645720 139645721
139645723 139645725
139645725 193568232
281908494 430697998
281908492 281908491
281908490 281908491
299218345 299218351
299218345 299218344
299218340 299218289
299218343 299218194
299218343 299218517
299218342 299218517
69573110 69574942
90771994 90772531
90772089 90772059
1326293373 1326293218
84977132 84977184
84977132 84977188
90772339 90771348
299218983 299218982
299218983 299219025
299218982 299218949
60682664 56207725
60682664 60682646
60682664 60682665
299218299 299218289
260367701 260367700
260367701 260367703
60707930 60682642
60707930 60682643
60707931 60682641
60707931 60682642
59592563 59592564
59592564 59592535
59592566 59592536
79451082 103166290
79451082 79451075
79451083 79451094
79451083 79451092
79451080 79451084
79451080 69576455
79451086 60707954
79451086 79451102
79451086 60707956
79451087 79451106
79451087 79451104
69830163 69830147
297664704 297664707
297664707 297664702
297664701 297664672
297664701 297664674
297664702 297664682
430019804 430019805
430019801 318120033
430019808 318120003
430019808 318120078
430019809 318120009
57472046 57472089
57472040 57472089
318120009 318120004
318120003 318120004
69583138 84977184
69583138 84977087
87753796 87752825
297664671 299218351
297664674 297664675
297664675 297664676
297664676 297664678
139641664 139641660
139641664 139641662
260367730 260367728
260367730 260367727
260367733 260367735
260367733 260367732
260367735 260367737
322612728 132010547
322612728 322612715
260367737 260367739
55597099 56207725
87752827 87752826
87752826 87752825
257843557 257843444
257843557 257843462
55597250 55597247
322603518 322603513
69578731 1326293526
55597078 55597067
55597078 55597059
52749420 52749425
52749420 52749431
55597070 55597061
132010547 257843464
132010547 257843462
132010547 257843449
318120862 322603545
106395254 106392160
106395254 106392155
106395254 106392158
1342143454 1342143468
1342143454 1342143459
1342143459 1342143474
1342143458 1342143469
1342143458 52749264
69572507 322105721
141589269 69579092
1287585219 1287585220
1287585219 60707920
85462327 103166290
322603635 90772253
1326182095 344612596
90771365 90771348
59766861 59766862
59766861 59766872
59766863 59766862
106392212 106398721
1195041460 318120347
1195041460 1195042026
60707977 60707990
60707977 60707992
60707977 60707976
1326293218 1326293401
69577933 90773004
299218355 299218289
299218355 299218448
95191446 95191209
318120033 318120032
90772504 90772422
90772504 90772511
1326293189 1326293534
1326293189 60545988
90772616 90772661
84976131 84976328
79451099 79451111
79451099 79451097
79451094 79451104
79451097 79451110
79451097 79451070
84977270 322105718
79451092 60707956
1107859817 1107859767
1107859817 139641662
60707923 60682641
60707924 86871066
60707924 60707941
90694008 86871064
90694008 90694009
90694008 90694020
1195041929 1195041243
1287585294 1287585236
1287585294 60682645
299218515 299218494
299218515 299218493
69583431 69583426
69583386 69583390
35594420 35594421
35594420 35594413
35594421 35594417
35594422 25767363
35594422 25767364
35594422 55597267
260367722 260367723
260367722 260367720
260367722 260367716
260367723 260367728
260367723 260367725
260367720 260367718
260367720 260367725
260367727 260367725
57472144 35594410
57472144 55597219
52749454 29834295
1064855564 1064855578
1064855563 1064855575
1064855563 1064855541
1064855561 1064855540
1064855561 1064855574
55597061 55597067
55597061 55597059
1064855569 1064855558
69830056 106364829
160792635 160792645
160792635 160792625
1287585221 1287585224
1287585221 1287585225
1287585221 297664572
1287585223 1287585224
1287585225 55597050
1287585225 60682650
90693970 86871064
90693970 86871065
90693970 90693926
90772993 90773004
322603545 60545984
322603545 322603570
193568254 193568232
1107859726 1107859705
84975726 84977062
56207720 55597189
25767363 52749279
25767363 25767364
25767364 25767365
1342143468 1342143471
1342143469 52749269
1342143469 1342143465
322603513 60545993
322603513 60545992
1064855578 1064855541
139641661 139641662
1342143466 1342143474
1342143466 1342143471
79451138 79451110
69576328 84975755
69576455 69579247
1342143465 52749272
1326293355 60545981
90772511 90772441
69573000 1064855543
69573000 1064855546
299218941 364683849
299218941 299218940
139308908 69572681
139308908 139308906
106398721 106364835
106398721 106392187
139308903 139308906
60682648 60682655
60682648 60682653
60682648 60682649
60682648 60682652
60682649 60682661
60682645 60682644
60682646 60682647
60682647 60682655
60682647 60682665
60682643 60682644
60682643 60682667
56207860 56207867
79451060 79451116
79451065 79451073
60707954 60707953
90772253 90771348
430019825 1064855571
430019825 430019821
430019820 430019821
319338003 25767500
319338003 25767501
319338000 364683849
29173711 29834295
84977469 84977440
252343116 60707999
252343116 60707994
252343116 252343117
252343117 59592538
69583423 69583426
69583396 69583409
79451110 79451106
79451111 79451113
260367716 260367715
260367716 260367718
260367715 260367713
260367715 260367710
260367712 260367706
260367712 260367710
260367710 260367708
84977511 84977530
322616990 322612763
55597271 55597085
55597271 55597263
106398211 106392179
106398211 106392187
52749447 52749269
52749447 52749264
1064855571 1064855590
55597055 55597053
55597053 55597050
55597050 55597059
297664572 55597142
25767504 25767505
25767504 25767500
25767504 60707995
25767501 25767502
55597185 221230838
55597185 55597189
322612763 322612757
322612763 322616988
86871064 86871063
86871065 86871066
86871063 90694089
86871063 90693924
1342102418 1342102526
322603619 84975755
257843444 257843474
257843444 322612746
257843445 257843449
257843449 257843462
106392166 69573063
344612596 322616991
344612596 322612746
1195041243 1326293534
1342143471 322102321
317846171 319338005
1326293432 1326293520
59592538 60707999
59592538 60682660
59592538 430697993
59592539 430697977
59592536 59592535
59592536 430697991
59592537 430697993
59592537 430697977
59592537 60682651
29834295 52749272
60682659 60682657
60682659 60682663
60682659 60682658
60682658 60682662
60682658 60682653
60682658 60707974
60682657 60682656
60682657 60707996
60682656 60682663
60682656 60682650
60682655 60682654
60682654 60682653
60682652 60682665
60682651 60682660
60682651 60682650
60682650 60682661
84977211 84977188
69573244 322105719
330838309 330838306
330838309 60545988
330838306 330838302
90694025 90694033
90694020 90694015
260367708 260367703
260367708 260367706
35594400 1083021630
35594400 35594404
56207864 56207869
56207867 430697995
56207867 56207869
79451102 79451104
55597263 55597267
258006783 258006785
322616986 322616985
322616986 322616988
322616984 322616985
52749272 52749269
322612757 322616991
322612757 322612746
60545995 60545986
60545995 60545997
60545990 60545992
109319191 249528557
85458486 225694248
90694015 90694033
221230838 57472089
430697995 430697998
430697991 60707999
430697991 430697993
193568238 193568232
344612586 344612585
430697973 430697975
103166299 103166295
103166295 103166290
1326293401 1326293520
106364829 106364835
69573063 1326293526
35594392 35594393
35594390 35594396
1064855590 1064855575
60682662 60682663
60682662 60682661
60682660 60707996
358022995 358022992
358022992 358022990
60707972 60707975
60707973 60707979
60707976 60707979
358022999 903874960
60707974 60707975
60707978 60707979
60707992 60707993
60707993 60707997
60707994 60707995
60707994 60707997
60707996 60707997
35594370 35594371
90376798 60545984
35594415 35594414
35594417 35594418
55597216 55597213
52749269 52749264
60545984 84975755
1342102437 249528557
322100197 322100196
322100196 322100194
322100194 322100192
257843464 257843463
90693921 90693926
90693921 90693924
90693926 90693927
249528558 249528557
