90773015 -0.3571027 39.4782411
1326293386 -0.3692745 39.48151
1326293385 -0.3679596 39.477209
252944154 -0.3704816 39.4752464
90772386 -0.3641762 39.4810524
69573072 -0.3573927 39.4733906
35594386 -0.3758177 39.4693493
35594388 -0.3757662 39.4695189
69573313 -0.3729572 39.4814327
1083021629 -0.3765588 39.471315
1083021628 -0.3759769 39.4713533
106396060 -0.3691177 39.4817493
1342102502 -0.3663372 39.4804919
69830269 -0.3679754 39.4773042
79451052 -0.3731229 39.4766384
79451054 -0.3732131 39.476364
79451057 -0.3740968 39.4767453
84977235 -0.3600896 39.4699878
60707965 -0.37482 39.475403
60707964 -0.3748694 39.4752371
60707967 -0.3738233 39.4758826
60707966 -0.374058 39.4759251
60707961 -0.37359 39.4758439
60707960 -0.3734649 39.4758233
57471990 -0.3748947 39.4733151
60707962 -0.3715383 39.4750877
60707969 -0.3713028 39.4743474
60707968 -0.371172 39.4755376
60707989 -0.3703778 39.4758314
60707988 -0.370539 39.4758698
60707983 -0.3709915 39.4741747
60707982 -0.3708686 39.4762073
60707981 -0.3709654 39.4744703
60707980 -0.3707221 39.4741695
60707987 -0.3706153 39.4750829
60707986 -0.3701126 39.4751844
60707985 -0.3708426 39.4744577
60707984 -0.3705003 39.4750683
90694044 -0.3758206 39.4757757
90694047 -0.3760244 39.476006
90694041 -0.3761847 39.4761916
321219999 -0.3674341 39.4772735
79451121 -0.3739456 39.477476
79451120 -0.3746851 39.4772073
56207844 -0.3700487 39.4721112
79451122 -0.373739 39.4774579
79451124 -0.3748116 39.4775965
79451126 -0.374915 39.4776166
79451129 -0.3748297 39.4780272
69830081 -0.3705075 39.4786677
430019783 -0.367192 39.4749279
430019782 -0.3671077 39.4748785
84976010 -0.3630552 39.473041
56207849 -0.3702659 39.471677
370899415 -0.3700786 39.4787308
370899410 -0.370007 39.4787642
55597207 -0.3758574 39.4734487
55597204 -0.3760839 39.4731417
55597201 -0.376298 39.4728816
1194423735 -0.3663759 39.4776518
138318597 -0.3749653 39.4817877
55597023 -0.3717786 39.47145
55597020 -0.3717291 39.4716926
69574954 -0.3592873 39.4745837
525252751 -0.3761422 39.4702222
79451147 -0.3734203 39.476549
52749388 -0.3669105 39.4726811
84976304 -0.3620706 39.4727745
322612734 -0.3589988 39.4817334
79451145 -0.3738115 39.4778354
370899369 -0.370116 39.4787749
90771061 -0.3640228 39.4783922
258006729 -0.3683689 39.4825009
258006727 -0.3680998 39.4826018
258006725 -0.3680728 39.4823663
1274111586 -0.3657405 39.4789018
322100182 -0.3639179 39.4686445
322100185 -0.3638055 39.468765
322100187 -0.3638985 39.4689198
299218736 -0.3667584 39.4726483
1287585331 -0.3742881 39.4735399
299223412 -0.363022 39.4695202
90693938 -0.3762218 39.4746736
299223414 -0.363423 39.4693802
90693935 -0.3763156 39.4743923
90693934 -0.3765278 39.4742611
90693936 -0.3763504 39.4742965
90693931 -0.3764901 39.4744185
87763815 -0.3764087 39.4784254
370899432 -0.3700356 39.4789098
87763810 -0.3755761 39.478318
1287585286 -0.3748034 39.4736423
25767290 -0.3759341 39.470353
330838301 -0.3658695 39.4779303
1342102511 -0.3674881 39.4804973
139643511 -0.3654757 39.473708
139643510 -0.3670035 39.4729859
139643513 -0.3680678 39.4768087
258006761 -0.3689022 39.4810516
139643517 -0.3693038 39.4756625
364683855 -0.3676664 39.4738685
364683858 -0.3723909 39.4786998
90771262 -0.3607206 39.480448
258006765 -0.3688927 39.4816237
60546001 -0.3659409 39.4784707
249528542 -0.3587996 39.4700518
90771281 -0.3596018 39.4813596
249528540 -0.3589661 39.4702644
249528541 -0.3589217 39.4701461
249528544 -0.3584931 39.4700347
106364845 -0.3717666 39.4793557
1326293467 -0.367052 39.4774684
106364840 -0.3711545 39.4808282
60545978 -0.3666009 39.4788469
103166250 -0.3755088 39.4792846
103166257 -0.3749062 39.4776714
90772009 -0.3620089 39.4804529
299218234 -0.3660423 39.4719882
299218239 -0.3650703 39.4724469
84975783 -0.3604328 39.476157
517705069 -0.3631313 39.4807723
1326293264 -0.3722961 39.4825062
903875020 -0.3755321 39.4746971
1326293119 -0.3627181 39.4739211
1326293117 -0.366891 39.477136
1326293114 -0.3739906 39.480811
90772640 -0.3619257 39.4809427
90772480 -0.3630234 39.4812568
95191180 -0.3767122 39.4777408
106396052 -0.3700753 39.4812785
1194423505 -0.3657714 39.4788244
1107859844 -0.3688001 39.4718487
90772739 -0.3606781 39.4821539
57471987 -0.374907 39.4732659
84976284 -0.3629714 39.4723872
299218901 -0.3656087 39.473626
85460111 -0.376041 39.4764369
318120398 -0.3662351 39.4791656
322102330 -0.3599418 39.4687643
34853552 -0.3757401 39.4691505
318120394 -0.3661582 39.4796401
318120395 -0.3662153 39.4793546
318120396 -0.3660885 39.4794837
318120397 -0.3663363 39.4791174
318120393 -0.3661251 39.4795547
258006776 -0.3687509 39.4811471
330824711 -0.3619238 39.4778773
60545950 -0.3645703 39.4760083
132071689 -0.3737481 39.4816962
55597093 -0.3724795 39.4717984
56207851 -0.3701131 39.472544
370899322 -0.3700634 39.4788364
69830305 -0.3682744 39.4774146
79451154 -0.3722722 39.4768489
79451155 -0.3727186 39.4769052
430019798 -0.367099 39.4741447
79451150 -0.3732314 39.4769752
79451151 -0.3734892 39.4770093
79451152 -0.3729862 39.4777451
79451153 -0.3726252 39.476889
430019792 -0.3682618 39.4746676
55597096 -0.3727475 39.4722402
430019790 -0.370038 39.477845
370899420 -0.3700643 39.4785637
430019796 -0.366971 39.4742031
79451159 -0.3740226 39.4770636
430019794 -0.3676193 39.4746317
370899424 -0.3701144 39.4786401
55597231 -0.3751114 39.4709539
84977552 -0.3604514 39.4729958
57472194 -0.375457 39.4714216
318119782 -0.3638799 39.4688704
57472198 -0.3749667 39.4718245
318119785 -0.3606372 39.4693355
60545958 -0.3648974 39.4748115
138318581 -0.3749849 39.4827374
1194423723 -0.3663752 39.4776147
84976047 -0.3606628 39.4733128
69572901 -0.3670932 39.4765426
318120400 -0.3663205 39.4789256
318120401 -0.3663589 39.479041
52749242 -0.3657641 39.4687204
1194423451 -0.3666157 39.4774136
91190288 -0.3649926 39.4737252
257843555 -0.3565632 39.4826577
52749399 -0.3655809 39.4710989
370899336 -0.3701372 39.4785329
52749395 -0.3660266 39.471629
90772592 -0.3633967 39.4826257
52749392 -0.3664149 39.4720778
1274111599 -0.3683692 39.4765292
1274111598 -0.366684 39.4786722
258006733 -0.3678105 39.4816128
258006734 -0.367326 39.4810342
258006736 -0.3667273 39.481855
1274111591 -0.3660376 39.4789892
55597165 -0.3741822 39.4719112
1274111595 -0.3669646 39.4769441
1274111594 -0.3655169 39.4788364
250422678 -0.3615257 39.4690655
364683915 -0.368235 39.4764752
250422677 -0.3615628 39.4689758
250422676 -0.3616056 39.4687003
84976200 -0.3629948 39.4732021
299218338 -0.3651766 39.4717725
55597010 -0.372452 39.4721921
55597015 -0.3716322 39.4720595
524790983 -0.3763625 39.4702619
524790982 -0.3760321 39.4703281
524790981 -0.3761934 39.4704104
524790985 -0.376724 39.4702973
524790984 -0.3763702 39.4703314
139637508 -0.3616219 39.4686328
57471996 -0.3745629 39.4732454
69583415 -0.3759413 39.4792153
322603542 -0.3620777 39.477735
52749429 -0.3658167 39.4708946
60707963 -0.3720745 39.4754539
90771102 -0.3650086 39.4793221
524846166 -0.3757357 39.4707853
249528576 -0.3591365 39.4688356
524846169 -0.37556 39.4704285
249528574 -0.3595047 39.468956
249528573 -0.3595825 39.468992
249528571 -0.3577533 39.4686605
106364855 -0.3719682 39.4797899
903874987 -0.375518 39.474717
903874986 -0.3755335 39.4747832
364683904 -0.3655242 39.4736637
90773033 -0.3568965 39.4786947
281907032 -0.3702247 39.4726236
90773038 -0.3564558 39.4790027
252108713 -0.3553623 39.4692928
103166245 -0.3761576 39.4795626
84975959 -0.3619981 39.4752861
299218220 -0.3655544 39.4727203
364683909 -0.3677789 39.4764559
160792536 -0.3539087 39.4767842
299218228 -0.3650782 39.4727901
52749440 -0.3648861 39.4701426
246128509 -0.375601 39.4740777
246128503 -0.3756131 39.4741279
1326293106 -0.3674203 39.4775041
299219063 -0.3664613 39.4725648
1195041761 -0.3665872 39.4777151
1113172391 -0.3538244 39.4794082
524846188 -0.3749072 39.4699125
524846181 -0.3758238 39.4702405
524846182 -0.3757654 39.4702942
1083021641 -0.3766328 39.4723201
524846184 -0.3749924 39.4703149
524846186 -0.3749236 39.4702698
69830247 -0.3674552 39.4775834
318120360 -0.361649 39.47761
322102324 -0.3613284 39.4692067
318120366 -0.3563435 39.4760671
318120369 -0.3662355 39.4797578
84977490 -0.3604983 39.4731673
90694064 -0.3767149 39.4765827
60708013 -0.3705569 39.4764658
60708014 -0.3708999 39.4764109
60708015 -0.3720638 39.4759582
60708016 -0.3719159 39.4760121
60708017 -0.3715901 39.4767596
60708018 -0.371696 39.4767077
60708019 -0.3727792 39.4761623
299219081 -0.3648538 39.4735575
69583450 -0.3761196 39.4791409
69574889 -0.3727816 39.4826755
132071695 -0.3743327 39.4810343
87761999 -0.3759617 39.4780274
260367744 -0.3590532 39.4693749
79451146 -0.374439 39.47682
260367746 -0.3601883 39.468809
79451144 -0.3736531 39.4778168
260367740 -0.35948 39.4698881
260367742 -0.359584 39.4697817
260367748 -0.3603943 39.4690982
79451149 -0.3729264 39.4769348
79451148 -0.3727681 39.476912
55597225 -0.3754895 39.4713529
55597223 -0.3755765 39.4713047
322616949 -0.3571353 39.4816282
55597228 -0.3746708 39.4709787
106394572 -0.3702493 39.4815305
322612713 -0.359466 39.481165
322612712 -0.3595927 39.4812409
60545952 -0.3648883 39.4760992
60545953 -0.3641858 39.4751623
60545955 -0.3634522 39.4755322
60545956 -0.3634579 39.47569
322612714 -0.3593563 39.4814344
370899328 -0.3700236 39.47858
60545959 -0.3665874 39.4768445
90340131 -0.3669661 39.4727603
57472031 -0.3760212 39.4725327
138318487 -0.3759635 39.4825579
57472035 -0.375975 39.4720782
138318482 -0.3761083 39.4821467
55597171 -0.3737477 39.4714141
258006744 -0.3665052 39.4811486
258006746 -0.3660881 39.4820165
139637509 -0.3617249 39.4687189
258006740 -0.3659737 39.4809939
258006742 -0.3656777 39.4815254
258006748 -0.365745 39.4818954
281907034 -0.3707471 39.472745
257843559 -0.3587548 39.4815044
281907031 -0.3702676 39.4724321
281907030 -0.3702249 39.4724078
281907033 -0.3702589 39.4726534
364683905 -0.3667131 39.4750895
370899226 -0.3693666 39.4787807
370899221 -0.3694749 39.4788803
370899223 -0.3694896 39.4788481
430257073 -0.360795 39.4693453
430257070 -0.3572802 39.4721776
517704996 -0.3638834 39.4790854
1064855580 -0.3750595 39.4814912
1064855582 -0.3766243 39.4810604
55597005 -0.3729276 39.4714319
69572268 -0.3670719 39.4767615
69576908 -0.371186 39.4807489
85576028 -0.3757782 39.479202
524846219 -0.376264 39.4703541
297664726 -0.3644886 39.4712165
249507240 -0.3598631 39.4686931
524846210 -0.3760797 39.4702719
524846213 -0.3766306 39.4701659
524846212 -0.3762721 39.470429
524846215 -0.3766402 39.4702155
524846217 -0.3766573 39.4703035
85462328 -0.3762142 39.4769495
69577166 -0.3714472 39.4822604
258006819 -0.3685236 39.4791403
1326293591 -0.3667981 39.4770652
258006817 -0.3680816 39.4775392
258006816 -0.3682949 39.4776286
258006810 -0.3670805 39.4801058
322603591 -0.362149 39.4784917
1326293599 -0.370769 39.4848908
249528560 -0.3557008 39.4689162
249528561 -0.3570816 39.4691094
249528562 -0.3586266 39.4695684
524846177 -0.3757074 39.4698551
524846170 -0.3759565 39.4704174
524846171 -0.3765356 39.4712664
249528566 -0.3576177 39.4686832
79451128 -0.3743572 39.4769392
106364866 -0.3719289 39.4797226
1107859787 -0.368371 39.4717618
103166279 -0.3756836 39.4779884
103166273 -0.3756529 39.4783284
106364886 -0.3713362 39.4796838
299218217 -0.3649916 39.4726838
299218216 -0.3653734 39.4725046
59766896 -0.3757481 39.4738363
59766891 -0.3758902 39.4734042
59766892 -0.3761193 39.4731832
59766893 -0.37668 39.473918
299218218 -0.3651648 39.4729025
318120346 -0.3614989 39.4783432
246128518 -0.375389 39.4739526
246128519 -0.3754299 39.4740192
246128516 -0.3755162 39.4739585
246128514 -0.3756282 39.4739853
246128515 -0.3755752 39.4739561
246128512 -0.3756358 39.4740344
1326293139 -0.372901 39.4814108
106399687 -0.3708102 39.4804545
90772112 -0.3628021 39.4804806
1107872109 -0.3680706 39.4718818
69577432 -0.3604092 39.4729275
299219078 -0.3668459 39.4725951
299218853 -0.3651524 39.473202
524846198 -0.3755021 39.4691843
524846193 -0.3749377 39.4697562
524846190 -0.3749451 39.4698619
524846191 -0.3756749 39.4697527
524846196 -0.3748617 39.4692078
524846197 -0.3749124 39.4691721
524846195 -0.3748886 39.4697171
84977971 -0.3585934 39.4760578
258006812 -0.3673496 39.4795003
524846174 -0.3756023 39.4710855
524846175 -0.3756022 39.4713266
524846176 -0.3756335 39.4713373
84975710 -0.3594413 39.4744026
103753704 -0.3656878 39.4708998
95191088 -0.3765466 39.4788475
103753701 -0.3653736 39.4704371
103753700 -0.3654764 39.4704882
103753703 -0.3655721 39.470998
249528567 -0.3578984 39.4685773
221230562 -0.3623149 39.4703676
84977376 -0.3602218 39.4730912
85459783 -0.3755683 39.4763076
1096775719 -0.3661079 39.4780399
60708002 -0.3699808 39.4758653
69573507 -0.3589214 39.4703856
60708005 -0.3709763 39.4768556
60708004 -0.3702631 39.476162
57472209 -0.3751949 39.4719027
60707882 -0.3744258 39.4742746
84976365 -0.3628614 39.4722609
60707881 -0.3749281 39.4743486
60707886 -0.3733907 39.4746826
60707887 -0.3735825 39.4738609
60707884 -0.3741762 39.4747328
60707885 -0.3741594 39.4748158
60707889 -0.3727191 39.4746243
69583445 -0.3762331 39.4792351
25767493 -0.3602588 39.4689697
79451178 -0.3752284 39.4760252
79451179 -0.3741245 39.4778256
69830325 -0.3683416 39.4774817
25767494 -0.3606633 39.469211
25767495 -0.3610478 39.4691647
79451173 -0.3750019 39.4760817
25767498 -0.3670465 39.4766067
25767499 -0.3672736 39.476554
79451176 -0.375686 39.4754175
79451177 -0.3754661 39.475713
79451174 -0.3751328 39.4760217
79451175 -0.375799 39.47525
318119813 -0.3605774 39.4693662
318119760 -0.3599834 39.4688043
322616971 -0.3554642 39.4807245
322616970 -0.3556733 39.4805522
524846173 -0.3759698 39.4713156
318120174 -0.3663474 39.4797838
69573430 -0.3720183 39.4810742
299218450 -0.3653655 39.4728175
60545943 -0.3642141 39.4739853
131943299 -0.354645 39.4714969
60545947 -0.3631185 39.4755988
60545944 -0.3637911 39.4742184
60545949 -0.3663449 39.4765466
60545948 -0.3631881 39.4754558
370899359 -0.3701372 39.4788543
57472029 -0.3761277 39.4726883
69575211 -0.3639694 39.4687361
138318492 -0.3759693 39.4827837
57472025 -0.3760294 39.472803
258006757 -0.3682084 39.4810446
258006755 -0.3680452 39.4812958
258006753 -0.3681608 39.4815854
258006750 -0.3656508 39.4820972
258006751 -0.3685143 39.4817251
55597109 -0.3734064 39.4726762
139640509 -0.3619738 39.469037
258006759 -0.3685406 39.4809424
364683935 -0.3687905 39.4824067
1064816379 -0.3692986 39.4755745
1064816377 -0.3686253 39.4773003
1064816375 -0.3697391 39.4757244
364683939 -0.3695654 39.4808331
1064816371 -0.3682954 39.4770404
25767478 -0.3655171 39.4706373
25767479 -0.3682078 39.4718345
430257069 -0.3573936 39.4722135
430257064 -0.3570622 39.4726287
430257065 -0.3578123 39.4726063
430257066 -0.3575099 39.4720721
430257067 -0.3574343 39.4722247
25767475 -0.3688182 39.4720799
25767477 -0.3652273 39.4706773
318119587 -0.3639906 39.4686211
318119586 -0.3637493 39.4686854
1342102543 -0.3663939 39.4799727
321220016 -0.3673494 39.4778513
60708020 -0.3729244 39.4762099
25767319 -0.3748378 39.4698107
25767318 -0.3748649 39.4703942
249507275 -0.3547905 39.4756161
321220015 -0.3677024 39.4776306
249507271 -0.3548594 39.4755966
524846202 -0.3748317 39.4697187
524846203 -0.3748425 39.4699128
524846200 -0.3756936 39.4698117
524846201 -0.3747976 39.4692085
524846207 -0.3760154 39.46975
524846204 -0.3749441 39.4698108
524846205 -0.3758559 39.4697504
69573853 -0.3673201 39.4766367
322603580 -0.3621903 39.4784152
1326293586 -0.3676296 39.4772136
90771124 -0.3652889 39.4787703
258006808 -0.3669692 39.4803367
258006806 -0.3663404 39.480099
258006804 -0.3666297 39.4799376
258006802 -0.3675514 39.4802538
258006800 -0.3675716 39.4805364
1342102381 -0.3666857 39.4805013
249528510 -0.3564597 39.4704028
84977180 -0.3586127 39.4727153
52748779 -0.3670791 39.4702418
132010633 -0.3568226 39.4794429
52748776 -0.3660953 39.4686242
103166263 -0.3755726 39.4784299
103166269 -0.375634 39.4784347
106364895 -0.3700766 39.4800154
299218201 -0.3648548 39.4729062
160792556 -0.3541918 39.476194
59766884 -0.3766431 39.4734411
160792550 -0.3541535 39.4761977
59766889 -0.3764048 39.4736389
59766888 -0.3764295 39.4734971
246128522 -0.3755465 39.4740847
246128520 -0.3754904 39.4740672
106399698 -0.3701326 39.4817779
1326293125 -0.3691544 39.48176
258006723 -0.3683151 39.4822116
299218215 -0.3650494 39.4730682
90772164 -0.3624365 39.4804732
90772698 -0.3613903 39.4826893
299218210 -0.3649803 39.4729821
1326293636 -0.3737526 39.4809968
1326293631 -0.3729994 39.4814204
330838298 -0.3662408 39.4776955
330838296 -0.3659398 39.4783109
330838290 -0.366056 39.4776412
330838293 -0.365755 39.4782566
84977165 -0.3590266 39.471688
139308864 -0.3754722 39.4818107
139308868 -0.3749224 39.4813664
69830342 -0.368459 39.4774873
90772562 -0.3602987 39.4808128
90772567 -0.3621336 39.4822215
297664577 -0.367728 39.4716098
297664576 -0.3681401 39.4717453
297664575 -0.3688091 39.4717695
297664574 -0.3690133 39.4719268
297664573 -0.3701032 39.4723989
84976160 -0.3627028 39.4732474
297664571 -0.3708283 39.4724843
297664570 -0.3709024 39.4722042
297664579 -0.3649505 39.4702372
297664578 -0.3652753 39.4702622
321220009 -0.3680557 39.477573
321220008 -0.3680196 39.4775876
321220005 -0.3679374 39.4774823
321220004 -0.3677933 39.477396
321220007 -0.3679356 39.4775658
321220006 -0.3679172 39.4775177
321220003 -0.3683973 39.4774854
321220002 -0.3677116 39.4769131
79451200 -0.3726548 39.4767614
358023011 -0.375542 39.4748621
358023014 -0.3756808 39.4747587
60707895 -0.3727173 39.4751735
60707894 -0.3727635 39.4748713
60707897 -0.3737958 39.4754041
60707896 -0.3734795 39.4752986
60707891 -0.3732797 39.4750211
330824721 -0.3617282 39.4782561
60707893 -0.3730799 39.4752154
60707892 -0.3731021 39.4750183
60707899 -0.3726058 39.4757565
60707898 -0.3736682 39.4753569
25767487 -0.3613976 39.4686478
25767486 -0.3612765 39.4690606
25767481 -0.3647218 39.4737447
25767480 -0.3649294 39.4736453
25767483 -0.3632505 39.4715748
25767482 -0.3630671 39.4716531
79451164 -0.3740595 39.4767181
79451167 -0.3727821 39.4774845
79451166 -0.3749581 39.4766165
79451161 -0.3732606 39.4768687
79451160 -0.3735131 39.4768953
318119805 -0.3577084 39.4727809
318119807 -0.3580042 39.4722216
318119802 -0.3588203 39.4706114
318119778 -0.3600852 39.4690627
318119808 -0.3582973 39.4716299
139308889 -0.3756302 39.4793813
139308888 -0.3764289 39.4794133
139308880 -0.3750771 39.481419
139308885 -0.3763448 39.4795027
314767828 -0.3734946 39.47041
314767825 -0.3735991 39.4698056
314767827 -0.3730917 39.4697758
85470845 -0.3764398 39.4792648
84976349 -0.3625475 39.4725503
84976431 -0.3635258 39.4719103
299218449 -0.3654284 39.4728904
55597101 -0.3737163 39.4723805
60545976 -0.3661521 39.4790229
60545977 -0.3561072 39.4760968
60545974 -0.3587826 39.4756558
60545972 -0.3641648 39.4768196
60545971 -0.3639711 39.4771818
84976183 -0.3628589 39.473484
131943285 -0.3571858 39.4722678
370899348 -0.3702979 39.4786936
260763326 -0.3566523 39.4751557
260763327 -0.3566949 39.4750552
260763325 -0.3566698 39.4751963
260763323 -0.3562868 39.4760117
57472018 -0.3753891 39.4727662
297664684 -0.3632654 39.4700857
297664686 -0.3634786 39.4699393
297664681 -0.3632131 39.4703637
297664680 -0.3633002 39.4704999
260763329 -0.3574809 39.4734167
55597110 -0.3737369 39.4727407
364683920 -0.3683488 39.4765599
370899206 -0.3698505 39.4786092
1195042176 -0.365565 39.4787689
370899208 -0.3699789 39.4786657
1064816361 -0.3696586 39.475868
1064816360 -0.3683473 39.4770779
1064816363 -0.3693513 39.4755442
25767469 -0.3687328 39.4718495
25767468 -0.3692815 39.4713264
84976239 -0.3615439 39.4723972
258006696 -0.3652337 39.4825547
258006694 -0.3652539 39.4822923
258006692 -0.3654355 39.4821309
258006690 -0.3657854 39.4820636
258006698 -0.3654624 39.4827767
90771331 -0.3606061 39.4805507
90771339 -0.3612253 39.4794591
297664560 -0.3767526 39.4713023
524846235 -0.3766608 39.4707376
524846234 -0.376473 39.4707732
524846232 -0.3764378 39.4707905
524846230 -0.3763495 39.4708353
258006768 -0.3683236 39.4814726
994095182 -0.3569174 39.4793485
258006763 -0.3690572 39.4813098
139640512 -0.3634501 39.4713096
139640514 -0.3649865 39.470647
258006766 -0.368527 39.4815449
139640516 -0.363905 39.4689641
258006833 -0.3668719 39.4815556
258006831 -0.3691426 39.4780908
258006835 -0.3675783 39.4818382
25767324 -0.3759765 39.4713295
1342102392 -0.3662399 39.4802792
249507197 -0.3571901 39.472345
25767326 -0.3755215 39.4703722
249528508 -0.3567502 39.4705228
25767322 -0.3751426 39.4713333
1195042190 -0.3667503 39.4782342
1326293332 -0.3729221 39.4813894
1326293489 -0.3600257 39.4771262
1326293335 -0.3734341 39.4808538
322603481 -0.3661461 39.479738
209237000 -0.3735157 39.4807093
1326293487 -0.3691303 39.4817966
299218288 -0.3657393 39.4727415
90782783 -0.3597089 39.4777334
90772359 -0.3637162 39.4806777
160792564 -0.3542301 39.4761739
35594402 -0.3767534 39.4718294
35594401 -0.3754389 39.4703731
176729456 -0.3562013 39.4789914
90772173 -0.3629846 39.4799735
90772170 -0.3626991 39.4805547
1195041553 -0.3661374 39.4776029
299218300 -0.3656724 39.4715386
299218870 -0.3671974 39.4731787
260367705 -0.3571581 39.4739023
69583419 -0.3760443 39.4792881
299218899 -0.3668343 39.4730312
430698002 -0.3651094 39.470227
84977177 -0.3589324 39.4715901
330838281 -0.3656898 39.4782917
139308871 -0.3750562 39.4813457
90772770 -0.3610524 39.481395
69574051 -0.3731611 39.4801969
69830127 -0.3695529 39.4799047
84977354 -0.3602437 39.4730366
321220018 -0.3678671 39.4780607
321220019 -0.3679567 39.4782651
60708021 -0.3718119 39.47629
321220017 -0.3677314 39.4779804
321220014 -0.3676814 39.4777353
60708022 -0.3712411 39.4770721
321220012 -0.3679803 39.4774622
321220013 -0.3681524 39.4778554
321220010 -0.3680758 39.4774974
321220011 -0.3680307 39.4774648
358023003 -0.3755517 39.4746693
358023006 -0.3755517 39.4746116
87762703 -0.3760173 39.4779308
87762705 -0.3754074 39.4777747
87762704 -0.3757066 39.4778372
69830231 -0.3648134 39.4829483
79451190 -0.3746759 39.4767821
79451191 -0.3745326 39.4770109
79451193 -0.3744795 39.4771019
79451194 -0.3725872 39.4766118
79451195 -0.3726802 39.476628
79451196 -0.3725429 39.4763681
128249443 -0.367753 39.4849866
79451201 -0.3751275 39.4766716
79451202 -0.371967 39.4765228
79451203 -0.3719438 39.4765878
79451204 -0.371754 39.4764985
79451206 -0.3727435 39.4767709
79451209 -0.3721341 39.4765321
297664569 -0.3709758 39.4719418
318120350 -0.3622735 39.4777916
318120352 -0.3618574 39.4776687
318120353 -0.361813 39.477686
297664565 -0.3743436 39.4718803
318120357 -0.3616766 39.4776439
317846166 -0.3684872 39.47497
60545969 -0.3637407 39.477668
60545968 -0.3634547 39.4782219
370899378 -0.3700919 39.4786526
249528543 -0.3586241 39.4700004
370899373 -0.3700751 39.4786783
60545960 -0.3658656 39.476991
1113000555 -0.3555113 39.4759681
370899376 -0.3701863 39.4786432
60545967 -0.3643354 39.4769831
131943278 -0.3572698 39.4723655
57472002 -0.3748066 39.47285
57472006 -0.3752368 39.4730099
297664697 -0.3640479 39.4700497
257846657 -0.3581997 39.4824981
1342102379 -0.3675682 39.4804886
1064816350 -0.368143 39.4768491
25767291 -0.3755013 39.4691331
1064816352 -0.3693268 39.4757051
1064816353 -0.3696251 39.4758473
370899210 -0.3694723 39.4784425
1064816357 -0.3679103 39.4769163
1064816358 -0.3683139 39.4771038
1064816359 -0.3680895 39.4768738
225694255 -0.3758971 39.479475
370899218 -0.3693578 39.4788247
225694251 -0.3760045 39.4792401
258006688 -0.3659872 39.4822452
370899214 -0.3690962 39.4786945
25767458 -0.3724358 39.4697776
25767456 -0.3724079 39.4703421
258006686 -0.3659939 39.4825278
221228397 -0.3675291 39.4717436
90693988 -0.3757225 39.4743424
322089179 -0.3737147 39.4718839
104667509 -0.3637812 39.4742157
221230932 -0.3751696 39.4720815
524846221 -0.3759888 39.4703792
524846223 -0.3759063 39.4692901
524846225 -0.3757372 39.4692156
524846227 -0.3762649 39.4708752
474694115 -0.3601418 39.4813609
106392173 -0.3697604 39.481937
474694111 -0.360219 39.4815927
258006774 -0.3685472 39.4810817
55597120 -0.3737564 39.4726807
90693983 -0.3760452 39.4753233
258006770 -0.3682415 39.48131
258006772 -0.3683321 39.4811474
1342102491 -0.3661994 39.4804199
258006825 -0.3688398 39.4786021
249528539 -0.3587818 39.470465
258006827 -0.3691999 39.4787296
258006821 -0.3692222 39.4779628
258006823 -0.3693108 39.4783599
249528531 -0.3579366 39.4700107
1316020815 -0.3585679 39.4698141
249528537 -0.3584332 39.4704444
249528536 -0.3583732 39.4703141
249528535 -0.3583776 39.4701461
90772968 -0.3551444 39.4776528
1287585250 -0.374213 39.4735275
1326293321 -0.3693115 39.481314
246128499 -0.3754571 39.4742495
246128498 -0.375439 39.4741969
246128493 -0.3756116 39.4742086
322603493 -0.3663384 39.4789798
246128491 -0.3750743 39.4747802
246128490 -0.3753253 39.47511
246128497 -0.3754753 39.4741513
246128495 -0.3755434 39.4741408
246128494 -0.3755934 39.4741607
90772365 -0.3637269 39.4809244
55597209 -0.3756661 39.4737357
1107859750 -0.3679901 39.4719936
160792577 -0.3543141 39.4760571
160792570 -0.3542904 39.4760644
299218260 -0.3646493 39.4725957
90772369 -0.3634916 39.4813921
69576732 -0.3675085 39.4767956
84978214 -0.356812 39.475898
90772141 -0.3626991 39.4798919
139645710 -0.3683511 39.4770472
139645713 -0.3705655 39.4784318
139645712 -0.3705226 39.4784583
139645715 -0.3706513 39.4784318
139645716 -0.3706771 39.4785179
139645718 -0.3713036 39.478816
299218865 -0.3670026 39.4729512
299218867 -0.3668811 39.4728054
299218868 -0.3669141 39.4727887
299218869 -0.3672225 39.4731668
100937003 -0.3661356 39.4732981
1195041504 -0.3666723 39.4783868
1096775713 -0.3660293 39.4781955
299218884 -0.3665044 39.4725432
430019795 -0.3675379 39.4746631
69830110 -0.3696834 39.4798894
109319198 -0.3555581 39.4759813
321220023 -0.3679639 39.4775829
321220022 -0.3676273 39.4775208
321220021 -0.367821 39.477414
321220020 -0.3674785 39.4775971
321220025 -0.3680002 39.4778188
321220024 -0.3678513 39.4777801
321220029 -0.3674548 39.4778869
321220028 -0.3675075 39.4777953
60708023 -0.3753888 39.4748311
69830205 -0.3694224 39.4808182
84977294 -0.3603836 39.47298
79451183 -0.3755252 39.4766824
318120030 -0.3689584 39.4755271
79451181 -0.3746967 39.4765879
79451180 -0.3738757 39.4777715
79451187 -0.3755721 39.476038
79451185 -0.373448 39.4761488
79451189 -0.3745955 39.4769105
69583447 -0.3761044 39.4791954
138318608 -0.3743997 39.4818243
79451212 -0.3733926 39.4777888
79451211 -0.3719355 39.4775109
79451210 -0.3738268 39.4785849
79451217 -0.3734059 39.4776686
79451215 -0.3733073 39.4776585
79451214 -0.373294 39.4777782
79451219 -0.3747552 39.4770934
224086145 -0.3653155 39.4735722
318120327 -0.3615207 39.4783765
1259522955 -0.3705374 39.4850807
260594771 -0.3576351 39.4714555
260594770 -0.357739 39.4714888
260594773 -0.3581769 39.4715554
260594772 -0.3577626 39.4714519
260594775 -0.3575769 39.472532
260594774 -0.3576828 39.4725687
260594777 -0.3571251 39.4726488
260594776 -0.3574796 39.4727523
260594779 -0.3573607 39.472507
260594778 -0.3572764 39.4726922
297664735 -0.363844 39.4717037
297664734 -0.3637019 39.4715556
297664737 -0.3633913 39.4697624
297664736 -0.3639128 39.4717308
84976415 -0.3633243 39.4720166
297664730 -0.3639754 39.47173
297664733 -0.3636316 39.471542
370899365 -0.3699765 39.4786936
69578628 -0.3671658 39.4768061
297664738 -0.3632301 39.4694471
57472077 -0.3747164 39.4718982
57472073 -0.3753662 39.4716591
69578018 -0.3671843 39.4765162
52749300 -0.3685658 39.471803
364683945 -0.368707 39.4804769
364683942 -0.3696083 39.4805599
299218793 -0.3669742 39.4729663
225694260 -0.3760135 39.4787228
90693995 -0.3760509 39.4755021
1064816349 -0.369523 39.4758563
1064816348 -0.3693254 39.4756288
25767441 -0.3737095 39.4711537
25767440 -0.3738022 39.4718754
25767442 -0.3741998 39.4711547
25767444 -0.3743393 39.4718547
25767447 -0.37588 39.4698126
132071677 -0.3732878 39.4819011
25767449 -0.3754038 39.4688139
25767448 -0.3747919 39.4691229
257843560 -0.3591323 39.4811917
258006778 -0.3688417 39.4813237
57472104 -0.3760362 39.4731044
69579161 -0.3627015 39.4718337
1064855528 -0.3755587 39.4804685
474704209 -0.3658266 39.4723961
474704207 -0.3662215 39.4722041
474704206 -0.3660849 39.4722697
474704203 -0.3659864 39.4723171
52749415 -0.3674488 39.4724608
90771318 -0.3651575 39.4818593
90771035 -0.363767 39.4789563
221230921 -0.3751148 39.4720838
52749471 -0.3679903 39.4694147
1287585314 -0.3723732 39.4731624
474694119 -0.3602276 39.4810561
258006780 -0.3687499 39.4814804
474694104 -0.3629743 39.4844309
474694105 -0.3628476 39.484122
55597139 -0.3708787 39.4722029
1342102490 -0.3752884 39.4729274
258006787 -0.3685741 39.4802201
258006789 -0.3687086 39.4803614
1342102486 -0.35827 39.4704021
55597130 -0.3739817 39.4727122
1342102483 -0.3662967 39.480176
319337998 -0.3664258 39.4736524
90772202 -0.3659244 39.480281
249528526 -0.3579274 39.4702797
319337992 -0.367326 39.4747711
319337995 -0.3668773 39.474198
249528521 -0.3577933 39.4713906
249528522 -0.3576779 39.4713646
249528523 -0.3565655 39.4710388
55597036 -0.3710434 39.4716012
90772976 -0.3574381 39.4783311
90772975 -0.3580308 39.4772489
1316020819 -0.3586471 39.4706814
358022996 -0.3753926 39.4747185
52748781 -0.3685696 39.4702621
322603642 -0.3612874 39.4793403
52748784 -0.3700466 39.4702689
52748788 -0.3690981 39.4689342
1113000617 -0.3676022 39.4771646
322603648 -0.3611498 39.4794335
249528530 -0.3578953 39.4701774
258006829 -0.3693692 39.4787297
59766853 -0.3765681 39.4739197
59766854 -0.3765702 39.4737446
160792584 -0.3545368 39.4761137
59766859 -0.3766041 39.473436
84975743 -0.3609773 39.4750182
430019781 -0.3665321 39.4742031
1326293551 -0.3604799 39.4761707
430019780 -0.3659652 39.4734558
60546026 -0.3636953 39.4744269
84978001 -0.3569136 39.4758472
84978007 -0.3584786 39.4763015
299218327 -0.3649877 39.4712379
1342102532 -0.3748566 39.4727627
299218323 -0.3653537 39.4716905
299218321 -0.3657236 39.4721431
95191121 -0.3762657 39.4787582
103166239 -0.3757032 39.4799043
60546015 -0.3623154 39.4772465
90772558 -0.360859 39.4801874
1326293172 -0.3610099 39.4750753
60707910 -0.3753651 39.4742931
60707911 -0.3754505 39.4743366
60707912 -0.3755517 39.4743407
60707913 -0.3756139 39.4738831
60707915 -0.3757022 39.473925
60707916 -0.3757257 39.4742238
60707918 -0.3751704 39.474775
60707919 -0.3754022 39.4738926
321220034 -0.3683989 39.47745
321220035 -0.3683415 39.4772986
321220036 -0.3665463 39.4794291
321220037 -0.3665182 39.4794226
321220030 -0.3683153 39.4772828
321220031 -0.3682526 39.4770521
321220032 -0.3683039 39.4769958
321220033 -0.3682415 39.4773593
1107883743 -0.3637366 39.4686165
59592542 -0.3697925 39.4734594
59592541 -0.3700248 39.4726655
59592540 -0.3700836 39.4726053
59592547 -0.3699375 39.4722604
59592546 -0.3700063 39.4724019
59592545 -0.3700251 39.4724468
59592544 -0.370056 39.4728
69830219 -0.3679327 39.4838496
370899355 -0.3702508 39.4788073
318120026 -0.3685449 39.4762178
84976087 -0.3635372 39.4741635
318120028 -0.369029 39.4754113
59836773 -0.3766796 39.4742466
59836772 -0.3767221 39.4741057
59836777 -0.3767677 39.4739016
59836776 -0.37675 39.4738177
318120337 -0.3579817 39.4773459
318120330 -0.3618031 39.4784661
260594763 -0.3578611 39.4721703
260594760 -0.357563 39.4720838
260594761 -0.3574832 39.4722392
260594767 -0.3581593 39.4715851
260594764 -0.3576514 39.4721051
260594765 -0.3579413 39.4715134
370899391 -0.3702199 39.4787057
297664724 -0.3646695 39.4711118
297664725 -0.3645011 39.471184
370899395 -0.3701979 39.4787587
297664723 -0.3646944 39.4710805
297664720 -0.3646661 39.4705784
370899398 -0.3701449 39.4787807
297664728 -0.3645603 39.4713249
297664729 -0.3646282 39.4714015
57472064 -0.3759797 39.4715249
69583378 -0.3760014 39.4791093
138318617 -0.3747741 39.4813294
84975992 -0.3626698 39.4739068
52749313 -0.3687881 39.4719106
69575037 -0.3603268 39.4692526
52749318 -0.3678142 39.4717456
60550325 -0.3657424 39.4775231
84976262 -0.3618994 39.4728642
1326182059 -0.3573138 39.4821581
25767434 -0.3738791 39.4698287
25767435 -0.3740594 39.4704537
430697971 -0.3698909 39.4730779
25767437 -0.3725109 39.4711938
25767431 -0.3738512 39.4688046
25767432 -0.3738615 39.4691477
25767438 -0.3727268 39.471554
474704211 -0.3657221 39.4724485
52749408 -0.3668935 39.4718315
55597105 -0.3734896 39.4723571
1064855531 -0.3751231 39.4815698
1064855535 -0.3750269 39.4817499
52749405 -0.3656123 39.47093
249507233 -0.3584403 39.4697833
249507232 -0.3580975 39.4704838
90770947 -0.3630113 39.4780893
52748698 -0.36651 39.4694424
1287585308 -0.3729577 39.4732666
258006793 -0.3685673 39.4808728
258006797 -0.3685943 39.479507
994095315 -0.3570014 39.4792649
258006798 -0.3667037 39.4794868
1316020830 -0.3582111 39.4705214
139637510 -0.3637487 39.4686355
69572569 -0.3673409 39.4770435
1342102452 -0.3675084 39.4804106
1287585279 -0.3726948 39.4732211
358022983 -0.3753327 39.4743414
358022984 -0.3755011 39.4743891
358022987 -0.3754768 39.4745523
90771305 -0.3639383 39.4815186
90693946 -0.3761198 39.4743941
1113000623 -0.3721359 39.4795442
193568261 -0.3752093 39.4797205
193568263 -0.3757377 39.4799992
109319097 -0.3587213 39.4696137
1326293543 -0.3665283 39.4768598
1326293542 -0.3671557 39.4774658
1195042250 -0.3662323 39.4774516
84977987 -0.3570278 39.4756103
103166317 -0.3762431 39.4767418
281908485 -0.3650205 39.4702106
281908484 -0.364874 39.4702587
281908486 -0.3654265 39.4703049
281908481 -0.3640094 39.4689816
281908483 -0.3647108 39.4700395
281908482 -0.3646657 39.4700103
281908488 -0.3655051 39.4705205
299218337 -0.3648106 39.4713199
84975869 -0.3602022 39.4766751
25767470 -0.368076 39.4719718
25767471 -0.3680737 39.4722111
1326293302 -0.3722528 39.4825694
84978162 -0.3566265 39.475037
25767473 -0.3686813 39.4724564
209236984 -0.3742154 39.4811654
85578665 -0.3760615 39.479255
85578664 -0.3759156 39.4792484
1326293169 -0.3633313 39.4729227
60707903 -0.3729661 39.4752124
60707902 -0.3729134 39.4758259
60707901 -0.3730115 39.4754514
60707900 -0.3726446 39.4755567
60707906 -0.3730577 39.475837
60707905 -0.3732394 39.4757095
60707904 -0.3729273 39.4754429
60707909 -0.3756468 39.4743078
60707908 -0.3735919 39.4754609
69572889 -0.3675688 39.4771258
318120017 -0.3686404 39.4762675
318120016 -0.3681229 39.4767867
318120015 -0.3680748 39.4768313
318120014 -0.3685033 39.477102
318120013 -0.368456 39.4771475
318120012 -0.3686535 39.4772722
69577540 -0.367267 39.4767752
330838274 -0.366027 39.4776099
69830178 -0.3695836 39.4808643
318120306 -0.3607229 39.48032
318120305 -0.3609827 39.4798028
297664719 -0.3646319 39.4706799
297664718 -0.3644858 39.4707608
297664712 -0.3634015 39.4710016
297664716 -0.363611 39.4711389
1113000566 -0.365016 39.4732079
430019817 -0.3727824 39.4782496
370899386 -0.3701979 39.4786526
430019810 -0.3696079 39.4768745
430019813 -0.3700893 39.4764796
131943242 -0.354502 39.4716227
430019818 -0.3702661 39.4776374
57472059 -0.3754725 39.4715503
57472052 -0.3754058 39.4716786
84977417 -0.36029 39.4731963
1316020813 -0.3587598 39.4707313
1287568744 -0.3713669 39.4729399
297664668 -0.3646596 39.4703999
297664667 -0.3645064 39.4701599
297664666 -0.3641226 39.4695228
299218538 -0.3660148 39.4724864
132071611 -0.3729684 39.4816101
257843547 -0.357976 39.4810678
257843546 -0.3576398 39.4808201
257843545 -0.3572504 39.480767
257843544 -0.3571678 39.4805369
257843543 -0.3564068 39.4799883
257843549 -0.3567578 39.4811622
257843548 -0.3590173 39.4810678
299218770 -0.3652104 39.4734005
25767492 -0.3601977 39.4686031
52749437 -0.3647862 39.4700089
524846208 -0.375988 39.4702601
84976384 -0.363428 39.4721386
69572399 -0.3746728 39.4789424
56207857 -0.3700289 39.4721843
249507229 -0.3572298 39.4722655
370899383 -0.3701449 39.4786307
474694126 -0.3608799 39.4804533
69578929 -0.3638859 39.4845381
1113000589 -0.3681279 39.4771563
1113000581 -0.3585685 39.4697151
1113000584 -0.3546847 39.4776077
106395245 -0.3693373 39.4812594
1316020823 -0.3592074 39.4701306
1316020821 -0.3592665 39.4701852
260763285 -0.3562821 39.4759642
160792614 -0.3548312 39.4755976
221230876 -0.3750995 39.4717734
430019791 -0.3719945 39.4790656
322603629 -0.3617222 39.4784395
370899427 -0.3699234 39.4788477
322603623 -0.3583279 39.4766263
430019797 -0.3669885 39.4754328
1113000633 -0.3639598 39.4845263
90693951 -0.3760421 39.4746248
429766615 -0.3577873 39.4834158
193568272 -0.3751288 39.4813343
429797988 -0.363226 39.4690215
429797989 -0.3638059 39.4690021
193568276 -0.3753415 39.4815843
59766873 -0.3764346 39.4736836
59766870 -0.3762595 39.4732297
59766871 -0.3767122 39.4733128
429797983 -0.3619968 39.4687369
429797986 -0.3636074 39.468676
429797987 -0.3627627 39.4690483
429797984 -0.3625799 39.4687174
429797985 -0.3630558 39.4686955
322603531 -0.3624372 39.4778691
90771191 -0.3556415 39.4784098
1326293577 -0.3729205 39.4815944
322603537 -0.3624849 39.4778585
139645728 -0.3695441 39.4759143
139645720 -0.371398 39.4787895
139645721 -0.3714324 39.478869
139645723 -0.3721644 39.4795715
139645725 -0.3731305 39.478392
281908494 -0.3690234 39.4721007
281908492 -0.3686004 39.4716937
281908493 -0.3690194 39.4718644
281908490 -0.3682151 39.4717644
281908491 -0.3684021 39.4716878
299218345 -0.3655465 39.4716054
299218344 -0.3659125 39.472052
299218340 -0.3655465 39.4722221
299218343 -0.3662588 39.4724894
299218342 -0.3658928 39.4726686
69573110 -0.3663526 39.4794139
90771994 -0.3618097 39.480906
90772089 -0.3621235 39.4803878
1326293377 -0.3738596 39.4809335
1326293373 -0.3631506 39.4755328
84977132 -0.3595686 39.4719685
90772339 -0.3639056 39.4802583
299218983 -0.365455 39.4736954
299218982 -0.3656449 39.4739326
60682664 -0.373108 39.4736027
90772531 -0.3619797 39.4805206
299218299 -0.3650074 39.4718515
260367701 -0.3565277 39.4738693
1195041494 -0.3657372 39.4784124
60707930 -0.3745481 39.4740001
60707931 -0.3749545 39.4740941
59592563 -0.3678168 39.4730441
103753697 -0.3676942 39.4715681
59592564 -0.3679009 39.4730984
59592566 -0.3680119 39.474036
318119701 -0.3577137 39.4728827
79451082 -0.3749822 39.4773377
79451083 -0.374454 39.4759039
79451080 -0.3733627 39.4781938
79451086 -0.3744034 39.4755164
79451087 -0.374515 39.4765568
79451084 -0.3729156 39.4778782
69830163 -0.3697678 39.4800199
297664704 -0.3621759 39.4690642
297664707 -0.3626876 39.4699859
297664701 -0.3641463 39.4702852
297664702 -0.3628361 39.4702601
430019807 -0.367747 39.47686
430019804 -0.3677286 39.476473
430019805 -0.3677122 39.4765063
430019801 -0.3683955 39.4756818
430019808 -0.3688497 39.4770558
430019809 -0.3696847 39.4769266
84977400 -0.3602387 39.4731522
57472046 -0.375527 39.4725583
57472040 -0.3755478 39.472076
318120009 -0.3695398 39.4769999
318120003 -0.3689517 39.4770688
318120004 -0.3693938 39.4770834
69583138 -0.3600312 39.4731264
87753796 -0.3760251 39.4788532
297664671 -0.3652938 39.4710847
297664672 -0.3641315 39.4701817
297664674 -0.3640875 39.4704501
297664675 -0.3639793 39.4705522
297664676 -0.3638474 39.4706134
139641664 -0.3651972 39.4708292
297664678 -0.3635492 39.4706267
260367730 -0.3573164 39.4728059
260367733 -0.3592525 39.4700903
260367732 -0.3586867 39.4696577
260367735 -0.3593617 39.4699948
322612728 -0.3593919 39.4813585
260367737 -0.3588013 39.4695538
260367739 -0.3589323 39.4694597
257843551 -0.357684 39.4800768
55597099 -0.3727143 39.472926
87752827 -0.3756572 39.4789606
87752826 -0.3759074 39.4789599
87752825 -0.3759876 39.4789334
257843557 -0.359091 39.4818171
55597250 -0.3757159 39.4707871
55597254 -0.3751146 39.4714294
55597257 -0.3755816 39.4713613
57472138 -0.3759845 39.4721689
322603518 -0.3634893 39.478156
69578731 -0.3693408 39.4843591
55597078 -0.3723845 39.4729205
52749420 -0.367283 39.4716207
52749425 -0.3666455 39.4712974
55597070 -0.3721084 39.4721372
132010547 -0.3595478 39.4814716
318120862 -0.3622108 39.4777725
106395254 -0.3703724 39.4812695
1342143454 -0.3616186 39.4694613
1342143459 -0.3616264 39.4695548
1342143458 -0.3654708 39.4702212
69572507 -0.3577052 39.4724816
141589269 -0.3676889 39.4847353
1287585219 -0.375361 39.4737594
299218769 -0.365084 39.4732339
85462327 -0.3755289 39.4768733
299218767 -0.3666167 39.4724833
322603635 -0.3649699 39.4794089
116762540 -0.3615895 39.4687935
1326182095 -0.3575801 39.4819416
90771365 -0.3656937 39.4807486
90693963 -0.3762972 39.4744407
59766868 -0.3765833 39.4729686
258006731 -0.3682209 39.4822923
59766861 -0.3764074 39.4735412
59766860 -0.3767342 39.4733348
59766863 -0.3760664 39.4739006
59766862 -0.3761917 39.4734874
106392212 -0.3706618 39.4806768
1195041460 -0.3660766 39.4789222
106392217 -0.3692259 39.4814948
106364905 -0.3697873 39.4799378
322603522 -0.3623152 39.4778345
258006738 -0.3669829 39.4812966
60707977 -0.3706279 39.4749542
59766887 -0.3764651 39.4734683
1326293218 -0.3634554 39.47562
69577933 -0.3557 39.4765509
299218355 -0.3655898 39.4725471
299218351 -0.3651687 39.4711528
95191446 -0.376576 39.4780525
299218194 -0.3664004 39.4724195
299218195 -0.3646335 39.4725198
299218196 -0.3646611 39.4726777
318120031 -0.3689607 39.4754221
79451182 -0.3740935 39.4781357
318120033 -0.3690304 39.4757446
90772059 -0.3620537 39.480413
318120032 -0.3691202 39.4758001
90772504 -0.3633914 39.4805884
95191209 -0.3766316 39.477927
138318601 -0.3748359 39.48183
299218286 -0.3651805 39.4725957
1326293189 -0.366106 39.477632
299218289 -0.3653891 39.472298
90772616 -0.3615398 39.4817656
84976131 -0.3619446 39.4730005
79451099 -0.3734744 39.4763512
79451094 -0.3746851 39.476024
79451097 -0.3736185 39.476382
84977270 -0.3596852 39.4714124
79451092 -0.3744818 39.4757375
1107859817 -0.3669172 39.4726396
57472084 -0.3746225 39.4718409
60707920 -0.3754057 39.4738301
60707923 -0.3752561 39.4743452
60707924 -0.3756648 39.4748863
90694008 -0.3763077 39.4754948
90694009 -0.3760991 39.4754201
90694001 -0.3759532 39.4754755
1195041929 -0.3667428 39.4774238
318120078 -0.3687072 39.477166
1287585294 -0.3738235 39.4734353
299218515 -0.3658023 39.4722312
299218517 -0.3660817 39.4725744
69583431 -0.3761816 39.4793279
69583386 -0.3759756 39.4791556
35594420 -0.3760244 39.4693715
35594421 -0.3765719 39.4693791
35594422 -0.3710196 39.4702919
260367722 -0.3569554 39.4730037
260367723 -0.3570149 39.4728745
260367720 -0.3574779 39.4731372
55597081 -0.3727664 39.4711235
260367727 -0.3574798 39.472876
260367725 -0.3575244 39.472998
260367728 -0.3571395 39.4727956
57472144 -0.376696 39.4723348
55597247 -0.3755765 39.4710782
52749454 -0.364175 39.469004
1064855564 -0.3751173 39.4814626
1064855563 -0.3753091 39.4815686
1064855561 -0.3728512 39.4791134
55597061 -0.3720615 39.4724044
55597067 -0.3724245 39.47248
90770974 -0.3627295 39.4786543
1064855569 -0.3749763 39.4813581
69830056 -0.3694705 39.4809791
258006782 -0.3687019 39.4808728
1342102463 -0.3664588 39.4802072
160792635 -0.3555043 39.475776
1287585220 -0.3755541 39.4737718
1287585221 -0.3706993 39.4728153
1287585223 -0.3701306 39.4726455
1287585224 -0.370195 39.4727076
1287585225 -0.3713591 39.4729478
90693970 -0.3763048 39.4751881
90772993 -0.3566491 39.478102
322603545 -0.3621746 39.4778497
193568254 -0.3752553 39.4796506
1107859726 -0.3682262 39.4717949
84975726 -0.3596172 39.4746079
106392155 -0.3704762 39.4810494
56207729 -0.3736991 39.4719112
56207725 -0.373279 39.4730518
106392158 -0.3701453 39.4811894
56207720 -0.3742938 39.4732005
25767363 -0.3704106 39.4702855
25767364 -0.3710864 39.469762
25767365 -0.3720067 39.4691276
1326293514 -0.3630873 39.4730664
1326293511 -0.3681568 39.477313
1342143468 -0.3615393 39.4693917
1342143469 -0.3653342 39.4699066
322603513 -0.3647557 39.4785223
1064855578 -0.3751722 39.4814323
297664731 -0.3633271 39.4716664
139641661 -0.3650291 39.4732241
139641660 -0.3636589 39.4715294
1342143466 -0.3613245 39.4695958
139641662 -0.3666323 39.4724536
79451138 -0.3739548 39.4762505
90772422 -0.3629422 39.4804531
69576328 -0.3582922 39.4766976
84975830 -0.3585497 39.4761506
141589264 -0.3674622 39.4851497
69576455 -0.3732606 39.478327
1342143465 -0.3650563 39.4697039
370899361 -0.3700236 39.4788073
1326293355 -0.3673038 39.4774739
1334403250 -0.3741795 39.4719388
52749431 -0.3673893 39.4715417
90772511 -0.3632994 39.4807968
84978190 -0.3571463 39.4751871
69573000 -0.3749636 39.4815257
299218949 -0.3656174 39.4739427
1336585211 -0.3751183 39.4707814
299218941 -0.3658538 39.4728625
299218940 -0.3652406 39.473165
139308908 -0.3739519 39.4805927
106398721 -0.3705791 39.4806514
84977087 -0.3596555 39.4739217
139308903 -0.3750156 39.4790815
139308906 -0.3749776 39.4794873
60682648 -0.3723098 39.4737145
60682649 -0.3720138 39.4737145
95191098 -0.3767622 39.4789189
60682645 -0.3737016 39.4738739
60682646 -0.3730755 39.4738056
60682647 -0.3727937 39.4737657
60682641 -0.3753159 39.4741837
60682642 -0.3746836 39.4740276
60682643 -0.3744445 39.4739792
56207860 -0.3699904 39.4721722
79451060 -0.3740524 39.4769543
79451065 -0.3727777 39.4777142
60682644 -0.3742367 39.473928
69830147 -0.3695375 39.4800122
1107859705 -0.3680652 39.4718984
60707954 -0.3741702 39.4754764
59766872 -0.3763939 39.473592
60707956 -0.3746975 39.4755306
90772253 -0.3647345 39.4799226
430019824 -0.3699661 39.4779139
430019825 -0.3727784 39.4792108
430019820 -0.3721708 39.478894
430019821 -0.3726877 39.479205
319338003 -0.369365 39.4757408
319338000 -0.3663726 39.4734928
29173711 -0.3642732 39.4687458
84977469 -0.3604434 39.4732033
252343116 -0.3697888 39.474529
252343117 -0.3698971 39.474361
52749198 -0.3656515 39.4686527
69583423 -0.3760529 39.4793213
69583390 -0.3758383 39.4791093
69583426 -0.3761301 39.4793478
69583396 -0.375804 39.4792418
79451110 -0.3738939 39.4764331
79451111 -0.3734339 39.476302
79451113 -0.3732517 39.4762618
79451114 -0.3743792 39.4775246
79451116 -0.3743183 39.4770159
260367716 -0.3568996 39.4731229
260367715 -0.356842 39.473265
260367713 -0.3572994 39.473397
260367712 -0.3572845 39.4736468
260367710 -0.3567267 39.4734803
84977511 -0.3605258 39.4731153
260367718 -0.3574333 39.4732707
318120286 -0.3609735 39.4797734
322616990 -0.358115 39.4827131
318120284 -0.3611755 39.4793826
55597271 -0.3720051 39.4714716
318120288 -0.3613796 39.4792994
57472207 -0.3750649 39.4719487
106398211 -0.3702599 39.4803654
52749447 -0.3650853 39.4701512
318120347 -0.3662293 39.4789431
1064855571 -0.3765374 39.4811949
87761172 -0.3759907 39.4783516
55597055 -0.3715759 39.4722959
55597053 -0.3715182 39.4725797
55597050 -0.3714874 39.4727025
297664572 -0.370727 39.4727468
25767504 -0.3696562 39.4756761
25767505 -0.3681631 39.4771063
25767500 -0.3695607 39.4756616
25767501 -0.3680466 39.4769737
25767502 -0.3678186 39.476979
55597185 -0.3743946 39.4723373
322612763 -0.3579182 39.4826205
86871064 -0.3764519 39.4752922
86871065 -0.3761878 39.4751394
86871066 -0.3759166 39.4749857
86871063 -0.3765862 39.4753573
160792625 -0.3554769 39.4757778
299218496 -0.3660896 39.4724499
1342102411 -0.3676583 39.4804418
1342102418 -0.3674719 39.480567
1287585236 -0.3735585 39.4733908
322603612 -0.362116 39.4785592
322603619 -0.3599867 39.4771146
257843444 -0.3582992 39.48241
257843445 -0.3591066 39.4826079
90771348 -0.3645 39.4804206
257843449 -0.359386 39.4816932
106392160 -0.3703239 39.4813724
106392166 -0.3697858 39.4818957
90694089 -0.3767559 39.4754429
1342102522 -0.3674395 39.4802854
344612596 -0.3578236 39.4820957
1342102526 -0.3672855 39.4806827
1195041243 -0.3666255 39.4773909
1342143474 -0.3614612 39.4696368
1342143471 -0.3612717 39.4695119
317846171 -0.372594 39.4784608
1326293432 -0.3662224 39.476509
55597085 -0.3720672 39.4714775
69577552 -0.372364 39.4825259
84975919 -0.3633371 39.4728598
85465048 -0.37553 39.4766678
60707890 -0.3732575 39.4746742
387095835 -0.3573245 39.4686217
59592538 -0.369882 39.4737362
59592539 -0.3698363 39.4734242
59592536 -0.3694882 39.4735648
59592537 -0.3700111 39.4730737
59592535 -0.3688934 39.4727706
29834295 -0.3644535 39.4690082
299219025 -0.3653405 39.4735589
60682659 -0.3712337 39.4739446
60682658 -0.3717678 39.4739371
60682657 -0.3708144 39.4739421
60682656 -0.3709317 39.4737225
60682655 -0.3727343 39.4737594
60682654 -0.3726599 39.4739422
60682653 -0.372287 39.4739365
60682652 -0.3723326 39.4735039
60682651 -0.3704938 39.4731737
60682650 -0.3711752 39.4732978
60707953 -0.3740361 39.4754571
358022979 -0.3755779 39.4743905
69830286 -0.368101 39.4773978
79451073 -0.3720801 39.4773438
79451070 -0.3735647 39.4765899
84977211 -0.3609619 39.4695794
79451075 -0.3750547 39.4770642
84977184 -0.3592149 39.472897
69573244 -0.3582484 39.4714134
84977188 -0.3619829 39.4708642
1194423579 -0.366372 39.4776407
60707942 -0.3750152 39.4750701
60707941 -0.3755381 39.4751518
84977329 -0.3603028 39.4729936
330838309 -0.366125 39.4779943
330838306 -0.3660983 39.4779869
90694025 -0.3762811 39.4758999
330838302 -0.3659101 39.4779394
90694020 -0.376374 39.4755611
319338005 -0.3698178 39.4766937
260367708 -0.3566504 39.4736209
35594400 -0.3767505 39.4712765
79451108 -0.3729018 39.476315
56207864 -0.3694106 39.4713943
257843462 -0.3593152 39.4816519
35594404 -0.3765822 39.471188
56207867 -0.3698717 39.4722024
260367700 -0.3570967 39.47403
79451102 -0.3743292 39.475964
35594408 -0.3766577 39.4710897
260367703 -0.3565983 39.4737501
79451106 -0.3741707 39.4764895
260367706 -0.3572176 39.4737774
79451104 -0.3746759 39.4760587
55597263 -0.372084 39.4703304
258006783 -0.3684126 39.4808526
55597267 -0.3718632 39.4703224
322616986 -0.3577925 39.4823547
322616984 -0.357548 39.4823766
322616985 -0.357587 39.4822891
258006785 -0.3684261 39.4803547
69573462 -0.3670366 39.4766985
322616988 -0.3577677 39.4825298
55597041 -0.3709527 39.4719386
52749279 -0.3701961 39.4704833
52748676 -0.3676618 39.4689342
52749272 -0.3649554 39.469844
69572681 -0.3736215 39.48057
84976328 -0.361683 39.4736142
1107872119 -0.364294 39.4690452
55597192 -0.3741483 39.4705582
322612757 -0.3581947 39.4823883
60545995 -0.365897 39.4775737
60545997 -0.3656404 39.4778276
60545990 -0.3650704 39.4781108
60545992 -0.3649343 39.4781493
60545993 -0.3647185 39.4785944
109319191 -0.358516 39.4698825
85458486 -0.3761473 39.4790061
258006700 -0.3658055 39.4827162
69576838 -0.3723641 39.4812019
90694015 -0.3765837 39.4756431
69579092 -0.3677972 39.4848989
221230838 -0.3751635 39.4722531
257843474 -0.358933 39.4825736
430697995 -0.3697436 39.4722468
430697991 -0.3695514 39.4736416
430697993 -0.3699224 39.4735242
1064855540 -0.3752549 39.4805101
1064855541 -0.3752943 39.4815784
1064855543 -0.3751027 39.4816036
430697998 -0.3690189 39.4720124
1064855546 -0.3749651 39.481751
106392179 -0.3705589 39.4798946
193568238 -0.3722783 39.4796387
249528520 -0.3567599 39.4706647
52748700 -0.3660087 39.4686971
193568232 -0.3732524 39.478441
903874959 -0.375582 39.4747362
322105718 -0.3589768 39.4704596
322105719 -0.3583978 39.4714514
344612588 -0.3579012 39.4810106
344612586 -0.3569009 39.4818354
430697973 -0.3699129 39.4729179
344612585 -0.3561885 39.4823831
430697977 -0.3698815 39.4731584
430697975 -0.3699462 39.4727846
1326293534 -0.3662206 39.477442
322603570 -0.3619334 39.478335
1195042026 -0.3662675 39.4785434
90772441 -0.3632155 39.4807833
103166299 -0.3763045 39.4772943
103166295 -0.3761298 39.4776225
103166290 -0.3755419 39.4774832
322612711 -0.3596349 39.4812285
1326293401 -0.3648285 39.4760195
106364829 -0.3696165 39.4808778
1083021636 -0.3766842 39.4722319
59766881 -0.3767567 39.4734954
1083021630 -0.3765492 39.4712903
90773004 -0.3571542 39.4770114
314767826 -0.3734648 39.4700071
69576546 -0.3758204 39.4794519
69573063 -0.370516 39.4820884
35594392 -0.3738956 39.4703586
35594393 -0.3739252 39.4704204
35594390 -0.3727848 39.4697577
35594396 -0.3727551 39.4703467
35594397 -0.3763245 39.4703058
35594394 -0.3760378 39.4701744
35594398 -0.3760764 39.4704215
84977062 -0.3600004 39.4747229
1064855590 -0.375199 39.4813296
299218448 -0.3654639 39.4726048
60682662 -0.3717727 39.4737374
60682663 -0.3712586 39.4737275
60682660 -0.3702428 39.4738098
60682661 -0.3717764 39.4735953
60682667 -0.3744782 39.4737973
90772661 -0.3617477 39.4819252
60682665 -0.3728559 39.4735652
322612715 -0.3594403 39.4812387
358022995 -0.3753458 39.4746722
358022992 -0.3753552 39.4746144
358022990 -0.3754057 39.474574
79451043 -0.3730282 39.4775012
370899342 -0.3702508 39.47858
79451049 -0.3730771 39.4766852
60707972 -0.3717554 39.4746743
60707973 -0.3714545 39.4751818
60707970 -0.3710177 39.475705
60707971 -0.3709078 39.4753963
60707976 -0.3706206 39.4750223
358022999 -0.3754618 39.4747329
60707974 -0.3717606 39.4741956
60707975 -0.3717606 39.4743447
60707978 -0.3710203 39.4745095
60707979 -0.3709052 39.475072
57472089 -0.3755457 39.4723614
60707999 -0.3697744 39.4739289
131943282 -0.3573652 39.472263
297664580 -0.3654115 39.470418
297664581 -0.3648098 39.4701666
60707990 -0.370675 39.474452
60707991 -0.3704997 39.4761157
60707992 -0.3704683 39.4749441
60707993 -0.370442 39.4750624
60707994 -0.3697913 39.474977
60707995 -0.3697932 39.475192
60707996 -0.3703551 39.4738358
60707997 -0.3698596 39.4749859
90694033 -0.3766163 39.4758709
90694035 -0.3755916 39.4760096
35594370 -0.3766784 39.4692325
35594371 -0.3759979 39.4692289
69830059 -0.3685263 39.4774214
322616991 -0.3578182 39.4821315
297664688 -0.3638391 39.4699307
69583409 -0.3758726 39.4792616
69579247 -0.3721209 39.4796825
90376798 -0.3617599 39.4783622
35594415 -0.3766643 39.4703394
35594414 -0.3763042 39.4703733
35594417 -0.3766731 39.4694368
35594411 -0.3761836 39.4701928
35594410 -0.376761 39.4722424
35594413 -0.3759386 39.469586
79451136 -0.3748069 39.4781628
79451132 -0.3747301 39.478008
35594418 -0.3766785 39.4701051
84977530 -0.3605133 39.4730482
370899407 -0.3700699 39.4787057
370899401 -0.3700919 39.4787587
55597219 -0.3765206 39.4725841
55597216 -0.3746783 39.4711255
55597212 -0.374616 39.4704126
55597213 -0.3751226 39.4711074
56207869 -0.3691275 39.4719431
297664682 -0.3632005 39.4702389
59766855 -0.3767075 39.4737209
1064855575 -0.3751839 39.4813572
52749269 -0.3650536 39.4700174
90770924 -0.3659982 39.4795781
1064855574 -0.3727786 39.4789599
52749264 -0.3652556 39.4702184
69574942 -0.3662677 39.4791486
69575419 -0.3673122 39.4767143
299218495 -0.3659282 39.4725198
299218494 -0.3657236 39.4722707
1107859767 -0.3680116 39.4721883
299218493 -0.3658889 39.4721917
55597059 -0.3719641 39.4728174
370899315 -0.3702683 39.4787866
322612746 -0.3582167 39.4823641
60545986 -0.3658099 39.4775467
60545985 -0.3625517 39.476773
60545984 -0.3620413 39.477812
60545982 -0.3669297 39.4770631
60545981 -0.3672076 39.4776219
60545989 -0.3659436 39.4783644
60545988 -0.3662812 39.4776812
55597142 -0.3708066 39.4724816
160792645 -0.3555225 39.4757614
1342102437 -0.3581596 39.470361
322100197 -0.3645904 39.4698889
322100196 -0.3645261 39.4699115
322100194 -0.3642688 39.4695292
322100192 -0.3641521 39.4695668
84977440 -0.3603672 39.4732158
257843464 -0.3599995 39.481823
90693921 -0.3766653 39.474973
90693926 -0.3763607 39.4749432
90693927 -0.3764081 39.4747268
90693924 -0.376652 39.4750816
257843463 -0.359675 39.4827432
1064855558 -0.3749986 39.4814289
1064855556 -0.3766825 39.4809666
225694248 -0.3760627 39.4791279
106392187 -0.3706353 39.4805308
84975755 -0.3599384 39.4771976
106364835 -0.3698094 39.4804148
322105721 -0.3578599 39.4725212
1326293526 -0.3704999 39.482123
364683849 -0.3662326 39.4733231
1326293520 -0.3659817 39.4763118
322102321 -0.3611311 39.4692888
517705076 -0.3595865 39.4799575
249528558 -0.3583332 39.469825
100949354 -0.363828 39.4741444
249528555 -0.3567921 39.4697163
249528557 -0.3584075 39.4698431
55597189 -0.374422 39.4727069
103166283 -0.3754852 39.4779625
903874960 -0.3754892 39.4747251
