394053128 16.36148841 48.20894007
394053129 16.36163266 48.20891744
66846572 16.37592012 48.21222083
66846571 16.3769231 48.21180802
33196572 16.37014138 48.20928943
59987222 16.37817921 48.21597307
33196571 16.3704744 48.20951063
33196574 16.36971231 48.20921131
33196575 16.37167753 48.209704
441696305 16.36430389 48.20776476
246841221 16.3624136 48.20803441
441696308 16.36484939 48.2080909
1385229981 16.36105833 48.20921609
727460323 16.3811537 48.21380451
727460326 16.38095404 48.21355054
984584559 16.36674378 48.21600953
33196469 16.36250941 48.2120428
343853196 16.3622007 48.21397433
425725712 16.38295438 48.21365062
425725710 16.38311179 48.21312633
321550718 16.37847719 48.21352547
151008370 16.3704718 48.21279826
321550717 16.37813772 48.21361273
321550716 16.37823679 48.21350687
60483924 16.3644468 48.21387332
453543720 16.37412564 48.21417432
453543721 16.37430308 48.21395186
60483922 16.36322464 48.21325449
122507849 16.36991407 48.21743278
878478175 16.37134771 48.21407734
95035509 16.38631737 48.21191389
123642874 16.38704022 48.21210223
1238332956 16.37486593 48.21239241
1238332957 16.37468748 48.21269089
1238332950 16.37493692 48.2126551
1238332958 16.37477733 48.21280262
60483813 16.36505449 48.21367769
319741252 16.38464526 48.20978421
291169172 16.36206584 48.21394013
1284017106 16.36231352 48.21263364
319731453 16.36275609 48.2127483
319731450 16.36278492 48.21203542
319731451 16.36260236 48.21208739
151007860 16.36767409 48.21723774
413584596 16.37020877 48.21777753
151007862 16.36811917 48.21675402
413584591 16.37130312 48.21635638
600738704 16.3829745 48.21155447
413584593 16.37064899 48.21720438
1089320591 16.37400552 48.20850279
413584598 16.37024892 48.21758332
293284270 16.37631046 48.21709491
413584475 16.36389418 48.21436693
283092475 16.36755381 48.21026382
1190103677 16.3753354 48.21264479
60211672 16.38712832 48.21194699
60571021 16.36161699 48.21272601
1186349634 16.37562172 48.21641564
1138847764 16.38209037 48.21427959
1089298568 16.37274824 48.20921324
33182887 16.3665339 48.20820556
33182886 16.3662837 48.2078091
33182885 16.36678007 48.20813532
60484066 16.36853399 48.21278711
33182889 16.36687873 48.20797028
33182888 16.3662847 48.20813323
76531133 16.38617672 48.21167282
1089320609 16.37427911 48.20858141
1190103704 16.37460667 48.21255259
60060342 16.38062136 48.20850203
293040461 16.38720048 48.2164635
60060344 16.38112947 48.20926269
984606040 16.36335313 48.21632159
984606041 16.36168631 48.21558608
984606042 16.36233842 48.2158766
1168799335 16.38649381 48.21218747
59983242 16.38080652 48.21721368
283085593 16.38230671 48.21547854
685044 16.37660576 48.21226601
1129243925 16.38132972 48.21520672
685048 16.38287911 48.21136713
283085598 16.37733691 48.21780192
59982665 16.37556833 48.21693389
298076031 16.36529421 48.21545281
298076032 16.36460027 48.2151369
413584577 16.3832454 48.21122934
333802909 16.3853532 48.21065157
1123199403 16.37565567 48.21242392
60211299 16.3867347 48.21437314
286408037 16.37987453 48.20962001
1123199391 16.37499241 48.21302549
122535214 16.37486861 48.21287437
291220558 16.37696509 48.21001497
313579076 16.366019 48.20789569
313579077 16.36599754 48.20797624
344480415 16.36098684 48.21380459
344480417 16.36109287 48.21415169
308239364 16.37858338 48.21137166
308239366 16.37936081 48.21126823
313579078 16.36601363 48.20806198
60657214 16.38402802 48.21497202
60657216 16.38355159 48.21549933
60657211 16.38445306 48.21470942
60657210 16.3837945 48.21532867
560171493 16.38584697 48.20818209
122577639 16.36653926 48.21603208
1086399433 16.36987149 48.21018202
59986786 16.37795441 48.21445779
59986787 16.37588902 48.21467916
60430181 16.37008346 48.2137393
213287652 16.3609689 48.20775269
342294519 16.38650671 48.20864251
342294518 16.38618661 48.2086612
342294514 16.38613758 48.20823574
213287663 16.36062013 48.20804547
66846569 16.37701521 48.21178237
66846568 16.37842136 48.21150703
151008492 16.36949757 48.2132689
66846560 16.38252464 48.21112129
66846562 16.38209859 48.21127401
66846567 16.37896954 48.21144542
330374249 16.38707702 48.21202721
330374247 16.3867093 48.2117703
314817920 16.37460726 48.20905138
264872663 16.36143569 48.21242242
33196563 16.37080909 48.20892582
33196562 16.37090506 48.20926403
59987788 16.3757503 48.21458637
614650419 16.38242582 48.20871979
1138847968 16.38180941 48.21438319
319774693 16.36402368 48.2189717
321550679 16.37965342 48.21507328
1385229945 16.36253447 48.20875014
1168799107 16.38643136 48.21226869
1385229943 16.36251972 48.20872097
95029397 16.36877228 48.2193804
293035724 16.37924941 48.21268502
1238332943 16.37519039 48.21244957
1238332942 16.37458564 48.21302147
1238332941 16.37513012 48.2122324
1238332940 16.37501336 48.21229954
1238332947 16.37514211 48.21223416
1238332946 16.37539952 48.21234748
1238332944 16.37479183 48.21249106
1139230875 16.38024367 48.21369538
319741741 16.38275531 48.21083782
60483807 16.36624707 48.21353461
60483806 16.36584977 48.21335272
278114279 16.38448181 48.2091383
278114277 16.38489781 48.21102901
1249093241 16.3734312 48.21047941
445263795 16.38241601 48.20985898
1139230898 16.38133089 48.21528442
1139230899 16.38112168 48.21471746
445263791 16.38265364 48.21075366
1139230892 16.38030629 48.21387324
319723720 16.36859408 48.21263842
1139230894 16.38104138 48.21449719
392742 16.37245579 48.21528618
1138847682 16.38211921 48.21409846
1284017116 16.36223733 48.21268619
60211849 16.37519743 48.20878341
546942300 16.37752584 48.21274361
546942302 16.37943834 48.21230172
35589582 16.37186462 48.20788144
84546043 16.38707886 48.21111677
307483329 16.36154021 48.20809937
307483328 16.36138347 48.20860303
1184383346 16.3830211 48.2137486
560171484 16.3857396 48.20769309
560171487 16.38601294 48.20800406
1138847975 16.38222909 48.21423081
60571019 16.36194497 48.21262861
60571016 16.36186518 48.21237171
60571017 16.36154029 48.21240674
380430520 16.36943026 48.21981743
368245011 16.38656572 48.20929094
1138847751 16.38206623 48.21463733
34924793 16.38401796 48.20828997
48210186 16.37567227 48.20778672
309434103 16.38544012 48.2112383
1190103713 16.37523632 48.21293514
276449503 16.36914017 48.21165237
60060365 16.37745878 48.20885248
32665895 16.3705448 48.21027631
716863728 16.36068006 48.21546614
984606035 16.36557727 48.21706037
1238332954 16.37518243 48.21251386
984606037 16.36543109 48.2172006
984606036 16.36178798 48.21548332
984606031 16.36503002 48.2167888
321920733 16.38249807 48.21602789
984606039 16.36487763 48.21693817
984606038 16.36538013 48.2171768
277119752 16.38423413 48.21055107
48210167 16.37476912 48.20818176
283085584 16.38225172 48.21547318
33196463 16.36445409 48.2094838
283085580 16.37745208 48.21694051
283085588 16.3774696 48.21737604
1068425324 16.36321609 48.20966552
298076040 16.36359369 48.2146515
333802910 16.38550768 48.21056012
333802911 16.38580808 48.21053724
333802912 16.38593691 48.21044571
333802913 16.38591973 48.21025117
333802914 16.38602266 48.21014832
333802915 16.38664074 48.21010817
333802916 16.38671794 48.21015972
333802917 16.3867523 48.21041713
333802918 16.38669221 48.21047429
333802919 16.38680377 48.21053724
1123199380 16.37418113 48.21276842
1123199388 16.3749712 48.21311753
685149 16.36057537 48.21580996
1019888971 16.36156896 48.20803617
60431543 16.36699473 48.21089364
309444275 16.38227897 48.20896413
1139209402 16.38000504 48.21387399
1251424108 16.37673157 48.21203358
470371574 16.38134497 48.20986359
470371577 16.38221149 48.20984322
470371576 16.38226069 48.21006827
470371571 16.38134841 48.21008319
1086399409 16.36992647 48.21002888
470371573 16.38177169 48.20985261
470371572 16.38179248 48.21007934
418137102 16.38524297 48.21291997
319044999 16.3731131 48.20795528
66846515 16.36172377 48.21344023
1139209533 16.3805885 48.21521057
314817919 16.37423158 48.20858728
282997741 16.37015622 48.21362187
70768248 16.38471978 48.20978564
471037184 16.3773173 48.20867269
282997745 16.37169648 48.21427733
1139209627 16.38035222 48.2139952
1185302774 16.37293164 48.21800971
1374093380 16.36551734 48.21704973
1374093381 16.36670883 48.2159341
78139595 16.37668874 48.21235788
984584685 16.36470874 48.21503028
59838945 16.38696579 48.2160957
1238332939 16.37481681 48.21251193
1238332936 16.37462981 48.21302331
1238332937 16.37502921 48.21250908
321687173 16.37954764 48.21565842
1238332932 16.37545861 48.2123593
1238332933 16.37462579 48.21301259
1238332931 16.37439109 48.2129089
122575709 16.36655326 48.21610869
1139230864 16.38041969 48.21377534
122575706 16.36660573 48.21578071
60483830 16.36478753 48.2135611
445263786 16.38294139 48.21113713
445263784 16.38263042 48.2112492
445263785 16.38293141 48.21124493
445263782 16.38353801 48.21121358
445263780 16.38526301 48.21115901
445263781 16.3852299 48.21108642
413745252 16.36078391 48.21394968
560472372 16.38518531 48.21120411
1139230884 16.38021777 48.21426174
413745254 16.36178077 48.21446877
445263789 16.38267543 48.21084343
319731452 16.36203097 48.2123826
33195122 16.37428213 48.21219577
716871302 16.36211881 48.21426409
425738294 16.3827906 48.2138092
289464496 16.36791934 48.20773333
1039430953 16.36281753 48.21236768
307483330 16.36200331 48.20815343
307483331 16.36184783 48.20866389
285534526 16.37002462 48.21757737
560171499 16.38585661 48.20815293
559782497 16.36244076 48.21366948
560171490 16.38234577 48.20873446
560171491 16.3834619 48.20840137
560171494 16.38590799 48.20821034
445263772 16.38541313 48.21118231
368244918 16.3868207 48.20928281
368241904 16.38635592 48.20796919
123431340 16.38519671 48.21104804
1190103725 16.37606462 48.21242703
60060362 16.37526432 48.20981891
1190103720 16.37550186 48.21277353
60060364 16.37673501 48.20921877
1190103722 16.37595733 48.21241672
60144106 16.37896962 48.20920544
600738723 16.38496436 48.21112607
984606027 16.36428352 48.21642762
984606023 16.36355572 48.21612177
984606020 16.36136553 48.21514209
984606021 16.3625509 48.21568071
444236768 16.36785748 48.21491897
151007863 16.36845193 48.21688779
151007931 16.36885904 48.21155229
151007930 16.36851999 48.21146294
413584597 16.3702563 48.21766429
330479802 16.37168768 48.21761433
330479800 16.37173244 48.21761953
413584592 16.37070088 48.21713497
413584557 16.37668656 48.21212083
716863740 16.36175839 48.2144412
667513940 16.38689169 48.21180961
283103955 16.37579942 48.2104012
1376346330 16.37484531 48.21260849
1362648879 16.367559 48.21312893
1362648878 16.36894696 48.21390769
685151 16.36419543 48.21651421
685150 16.36126277 48.2152441
685152 16.36312489 48.21511418
1138847720 16.38246144 48.21481847
1139209432 16.38108647 48.21387483
60143829 16.37856084 48.20821646
190679337 16.37101746 48.21930052
1385229888 16.36143259 48.20837278
1179555808 16.38418652 48.21049257
1251424113 16.37666284 48.21197541
1251424112 16.37677817 48.21187206
1251424114 16.37662143 48.21214221
342294533 16.38576383 48.20869456
342294532 16.38543467 48.20871166
342294530 16.38545839 48.20887394
318696937 16.36086739 48.21215109
339438489 16.36585991 48.21187717
639717211 16.37720674 48.21294033
339438485 16.36547417 48.21190978
339438487 16.36552052 48.2118765
716863729 16.36177943 48.21437071
339438483 16.36472491 48.21189712
68162189 16.36093328 48.21392429
1139209508 16.38127163 48.21409796
314246318 16.38113601 48.21300487
314246316 16.38032313 48.21272626
314246310 16.38124003 48.21289088
59988315 16.37896049 48.21005369
59988314 16.37791292 48.2103432
32666782 16.3738052 48.21215478
32666783 16.37426461 48.21214389
32666780 16.37399773 48.21182152
32666781 16.3740937 48.21196099
289471806 16.38224678 48.20987331
289471807 16.38199448 48.2089684
32666784 16.37463433 48.21196367
32666785 16.3745252 48.21182931
657843389 16.36407708 48.20792418
95041878 16.36991767 48.21809043
1385229869 16.36150568 48.20809593
1385229866 16.36199409 48.20806978
1385229867 16.36275642 48.2080733
298388870 16.36238687 48.21415143
59838952 16.38576617 48.21660926
1238332929 16.37489057 48.21243834
1238332928 16.37471304 48.21246919
59838954 16.38503443 48.21689659
1238332924 16.37482896 48.21261721
57448226 16.37995366 48.21055543
1238332926 16.37499702 48.21252627
1238332921 16.37471028 48.21280354
1238332920 16.37514479 48.21245234
1238332923 16.37517304 48.21221806
1238332922 16.37502242 48.21254747
60483828 16.36379603 48.21445964
319044697 16.37434281 48.20857571
32666494 16.37361359 48.2106799
32666495 16.37216871 48.21136219
1089320595 16.3739233 48.20854688
425725692 16.38312101 48.21151357
293282305 16.37552248 48.21643249
1376346284 16.37786388 48.21101468
1376346285 16.37780303 48.21106254
1376346287 16.37704329 48.21107561
1251424111 16.37679972 48.2119796
57520636 16.3719067 48.21620752
730979053 16.37534093 48.21326748
57520632 16.37235178 48.21626493
57520633 16.3721496 48.2161475
60143681 16.37728704 48.20864142
48210254 16.37594786 48.20812091
1237716037 16.38397731 48.20823884
293282878 16.37620318 48.21691973
1237716035 16.38386692 48.2082758
302334063 16.3607182 48.21179084
302334064 16.36073974 48.21170593
278114458 16.3851952 48.21107997
60432784 16.36572907 48.21153293
60432785 16.36697453 48.21253373
60432788 16.36758717 48.21319288
59984953 16.37883467 48.21581818
59984952 16.37724513 48.21619276
59984954 16.38027058 48.21546622
1190103647 16.37554176 48.21249827
291697096 16.36712021 48.21561751
291073103 16.38208392 48.21364592
319711763 16.36332773 48.20775126
1190103738 16.37557319 48.21281922
344480055 16.36110972 48.21211933
1190103736 16.37496961 48.21288719
1138847649 16.38229053 48.21456299
293040450 16.38737583 48.21630567
293040453 16.38743107 48.21661052
95042240 16.37149984 48.2166184
716863735 16.36184171 48.21458729
716863731 16.36196911 48.21436006
444236776 16.36446382 48.21339891
444236773 16.36451721 48.2130389
444236778 16.36466808 48.21312096
59982635 16.37552466 48.21705333
287077570 16.38496436 48.21134308
685093 16.36374792 48.2145023
685094 16.36542212 48.21528701
413584524 16.37837769 48.21157559
331117427 16.37433829 48.2141314
27028168 16.36281451 48.21683423
27028169 16.36428931 48.2175472
368245164 16.38557406 48.20775093
60144423 16.37413394 48.20860169
1283994940 16.36703572 48.21387768
543867923 16.38730802 48.21636074
1184383487 16.38029204 48.21260414
307524768 16.36855922 48.21195898
353282301 16.37050281 48.21749833
395757 16.37347302 48.21439878
619522918 16.36129001 48.21475879
619522919 16.36114559 48.21467111
984606010 16.36443666 48.21794458
307524765 16.36865008 48.21170953
307524766 16.36877388 48.21182772
17322919 16.36972782 48.2086493
17322918 16.36916783 48.20898852
17322917 16.36875401 48.20964851
17322916 16.36865502 48.20958631
17322915 16.36853373 48.20940719
17322913 16.36786821 48.20894099
1139209429 16.38044568 48.21528048
1385229893 16.36131926 48.20838418
1385229891 16.361332 48.20838259
1089320600 16.37399312 48.20857739
66867735 16.37763548 48.21340243
1089320605 16.37415816 48.20849751
342294524 16.38626632 48.20925573
342294527 16.38588243 48.2092756
342294521 16.38652247 48.20879842
342294529 16.38581571 48.2088555
1346723685 16.37978954 48.212581
1139209517 16.380301 48.21384139
339438491 16.36643616 48.21209862
394053160 16.36114366 48.20773157
394053161 16.36121432 48.20796383
68162193 16.36207288 48.21407658
68162192 16.3619868 48.21389738
68162191 16.36164071 48.21373636
68162190 16.36133184 48.21379336
68162197 16.36133293 48.2140848
68162196 16.36167792 48.21424883
68162195 16.36185688 48.21424414
97980109 16.36088189 48.2083965
97980106 16.36079917 48.2085742
97980104 16.36103503 48.2086167
97980105 16.36090729 48.20861561
321689929 16.37568626 48.21469626
321689928 16.37600737 48.21483657
308238888 16.36940772 48.21180199
32666794 16.37582951 48.21137342
339438546 16.36473858 48.2117242
339438549 16.3644639 48.21159831
1374093363 16.36524526 48.21730789
59983302 16.37493022 48.21771534
1374093361 16.36517896 48.2170499
1385229871 16.36203424 48.20815661
1129243880 16.38122394 48.21520747
1374093369 16.3652497 48.21710362
1385229874 16.36312414 48.20817002
1385229877 16.36326906 48.20824127
1238332911 16.37462042 48.21273908
1238332913 16.37517698 48.21243801
1238332914 16.37523867 48.21242283
1238332918 16.37512283 48.21246718
66274441 16.36167994 48.21372974
32666482 16.37489141 48.21115842
32666487 16.37385708 48.21089507
32666486 16.3744299 48.21130963
32666489 16.3742538 48.21067814
32666488 16.37375792 48.21029576
293036773 16.37757781 48.21736891
59982666 16.37758476 48.21686441
425725682 16.3829672 48.2109498
27027274 16.37311721 48.21759204
1376346294 16.38291188 48.21124241
1376346292 16.3826419 48.21116488
1376346290 16.38274366 48.21115851
392790 16.36619929 48.21653709
122551339 16.38267602 48.21087956
1139209362 16.38058624 48.21527142
1139209364 16.38054089 48.21364299
330479793 16.37275218 48.2168028
330479792 16.37273282 48.21676692
330479790 16.37267683 48.21677019
60637360 16.38298556 48.21310822
559267437 16.37311688 48.21021982
100042082 16.36954459 48.21861639
559782458 16.36257043 48.21409913
1190103694 16.37560873 48.21270321
1190103696 16.37494447 48.21307813
1190103690 16.37494371 48.21292826
264065194 16.36161472 48.21344358
1190103693 16.37511311 48.21300303
293282514 16.37485 48.21762389
123430226 16.38415383 48.20824194
313165446 16.36181019 48.21332867
1190103747 16.37500347 48.21315022
1191318020 16.36462626 48.21153502
601146716 16.38543702 48.21141516
283085555 16.38201058 48.21547058
48210154 16.37472612 48.20847311
283085556 16.37653837 48.21782128
48210159 16.3745646 48.20826927
59986985 16.38347573 48.21593577
151007959 16.3691384 48.21098903
60484331 16.37028748 48.21355422
319733537 16.37605071 48.21113563
59988319 16.37902503 48.20931022
27028175 16.36097058 48.21914277
27028174 16.36173936 48.21805363
1129243853 16.38147481 48.21544426
619522964 16.36148757 48.21456324
57483288 16.36984852 48.21842377
17322920 16.37136087 48.20803323
17322921 16.37232898 48.20884552
17322926 16.36676616 48.20779401
309444224 16.38495967 48.2114186
309444229 16.3850377 48.21149982
17322929 16.36193944 48.20979352
1376346318 16.3754913 48.2123624
453549362 16.38554841 48.21531702
246841265 16.36317552 48.20796559
60429937 16.3699543 48.21575154
57473785 16.37910407 48.21242736
291220559 16.37745594 48.21050422
57473786 16.37877877 48.21177332
394053152 16.36253296 48.20878718
394053151 16.36249566 48.20870647
394053157 16.36132287 48.20792184
394053156 16.36138188 48.20782511
394053155 16.36130258 48.20775872
394053154 16.36244294 48.20890587
1019888976 16.36200482 48.20810439
60143992 16.37925402 48.21067647
60143990 16.37891841 48.21160778
97980111 16.36111357 48.20841084
97980110 16.36098449 48.20838167
97980113 16.36118331 48.2085203
60431545 16.36829787 48.2114699
60431544 16.3680154 48.21163007
59986613 16.37761804 48.2171136
954753549 16.36668192 48.20818637
954753548 16.36684654 48.20787406
324303634 16.36275223 48.21391532
324303633 16.36241017 48.21372119
305411103 16.36924804 48.22015514
1185102126 16.38256621 48.2136564
35675056 16.37991502 48.21408363
32666769 16.37531193 48.21169503
368241902 16.38653027 48.20820171
368241903 16.38633874 48.20820372
339438531 16.36618663 48.2111337
368241905 16.38617563 48.20796919
368241906 16.38615853 48.2078376
368241907 16.38582367 48.20794631
368241908 16.38579149 48.2077998
123614314 16.3850864 48.20792117
1374093370 16.36528223 48.21717973
1374093373 16.36536546 48.21707881
1374093374 16.36416743 48.2165386
1374093377 16.36416416 48.21645352
1374093378 16.36526261 48.2154591
68945965 16.37716416 48.21114619
68945966 16.37831516 48.21090596
1385407800 16.36194229 48.20910863
1368442353 16.37021288 48.21748224
79644787 16.38219246 48.21353763
27027281 16.37615892 48.21354601
27027285 16.3802979 48.21238662
95035114 16.38436179 48.21158221
1267722742 16.36486263 48.21161222
1238332927 16.37436427 48.21292952
33196488 16.36984961 48.21041696
984584725 16.36262148 48.21409184
1139230987 16.38050619 48.21450959
33196482 16.37168541 48.21103211
33196483 16.37086952 48.21045267
33196481 16.3692301 48.21065409
33196487 16.37023828 48.21080479
984584728 16.36248217 48.21418287
1139230961 16.38103953 48.21471688
1139230964 16.38025817 48.21445251
285534515 16.3827709 48.21150527
122530095 16.37225823 48.21354442
60637356 16.38248977 48.21238051
60637355 16.38230311 48.21299389
445263757 16.3825668 48.21077839
445263756 16.38232607 48.20987289
445263759 16.38299419 48.21135423
445263758 16.38296041 48.21074989
293283499 16.37645396 48.2178813
1190103681 16.37622287 48.2124427
1362648441 16.37182154 48.21579513
1376346313 16.37562147 48.21221823
1376346316 16.37544369 48.21232183
60484032 16.36944267 48.21343914
1376346314 16.3753623 48.2122583
285534609 16.37442722 48.21399964
25267611 16.36344131 48.21623459
25267610 16.36477127 48.21497102
59984597 16.38235742 48.21585439
1138848000 16.38203589 48.21412922
60144131 16.37886929 48.20907728
1138847886 16.38217637 48.21471939
252388906 16.38571823 48.21760042
252388907 16.38659213 48.21723497
65122491 16.36688803 48.21384072
151007947 16.36838403 48.21133763
283085549 16.37168902 48.21219736
151007948 16.3682547 48.21119799
60484329 16.36936321 48.21239006
283091174 16.36748298 48.21031353
283091175 16.36772203 48.21049014
291220506 16.37720398 48.20965547
1376346289 16.3829061 48.21109346
79966831 16.36379712 48.20777599
122552171 16.38279227 48.21069491
122552172 16.38279009 48.21077864
213287669 16.36056799 48.20856213
59987807 16.37420644 48.21406468
1086399445 16.36778758 48.21494101
17322933 16.37405808 48.21271369
1205744393 16.36099329 48.21324267
286407957 16.37984218 48.20955941
1158033158 16.37729777 48.20855744
301886618 16.37839873 48.21136219
60429906 16.37125986 48.21451068
301886616 16.37868137 48.21154341
342294512 16.38570591 48.20827329
123636420 16.38729352 48.20856372
394053148 16.3623499 48.208726
1139209578 16.38102839 48.21526883
299471518 16.37011867 48.21740043
394053145 16.36221227 48.20881392
394053146 16.3621971 48.20827639
394053147 16.36225116 48.2088306
394053140 16.36248661 48.20892549
394053141 16.36203273 48.20940954
394053142 16.36213214 48.20930309
394053143 16.36186752 48.20919019
954753559 16.36663322 48.20776166
60143984 16.37841197 48.20775018
60657197 16.38431149 48.21507487
954753552 16.36686314 48.20805218
954753554 16.36620021 48.2078899
252364647 16.38127976 48.21460372
252364646 16.38149978 48.21457036
252364645 16.38143969 48.2145132
252364644 16.38119929 48.2145132
252364643 16.38115512 48.21443013
60252999 16.37272569 48.21293396
252364649 16.3814826 48.21469047
299471356 16.36549781 48.21521443
32666773 16.3746832 48.21239492
32666772 16.37531201 48.21153293
32666770 16.37511462 48.21105826
339438525 16.3647255 48.21187508
339438523 16.36460338 48.21187114
339438521 16.36460229 48.21194892
60253004 16.372003 48.21311971
470371597 16.37932703 48.2078759
33196566 16.37022772 48.20970484
280216759 16.38491398 48.21255829
1376346272 16.38404772 48.21049592
57520644 16.36980594 48.2183014
57520641 16.36988423 48.21819361
1237661647 16.38177563 48.2098884
543869442 16.38629926 48.21436626
32666606 16.37184291 48.21232762
984584715 16.3636874 48.21456148
1068425424 16.36914251 48.21066783
1139230993 16.38029723 48.21471168
66846601 16.36183123 48.21354718
1139230990 16.38042657 48.2142319
95042236 16.37228422 48.2161941
293035023 16.37585407 48.21401129
1139230979 16.3803808 48.21367124
307483661 16.36190566 48.20798227
1376346346 16.37417769 48.21390911
62663618 16.38659037 48.20830061
60571048 16.36857833 48.20996769
1138847708 16.38229816 48.21486608
60571045 16.36445099 48.21186929
60571044 16.36434262 48.21179838
60571047 16.36876994 48.20978824
60571041 16.3646737 48.21180283
984584661 16.36538231 48.21532926
1362508320 16.37290682 48.21781768
1376346309 16.37553908 48.21215528
1376346308 16.37518687 48.2121231
559782475 16.36306404 48.21318081
559782477 16.36868134 48.20961263
413584468 16.36691728 48.21605781
1376346306 16.37639663 48.21193618
285534679 16.37014029 48.21770394
25267629 16.36681218 48.21593049
285534674 16.36997341 48.21752624
33344345 16.36244881 48.21577828
33344346 16.3617946 48.21637423
33344347 16.36193776 48.21458143
33344348 16.36254604 48.21393501
716871298 16.36224613 48.21453214
289472640 16.37982533 48.20878366
453544241 16.37665437 48.21231672
453544243 16.37667818 48.21230691
1191318047 16.38080811 48.21714361
1138847899 16.38206087 48.2145862
283085575 16.38223328 48.21529766
1283994857 16.37165423 48.21207901
287567493 16.36666952 48.21608539
1068425395 16.36984047 48.20916789
413584510 16.37809363 48.21161096
413584511 16.37844642 48.21154617
413584512 16.37858984 48.21157827
48753625 16.37630342 48.20801479
285534704 16.38260033 48.21086799
1184383510 16.38748312 48.21382421
60060217 16.37935184 48.20790273
59987823 16.36868846 48.21271838
1068425311 16.36407909 48.2098946
122502921 16.36263011 48.2140444
79966829 16.36385177 48.20813558
79966824 16.36486959 48.20813331
79966827 16.36408269 48.20834278
79966822 16.36426609 48.20776493
1184383470 16.37835322 48.21348046
333802924 16.38602266 48.21108064
97980918 16.36117568 48.20919974
1168799398 16.38704953 48.21251998
338470670 16.37635019 48.21738802
97980917 16.36070303 48.20902523
291696962 16.36570761 48.21520973
291696961 16.36655804 48.21437297
59987812 16.37392707 48.21388799
286407789 16.37982391 48.20931072
309434102 16.38538061 48.21111509
309434104 16.38707543 48.21113571
1089273953 16.37317261 48.21095558
301886664 16.37708478 48.21159613
301886666 16.37630393 48.21183769
95033603 16.38440059 48.21147752
293280641 16.37647198 48.22006386
1139230958 16.38052857 48.21375053
59983360 16.37603319 48.21908192
1019888990 16.3635315 48.20920444
330375354 16.38683604 48.2160372
60657186 16.38576131 48.21352782
60657188 16.3859582 48.21305726
252364658 16.3821778 48.21521099
252364659 16.38156064 48.21442242
1385229914 16.3619272 48.20851368
252364650 16.38162853 48.21487932
252364651 16.38146307 48.21490899
1385229918 16.36196626 48.20852776
252364653 16.38169718 48.21497077
252364655 16.38191167 48.21531962
252364656 16.38195467 48.21531962
252364657 16.38197177 48.21525667
323060382 16.37994989 48.21595916
60657050 16.38528958 48.21283992
66271172 16.36169402 48.21467178
1385229976 16.36137903 48.20916873
339438519 16.36456767 48.21194892
1019889008 16.36326127 48.20818813
696278 16.3680019 48.21738769
339438511 16.36415419 48.21206811
68944904 16.37832204 48.20925917
68944905 16.37731864 48.20954558
68944900 16.37888446 48.20981003
17313053 16.37871314 48.21165631
457105779 16.37118979 48.21907253
457105778 16.37128199 48.21914261
95033772 16.38417302 48.21168506
344480725 16.36139327 48.21364902
344480724 16.36131557 48.21372521
95033775 16.3850553 48.2113518
564968088 16.384125 48.21799353
301886610 16.37655924 48.2121091
280216769 16.38245708 48.20890244
280216768 16.38248868 48.20881342
280216767 16.38253696 48.2088907
280216763 16.38339242 48.21246793
280216761 16.38485808 48.21262492
32666638 16.37392087 48.21163066
321550817 16.37893232 48.21470816
33196460 16.36291124 48.21016106
33196462 16.36401086 48.20997037
283416048 16.37070079 48.21686432
33196464 16.36426089 48.20900469
33196467 16.36343259 48.2092797
33196468 16.36318139 48.20972093
123611365 16.38379391 48.20778471
560171501 16.38581244 48.20802703
60436605 16.36096588 48.21213777
60436603 16.36121139 48.2121117
1139230948 16.3809817 48.21456064
1139230944 16.38063603 48.21384021
282997743 16.37198238 48.2144785
282997742 16.37022881 48.21356898
1139230940 16.38049488 48.21365112
122577643 16.3653844 48.21545197
122577641 16.3664831 48.21593561
122577645 16.36420867 48.21639502
122577644 16.36509238 48.21553034
122577648 16.36422083 48.21660431
68962709 16.37162071 48.21097947
1039430935 16.36291551 48.21194004
97976112 16.36132119 48.20896111
445263777 16.38519553 48.21115306
445263774 16.3843436 48.21116572
445263773 16.38541958 48.21119589
86674460 16.36979664 48.21825471
445263770 16.38498934 48.21104703
1177200643 16.37978367 48.2087239
289464937 16.37245429 48.20935296
1177200647 16.37971846 48.20870622
283415332 16.37129926 48.21640307
1376346334 16.37486081 48.21274043
1190103737 16.37509283 48.21281938
60484019 16.36711309 48.21266759
1376346332 16.37493893 48.21268343
25267633 16.36417556 48.21203031
25267632 16.36354399 48.21293564
25267634 16.36177641 48.21105482
25267637 16.36125229 48.21126479
25267636 16.36158774 48.21125373
25267639 16.36140258 48.21274998
1139209579 16.38011216 48.21427783
1138848020 16.38250821 48.21448277
1138848025 16.38225441 48.21488217
394053149 16.36242752 48.20869549
599193726 16.37749608 48.21210818
599193727 16.37699216 48.21237497
33344359 16.36230707 48.21729171
33344358 16.36119697 48.21693087
599193728 16.37754889 48.21218982
1191318059 16.36457429 48.21160493
299471516 16.37025093 48.2172928
1191318053 16.36450514 48.21185354
283408416 16.37360009 48.21545532
59985886 16.38039321 48.21573251
97979481 16.36181966 48.20796291
1283994860 16.37235186 48.21160761
1138847840 16.38235348 48.21500161
33196476 16.37080364 48.21126437
48220138 16.3748521 48.20841771
1184383504 16.38210119 48.21358348
60121383 16.3813381 48.20990248
60121382 16.38119946 48.21068108
60121381 16.38107918 48.21131911
60121388 16.37994368 48.21030557
122502918 16.36153409 48.21348843
277838169 16.36192201 48.21343503
277838165 16.36201513 48.21416644
277838164 16.36204891 48.21398153
277838167 16.3614646 48.21375271
277838166 16.36130719 48.2139247
619522959 16.3614242 48.21455846
283085569 16.376302 48.21694621
283085560 16.3820027 48.21530026
262200122 16.36960477 48.21801247
48210101 16.37315426 48.2079241
151007960 16.36914402 48.2110684
151007962 16.36945432 48.21153511
1205744370 16.36087033 48.21275434
471044591 16.37759683 48.20826449
365400980 16.36891486 48.21678771
1205744374 16.36085977 48.21279759
57473991 16.37727279 48.21302449
277119064 16.38300911 48.21076246
277119062 16.3822596 48.21100017
277119063 16.38247996 48.21081971
277119061 16.38360733 48.21130586
59985862 16.38082412 48.21799077
685039 16.37149338 48.21727277
546861950 16.38690888 48.20987893
937011839 16.38245859 48.2140413
937011835 16.38201988 48.21412042
937011837 16.38215894 48.2142231
445263796 16.38215634 48.20892699
1385229902 16.3607731 48.20847253
299471358 16.36760259 48.21616041
60657048 16.38508699 48.2134186
1175178864 16.38299939 48.21118282
345298524 16.37624467 48.21185354
32666355 16.37343271 48.2104774
32666356 16.37527731 48.21207432
299471357 16.36690488 48.21583393
32666353 16.37286374 48.21196367
32666352 16.37204282 48.21126018
252364648 16.38135377 48.21471914
73643796 16.36494276 48.21687061
308238910 16.3697507 48.21166712
33196510 16.37118962 48.20941138
280216770 16.38243177 48.20883027
280216773 16.3828481 48.21124778
32666477 16.37316574 48.21088551
560171500 16.38591244 48.2081805
1267722734 16.36489607 48.2115595
560171502 16.38583784 48.20804153
560171503 16.3861649 48.20819517
346153128 16.37398491 48.21393183
560171506 16.38619382 48.20816717
560171507 16.38619809 48.20821772
346152536 16.37637232 48.21199393
319731619 16.36362043 48.21283321
33196471 16.37121628 48.21165136
302853465 16.38293653 48.21149043
33196477 16.3700874 48.21154106
302853463 16.38266361 48.2113844
33196475 16.37094504 48.21139379
33196479 16.36976386 48.21099087
33196478 16.36995983 48.21134123
319731508 16.36259792 48.21287797
1139230955 16.38144891 48.21426778
380496221 16.37569037 48.21413534
380496220 16.37539969 48.21460766
282997750 16.37245311 48.21383158
380496222 16.37559222 48.21429971
380496224 16.37756356 48.2127913
380496227 16.37946826 48.21235419
445263768 16.38329468 48.21245259
445263769 16.38514113 48.2112772
122511060 16.37043391 48.21738962
68962715 16.37300196 48.21015167
393912 16.3725889 48.21380468
445263760 16.38309318 48.21146948
445263761 16.38282689 48.21158196
445263763 16.38310911 48.21160267
445263767 16.38299436 48.21242091
95029410 16.38503217 48.21140058
95029411 16.38505438 48.2114507
1376346322 16.37447759 48.21242032
1376346320 16.37456091 48.21238369
1376346324 16.37462671 48.21242401
1376346329 16.37396487 48.21259609
1376346328 16.37476409 48.2125401
285534655 16.38261927 48.21105248
1138848056 16.38214418 48.21473121
389042480 16.36450464 48.21212846
299471979 16.36103176 48.21106128
299471978 16.36057646 48.2095553
33344364 16.36797114 48.2148644
33344365 16.36861051 48.21513564
33344362 16.36412854 48.21558248
33344363 16.3693151 48.21794827
33344360 16.36405621 48.21783637
33344361 16.36484452 48.21590334
33344368 16.36899533 48.21671269
33344369 16.36765984 48.21610702
293040379 16.38369727 48.21587911
285534725 16.37011523 48.21759732
48753643 16.3718207 48.20825242
1184383532 16.38304298 48.213184
567053603 16.36621354 48.2080655
1362648438 16.36917931 48.21460246
543867577 16.38687543 48.21616577
1362648435 16.37053508 48.21520219
1362648437 16.37186956 48.21585732
1168799003 16.38673059 48.21219242
477358508 16.37179329 48.21747461
477358509 16.37158718 48.21735483
283408061 16.37218338 48.21583704
395632 16.36549462 48.21713372
1184383453 16.38369308 48.21543646
66862947 16.3825088 48.20986359
1168924324 16.38432708 48.21123462
318696841 16.36058551 48.21115449
291220426 16.37638699 48.21012997
291220425 16.3772867 48.20976678
59987015 16.38149911 48.21747612
1205744348 16.36103017 48.21326849
59987012 16.3808035 48.21756966
29751526 16.36494041 48.2178471
546861942 16.38654728 48.20996308
546861946 16.38677703 48.20988362
546861944 16.38678918 48.20994481
546861948 16.38664217 48.20978354
1068425351 16.36327342 48.20975236
1068425356 16.36446449 48.20895197
33344366 16.36812604 48.21562967
33344367 16.36947133 48.21624423
984606012 16.36463137 48.21765901
1068425376 16.3639946 48.20993517
291220339 16.37776607 48.2094693
291220338 16.37735753 48.20897938
413963889 16.36192536 48.21359286
308239184 16.37724178 48.21073623
299471360 16.36892567 48.21677464
368245484 16.38634796 48.20865073
368245487 16.38665072 48.2093947
368245486 16.38645793 48.20940057
368245489 16.38682841 48.20933494
368245488 16.38665533 48.20933503
320137065 16.3616511 48.21367543
1086399491 16.36779973 48.21497538
122513741 16.37036082 48.21729138
59986724 16.3781694 48.21492399
1179555884 16.38347942 48.20839608
869904877 16.38693721 48.21218856
1086399467 16.37088301 48.20889196
68956322 16.37016678 48.20977482
266353691 16.36411236 48.20794288
68956326 16.36959807 48.20937291
413962222 16.37641063 48.21203551
414035537 16.37115836 48.21159127
414035532 16.3700605 48.21199703
66846587 16.37005203 48.21734092
66846586 16.37026359 48.2173638
33196509 16.37009872 48.2101531
301888806 16.37206914 48.208122
301888805 16.37186814 48.20838469
293035656 16.38018559 48.2125686
598366125 16.36288986 48.21399159
598366124 16.36286438 48.21391716
929087667 16.36999043 48.21288753
319731379 16.36294787 48.21181062
33196444 16.36409258 48.20839667
33196440 16.36090142 48.21108777
33196441 16.36109463 48.21105474
68963961 16.37187803 48.2096558
122575688 16.36651026 48.21615186
1089320557 16.37398817 48.20844881
316153738 16.38640848 48.21580158
1104325720 16.36856433 48.2166904
878478184 16.37244238 48.21381607
1184383186 16.37869797 48.21151633
60290336 16.36225158 48.21455846
878478180 16.37191374 48.21452963
59983199 16.37973908 48.2186003
453547327 16.38452959 48.2146194
95029408 16.38437209 48.21136956
59984644 16.38066176 48.21631162
59984643 16.37821517 48.2166194
1376346350 16.37358073 48.21526472
413584474 16.36671788 48.21603233
122531340 16.37170452 48.21479927
33344379 16.36556092 48.2151488
33344378 16.36490227 48.2148447
33344371 16.36755104 48.21622621
33344370 16.36695098 48.21578683
33344372 16.36887178 48.21683021
33344375 16.36634748 48.21435922
33344374 16.36853759 48.21430977
33344377 16.3653922 48.21435461
33344376 16.36574692 48.21403099
1168799106 16.38677083 48.21266323
97975105 16.360757 48.20853698
425728584 16.38278448 48.21364249
425728585 16.38288498 48.21309691
33182908 16.36782789 48.20770206
277119462 16.38347699 48.20846658
277119463 16.38337331 48.21093589
277119461 16.3838784 48.20906789
1138847821 16.38206238 48.21416099
285534731 16.38215382 48.20901366
353282299 16.37089073 48.21750177
1184383522 16.37961947 48.2126561
213410171 16.38529846 48.21121358
59983144 16.3785051 48.21952901
59983147 16.37820184 48.21712986
283408058 16.37392464 48.21408488
283408057 16.37429537 48.214221
50753893 16.38223328 48.20889439
319729264 16.36770761 48.20984951
319729265 16.36795019 48.21001589
413584490 16.36180583 48.21359622
413584492 16.36243783 48.21400542
413584595 16.37063617 48.21737553
413584496 16.36190499 48.2142749
1168924331 16.38516611 48.21107477
1168924333 16.38477971 48.21120503
283103898 16.37603252 48.21078711
278195902 16.37168969 48.2146805
278195901 16.37104068 48.21422746
278195904 16.37223393 48.21365271
291219222 16.38129837 48.20828586
1238332968 16.37542366 48.21233348
1068425340 16.365603 48.21000348
314817996 16.37450022 48.20910729
984606034 16.36553058 48.2170364
937011817 16.38152669 48.21430969
394868 16.3741419 48.21293514
66274442 16.36134147 48.21384457
66274444 16.36135874 48.21403912
66274447 16.36172813 48.21431706
1385229925 16.36139906 48.20860496
97975966 16.36115456 48.2091088
123636796 16.38670872 48.20887503
291220748 16.37658078 48.20929152
291220747 16.37629848 48.20903059
319738360 16.36925919 48.21026391
293034828 16.37994159 48.2156015
319115991 16.37234549 48.20809878
319115990 16.37238002 48.2081691
857208810 16.37134888 48.21447003
857208814 16.37161182 48.21432972
857208817 16.37163001 48.2142894
857208819 16.37159883 48.21426878
321550680 16.38017704 48.21503128
321550682 16.3785569 48.21371608
57523082 16.37362951 48.21881848
413682136 16.37452763 48.21332397
33196459 16.36365882 48.21043213
33196458 16.36381062 48.21050279
1237716042 16.38411452 48.20819106
1237716040 16.38505807 48.20788118
33196450 16.36282608 48.20884829
33196455 16.36661109 48.21086791
33196457 16.36323034 48.21166134
33196456 16.36287511 48.21151633
347302362 16.36117887 48.20925531
122575690 16.3667012 48.21586847
1104325716 16.36655753 48.2158947
1104325718 16.36521241 48.21540109
413584467 16.36560879 48.21532314
1238332998 16.37474531 48.21255007
1238332999 16.37491639 48.2124598
1238332990 16.37492292 48.21260061
1238332991 16.37494891 48.21244236
1238332993 16.37523599 48.2121868
1238332994 16.37528427 48.21245854
1238332996 16.37534219 48.21227012
1238332997 16.37476526 48.21281603
453547315 16.38409071 48.21462091
1138847588 16.38172752 48.21428454
453547319 16.38420488 48.2146784
413584464 16.36532816 48.21532088
413584465 16.36544877 48.21529833
60144055 16.38106258 48.21144366
413584460 16.36522137 48.21533923
60144053 16.38002071 48.21148917
413584462 16.36511333 48.21519423
1376346349 16.37258404 48.21526028
60019312 16.38157807 48.2081764
60019314 16.3799431 48.2096755
716871290 16.3622971 48.21385857
716871297 16.36199836 48.21442728
716871294 16.36264997 48.21401867
1089320533 16.37404601 48.20861879
335935007 16.38447033 48.21524527
380430551 16.37549893 48.21409293
1191318008 16.36462441 48.21157459
60484357 16.37011708 48.21304016
1205744345 16.3611269 48.21267228
277119457 16.38408761 48.21043322
1138847834 16.38286293 48.21481377
1138847830 16.38228257 48.21421103
277119459 16.38379106 48.20939898
1039430937 16.36998582 48.21302709
293282282 16.3750966 48.21572807
62663428 16.38548454 48.21119187
1168799029 16.38661249 48.2125613
60484226 16.37153697 48.21208119
60484227 16.37235882 48.21152949
319728986 16.38390329 48.20832517
413584482 16.36141239 48.21369672
413584483 16.3614947 48.21361206
413584486 16.36125397 48.2139786
413584487 16.36123536 48.21389587
413584484 16.36110946 48.21397609
413584485 16.36148732 48.21373544
59986925 16.38330893 48.21753479
413584583 16.38282429 48.21121542
352745386 16.36778263 48.21122137
394908 16.3699781 48.21766521
60656875 16.38299587 48.22016294
321907469 16.3797685 48.21600987
321907468 16.37946633 48.21646266
395243591 16.37270289 48.21676231
395243593 16.37275453 48.21679308
395243592 16.37275168 48.21678251
380494014 16.37292803 48.21756924
380494015 16.37287346 48.21751953
1186349626 16.37638942 48.21624331
1186349627 16.37581727 48.21629678
380494011 16.37296818 48.21763336
380494012 16.37282334 48.21773176
380494013 16.37274564 48.21768709
60429790 16.370823 48.21684144
1186349628 16.3756545 48.21647599
1068425379 16.36964928 48.20920779
1123199376 16.37424013 48.21271318
1123199377 16.37612514 48.21239333
1123199374 16.37616906 48.2121614
1123199375 16.37491798 48.21292432
1123199373 16.37554017 48.21275199
1068425400 16.37085183 48.21128047
1068425405 16.36389142 48.20993861
66274434 16.36211177 48.21414582
66274435 16.36212032 48.21406158
1385229956 16.36072574 48.20907426
1385229955 16.36128381 48.20905121
1385229953 16.36148724 48.20901777
1385229950 16.36132094 48.20898584
657843391 16.36432158 48.2077754
97975972 16.36090469 48.20900394
97975970 16.36092456 48.20904342
1175178856 16.38389407 48.20916286
57447897 16.3770241 48.20817807
727460316 16.379826 48.21376293
1139209452 16.38032783 48.21392026
309204901 16.3729738 48.21070379
283406460 16.37345743 48.21434791
60745519 16.36212082 48.21262417
559736594 16.37469477 48.21325147
1138848031 16.38233999 48.2146722
33196429 16.36590224 48.20947433
33196425 16.36610248 48.21016022
33196426 16.36562186 48.21043373
33196423 16.36662878 48.2097568
122558001 16.38234024 48.20893588
984584589 16.36852527 48.21676743
32665501 16.37348928 48.20961456
32665500 16.37289819 48.20914342
32665502 16.3741305 48.21013139
32665504 16.37545157 48.21095818
32665507 16.3761606 48.2117724
32665506 16.37594208 48.21149018
380496218 16.37524018 48.21482819
1104325707 16.36659198 48.21597509
1104325706 16.36650163 48.2158605
1104325702 16.36667983 48.21599478
319731552 16.36269281 48.21250372
319731551 16.36281149 48.21230892
319731550 16.36269373 48.2122241
1238332988 16.37480667 48.21262911
1238332986 16.37531712 48.2122847
1238332985 16.37486576 48.21259751
1238332984 16.37489828 48.21258016
1238332982 16.37467541 48.21249073
1238332981 16.37477197 48.21275157
453544245 16.37664038 48.21225084
453544246 16.3766843 48.21223508
307483430 16.36168899 48.20795847
59985044 16.3800218 48.21445503
34924732 16.38455784 48.20911123
60432651 16.3675865 48.21203702
283408420 16.371773 48.21588179
60060398 16.37604912 48.20913872
1138848061 16.38227838 48.21450607
60060394 16.37480952 48.20985571
60019309 16.37995399 48.2087291
60060397 16.37500884 48.20958908
59986798 16.37625791 48.2151027
65825950 16.36815278 48.21446509
65825954 16.36877421 48.21381767
1191318015 16.36450204 48.21172052
453547762 16.38693796 48.21595606
1139230902 16.38098161 48.21471646
718046258 16.36560124 48.2162449
1129243779 16.38148914 48.21507646
398459983 16.38634167 48.2146023
1039430927 16.36765372 48.21328097
285534594 16.37413964 48.21391121
60070835 16.37320631 48.21345071
122508087 16.3705837 48.21724939
252389589 16.3871636 48.2176715
60144041 16.37572641 48.2112492
1283994938 16.36740017 48.21218211
1283994939 16.36699859 48.21393937
1283994936 16.36701116 48.2125691
1283994937 16.36755121 48.21231421
289465024 16.37363991 48.20976183
1138847872 16.3823715 48.21466064
289465023 16.37345031 48.21002972
60121500 16.38696956 48.2103743
1068425393 16.3634165 48.20918189
59986027 16.38373281 48.21581792
252621522 16.37444733 48.20795453
395243583 16.37166899 48.21759254
1186349639 16.37556431 48.21630659
395243586 16.37170737 48.21762037
395243584 16.37167007 48.21758081
395243585 16.37167494 48.21760436
1186349637 16.3757819 48.21625353
1186349636 16.37630678 48.2161128
59983292 16.37494388 48.21573394
1068425361 16.36322087 48.20970869
1123199365 16.3749624 48.21316673
1123199360 16.37504748 48.21296439
1123199363 16.3754659 48.21288384
1123199362 16.37534956 48.21287814
213287657 16.36104836 48.2079997
245485014 16.36267772 48.2137807
245485015 16.36664621 48.21108693
1068425417 16.36934913 48.20902766
57520629 16.3723439 48.21638496
1251420269 16.37227374 48.2164521
1168799412 16.38694886 48.21252618
276578820 16.37539902 48.20870521
291220582 16.37778283 48.20989326
291220583 16.37808852 48.2102774
299471333 16.36263874 48.21382462
299471335 16.36485986 48.21488544
299471334 16.36383911 48.21442066
277838181 16.36129244 48.21244781
60657223 16.38558881 48.21640843
32666714 16.37388902 48.21160334
329352939 16.37236544 48.21632134
1363530820 16.38142544 48.21003223
1363530822 16.38141823 48.20992452
1363530827 16.38177974 48.20991522
1363530826 16.38178309 48.21002779
66846554 16.38217972 48.20899254
264872650 16.37019628 48.21731837
264872659 16.36174682 48.21342799
614650420 16.38305178 48.21149353
293284174 16.37642211 48.21709491
33196438 16.36348347 48.21096438
33196437 16.36334341 48.21091317
33196436 16.36221629 48.21051101
33196435 16.36208939 48.2099169
33196434 16.36132681 48.20944181
33196433 16.36485902 48.21093379
33196432 16.36518751 48.21043498
33196431 16.36536571 48.21018143
33196430 16.36553603 48.20993752
57473395 16.37915226 48.21252208
319723600 16.36844824 48.21270698
869904875 16.38683931 48.21221832
319731549 16.36266179 48.21215277
60290364 16.36339336 48.20790633
413658416 16.37246594 48.21094058
60290361 16.3606187 48.20932706
60290362 16.36125028 48.20924844
60290363 16.36197598 48.20967801
1238332970 16.37478378 48.21252962
1238332977 16.37464456 48.21256306
1238332974 16.37426503 48.21286506
1238332975 16.37460173 48.21252384
1238332978 16.37472478 48.21256114
1139230827 16.38099838 48.2137693
307483423 16.36133251 48.2084473
60432649 16.36851588 48.21266641
321693355 16.37975559 48.21357468
321693354 16.3807916 48.21334727
1089320555 16.37410929 48.20847731
278121950 16.38172651 48.2178243
1089320551 16.37393813 48.20858602
453547758 16.38632667 48.2158538
1139230913 16.38045959 48.21444631
68963118 16.37126649 48.20989586
122514633 16.37133614 48.21635202
60305649 16.37714748 48.21099188
68963111 16.37208163 48.21062559
277843037 16.38273494 48.21074604
285534560 16.38293636 48.21078811
1039430917 16.36463632 48.21165128
1163834245 16.38692053 48.21237313
319732209 16.3671985 48.20934324
1163834248 16.38692958 48.21241747
289486844 16.38249203 48.20881007
1385407799 16.36174288 48.20910612
60484249 16.37026493 48.21205831
60484246 16.37092551 48.21248277
1285187325 16.36438972 48.20897142
1285187323 16.36419937 48.20846021
1139230934 16.38049689 48.21444497
97979477 16.36118423 48.20847228
1190103668 16.37565089 48.21257614
311316967 16.36369277 48.20781446
291221759 16.37744906 48.20802921
1186349640 16.37631566 48.21619276
330374987 16.3777467 48.2155176
1123199357 16.37491798 48.21308056
333802921 16.38672649 48.21104049
333802920 16.38685532 48.21094896
333802923 16.38615149 48.21100621
333802922 16.38623732 48.21107494
333802925 16.38561069 48.21110922
1205744368 16.36130711 48.21327041
1068425318 16.36482927 48.2090974
333802926 16.38540466 48.21099481
342295556 16.38558169 48.20973283
342295557 16.38592887 48.20971263
342295554 16.38591353 48.20954306
342295555 16.38556383 48.20956603
342295552 16.38630002 48.20951457
929087686 16.37007676 48.21301099
283085604 16.38233546 48.21573788
1385229974 16.36083127 48.20916848
59986162 16.37970899 48.21719784
69766857 16.38291658 48.21378397
69766856 16.38427 48.21461814
1168799406 16.3868036 48.21258452
1179555847 16.37991451 48.20859289
278020991 16.3632927 48.2078526
1089273814 16.37054028 48.21010901
308239498 16.37851851 48.2113958
60431471 16.37011942 48.21205956
319732223 16.3675989 48.20962252
291220422 16.37627886 48.21003274
390302842 16.37503164 48.21476113
857208840 16.37201658 48.21460297
380493999 16.37301612 48.21765532
857208845 16.37130454 48.2140154
1138847805 16.38277182 48.21470414
394053139 16.36193843 48.20889506
1277284660 16.36435259 48.21192679
394053133 16.36207263 48.20875139
394053132 16.36170743 48.20914442
394053135 16.36270152 48.20806718
394053134 16.36241997 48.20836298
394053136 16.36283538 48.20789183
264872643 16.36969111 48.21849192
264872644 16.36951224 48.21830484
264872645 16.3697725 48.21807182
264872648 16.36982212 48.21798163
264872649 16.37003108 48.21747712
1385229991 16.3617713 48.20929907
319046236 16.37193151 48.20793592
122530823 16.3728593 48.21402923
1139209659 16.38111003 48.21507076
151008369 16.37000174 48.21292919
151008013 16.37086332 48.21424154
95035510 16.38638484 48.21201782
60431852 16.36630758 48.21127477
1238332961 16.37488328 48.21240674
1238332963 16.37503893 48.21231999
1238332962 16.37466602 48.21301166
1238332964 16.37428917 48.21272659
1238332966 16.37472771 48.2127794
1238332969 16.37491152 48.21267932
1139230857 16.38111162 48.21423207
1139230854 16.38097893 48.21565121
1139230852 16.38083527 48.21353704
1139230853 16.38047828 48.21456802
122544764 16.38312093 48.21123529
544241346 16.38213128 48.20893479
544241344 16.38146902 48.20822384
302336580 16.36062348 48.21443499
1139209468 16.3805652 48.21563377
75552571 16.38693989 48.21008847
1089320560 16.37396588 48.20861318
1089320565 16.37393813 48.20848921
1089320568 16.37416813 48.20854193
1089320569 16.37416126 48.20844839
59984191 16.37619848 48.22025757
1239460989 16.38266889 48.21091661
600738711 16.38514482 48.21117578
600738710 16.38515103 48.21114887
1089320588 16.37404752 48.20847848
352745385 16.36742171 48.21120268
600738715 16.38506989 48.21124987
413584588 16.37403771 48.21396133
352745388 16.36817876 48.21153871
453549364 16.38564371 48.215255
319711632 16.36356268 48.20789091
60432743 16.36919071 48.2124748
1039430905 16.36657572 48.2109638
291697212 16.36774206 48.2148877
559736595 16.37096407 48.21687756
291697211 16.36715659 48.21546748
60637337 16.3822498 48.21529967
1138847952 16.38209456 48.21462677
1285187319 16.36407054 48.20847739
33182894 16.37066969 48.20818017
33182895 16.3702392 48.20837572
33182896 16.37169279 48.208022
33182890 16.36618169 48.20797414
33182892 16.3699061 48.21010029
33182893 16.37043869 48.20827589
151007950 16.36916657 48.21097134
311719030 16.38123894 48.21705023
554187644 16.38590137 48.21313622
59986911 16.38614202 48.21809478
59986910 16.38393079 48.21853106
59986989 16.38449422 48.21712248
59986917 16.38253243 48.21941234
389042470 16.3645556 48.21211187
389042471 16.3644007 48.21227758
389042472 16.36402226 48.21281838
389042475 16.36444018 48.212869
389042476 16.36448729 48.21229367
389042477 16.36383291 48.21307654
1089320617 16.37407912 48.20843196
1089320614 16.37398943 48.20853992
252621508 16.37402237 48.20812518
252621505 16.37319734 48.20791957
252621506 16.37362029 48.20802183
252621507 16.37384753 48.20793148
685054 16.38648702 48.21196267
685050 16.3831485 48.21243197
685051 16.38287718 48.21368574
79645713 16.38317357 48.21491192
311316975 16.36336889 48.20827958
546861933 16.38646464 48.20849767
546861936 16.38621779 48.20882633
1123199347 16.37519182 48.21288728
60121418 16.38390103 48.20984858
252364652 16.3815427 48.21502223
342295563 16.38664862 48.20966117
342295561 16.38638509 48.20968028
342295560 16.38644159 48.21012259
330374985 16.37771494 48.21608019
330374986 16.37746683 48.21567099
342295564 16.38662507 48.20949839
1385229964 16.36097208 48.20907787
385297739 16.37938059 48.21141751
283085611 16.38127917 48.21567501
1164774005 16.37850183 48.20838041
1129243809 16.3812298 48.21507168
250065559 16.37097882 48.21293564
312841912 16.36089581 48.21402093
313579088 16.36482147 48.20824974
382366757 16.3734281 48.21785171
1139230882 16.38117381 48.21471093
302336586 16.36163191 48.21437967
308239178 16.37711898 48.21063129
313579080 16.36600022 48.20812099
313579082 16.36593157 48.20816013
313579085 16.36527066 48.2082116
313579087 16.36505868 48.20821931
313579086 16.36514007 48.20813901
319738328 16.36970368 48.2100407
445263788 16.3826186 48.21100738
1086399425 16.36974928 48.20953829
122533743 16.37496701 48.213286
122533740 16.37459167 48.21320277
59983300 16.37462889 48.2161102
368245294 16.38571119 48.20790499
368245296 16.38629717 48.20827539
323060381 16.37986649 48.21577861
