394053128 97976112
394053128 394053129
394053128 1385229953
394053128 1385229925
394053129 394053139
394053129 307483331
66846572 413962222
66846572 346152536
66846572 122535214
66846571 66846569
66846571 346152536
66846571 1251424112
33196572 1068425395
33196572 33196571
33196572 33196563
59987222 59984953
59987222 59984643
59987222 330374985
33196571 33196566
33196571 33196562
33196574 1068425395
33196574 1068425379
33196575 33196510
33196575 68963961
33196575 68963118
441696305 657843391
246841221 307483661
246841221 394053146
246841221 394053135
441696308 657843391
1385229981 97980918
1385229981 1385229974
727460323 937011817
727460323 1139209452
727460323 727460326
727460326 321693354
727460326 1139209364
984584559 984584589
984584559 287567493
984584559 984584661
984584559 25267629
33196469 60571016
33196469 319731379
33196469 25267636
343853196 716871302
343853196 716871290
343853196 320137065
425725712 1184383346
425725712 1184383532
425725710 445263768
425725710 60657048
425725710 1184383532
425725710 60637360
321550718 1184383470
321550718 321550682
151008370 60484246
151008370 929087667
321550717 66867735
321550717 321550716
321550717 321550682
321550716 1184383470
60483924 60483830
60483924 33344377
60483924 413584475
60483924 60483922
453543720 283408058
453543720 283408057
453543720 59987807
453543720 685039
453543721 122533743
453543721 59987807
453543721 1376346346
453543721 285534609
60483922 25267632
60483922 559782475
60483922 245485014
122507849 1368442353
122507849 413584468
122507849 413584598
878478175 857208819
878478175 278195901
878478175 857208845
878478175 278195904
95035509 95035510
95035509 95029411
123642874 1163834245
123642874 330374249
123642874 869904877
1238332956 1238332961
1238332956 1238332928
1238332957 1238332911
1238332957 1238332981
1238332950 1238332954
1238332950 1238332985
1238332958 1238332969
1238332958 1238332966
60483813 60483806
60483813 60483830
60483813 33344376
319741252 278114277
319741252 70768248
319741252 60121418
319741252 278114279
291169172 66274441
291169172 66274435
1284017106 319731452
1284017106 319731453
1284017106 1284017116
319731453 319731508
319731453 319731452
319731450 1039430935
319731450 319731451
319731451 319731452
319731451 319731549
151007860 392790
151007860 696278
151007860 151007862
413584596 95041878
413584596 413584597
413584596 353282301
151007862 151007863
151007862 287567493
413584591 283408420
413584591 60429937
413584591 283415332
413584591 122514633
600738704 302853465
600738704 685050
600738704 614650420
413584593 413584595
413584593 413584592
1089320591 1089320588
1089320591 1089320614
413584598 413584597
293284270 283085569
293284270 293284174
413584475 33344378
413584475 245485014
413584475 299471334
283092475 319729265
283092475 283091174
283092475 33196423
1190103677 1190103720
1190103677 1190103736
60211672 667513940
60211672 309434104
60211672 330374249
60571021 25267639
60571021 60571017
60571021 313165446
60571021 60571019
1186349634 293282305
1186349634 1186349639
1186349634 1186349628
1186349634 1186349640
1138847764 1138848061
1138847764 1138847968
1089298568 32665500
1089298568 17322921
1089298568 289464937
33182887 33196429
33182887 954753549
33182887 33182888
33182886 954753559
33182886 954753554
33182885 954753552
33182885 17322913
33182885 954753549
60484066 60432788
60484066 59987823
60484066 319723600
33182889 954753552
33182889 954753548
33182888 33196444
33182888 567053603
76531133 330374247
76531133 685054
76531133 601146716
1089320609 1089320569
1089320609 319044697
1089320609 314817919
1190103704 1123199376
60060342 60019309
60060342 291219222
60060342 60060344
293040461 543867923
293040461 293040453
60060344 60019314
60060344 60121383
60060344 289471807
984606040 27028168
984606040 984606042
984606040 984606039
984606040 25267611
984606041 984606042
984606041 984606036
984606042 33344345
984606042 33344346
1168799335 95035510
1168799335 1168799107
1168799335 1168799406
59983242 59987012
59983242 59986162
59983242 1191318047
283085593 283085604
283085593 283085584
685044 413962222
685044 453544241
685044 1190103681
685044 453544245
1129243925 1139230898
1129243925 1129243880
685048 445263759
685048 280216773
685048 302853463
685048 302853465
283085598 283085588
283085598 283085556
59982665 59982635
59982665 293282878
59982665 293282305
298076031 298076032
298076031 287567493
298076031 984584661
298076031 33344361
298076032 984584685
298076032 33344362
298076032 298076040
413584577 1175178864
413584577 445263782
413584577 122544764
333802909 333802910
333802909 333802926
1123199403 1123199374
1123199403 1123199373
60211299 543869442
286408037 60019314
286408037 286407957
1123199391 1123199388
1123199391 1123199360
122535214 559736594
291220558 291220559
313579076 313579077
313579077 313579078
344480415 344480724
344480415 344480417
344480417 716863729
344480417 302336586
308239364 308239366
308239364 1184383186
308239364 68945966
308239364 308239498
308239366 60143992
308239366 385297739
313579078 313579080
60657214 60657197
60657214 60657210
60657214 453547319
60657216 1184383453
60657216 59986027
60657216 79645713
60657211 69766856
60657211 453547327
60657211 453549362
60657210 1184383453
60657210 335935007
560171493 560171501
560171493 560171494
122577639 122575688
122577639 122577641
1086399433 33196481
1086399433 33182892
59986786 66867735
59986786 59986724
59986786 59986798
59986787 321689928
59986787 59987788
60430181 282997741
60430181 151008013
60430181 60484032
60430181 1362648438
213287652 213287657
213287652 394053160
342294519 342294521
342294519 368245484
342294518 342294514
342294518 368245484
342294514 368245296
342294514 342294512
213287663 213287657
213287663 97975105
66846569 66846568
66846569 413584510
66846568 413584510
66846568 66846567
151008492 60484032
151008492 1039430937
66846560 66846562
66846560 445263788
66846560 285534655
66846562 445263784
66846562 60121381
66846567 385297739
66846567 413584524
330374249 330374247
314817920 314817996
314817920 314817919
314817920 60211849
264872663 299471979
264872663 60571017
264872663 264872659
264872663 277838181
33196563 1086399467
33196563 33196562
33196562 33196510
59987788 321689929
59987788 331117427
59987788 293035023
614650419 289486844
614650419 560171490
614650419 560171491
1138847968 1138847588
319774693 1374093363
321550679 321550680
1385229945 394053152
1385229945 1385229943
1168799107 1168799029
1385229943 394053151
95029397 477358509
293035724 1184383522
293035724 321693355
293035724 57473395
1238332943 1238332913
1238332943 1238332914
1238332942 1238332933
1238332942 1238332931
1238332941 1238332940
1238332941 1238332947
1238332940 1238332963
1238332947 1238332920
1238332946 1238332986
1238332946 1238332968
1238332944 1238332929
1238332944 1238332939
1139230875 1139230979
1139230875 1139209517
1139230875 727460316
319741741 285534560
319741741 280216773
319741741 277843037
319741741 445263789
60483807 60484019
60483807 60483806
60483807 65122491
60483807 33344376
278114279 319728986
278114277 445263770
1249093241 32666355
445263795 66846554
445263795 445263791
445263795 66862947
445263795 445263756
1139230898 1139209578
1139230898 283085611
1139230899 1139230961
1139230899 1139230882
1139230899 1139209659
445263791 277843037
445263791 445263757
445263791 445263789
1139230892 1139230944
1139230892 1139209452
1139230892 1139209517
319723720 59987823
319723720 60432649
1139230894 1139230961
1139230894 1139230987
392742 122531340
392742 1362648437
392742 1376346349
1138847682 1138848000
1138847682 1138847975
1284017116 319731508
1284017116 60745519
60211849 48220138
60211849 276578820
546942300 380430551
546942300 380496224
546942300 546942302
546942302 280216759
546942302 380496227
35589582 33182896
35589582 319046236
84546043 60121500
84546043 62663428
84546043 309434104
307483329 1385229869
307483329 1019888971
307483329 307483330
307483328 307483423
307483328 1385229925
1184383346 453547327
560171484 560171501
560171484 368245164
560171487 560171502
1138847975 1138847830
1138847975 937011837
60571019 60571016
60571019 60745519
60571016 60571017
60571017 25267637
380430520 380494015
380430520 305411103
368245011 368244918
368245011 546861933
368245011 546861948
1138847751 1138848056
1138847751 1138847952
34924793 123430226
34924793 319728986
34924793 34924732
34924793 1237716037
48210186 48210254
48210186 48210167
309434103 445263773
309434103 309434104
1190103713 1190103737
1190103713 1190103693
276449503 308238888
276449503 151007962
276449503 151007931
60060365 471037184
60060365 291220338
32665895 33196483
32665895 33196509
32665895 68963118
32665895 1089273814
716863728 685149
716863728 716863740
984606035 392790
984606035 984606034
984606035 395632
1238332954 1238332918
984606037 29751526
984606037 395632
984606037 984606038
984606036 33344345
984606036 685150
984606031 984606027
984606031 984606034
984606031 718046258
984606031 73643796
321920733 59986985
321920733 59984597
321920733 59986925
984606039 27028169
984606039 984606038
984606039 73643796
984606038 1374093380
984606038 1374093363
277119752 1179555808
277119752 445263774
48210167 48210159
283085584 283085575
33196463 1068425311
33196463 1068425318
33196463 33196430
283085580 283085569
283085580 283085588
283085588 338470670
283085588 293036773
1068425324 33196468
1068425324 1068425361
1068425324 33196467
298076040 685152
298076040 984584715
298076040 984584728
333802910 333802911
333802911 333802912
333802912 333802913
333802913 333802914
333802914 342295557
333802914 342295560
333802915 342295560
333802915 333802916
333802916 333802917
333802917 333802918
333802918 333802919
333802919 333802920
1123199380 394868
1123199380 1123199376
1123199388 1123199365
1123199388 1190103747
1123199388 1190103696
685149 66271172
685149 685150
685149 33344346
1019888971 307483430
60431543 283091175
60431543 352745385
60431543 245485015
309444275 50753893
309444275 66846554
309444275 66862947
309444275 122558001
1139209402 1139209579
1139209402 1139209517
1251424108 1251424111
1251424108 413584557
470371574 470371571
470371574 470371573
470371577 470371576
470371577 470371573
470371576 470371572
470371571 470371572
1086399409 68956322
1086399409 33182892
470371573 1237661647
470371572 1237661647
470371572 1363530826
418137102 554187644
418137102 60657048
418137102 60657050
319044999 48210101
319044999 319115990
66846515 66846601
1139209533 1139209362
1139209533 1129243880
314817919 60144423
282997741 282997742
70768248 34924732
70768248 445263770
471037184 60143681
471037184 60143829
282997745 282997743
282997745 282997750
1139209627 1139209452
1139209627 1139209432
1185302774 27027274
1185302774 457105778
1374093380 984606034
1374093380 1374093373
1374093381 122575690
1374093381 1104325702
78139595 453544241
78139595 453544243
78139595 639717211
984584685 25267610
984584685 984584661
984584685 984584715
59838945 330375354
59838945 293040450
59838945 543867577
1238332939 1238332970
1238332936 1238332962
1238332936 1238332933
1238332937 1238332991
1238332937 1238332926
321687173 59984953
321687173 293034828
321687173 321907469
1238332932 1238332968
1238332932 1238332994
1238332931 1238332927
122575709 1104325707
122575709 122575688
122575709 1104325702
1139230864 1139230979
1139230864 1139230958
122575706 122575690
122575706 413584467
122575706 365400980
60483830 444236776
445263786 1376346289
445263786 1175178864
445263786 445263785
445263786 425725682
445263784 1376346292
445263784 280216773
445263784 302853463
445263785 445263759
445263785 280216773
445263785 122544764
445263782 277119463
445263782 445263774
445263782 277119061
445263780 445263777
445263780 213410171
445263780 445263772
445263780 445263781
445263781 123431340
445263781 278114458
445263781 309434102
413745252 68162189
413745252 413584484
560472372 445263777
560472372 445263769
1139230884 1139209579
1139230884 1139230964
1139230884 1139230990
413745254 66271172
413745254 66274447
445263789 122551339
445263789 285534704
33195122 32666783
33195122 1376346322
716871302 716871297
425738294 453547315
425738294 425728584
425738294 1185102126
289464496 33182908
289464496 17322918
1039430953 319731552
1039430953 319731551
307483330 1385229871
307483330 1019888976
307483331 1385229918
307483331 394053133
307483331 1385229925
285534526 285534674
285534526 394908
560171499 560171500
560171499 560171502
559782497 277838169
559782497 559782475
559782497 245485014
560171490 280216770
560171491 1179555884
560171494 560171503
445263772 62663428
445263772 309434102
445263772 445263773
368244918 368245489
368244918 123636796
368241904 368241903
368241904 368241905
123431340 123430226
123431340 1168924331
1190103725 1190103694
1190103725 1123199377
1190103725 1190103681
1190103725 1190103722
60060362 60060394
60060362 291220748
60060362 60060397
60060362 283103955
1190103720 1123199362
60060364 68944905
60060364 291220748
60060364 291220338
1190103722 1190103668
60144106 60144131
60144106 286407789
60144106 59988319
600738723 600738710
600738723 1168924333
600738723 445263774
600738723 445263770
984606027 685151
984606027 122577645
984606027 33344361
984606023 25267611
984606023 33344362
984606023 122577645
984606023 984606021
984606020 685150
984606020 33344347
984606020 984606021
984606021 685152
984606021 33344345
444236768 33344364
444236768 1086399491
151007863 696278
151007863 285534674
151007863 984584589
151007931 307524765
151007931 151007930
151007930 151007947
330479802 395243586
330479802 395243585
330479800 330479793
330479800 395243586
413584592 122508087
413584592 559736595
413584557 453544246
716863740 33344347
716863740 302336586
716863740 716863731
283103955 283103898
283103955 291220426
1376346330 1238332924
1376346330 1238332985
1376346330 1376346328
1376346330 1376346332
1362648879 60432788
1362648879 60484019
1362648878 65825954
1362648878 60484032
1362648878 33344374
685151 25267611
685151 73643796
685152 33344347
685152 33344362
1138847720 1138848031
1138847720 1138847805
1139209432 1139209508
60143829 60060217
60143829 60143984
60143829 1164774005
190679337 457105778
1385229888 1385229869
1385229888 1385229891
1179555808 277119457
1251424113 1251424112
1251424113 1251424114
1251424114 453544245
342294533 342294532
342294533 342294512
342294532 342294530
342294530 342294529
318696937 60436605
318696937 302334064
339438489 339438487
339438489 339438491
639717211 380496224
639717211 57473991
339438485 339438487
339438485 339438483
716863729 716863731
339438483 339438525
68162189 413584482
68162189 68162190
1139209508 1139230990
314246318 314246316
314246318 314246310
314246318 79644787
314246316 1184383522
314246316 321693354
314246316 27027285
314246316 1184383487
314246310 60637355
59988315 68944900
59988315 60143992
59988315 291220583
59988314 68945966
59988314 291220559
59988314 291220583
32666782 32666781
32666783 32666781
32666783 32666784
32666780 32666769
32666780 32666781
32666780 32666638
32666781 32666785
289471806 1237661647
289471806 277119063
289471806 289471807
289471806 445263756
289471807 544241346
289471807 291219222
32666784 32666785
657843389 657843391
657843389 266353691
657843389 79966831
95041878 57520641
1385229866 1019888976
1385229866 307483661
1385229867 394053135
1385229867 246841265
298388870 33344348
298388870 984584728
298388870 33344347
59838952 252388907
59838952 543867577
59838952 60657223
59838952 59838954
1238332929 1238332999
1238332928 1238332970
59838954 252388906
59838954 59986027
59838954 59986989
1238332924 1238332969
1238332924 1238332988
57448226 60143992
57448226 60144053
57448226 60121388
1238332926 1238332922
1238332921 1238332911
1238332921 1238332997
1238332920 1238332918
1238332923 1238332913
1238332923 1238332993
1238332922 1238332990
60483828 413963889
60483828 685093
60483828 413584467
60483828 299471334
319044697 252621508
319044697 48210154
32666494 32666355
32666494 32666477
32666494 32666487
32666495 60484227
32666495 32666477
32666495 32666352
1089320595 1089320551
1089320595 1089320565
425725692 445263760
425725692 445263763
425725692 95029408
425725692 614650420
293282305 293282282
1376346284 68945966
1376346284 1376346285
1376346285 68945965
1376346287 60305649
1376346287 32665506
1251424111 413584524
57520636 95042240
57520636 57520633
730979053 283408416
730979053 599193726
57520632 95042236
57520632 329352939
57520633 95042236
60143681 291220747
60143681 1158033158
48210254 48220138
48210254 48753625
1237716037 1237716042
1237716037 1237716035
293282878 338470670
293282878 59982666
1237716035 319728986
1237716035 1179555884
302334063 302334064
302334064 318696841
278114458 445263777
278114458 1168924331
60432784 60431852
60432784 60571041
60432784 339438491
60432785 1283994938
60432785 1283994936
60432785 339438491
60432788 1039430927
60432788 65122491
59984953 59986724
59984952 59986798
59984952 59982666
59984952 330374985
59984954 293034828
59984954 59985886
59984954 321550680
1190103647 1123199375
291697096 33344370
291697096 1086399491
291697096 291697211
291073103 937011839
291073103 1184383504
319711763 278020991
319711763 319711632
1190103738 1190103694
1190103738 1190103681
1190103738 1123199363
344480055 60436605
344480055 122502918
344480055 60436603
1190103736 1190103690
1190103736 1190103737
1190103736 1190103693
1138847649 1138847872
1138847649 1138848020
293040450 543867923
95042240 413584595
95042240 1251420269
716863735 716871297
716863731 33344348
444236776 444236778
444236776 389042477
444236773 444236778
444236773 389042475
59982635 59983302
59982635 59983360
287077570 309444224
287077570 95029408
287077570 95033775
685093 33344348
685093 25267610
685093 984584715
685094 25267629
685094 25267610
685094 984584661
685094 299471356
413584524 413962222
331117427 283408057
331117427 285534609
331117427 59987807
27028168 27028169
27028168 33344359
27028168 33344346
27028169 984606012
27028169 33344360
368245164 123614314
368245164 368245294
60144423 1089320533
60144423 314817996
1283994940 1039430927
1283994940 65122491
543867923 543867577
1184383487 293035656
307524768 60431544
307524768 60432743
307524768 307524766
353282301 413584595
353282301 353282299
353282301 299471518
395757 283406460
395757 1376346349
619522918 619522919
619522918 619522964
619522919 302336580
619522919 619522959
984606010 984606012
307524765 307524766
17322919 33182895
17322919 17322918
17322918 17322915
17322918 1068425417
17322917 60571047
17322917 319738328
17322917 559782477
17322916 319729265
17322916 17322915
17322916 559782477
17322915 17322913
17322913 319732209
1139209429 1139209362
1139209429 1139209468
1139209429 1139230993
1385229893 307483423
1385229893 1385229891
1385229891 394053161
1089320600 1089320533
1089320600 1089320614
66867735 57473991
1089320605 1089320555
1089320605 1089320568
342294524 342294527
342294524 342295552
342294524 546861936
342294527 342295554
342294527 342294529
342294521 546861936
1346723685 293035656
1346723685 1184383522
394053160 394053155
394053160 394053161
394053161 213287657
394053161 394053157
68162193 277838165
68162193 277838164
68162192 277838164
68162192 68162191
68162191 413584485
68162190 413584485
68162190 413584487
68162190 413584490
68162197 413584486
68162197 68162196
68162197 413584484
68162196 68162195
68162196 413584496
68162195 277838165
97980109 97980110
97980109 1385229902
97980106 97980105
97980106 97975105
97980104 97980113
97980104 97980105
321689929 321689928
321689929 59983292
321689928 59986798
308238888 308238910
32666794 60144041
32666794 32666772
32666794 32665506
339438546 1039430917
339438546 339438531
339438549 1191318020
339438549 60571044
339438549 1039430917
339438549 33196433
1374093363 1374093370
59983302 293282514
59983302 57523082
1374093361 1374093373
1374093361 1374093369
1374093361 122577648
1385229871 1385229914
1129243880 1129243809
1374093369 1374093370
1385229874 60290364
1385229874 1385229877
1385229877 60290363
1238332914 1238332994
66274441 277838167
32666482 32666489
32666482 32666770
32666482 32666486
32666487 32666489
32666487 32666486
32666486 32666714
32666489 32666488
32666488 32666355
32666488 32665502
32666488 289465023
293036773 293280641
293036773 59986613
59982666 59984643
59982666 59986613
425725682 285534560
27027274 382366757
27027274 59983300
1376346294 413584583
1376346294 122544764
1376346292 285534655
1376346290 413584583
1376346290 122551339
392790 287567493
392790 718046258
122551339 1239460989
1139209362 1139209578
1139209364 1139230944
1139209364 1139230852
1139209364 1139230940
330479793 395243593
330479792 395243591
330479792 395243592
330479790 395243591
330479790 477358508
60637360 685050
60637360 425728585
60637360 685051
559267437 32666355
559267437 68962715
559267437 289465023
100042082 264872643
559782458 984584725
559782458 716871294
559782458 984584728
1190103694 1123199373
1190103694 1190103668
1190103696 1190103690
264065194 25267639
264065194 413584490
293282514 59983300
123430226 123614314
123430226 1237716042
313165446 277838169
1190103747 1123199362
1191318020 1267722734
601146716 445263769
601146716 213410171
283085555 283085560
283085555 1129243853
48210154 48210159
48210154 48220138
283085556 293284174
59986985 293040379
59986985 59984597
59986985 59986989
151007959 151007960
151007959 151007950
151007959 151007948
60484331 282997742
60484331 60253004
60484331 60484357
319733537 60144041
59988319 68944900
27028175 27028174
27028174 33344359
1129243853 1129243779
619522964 619522959
619522964 302336586
57483288 57520644
17322920 33182894
17322920 33182896
17322921 33196510
17322921 301888805
17322926 954753559
17322926 954753548
309444224 309444229
309444229 95035510
17322929 33196450
17322929 33196435
17322929 33196434
1376346318 1376346316
1376346318 1376346332
1376346318 1376346306
453549362 453549364
453549362 316153738
246841265 394053151
246841265 278020991
60429937 1362648435
60429937 33344367
60429937 33344365
57473785 57473395
57473785 380496227
57473785 57473786
291220559 308239178
57473786 285534515
57473786 453544243
57473786 17313053
394053152 394053154
394053151 394053149
394053157 307483430
394053157 394053156
394053156 394053155
394053154 394053147
394053154 394053140
60143990 17313053
60143990 385297739
60143990 60144053
97980111 97980110
97980111 97979477
97980113 97979477
60431545 151007947
60431545 352745388
60431544 352745385
60431544 352745388
59986613 59983147
324303634 716871294
324303633 299471333
324303633 264872659
324303633 716871290
1185102126 425728584
1185102126 79644787
35675056 1139209452
35675056 59985044
35675056 321550682
35675056 727460316
32666769 32666772
32666769 32666356
368241902 368241903
368241903 560171507
339438531 33196426
339438531 60431852
368241905 368241906
368241906 368241907
368241907 368241908
368241907 560171502
123614314 1237716040
1374093374 122577648
1374093374 1374093377
1374093377 122577645
1374093378 122577643
1374093378 122577644
68945965 301886664
68945965 60305649
1385407800 394053145
1385407800 1385407799
1385407800 394053143
1368442353 122511060
79644787 1184383504
27027281 293035023
27027281 57473991
27027285 60637356
27027285 57473395
95035114 95033772
95035114 95033603
1267722742 1267722734
1267722742 1191318008
1238332927 1238332974
33196488 33196509
33196488 33196487
984584725 984584715
1139230987 1139230934
33196482 32666352
33196482 33196475
33196482 68962709
33196483 33196487
33196483 68962709
33196481 1068425424
33196481 33196479
33196481 151007950
33196487 33196479
1139230961 1139230902
1139230964 1139230913
1139230964 1139230993
285534515 445263761
285534515 302853465
285534515 302853463
122530095 60253004
122530095 857208845
122530095 393912
60637356 445263767
60637356 60637355
60637355 425728585
445263757 277119063
445263757 285534704
445263757 445263756
445263756 285534731
445263759 445263760
445263759 277119061
445263758 285534560
445263758 277119064
445263758 277843037
445263758 280216769
293283499 338470670
1362648441 1362648435
1362648441 1362648437
1376346313 1376346309
1376346313 1376346316
1376346316 1376346314
1376346316 1238332968
60484032 60432649
1376346314 1376346309
1376346314 1376346308
1376346314 1238332996
285534609 453544241
25267611 33344345
25267610 299471335
59984597 59985886
59984597 60637337
1138848000 1138847821
60144131 1177200647
60144131 1164774005
1138847886 1138848056
1138847886 1138847708
252388906 59986911
252388906 252388907
252388906 564968088
252388907 252389589
65122491 33344375
151007947 151007948
283085549 60484226
283085549 1283994857
283085549 32666606
151007948 283091175
60484329 929087667
60484329 60431471
60484329 60432743
283091174 283091175
283091174 33196455
283091175 60571048
291220506 68944905
291220506 291220425
291220506 291220422
1376346289 122552171
79966831 311316967
122552171 122552172
122552171 122558001
122552172 285534655
213287669 97975105
213287669 97980917
59987807 413584588
1086399445 1086399491
1086399445 291697212
17322933 394868
17322933 1376346329
17322933 60252999
17322933 1376346324
1205744393 1205744348
1205744393 1205744374
286407957 286407789
1158033158 57447897
301886618 301886664
301886618 308239498
60429906 1362648435
60429906 122531340
60429906 151008013
60429906 857208810
301886616 301886610
301886616 308239498
342294512 368245294
123636420 62663618
123636420 123636796
394053148 394053147
394053148 394053149
1139209578 1139230854
299471518 264872650
299471518 33344372
299471518 264872649
394053145 394053133
394053145 394053147
394053146 1385229918
394053146 394053134
394053140 394053142
394053141 1385229991
394053141 394053142
394053142 394053143
394053143 1385229991
60143984 291221759
60657197 335935007
954753554 33182890
252364647 252364646
252364647 252364648
252364646 252364645
252364645 252364644
252364644 252364643
252364643 1139230934
252364643 1139230857
252364643 1139230882
252364643 252364659
60252999 60070835
60252999 60253004
60252999 32666353
252364649 252364650
252364649 252364648
299471356 33344379
299471356 299471335
299471356 299471357
32666773 1376346308
32666773 1376346320
32666773 1376346324
32666772 32666770
32666770 32665504
339438525 339438523
339438523 339438521
339438521 339438519
60253004 32666606
470371597 60060217
33196566 68956322
33196566 1089273814
280216759 280216761
1376346272 277119457
1376346272 277119463
57520644 57520641
1237661647 60121383
1237661647 1363530826
543869442 453547327
543869442 398459983
32666606 32666353
1068425424 60571048
1139230993 1139230902
66846601 413963889
1139230990 1139230913
1139230979 1139230940
307483661 97979481
1376346346 285534594
62663618 123636796
62663618 368245296
60571048 60571047
1138847708 1138848025
60571045 60571044
60571045 25267633
60571045 60571041
60571045 1191318053
60571045 1277284660
60571044 25267633
60571044 1277284660
60571041 1191318053
1362508320 380493999
1362508320 457105779
1376346308 32666356
559782475 319731508
413584468 1104325706
413584468 413584474
1376346306 301886610
1376346306 301886666
285534679 285534725
285534679 264872648
25267629 33344371
25267629 299471357
33344346 33344358
33344348 413584490
33344348 299471333
716871298 60290336
716871298 716871297
289472640 1177200643
289472640 286407789
453544241 453544243
453544241 453544245
453544243 453544246
1191318047 59984644
1191318047 311719030
1138847899 1138847952
1138847899 1138848061
283085575 283085560
1283994857 1283994860
413584510 413584511
413584511 413584512
413584512 17313053
285534704 445263788
1184383510 60657186
60060217 1179555847
59987823 60432743
1068425311 33196462
1068425311 1068425376
122502921 413584492
122502921 122502918
122502921 413584462
79966829 79966827
79966829 266353691
79966824 313579088
79966824 79966822
79966827 313579088
79966827 33196444
333802924 333802923
333802924 333802925
97980918 347302362
97980918 97975966
97980918 1385229976
1168799398 1163834248
97980917 1385229956
97980917 97975972
291696962 33344370
291696962 291696961
291696961 1283994939
291696961 33344375
291696961 291697212
59987812 60070835
59987812 346153128
59987812 413682136
1089273953 32666714
1089273953 32666477
301886664 301886666
301886666 345298524
95033603 95029408
293280641 59984191
1139230958 1139230940
1019888990 33196464
1019888990 33196467
330375354 453547762
330375354 316153738
60657186 60657048
60657186 554187644
60657188 554187644
60657188 60657050
252364658 252364659
252364658 252364657
252364659 1139230955
1385229914 1385229918
252364650 252364651
252364651 252364652
252364653 252364652
252364653 252364655
252364655 252364656
252364656 252364657
323060382 321907469
323060382 323060381
60657050 280216763
66271172 66274434
1385229976 394053132
1385229976 1385229953
339438519 389042470
1019889008 311316975
1019889008 319711632
696278 33344363
339438511 389042470
339438511 25267633
339438511 319731619
68944904 68944900
68944904 291220339
68944905 291220339
17313053 1184383186
17313053 453544246
457105779 457105778
95033772 599193726
344480725 1205744368
344480725 344480724
95033775 95029410
95033775 445263769
280216769 280216767
280216769 280216770
280216769 122558001
280216768 280216767
280216768 277119462
280216768 289486844
280216767 277119064
280216763 445263768
280216763 280216761
32666638 32666714
32666638 32666353
321550817 59986724
321550817 59985044
321550817 321550682
33196460 33196468
33196460 33196459
33196460 33196435
33196462 33196459
33196462 33196432
33196462 1068425405
283416048 299471516
283416048 60429790
33196464 1285187325
33196464 1285187319
33196467 1068425393
33196468 1068425351
123611365 1237716042
560171501 560171502
60436605 1205744345
60436603 277838181
60436603 33196440
1139230948 1139230902
1139230948 1139230853
1139230944 1139230827
282997743 878478180
122577643 122577641
122577645 122577644
122577644 1104325718
68962709 68963111
1039430935 319731379
97976112 97979477
97976112 97975972
97976112 1385229950
445263777 600738710
445263774 1168924324
445263773 213410171
445263773 62663428
86674460 685039
445263770 1168924331
1177200643 1177200647
289464937 68963961
289464937 289465023
283415332 60429790
1376346334 122533740
1376346334 1376346332
60484019 1283994936
25267633 33196457
25267633 1277284660
25267632 319731619
25267632 389042477
25267634 33196436
25267634 33196456
25267634 33196441
25267634 25267636
25267637 33196441
25267637 25267636
25267639 277838181
1138848020 1138847830
1138848025 1138847840
599193726 599193728
599193727 599193728
33344359 33344358
33344359 33344360
1191318059 1191318015
1191318059 1191318008
299471516 264872650
299471516 122513741
299471516 33344368
1191318053 1191318015
283408416 477358509
283408416 1376346350
59985886 293034828
59985886 59984644
59985886 323060381
97979481 307483430
1283994860 60484227
1138847840 1138847834
33196476 1068425400
33196476 33196477
60121383 60121382
60121382 277119062
60121382 60121381
60121382 60121388
60121381 385297739
60121381 60144055
60121388 60019314
122502918 413584483
277838167 66274442
277838166 66274442
277838166 66274444
262200122 394908
48210101 252621505
151007960 151007962
151007962 33196478
1205744370 1205744345
1205744370 1205744374
471044591 291221759
365400980 299471360
365400980 66846587
365400980 33344372
57473991 57473395
277119064 277119463
277119062 277119063
277119061 1168924324
59985862 278121950
59985862 59987012
685039 353282299
546861950 368245489
546861950 546861946
546861950 75552571
937011839 79645713
937011839 1138847830
937011835 937011817
937011835 937011837
445263796 544241346
445263796 50753893
445263796 66846554
1385229902 97975105
299471358 299471360
299471358 33344371
299471358 299471357
299471358 33344369
60657048 453547327
345298524 346152536
345298524 32665507
32666355 309204901
32666356 32665507
299471357 33344370
32666353 60484227
32666353 1376346329
32666352 33196471
32666352 413658416
73643796 395632
308238910 414035532
308238910 33196477
280216770 289486844
280216770 50753893
32666477 309204901
560171500 560171506
346153128 413584588
346153128 559736594
346153128 559736595
560171506 560171507
346152536 413962222
319731619 319731552
33196471 414035537
33196471 60484249
302853465 614650420
33196477 33196478
302853463 60144055
33196475 414035537
33196475 1068425400
33196479 33196478
1139230955 1139230857
380496221 380430551
380496221 380496222
380496220 380496218
282997750 878478184
445263768 685050
445263768 445263763
445263769 600738715
122511060 122508087
68962715 68963961
68962715 68963111
393912 60070835
393912 878478184
393912 122530823
445263760 600738715
445263760 614650420
445263761 445263767
445263767 685050
445263767 425728585
95029410 95029411
1376346322 1376346320
1376346324 1376346328
1376346328 1238332998
1376346328 1238332970
285534655 445263788
389042480 389042470
389042480 389042471
299471979 299471978
299471979 33196440
299471979 33196441
299471978 33196434
33344364 291697212
33344364 33344365
33344364 33344374
33344365 33344366
33344365 1362648438
33344362 33344361
33344361 718046258
33344368 33344367
33344368 299471360
33344368 33344369
33344369 33344366
33344369 33344370
293040379 59986027
285534725 264872649
48753643 33182896
48753643 301888806
48753643 301888805
567053603 33182890
1362648438 1362648435
1362648438 33344374
543867577 453547758
1362648437 283408420
1362648437 283408061
1362648437 122514633
1168799003 685054
1168799003 869904875
477358508 395243584
477358508 477358509
283408061 283408058
66862947 277843037
1168924324 1168924333
291220426 291220422
291220426 291220425
59987015 278121950
59987015 59987012
59987015 311719030
1205744348 1205744368
29751526 984606012
546861942 546861944
546861942 368245486
546861946 546861944
1068425351 1068425361
1068425351 1068425405
1068425356 1285187325
1068425356 1068425318
33344366 33344367
33344367 60429790
1068425376 1068425405
291220339 291220338
413963889 413584490
308239184 308239178
308239184 60305649
299471360 264872650
368245484 368245296
368245484 368245486
368245487 368245488
368245487 368245486
368245489 368245488
122513741 60429790
1179555884 277119462
869904877 869904875
1086399467 33182895
1086399467 301888805
68956322 1086399425
68956326 1068425379
68956326 1086399425
414035537 414035532
414035532 60431471
66846587 66846586
66846586 122508087
33196509 33182892
301888806 319115991
301888806 319046236
598366125 598366124
598366125 299471334
598366124 299471333
929087667 151008369
319731379 33196457
33196444 1285187319
33196444 311316975
33196444 1285187323
122575688 984606034
122575688 413584474
1089320557 1089320565
1089320557 1089320617
316153738 453547758
1104325720 33344371
1104325720 33344372
1104325720 984584589
878478184 857208819
878478184 278195904
60290336 312841912
878478180 278195902
878478180 857208840
878478180 857208814
59983199 59986162
453547327 453549364
59984644 321907468
59984644 311719030
59984643 59983147
59984643 321907468
1376346350 283408057
122531340 857208840
33344379 33344378
33344379 33344375
33344378 299471335
33344378 33344377
33344375 33344376
33344377 33344376
1168799106 1168799029
97975105 97975972
425728584 685051
425728584 425728585
277119462 319728986
277119462 277119461
277119461 1175178856
1138847821 1138847588
285534731 544241346
285534731 66846554
59983144 59983147
59983147 59986162
283408058 413584588
50753893 60019312
319729264 319729265
413584492 413584496
1168924331 600738710
1168924333 600738715
283103898 308239178
283103898 32665504
278195902 857208810
278195901 857208810
291219222 544241344
1068425340 33196425
1068425340 33196430
314817996 32665501
937011817 60637337
394868 60070835
394868 122533740
66274444 66274447
97975966 1385229955
97975966 1385229964
291220748 291220747
291220747 60060398
319738360 319738328
319115991 319115990
857208810 857208814
857208814 857208817
857208817 857208819
321550680 59985044
413682136 122533740
33196459 33196458
33196458 33196433
33196458 33196438
1237716042 1237716040
33196450 311316975
33196450 1068425393
33196455 1039430905
33196457 33196456
33196456 33196437
347302362 33196434
347302362 60290361
347302362 60290362
1104325716 1104325707
1104325716 1104325706
1104325718 413584464
1104325718 413584460
413584467 413584465
1238332998 1238332978
1238332998 1238332982
1238332999 1238332991
1238332990 1238332984
1238332993 1238332996
1238332996 1238332986
1238332997 1238332962
453547315 79645713
453547315 69766856
453547315 453547319
453547319 69766856
453547319 453547758
413584464 413584465
60144055 60144053
413584460 413584462
413584462 1104325706
60019312 544241344
60019314 60019309
716871290 716871294
1089320533 32665500
335935007 60657223
380430551 390302842
60484357 929087686
1205744345 1205744368
277119457 60121418
1138847834 1138847805
277119459 1175178856
277119459 60121418
1039430937 151008369
293282282 59983292
60484226 60484227
60484226 60484246
413584482 413584483
413584486 413584487
59986925 278121950
59986925 59986989
59986925 59986910
352745386 352745385
352745386 352745388
60656875 59986917
321907469 321907468
395243593 395243592
380494014 380494015
380494014 380494013
380494015 390302842
1186349626 1186349628
1186349626 1186349636
1186349627 1186349637
1186349627 1186349636
380494011 380493999
380494011 380494012
380494012 380494013
60429790 559736595
1068425379 1068425417
1123199377 1123199374
1123199375 1123199357
66274434 66274435
1385229956 1385229974
1385229955 1385229950
97975972 97975970
97975970 1385229964
57447897 276578820
57447897 291221759
727460316 321693355
309204901 413658416
283406460 122530823
559736594 122533743
559736594 122533740
1138848031 1138847872
33196429 33196430
33196429 33196423
33196425 33196426
33196425 33196423
33196426 33196431
33196423 319732209
984584589 264872649
32665501 289465024
32665501 32665500
32665502 60060394
32665502 32665504
32665502 289465024
32665504 60144041
32665507 32665506
380496218 390302842
319731551 319731550
319731550 319731549
1238332988 1238332978
1238332985 1238332984
1238332982 1238332975
1238332981 1238332966
453544245 453544246
60432651 1283994938
60432651 60431852
60432651 60432649
60060398 276578820
60060398 60060397
60060394 60060397
60019309 1179555847
65825950 65825954
65825954 1039430927
453547762 453549364
1129243779 1129243809
398459983 453549364
285534594 413584588
1283994938 1283994937
1283994936 1283994937
289465024 289465023
60121500 75552571
252621522 252621508
395243583 395243584
395243583 395243585
1186349639 1186349637
59983292 59983300
1123199365 122533743
1123199365 1123199357
1123199360 1123199347
1123199363 122533743
1123199363 1123199362
1123199362 1123199347
213287657 97979477
245485014 299471333
245485015 60431852
245485015 1039430905
57520629 1251420269
57520629 329352939
1168799412 685054
291220582 291220583
299471335 299471334
60657223 453547758
1363530820 1363530822
1363530820 1363530826
1363530822 1363530827
1363530827 1363530826
33196438 33196437
33196437 33196436
33196436 33196435
33196433 33196432
33196432 33196431
33196431 33196430
319723600 60432649
60290364 278020991
413658416 68963111
60290362 60290363
1238332977 1238332964
1238332977 1238332975
1238332974 1238332964
1139230827 1139230852
307483423 97979477
321693355 321693354
1089320555 1089320588
278121950 59986917
1089320551 1089320560
1139230913 1139230853
68963118 68963111
1163834245 1163834248
319732209 319732223
1385407799 394053139
1385407799 394053132
60484249 60484246
60484249 60431471
1285187325 1285187323
311316967 319711632
330374987 330374986
333802921 333802920
333802921 333802922
333802923 333802922
333802925 333802926
342295556 342295557
342295556 342295555
342295554 342295555
342295552 342295564
929087686 151008369
929087686 250065559
283085604 283085611
69766857 69766856
69766857 685051
857208840 122530823
857208845 151008013
394053139 394053133
394053133 394053134
394053135 394053134
394053135 394053136
264872643 264872644
264872644 264872645
264872645 264872648
1139209659 1129243809
1238332961 1238332963
1139230854 1139209468
1139230854 283085611
544241346 544241344
1089320569 1089320617
1239460989 445263788
600738711 600738710
600738711 600738715
291697212 291697211
60637337 79645713
33182894 33182893
33182895 33182893
33182892 319738328
389042471 389042472
389042471 389042476
389042472 389042475
389042472 389042477
389042475 389042476
252621508 252621507
252621505 252621506
252621506 252621507
342295563 342295561
342295563 342295564
342295561 342295560
330374985 330374986
313579088 313579087
313579080 313579082
313579082 313579085
313579085 313579086
313579087 313579086
