344560704 21.01181984 52.24523188
344560705 21.01189662 52.24523758
251851888 21.00739461 52.24399899
1118690617 21.00338521 52.24527077
1036439617 21.00523183 52.23115322
1036439614 21.00654561 52.23310134
1036439611 21.00619642 52.23060269
638465485 21.0124753 52.23841413
1102426479 20.99102107 52.24251941
1102426475 20.99048538 52.24143304
34521691 21.00952529 52.2321914
1102426472 20.98954854 52.24186822
317587207 21.01490287 52.2348654
317587208 21.01505861 52.23458854
1156419640 20.98906783 52.24336758
248460750 21.00462657 52.22858299
1102426585 20.99178558 52.24270541
317616300 21.01428253 52.2407013
317616301 21.01406594 52.24123589
317616302 21.01384508 52.24120228
317616303 21.01417289 52.24068763
317616305 21.01394532 52.24121469
317616307 21.01384591 52.24150613
317616308 21.01362656 52.24203058
251851768 21.00479254 52.2447583
282663445 21.00231032 52.24257859
282663446 21.00230814 52.24262511
1345230065 21.00201243 52.23378061
1300133687 20.99282863 52.22903796
308595545 21.01617323 52.2335486
280797073 21.00302421 52.23976043
280797072 21.00283922 52.23979203
280797071 21.00214209 52.23968658
280797070 21.00206473 52.23987626
280797077 21.00423757 52.23953378
280797076 21.00231853 52.23924921
280797075 21.00225827 52.23941777
280797074 21.00311456 52.23954434
280797079 21.00145796 52.23977618
346403204 21.0006849 52.2305037
308595383 21.01601557 52.23288986
54651426 21.00481031 52.22998637
32528080 20.99639949 52.23260253
90334150 20.98972933 52.23738793
1036440367 21.00697141 52.23268627
1036440365 21.0055666 52.2323556
1036440362 21.00680159 52.23118222
1137779716 21.00210161 52.23654681
1036440368 21.00473847 52.2311797
376290612 21.01455184 52.23001982
1102696285 20.98903162 52.2409121
450852358 21.00164983 52.2371296
617647386 21.00119687 52.2278085
617647385 21.001665 52.22802073
617647384 21.00172694 52.22791101
617647383 21.00138219 52.22784161
282495824 21.01524049 52.23296472
323234629 21.00451266 52.24300506
1117039604 20.98773293 52.24249016
617647418 21.00449582 52.22843337
617647416 21.00449691 52.22808946
617647415 21.00460411 52.22824981
617647414 21.0046762 52.22812752
617647413 21.00470084 52.22808561
617647411 21.0037168 52.22892087
617647410 21.00396952 52.22897208
308595106 21.015544 52.23250731
308595513 21.01489667 52.23341977
1036542455 21.00119318 52.2297329
302711669 21.01614046 52.23256037
302711666 21.01621229 52.23243246
280709195 20.9997131 52.2409748
1300133534 20.98948106 52.22925882
302711663 21.01649091 52.23263422
302711660 21.01656257 52.23250648
1036440147 21.00658962 52.23164498
1036440389 21.0068767 52.23156971
1036440388 21.00532713 52.23012702
1036440381 21.00583684 52.23152429
1036440386 21.00502656 52.23267093
34521658 21.01008629 52.23236398
34520362 21.00098833 52.24444658
34521657 21.00988052 52.23219433
333137039 21.01289599 52.22790339
270855253 21.00441787 52.245023
270855252 21.00445433 52.24492661
270855255 21.00745421 52.24388064
270855257 21.00726847 52.24365826
270855256 21.00741699 52.24375181
201822550 21.00025541 52.2396399
201822507 20.99602758 52.23896943
90369173 21.0038282 52.23115749
1036440031 21.00568026 52.23230481
90369170 21.00037678 52.2304421
338486382 21.00340751 52.22991798
338486380 21.00328438 52.22985251
338486381 21.00331154 52.22988386
338486384 21.00415182 52.23018528
338486385 21.00340072 52.2308912
221974448 20.9963238 52.2349555
338486388 21.00371638 52.22954088
338486389 21.0039152 52.22965378
308942495 21.01583167 52.23029349
1345229951 21.00659951 52.2346167
333138450 21.0124774 52.22958882
1207358413 21.0124722 52.22951707
1207358411 21.0115978 52.22930853
1207358410 21.0112974 52.2294449
1321790310 21.00456044 52.23441512
1036439753 21.00655399 52.23151624
1036439751 21.00603239 52.23045459
333138852 21.01591541 52.23004027
333138850 21.01610878 52.23008017
333138856 21.01563914 52.22990281
638465038 21.00901433 52.23668863
333138854 21.01574752 52.23000548
308942487 21.01436819 52.22998051
638465035 21.0087239 52.23646852
254515311 21.00671199 52.23826543
254515310 21.00665684 52.23837071
254515312 21.00677452 52.23815563
254515315 21.01634422 52.23079791
254515314 21.0085462 52.23522456
270372618 21.01625303 52.23945097
224824507 21.01423676 52.24387326
270372617 21.01551659 52.23934309
270372616 21.01542573 52.23957577
270372615 21.01616208 52.23968373
1254626925 21.00595636 52.22964942
1254626921 21.00746603 52.23222443
1254626923 21.00882088 52.23044746
1254626928 21.00900637 52.2301121
638465494 21.01266407 52.23859291
638465496 21.01262299 52.23852334
638465497 21.01206727 52.23837632
1102426480 20.98917646 52.24290708
1254626678 21.00590507 52.22928464
101606281 20.98982262 52.2307596
1254626575 21.0089938 52.2301349
207628383 20.99616764 52.23159511
32572862 21.00955069 52.24303264
312892956 21.01221387 52.239083
312892954 21.01202503 52.23919029
1254626854 21.0094781 52.23068517
312892958 21.01255108 52.23914067
302891073 21.01475627 52.23006349
248460747 21.00465541 52.2284322
1036439574 21.00777943 52.23147902
302891070 21.01561332 52.2302468
1036439571 21.0070507 52.23270387
333138630 21.01119329 52.23015057
1036439578 21.0064431 52.2316123
248460749 21.00490812 52.22847981
32917757 21.01385689 52.24039544
613500893 20.99385097 52.2404464
302891093 21.01607014 52.23034453
32572868 21.0114082 52.24539592
302891097 21.01599193 52.23048166
984881069 21.01575992 52.23224588
32597423 21.00452784 52.24517841
613500890 20.99314731 52.24124067
251851753 21.00353718 52.24488269
317742609 21.00987851 52.24367109
317742608 21.00919186 52.2433618
317742603 21.01020264 52.24298486
317742602 21.01192126 52.24311377
317742601 21.01070563 52.24256619
1036439665 21.00653513 52.23173744
317742607 21.01117401 52.24425464
317742604 21.01141826 52.24353253
308595571 21.01648839 52.23376519
308595575 21.01672149 52.23366762
280797064 21.00370641 52.24099852
280797065 21.00372879 52.24153597
280797067 21.00403112 52.24012663
280797060 20.99943164 52.24057297
280797061 21.00315731 52.24085896
280797062 21.00362049 52.24094127
308595378 21.01613627 52.2329161
1207365120 21.01202838 52.23027857
316892321 21.01351374 52.23157148
32892170 21.01416719 52.23390684
316892323 21.01371876 52.2311937
308595116 21.01593368 52.23273111
316892325 21.01412679 52.23127668
316892324 21.01392177 52.23165462
316892327 21.01442929 52.23133829
316892329 21.01475359 52.23140417
207628343 20.99179111 52.23306077
396433558 21.01136202 52.2443491
617647398 21.00183574 52.22805284
1254626682 21.00636448 52.22955739
617647391 21.00240001 52.2277417
617647392 21.00232407 52.22786198
617647393 21.00189961 52.2279458
617647394 21.00226061 52.22795628
617647396 21.00221368 52.228009
617647397 21.00232071 52.22803213
1036439990 21.00534138 52.23082222
1036439996 21.00587296 52.23190281
1137779874 21.00225399 52.23642686
638465208 21.00921223 52.23726178
1254626660 21.0077811 52.22984749
617647401 21.00247628 52.22789676
617647402 21.0025637 52.22777489
617647403 21.0030061 52.22811914
617647404 21.00253001 52.22895171
617647405 21.00270268 52.2286498
617647406 21.00296469 52.22870268
617647407 21.00443999 52.2282136
1036439972 21.00466027 52.23206341
617647409 21.00406599 52.22834251
1254626595 21.00679606 52.22898339
1254626590 21.01007959 52.23215393
1254626592 21.00945036 52.23016239
280797080 21.0017204 52.23914913
1254626599 21.00679187 52.23213013
1102696419 20.99063173 52.24128954
308595625 21.01678268 52.23356184
1118730403 20.98860666 52.23917973
255152588 21.00755228 52.24511278
255152589 21.00753979 52.2451665
270855248 21.00542478 52.24481254
270855249 21.00540416 52.2446635
270855242 21.0015246 52.24447022
270855240 21.00140633 52.24435941
34520515 21.00214344 52.23411739
270855246 21.00535907 52.24532023
34520513 21.00224922 52.23390986
255152587 21.01011312 52.24535912
1036440048 21.00607237 52.23048996
34520359 21.00279982 52.24272502
285918698 21.00181663 52.22883017
34520355 21.00405769 52.24019637
34520356 21.0040411 52.2414332
34520357 21.00392761 52.24176563
1345229946 21.00215886 52.23380391
1036439749 21.00798537 52.23099321
1036439741 21.00694769 52.23251293
308942492 21.01627541 52.23054226
333138847 21.01584726 52.23015971
308942494 21.01653114 52.23009366
255155580 21.01580963 52.2343774
308942496 21.01538332 52.2301976
308942498 21.0157533 52.2304307
254515301 21.00228157 52.2277697
254515307 21.00536921 52.2284405
266185938 21.01402797 52.23396971
266185937 21.01369781 52.23450908
266185936 21.01298342 52.23572437
266185935 21.0133223 52.23578992
254515309 21.01178262 52.22979627
224821909 21.01467631 52.24468303
402518377 21.00224142 52.23833198
402518376 21.00085656 52.23810508
402518375 21.0011993 52.23730528
402518374 21.00076403 52.23723437
402518373 21.0003425 52.23820441
402518372 20.99987471 52.23813627
402518371 20.99991636 52.23804842
402518370 20.99766096 52.23771088
402518379 21.00287593 52.2381221
402518378 21.00236639 52.23803987
1254626910 21.0094051 52.23158639
224859203 21.01660264 52.23394557
320006318 21.00790407 52.23249323
638465316 21.01329438 52.23601028
320006314 21.00680294 52.2321111
333138447 21.01104334 52.2302794
32915594 21.01193501 52.22954289
1102426493 20.99128862 52.24317228
320006315 21.00700653 52.23176024
1330252895 21.00565554 52.22889656
32915591 21.01128507 52.22968513
32915592 21.01225352 52.2299044
32915593 21.0116092 52.23009978
33124989 20.99229847 52.24308871
333138419 21.01100311 52.23046842
638465179 21.0085664 52.23744643
638465178 21.00792544 52.23741794
638465172 21.0083126 52.23746018
1254626860 21.0088591 52.2303784
1254626862 21.00824798 52.23274318
638465174 21.00825099 52.23749337
1036439561 21.00600297 52.23237622
32596657 21.00551112 52.23789311
32596654 21.00376022 52.23571666
32596653 21.00272514 52.23541349
32596650 21.00336216 52.237299
302891089 21.01553679 52.23038443
302891082 21.01513128 52.2301437
302891080 21.01392789 52.22988629
308595386 21.01580552 52.23295281
302891084 21.01505308 52.23028091
984881075 21.01642511 52.23212024
317742614 21.01165698 52.24363999
317742616 21.01000298 52.24289501
317742610 21.01040497 52.24390821
317742611 21.0097356 52.24379003
317742612 21.01026206 52.24402707
308595567 21.01656458 52.23363351
308595563 21.01632243 52.23372923
54651452 21.00741071 52.23243523
1156419787 20.98907152 52.24370051
54651457 21.00784129 52.2317164
346403264 21.00366299 52.23060077
308945788 20.99640938 52.23236231
346403262 21.00408142 52.23069179
308945783 20.99889637 52.2329912
226357422 21.01406971 52.24356263
248197967 21.01192302 52.23417632
248197966 21.01088199 52.23392821
248197965 21.01030674 52.23379109
248197964 21.00966661 52.23364239
402530962 20.9946755 52.23548633
248197969 21.01356688 52.23457672
316892332 21.01513363 52.23190541
316892333 21.01534066 52.2315237
450852379 20.99913794 52.23642401
316892331 21.01507386 52.23146938
316892336 21.01295643 52.23145798
316892337 21.01266398 52.23139847
316892335 21.01543822 52.2316905
316892338 21.01297847 52.23141742
316892339 21.01268611 52.2313579
1036439839 21.00506931 52.23259851
323234428 20.99731613 52.24371568
1254626698 21.00709002 52.23005452
1036439987 21.0062245 52.23196534
224823500 21.01464622 52.24312434
1036439980 21.00620346 52.23059071
1254626815 21.00775981 52.23161347
32917758 21.01452451 52.24055612
32917759 21.01621632 52.24082493
32917756 21.01379897 52.24051362
1254626672 21.00931566 52.23282549
1254626676 21.00545303 52.22964196
308530598 21.01508929 52.2386603
308530599 21.01527478 52.23826141
1254626811 21.00757256 52.23376267
1036439965 21.00609927 52.23235627
254611791 21.01144022 52.24208993
1254626589 21.00866271 52.23190248
1254626588 21.00544959 52.22990297
1254626813 21.00722262 52.23406249
1036542438 21.00329989 52.23022232
1036542439 21.00405392 52.22986232
1036542437 21.00258927 52.22930367
1156419812 20.99337052 52.24451079
254611793 21.01189586 52.24081277
1102696395 20.98873692 52.24066274
1156419769 20.99443879 52.24438632
319430245 21.01224061 52.23168337
319430249 21.01237623 52.23149612
319430248 21.01358892 52.23195243
1102696620 20.99073927 52.24132348
308595391 21.01560502 52.23290923
1254626818 21.00648417 52.23221118
1102696604 20.98901117 52.24086114
1156419780 20.99367679 52.24413427
1156419785 20.99283634 52.24433527
32573101 21.00450571 52.24164719
32573100 21.00504098 52.24120689
1156419789 20.98961182 52.24353564
282495818 21.01484093 52.23311157
282495817 21.01504277 52.23315758
1314432285 21.00388092 52.24524269
1314432281 21.01201103 52.24186076
308942559 21.01317989 52.23094929
308942558 21.01335214 52.23098466
1156419766 20.99672487 52.24437877
1036440054 21.00643547 52.23162512
1036440051 21.00611042 52.23154029
1036440059 21.00630287 52.2328477
1036440058 21.00718222 52.23137567
1345229974 21.00629097 52.23440766
519319724 21.00774171 52.24162314
1345229978 21.00333459 52.23361909
1036439772 21.0044674 52.23258401
1036439775 21.0072999 52.23094769
1036439777 21.00695331 52.23255886
638465546 21.01355213 52.23821296
255152642 21.00997976 52.23677546
255152641 21.00926688 52.23661797
255152640 21.00863363 52.23737049
369541087 20.9990744 52.23649148
1254626900 21.00840162 52.23055877
1324306842 20.99827158 52.23613727
333138437 21.01067579 52.23013691
402518534 20.99502091 52.23817382
32915587 21.01126462 52.22996844
33124994 20.9925299 52.24336339
1088642495 20.98842528 52.24151719
32915588 21.01199653 52.23012283
1102426622 20.9912369 52.24365969
1254626873 21.00552587 52.22991781
1036439559 21.00620598 52.23211127
308945771 20.99883921 52.23309229
1036439551 21.00640622 52.23119027
638465166 21.00778471 52.23763536
1254626878 21.0065415 52.22942127
1036439554 21.00759578 52.23088382
1036439557 21.00665826 52.23129009
402518368 20.99751738 52.23803987
402518369 20.99741554 52.23833768
248564703 21.01264462 52.22787832
32596645 20.99811819 52.23404741
32596644 20.99037977 52.22960273
32596647 21.00029238 52.2346421
32596649 21.0021519 52.23524132
32596648 21.00160942 52.23506271
402518367 21.00239422 52.23883683
1102426530 20.9910069 52.24351611
54651449 21.00587606 52.23312464
54651443 21.00706361 52.2310953
54651441 21.00621989 52.23090889
54651447 21.00499563 52.2329254
1254626770 21.00704802 52.23388463
308945795 20.99854173 52.23239584
308945792 20.99797688 52.23278149
248197979 21.0096563 52.23439743
248197970 21.01046289 52.23459567
32528074 21.00050427 52.23354458
248197977 21.01145179 52.23484017
402531050 20.99210938 52.23788699
198013379 21.0028968 52.24478479
90365787 21.00153776 52.23240053
34972118 21.00336594 52.24228229
308595131 21.01620869 52.23279079
32913069 20.98864564 52.24017332
255152564 21.00719521 52.24505142
316892306 21.01578188 52.23205402
316892305 21.01542146 52.23197909
316892303 21.01527318 52.23226349
316892302 21.01510429 52.23210968
270374278 21.01546588 52.23919037
1088642710 20.98881361 52.24107932
316892309 21.01514787 52.23209174
255152563 21.00299168 52.24392581
1300133492 20.99214634 52.22846648
1300133496 20.98940043 52.22900921
1300133650 20.99083901 52.22862633
1036440317 21.00573617 52.23231713
1036440282 21.00596139 52.23160936
617647419 21.00455223 52.22833774
1254626642 21.00563852 52.22940383
1117039634 20.99285017 52.24222194
54651462 21.0065063 52.23039566
1036440446 21.00515103 52.23084753
1036439954 21.00788588 52.23086941
1036439956 21.0056526 52.23181388
254504890 20.99112878 52.24470349
1036439951 21.00674854 52.23306563
1036439952 21.00593197 52.23239877
1156419809 20.99457349 52.24262343
1156419807 20.99322593 52.2438627
1156419801 20.99746977 52.24354913
319430252 21.01227297 52.23168991
319430250 21.01385228 52.23179452
319430251 21.0137051 52.23206777
319430256 21.01266348 52.23176778
319430254 21.01354341 52.23203667
319430258 21.01406359 52.23213633
1036440195 21.00522311 52.2311704
1036440191 21.00653673 52.23247488
1036440193 21.00503008 52.23256532
1102696479 21.00443706 52.24510758
319430788 21.01106673 52.23387826
319430789 21.01123428 52.23361096
1036542393 21.00233563 52.2296143
319430782 21.01350527 52.23303646
319430783 21.01358071 52.23300889
319430785 21.01101174 52.23395906
319430786 21.01043062 52.23372831
319430787 21.01060103 52.23346101
1156419795 20.9898378 52.24424718
1156419793 20.99454901 52.24489568
1156419792 20.99393127 52.24356237
1036542379 21.00244393 52.22956996
1314432294 21.01061033 52.24243761
308942541 21.01345817 52.23044126
302722445 21.00221242 52.23797584
308942545 21.01561617 52.23178991
1036440061 21.00460294 52.23205058
308942549 21.01356671 52.23059314
1036440065 21.00615208 52.23068601
1330252658 21.00574514 52.22874962
614336781 21.0055925 52.22851661
1036440262 21.00733921 52.23096613
282662965 21.00265213 52.24221021
1036439764 21.00451451 52.23170232
280709196 20.98847951 52.23116093
1036439768 21.00641519 52.23190298
638465574 21.01178313 52.23880749
1319138836 21.01518367 52.2330202
338467033 21.01154039 52.23193793
338467035 21.01168841 52.23197062
247286448 21.01159873 52.23168329
247286444 21.00718666 52.23533629
247286445 21.0077314 52.23545196
247286446 21.00729998 52.23621354
247286447 21.00393331 52.23613106
247286440 21.01097721 52.24108108
247286441 21.01114283 52.24069987
247286442 21.00631503 52.23674906
369541097 20.99964672 52.23524711
369541091 20.99921991 52.23633709
310271351 21.00533468 52.22789031
248059654 21.01662242 52.23179913
248059655 21.01626921 52.23195394
248059656 21.01610794 52.2319153
270854021 21.0068378 52.2433566
638465688 21.01414171 52.23830508
248059653 21.01604424 52.23167281
333138424 21.010395 52.23017463
333138421 21.01029509 52.23025677
1254626807 21.00965957 52.23175102
1254626805 21.00839374 52.22981924
1036439548 21.00495942 52.23254956
1036439546 21.00631997 52.23300344
254611789 21.01326446 52.2421118
254611788 21.01331417 52.24222663
334482595 21.01562983 52.23971349
248564710 21.01433776 52.22821846
248564711 21.01384172 52.22910141
638465205 21.00863899 52.23751492
1036439780 21.00768974 52.23148833
1102426528 20.98945332 52.24259116
984881056 21.01637079 52.23214564
308595489 21.01536304 52.23332748
54651472 21.00432432 52.23083948
54651470 21.00381026 52.23174221
254611792 21.01364173 52.24064212
224852314 21.01596637 52.2350876
224852315 21.01399084 52.23470379
1354840806 20.99364821 52.24176312
402531048 20.99260961 52.23674403
1354840802 20.99381568 52.24164191
316892318 21.01322968 52.23109413
224814459 21.01557267 52.2418554
316892310 21.01214916 52.23087418
316892312 21.01249316 52.23094417
316892313 21.01194423 52.23125212
316892314 21.01228822 52.23132211
316892315 21.01255217 52.23137593
316892316 21.01275719 52.23099799
316892317 21.01302474 52.2314719
346403222 21.00234544 52.23373292
1300133482 20.99024926 52.22918079
1300133642 20.98960344 52.22904844
1098689389 20.99234248 52.24357017
319165305 21.01465326 52.2323618
319165307 21.01467773 52.23242802
319165306 21.01468243 52.23238812
1036440293 21.00756158 52.23149847
319165300 21.01202662 52.23232006
1254626655 21.00762403 52.23380542
319165302 21.01419544 52.23245929
1254626658 21.00625342 52.22991337
319165309 21.01253406 52.23194179
319165308 21.01462543 52.23246708
1036440450 21.00577657 52.23041829
1036440452 21.00617421 52.23143208
1036440454 21.00479203 52.23186819
1036440456 21.00614747 52.23156142
1036440458 21.00634721 52.23308047
312389449 21.01209242 52.23179242
312389448 21.01145933 52.23191999
312389447 21.01195957 52.23203047
308945749 20.997739 52.23310989
319430266 21.01393317 52.23163199
319430265 21.01358959 52.23158531
319430264 21.01354718 52.23166368
319430263 21.01388129 52.23173132
319430261 21.01429443 52.231705
1036439894 21.0053988 52.23083487
308945747 20.99776624 52.23319622
319430268 21.01460313 52.23168161
1036440189 21.00448668 52.2326602
1036440181 21.00748237 52.23087771
1036440186 21.00583131 52.2317827
1036440184 21.00635928 52.23306002
302711828 21.00684124 52.23594482
32913098 20.99383001 52.24188331
251851886 21.00643656 52.24443929
320006549 21.00373047 52.23130141
320006547 21.00355688 52.23129588
320006546 21.00351237 52.23132052
251851889 21.00773257 52.24377184
320006544 21.00336988 52.23159578
320006542 21.0034723 52.23175387
32913095 20.9934804 52.24175783
224823493 21.01505718 52.24406068
1100524282 20.98920748 52.24238522
224823496 21.01526681 52.24361929
224823498 21.01514662 52.24327253
262833621 21.01040741 52.23272583
262833620 21.01041637 52.23257462
262833623 21.01067772 52.23465032
262833622 21.01111601 52.23398404
246806023 21.01307746 52.22793591
201822544 21.00350994 52.24009696
302722453 21.00090417 52.23802789
308942573 21.01654036 52.23203038
308942571 21.01641891 52.23191631
614336790 21.01126328 52.22971966
614336793 21.01176301 52.22983332
614336797 21.01223382 52.22993684
1036440279 21.00653354 52.23312171
32629359 21.01150602 52.22951682
1036440276 21.00620237 52.23069716
34520361 21.00175544 52.24349314
34520363 21.00124816 52.24426612
746517141 21.01438487 52.23028837
34520365 21.00549419 52.2391338
34520367 21.00502807 52.23972288
1254626973 21.00758941 52.23016608
34520368 21.00473269 52.24110371
32917765 21.010899 52.24445429
1254626971 21.00791111 52.23232174
247488506 21.00557968 52.22848501
319165315 21.012164 52.23274016
319165312 21.01250288 52.23296354
319165313 21.01258393 52.23283354
255152625 21.01154198 52.23892727
255152627 21.01139488 52.23811581
255152626 21.01101182 52.23857129
255152621 21.0108602 52.23943588
32917763 21.00904233 52.24354058
255152623 21.01127191 52.2388758
255152622 21.01035636 52.24049309
32629354 21.01254571 52.22882313
1254626621 21.00605804 52.22882271
255152629 21.01204246 52.23827666
338467027 21.01113269 52.23261578
338467024 21.01128164 52.23265073
32629355 21.01223466 52.22876873
560607108 20.99771268 52.23391019
1036439837 21.00574707 52.23046833
266185942 21.01388967 52.23451847
266185943 21.01400257 52.23462986
266185940 21.01389763 52.23472701
1137780388 21.00301742 52.2362925
560607103 20.99355442 52.23854731
560607105 20.99479879 52.23872157
248564704 21.01213877 52.22875021
310271348 21.00553693 52.22789853
310271349 21.0055055 52.22791336
1300133452 20.98926984 52.22827387
1254626629 21.00725707 52.22977012
31158788 20.99335434 52.24190527
31158785 21.00259991 52.24196822
31158787 20.99369733 52.24203393
31158786 20.99575768 52.23957351
333138412 21.01098173 52.23019693
333138416 21.01002108 52.23062046
333138414 21.01032652 52.23022182
1036440460 21.00718901 52.23136419
1330252686 21.00564741 52.2287948
1036453579 21.00613548 52.2322308
638465182 21.00827371 52.2384578
254611790 21.01318014 52.24181299
334482589 21.01611188 52.24026024
638465184 21.00910318 52.23731006
638465185 21.00872616 52.23748382
638465189 21.00865517 52.23742833
334482581 21.01632151 52.23970653
334482582 21.01666793 52.23975733
638465212 21.00910368 52.23727209
638465214 21.0091761 52.23727888
638465219 21.00913017 52.23728014
402518438 21.00162812 52.23718718
402518439 21.00197957 52.2363422
1118730257 20.98920186 52.23893833
402518436 20.99824132 52.23621287
402518437 20.99871834 52.23502172
341341169 21.00531934 52.22913201
1102426518 20.98763109 52.24391123
341341162 21.00490888 52.22983458
341341167 21.00538002 52.22940299
341341165 21.00523141 52.2296692
313206569 21.00852299 52.23050211
32572234 21.00866548 52.23524451
32572235 21.00838762 52.23519036
32572230 21.0122842 52.22969569
32572231 21.0114253 52.2295449
338486424 21.00231384 52.23203248
1353469212 20.99559164 52.2419984
1353469213 20.9949215 52.24207249
1353469210 20.99521638 52.241873
1353469211 20.99527312 52.24189069
54651464 21.00736788 52.23059549
1353469214 20.99502368 52.24210501
1353469215 20.99508244 52.24212287
1300133583 20.99024264 52.22989518
317616247 21.01251587 52.23923161
1118730020 20.9919243 52.23982899
1118690303 21.00332973 52.24531696
317616248 21.01269441 52.23928836
207628427 20.99538687 52.23730528
207628425 20.99604518 52.2357258
207628421 20.99169858 52.23655921
985247055 21.00852642 52.2441538
338497158 21.0019701 52.23384942
308595481 21.01570703 52.23336503
316892369 21.01669023 52.23244688
308595486 21.01582287 52.23347257
316892364 21.01620894 52.23114039
316892367 21.01681009 52.23223943
316892366 21.01624758 52.23235108
316892360 21.01582312 52.23155622
316892362 21.01607634 52.23111332
310280478 21.00443647 52.228527
310280476 21.00263202 52.22814303
319165316 21.0118361 52.23281342
319165317 21.01191347 52.23268451
319165314 21.01208513 52.2328695
32917766 21.011158 52.24454214
32917761 21.01068619 52.24468463
1300133459 20.99229612 52.22820287
319165310 21.01243977 52.23211093
319165311 21.01266943 52.23300101
282495731 21.00606047 52.2351622
1300133455 20.98917076 52.22878516
1300133456 20.99152801 52.22827638
319165318 21.01159713 52.23275961
319165319 21.01167676 52.23263204
54651319 21.00799643 52.23097468
1036439935 21.00615426 52.23155002
1036439932 21.00592393 52.23137668
1036439931 21.00754633 52.23152454
1036440468 21.00680788 52.23296337
319430279 21.01484277 52.23212837
1036542405 21.00393716 52.23008461
319430270 21.01428261 52.23172679
319430271 21.01426006 52.2316993
319430272 21.01411279 52.23204597
319430273 21.01447506 52.23212007
319430274 21.01442594 52.23221043
312389453 21.0135207 52.23207866
312389450 21.01217213 52.23180843
319430277 21.01476222 52.2322779
308945759 20.99814728 52.23276372
1254626715 21.00679212 52.22998889
308945755 20.99786221 52.23287629
1254626538 21.00999711 52.23225929
270374254 21.01672694 52.23965892
1254626536 21.00862776 52.2319609
1102696455 20.99137453 52.24190167
1254626534 21.00495498 52.2308073
1036439840 21.00650672 52.23220037
1036439841 21.00468567 52.23270429
1036439846 21.00580507 52.23201798
1102696697 20.99214123 52.24150671
34521689 21.00921047 52.23271116
34521688 21.00942974 52.2320671
308942489 21.0161506 52.23036172
611224036 20.99106507 52.24452386
611224037 20.99123246 52.24458254
611224038 20.99140949 52.24463853
308942488 21.01428714 52.23011713
34521687 21.009014 52.23278928
346403187 21.00385133 52.23110544
34521667 21.01216031 52.23303403
338486405 21.00316821 52.23095742
308942569 21.01607349 52.23206022
338486407 21.00334582 52.2309347
338486406 21.00319604 52.23090327
338486409 21.00382233 52.23032752
338486408 21.00350508 52.23087477
1036440083 21.00629499 52.23304568
1156419751 20.9953696 52.24395423
248197986 21.00325923 52.23686448
1036440086 21.00593474 52.23191647
1156419756 20.99004298 52.24402774
617647430 21.01112548 52.22960139
1036440088 21.00787406 52.23088952
1098688847 20.99198641 52.24371367
1100524250 20.99121184 52.24368718
248197980 21.00675533 52.23609779
1036440249 21.00760751 52.23147014
1036440244 21.00651552 52.23173299
617647435 21.01138147 52.22961397
1036440247 21.00661594 52.23248158
32573094 21.01224187 52.24004667
308198067 21.01235796 52.2292398
90354602 20.99699711 52.23587483
32573097 21.00699128 52.23855712
1319138819 21.01527084 52.23305541
251851891 21.00841067 52.2436037
255152636 21.01176997 52.23337652
255152637 21.01237439 52.23352052
255152634 21.01465301 52.2332352
255152635 21.01129958 52.23350677
255152632 21.01335918 52.23326982
739433846 21.01677849 52.23478669
255152630 21.00970282 52.23544794
255152631 21.00801529 52.23629912
255152639 21.00941616 52.23762472
34521681 21.01199083 52.23289439
310271335 21.00552763 52.22812106
270854009 21.01239123 52.24318008
207628380 20.99311051 52.23091651
533674830 21.00538832 52.22927433
270854002 21.00514743 52.23975833
270854001 21.0049036 52.24106012
310271339 21.00531112 52.2279494
270854006 21.00428292 52.23965498
165115665 21.01276549 52.2386458
1137780088 21.00285581 52.2354554
638465422 21.01171632 52.23763092
638465425 21.01169067 52.23759588
638465426 21.01170853 52.23769261
255152522 21.00896614 52.24255889
255152521 21.00772084 52.24160947
255152527 21.00968413 52.24169187
282662508 21.00156986 52.24337672
255152525 21.00675181 52.24344872
54653032 21.00776526 52.2298738
54653035 21.00927811 52.23019533
333138408 21.01139463 52.23014379
1102426618 20.99051908 52.2440155
280796970 20.99318561 52.24184392
1102426611 20.99022848 52.24284723
280796972 20.99213067 52.24303264
1254626821 21.00735623 52.23011369
334482571 21.01684479 52.23942381
334482572 21.01680271 52.23953152
334482575 21.01622151 52.23953152
334482578 21.01618773 52.23961802
105757890 21.00824764 52.22790347
202693924 20.99737321 52.23292641
32596188 21.00058809 52.2293413
638465221 21.00871292 52.23741307
32596183 20.99496559 52.22796072
638465228 21.00950384 52.23757091
402518445 20.9986077 52.23785103
402518447 20.99803647 52.23676968
402518446 20.9989827 52.23691133
90371608 21.00253219 52.2334077
1102426501 20.99231373 52.24204131
1102426506 20.98892107 52.24103062
32572229 21.01204003 52.23010548
32572228 21.01124283 52.22992887
255080084 21.01449107 52.23998741
255080086 21.01484294 52.23909264
201810158 20.99669344 52.23410859
255080083 21.01634674 52.2402993
402530931 20.99313088 52.2357082
201810157 20.99166228 52.23326663
638465644 21.01412922 52.23762832
638465646 21.01442041 52.23766906
54651414 21.00405769 52.23271653
396433560 21.00905532 52.24327228
54651417 21.00685122 52.23334274
54651411 21.00698331 52.23131859
316190931 21.01650893 52.22973358
316190930 21.01663516 52.22991152
316190932 21.01671194 52.22977708
54651419 21.0083328 52.23081358
317616256 21.01413618 52.24019562
317616252 21.01253792 52.23988917
317616250 21.01247497 52.23979328
317616251 21.01248452 52.23984467
1036453631 21.00573081 52.23214379
60863505 20.99125643 52.22773877
1100524259 20.99090842 52.24263492
638465246 21.00953292 52.23764039
320006309 21.00670529 52.23378589
320006308 21.0066648 52.23372973
308595493 21.01526673 52.23330661
320006305 21.00576241 52.231158
320006304 21.00950761 52.23006223
320006307 21.00665399 52.23368179
320006306 21.00667017 52.2336206
308595498 21.01557116 52.23341792
320006300 21.00706579 52.22953392
320006303 21.00918633 52.23062558
320006302 21.0097651 52.22962981
279265031 20.98857808 52.2449355
333139132 21.01465829 52.22957407
279265035 20.98901201 52.24431666
279265034 20.98905174 52.24441238
279265037 20.98881772 52.24417082
279265036 20.98890129 52.24425841
1300133663 20.98928434 52.22921306
279265038 20.98883431 52.24411248
105757851 21.0096216 52.22926503
308945816 20.99855959 52.23279641
105757854 21.0102194 52.22833908
402530977 20.99212497 52.23627842
402530975 20.99241397 52.23632829
402530973 20.99273257 52.23559538
402530971 20.99219169 52.23550242
402530978 20.99244817 52.23555028
1254626631 21.00829533 52.22998654
1254626632 21.00768128 52.23186493
1300133449 20.99224642 52.22938003
1036440476 21.00603742 52.23246188
1036440475 21.00579434 52.23184531
1036439926 21.00562737 52.2322525
638465082 21.00912003 52.23719246
54651326 21.0061375 52.23055852
54651327 21.00563131 52.2304426
54651324 21.00588663 52.2309855
54651322 21.00724642 52.23128071
54651320 21.00749226 52.23086094
1300133599 20.99136179 52.2285933
1300133597 20.98936212 52.22841544
333139004 21.01620793 52.22995067
333139003 21.01627549 52.22983516
1254626704 21.00996434 52.23071476
308945769 20.99881406 52.23298902
1254626706 21.00687494 52.2315522
308945767 20.99877123 52.23292733
1137779226 21.00316787 52.23494452
1036439631 21.00768329 52.23084594
1254626521 21.00937467 52.23003323
1102696333 20.98969329 52.2408655
1254626524 21.0077832 52.23264813
614336808 21.01633073 52.23082658
1137778971 21.00205341 52.23664018
308595470 21.01588984 52.23304904
308595475 21.01604809 52.23308332
319165329 21.0131555 52.23231612
319165328 21.0130436 52.23252617
319165323 21.01271427 52.23286254
319165321 21.01133788 52.2325566
319165320 21.01126161 52.23268409
319165326 21.01255661 52.23242903
319165325 21.01325918 52.23256934
1100524481 20.98829293 52.24371987
319165293 21.01415286 52.23226248
262833605 21.01592622 52.23210071
308942519 21.01577316 52.2309171
338486410 21.00404596 52.23037311
319165292 21.01370703 52.23236222
319165291 21.0137978 52.23219148
338486418 21.00298959 52.23264008
338486419 21.00290996 52.23256071
1036440091 21.00561799 52.23046523
1036440093 21.00488784 52.2326571
319165290 21.01340184 52.23230154
1036440097 21.00790532 52.23095448
1156419728 20.98884731 52.24362868
1254626748 21.00651678 52.22945982
1036440250 21.00710049 52.23261946
319165295 21.01217649 52.23205913
1036440255 21.00725824 52.23146067
1036440259 21.00617203 52.23292943
410639745 21.00632274 52.24099952
342627477 21.010049 52.23449282
32528047 21.0021234 52.22797488
1118690577 21.00349946 52.24512443
119902566 21.01436182 52.24362407
32528045 21.00146249 52.22785393
90365767 20.99998803 52.23032542
90365769 20.99779717 52.23242576
316893645 21.01639963 52.23189753
1036439576 21.00601864 52.23047814
270854018 21.0061784 52.24324009
270854019 21.00644511 52.24309022
270854014 21.0037707 52.24252268
90365781 21.00181352 52.23193198
90365782 20.99970489 52.23148112
90365784 20.99925176 52.23137886
270854013 21.00511138 52.24177359
1036439683 21.0061634 52.23294401
1036439684 21.00599743 52.23151532
1036439686 21.004442 52.23243473
1036439688 21.00625099 52.23061476
165115659 21.01438479 52.23893967
54651424 21.00335253 52.2325587
32918016 21.01211757 52.24323322
32918017 21.01241026 52.24299316
255152518 21.0036728 52.24248848
255152517 21.00607111 52.24175096
255152516 21.00770458 52.24151199
255152515 21.00921567 52.24137017
255152514 21.00993676 52.2397378
255152511 21.00653078 52.23865192
32918019 21.01285752 52.24332617
54653022 21.00281902 52.23389787
54653020 21.00453102 52.23425779
54653025 21.00544197 52.23006072
54653029 21.00704039 52.22957524
54653028 21.0057101 52.22928213
248200294 21.00988924 52.23914578
248200295 21.0102717 52.23866248
248200297 21.00921944 52.23819561
1036453554 21.00665432 52.23143041
1254626857 21.00811839 52.23195989
1254626837 21.00835728 52.23053363
1254626836 21.00722094 52.2314009
1254626835 21.01014891 52.23079774
1254626834 21.00888726 52.23066028
638465239 21.00933796 52.23760829
1354840781 20.9935089 52.24179421
334482565 21.01565758 52.23924989
1354840788 20.99307053 52.24173872
638465233 21.00952907 52.23748399
248460745 21.00440512 52.22858986
638465722 21.01252291 52.24006419
1036440327 21.00792837 52.23108801
1254626568 21.00724349 52.23250363
90371618 21.00064802 52.23396602
90371612 20.9998079 52.23283488
90371616 21.00112713 52.2331114
1036439815 21.00631989 52.23121273
32572252 21.01398891 52.24054422
333138635 21.01096178 52.22998419
247286433 21.01045183 52.2405086
1036439660 21.00642868 52.23115221
1036439666 21.0073952 52.23087016
638465655 21.01436861 52.23780661
54651406 21.00537307 52.23096496
316190929 21.01643223 52.22986802
54651403 21.0047207 52.23205377
54651401 21.0048259 52.23187574
54651400 21.00467217 52.23204312
32917764 21.00895122 52.24359297
343594593 20.99082736 52.23638227
343594592 20.99033258 52.23749689
343594594 20.99099198 52.23606736
54651408 21.00633028 52.2324292
279200596 20.99782902 52.24321746
1118690369 21.00275984 52.24489124
1102426402 20.99232714 52.24208129
1102426406 20.98926766 52.24210099
279200599 20.99970573 52.24205087
32597391 20.99545577 52.23061929
32597392 20.99650007 52.23216374
32597394 20.99589867 52.2312155
32597395 20.99429152 52.22909722
32597396 20.99446444 52.22933376
32597397 20.99455094 52.22917618
323234633 21.00373457 52.24350839
985247072 21.00785009 52.2438912
864220364 21.00458433 52.2293698
316892343 21.01327863 52.2312528
316892342 21.01314619 52.23149671
316892340 21.01343051 52.23155463
316892347 21.01435436 52.23147081
316892346 21.0140542 52.23141004
316892345 21.01356328 52.23131046
320006319 21.00826717 52.23188697
320006316 21.00768371 52.23174456
320006317 21.00733879 52.23233917
316892349 21.01526883 52.23165622
316892348 21.01468151 52.23153711
320006312 21.00679229 52.23171271
320006313 21.00658752 52.23206341
320006311 21.00721222 52.23391791
308595435 21.01534996 52.2331627
32892162 21.01327896 52.23613106
279265027 20.98810341 52.24511403
279265028 20.98825906 52.24494212
402530965 20.99443343 52.23601221
1098689405 20.99289803 52.24277959
1254626766 21.00741121 52.23221428
32917760 21.00867009 52.24380713
1036440402 21.00556367 52.23196459
341276367 21.0134114 52.2331668
864220274 21.00481332 52.22892916
1300133722 20.99218481 52.22793951
302723915 21.00499144 52.23807558
302723916 21.00496973 52.2381884
308945773 20.99880149 52.23321223
1300133726 20.98923681 52.22968203
308945775 20.99872546 52.23329479
302723912 20.99411114 52.23366754
302723913 21.00523544 52.23780912
32917762 21.01098467 52.24437651
270374276 21.01550813 52.23911292
1102696303 20.99096709 52.24112768
1036440310 21.00826181 52.23079749
1036439868 21.00606742 52.23067914
308595684 21.01681822 52.23320519
1036440314 21.00647009 52.23219232
1036440319 21.00666673 52.23245049
207628363 20.98807609 52.23857539
314590532 21.0160004 52.23708878
1036542517 21.00183012 52.22977121
1036542513 21.0026031 52.22927953
1254626603 21.0055262 52.22975956
319165330 21.01295668 52.23227639
319165331 21.01318483 52.23225837
319165332 21.01298769 52.23221923
308942507 21.01579906 52.23086991
308942502 21.01530487 52.23033481
1102696545 20.98890439 52.24062326
1156419733 20.98986621 52.24325887
1156419739 20.9936156 52.24346229
746517119 21.01446752 52.23015569
1036440223 21.00584949 52.2304141
342627480 21.00973073 52.23501107
32629358 21.01197792 52.22915858
638465532 21.01407751 52.23778238
1100524348 20.98900497 52.24226117
302722315 20.998962 52.23182838
638465534 21.01366654 52.23772656
583392470 21.01684739 52.2321717
1143664231 21.00487283 52.2454084
212894117 21.00313049 52.24522241
32629357 21.01226182 52.22964833
1036440133 21.00583893 52.23043212
864220273 21.01157601 52.24169212
90365779 21.00295153 52.23270437
90365778 20.99941546 52.23193969
262833618 21.0091388 52.2304369
338486423 21.00312471 52.23218922
262833611 21.00847663 52.23057629
338486421 21.00303963 52.23224857
338486420 21.00289856 52.23249382
262833614 21.0090031 52.23048283
262833615 21.00987926 52.23076237
262833616 21.00840841 52.23047076
262833617 21.00882423 52.2303711
190467933 20.99365098 52.23828789
316892355 21.01538433 52.23195796
320006321 21.00773911 52.23176837
165115647 21.01227154 52.23985816
320006320 21.00737601 52.23237446
1036439690 21.00585603 52.23178823
254518076 20.9976333 52.23297293
254518075 20.99365123 52.24181642
254518074 20.99375927 52.24196043
254518073 20.99358241 52.24189664
254518072 20.99341452 52.24183486
254518071 20.99351997 52.24196864
1098689620 20.9929339 52.24285151
1169918588 21.01424246 52.24524337
1139882813 20.98766353 52.242577
1036439580 21.00740132 52.23085968
1036439587 21.00726092 52.23139311
334482552 21.01552464 52.23959027
638465710 21.01438336 52.23961056
638465242 21.00931608 52.23764643
638465088 21.00922497 52.23724242
32596165 20.99493031 52.22781454
333138518 21.01215436 52.23017723
32596167 20.99419806 52.22925807
32596169 20.99347051 52.23029508
638465084 21.00922748 52.23721183
279200696 21.00251433 52.24193327
279200691 21.00211779 52.23996268
334482561 21.0156155 52.23935759
32572245 21.01175547 52.23970821
32572243 21.00815292 52.23860129
32572240 21.0068969 52.23819947
32572248 21.01404557 52.2404293
201810170 20.99109139 52.23783552
201810176 20.99703508 52.23417137
1036439674 21.0075874 52.23150417
253964937 20.9938772 52.24565307
864220220 21.00464334 52.2294392
248200310 21.01636744 52.23714494
1345230008 21.00345956 52.23374742
253964939 20.99515452 52.24421306
1036453617 21.00622626 52.23134382
864220211 21.01062936 52.24216478
310280519 21.01186921 52.2287653
310280518 21.01167156 52.22909068
32597389 20.99546574 52.23241553
864220356 21.01120838 52.24070968
251851938 21.00354397 52.24242537
320006323 21.0066467 52.23237371
320006322 21.00717182 52.23148548
316892356 21.0154166 52.23189854
316892357 21.01516497 52.23184758
316892351 21.01551106 52.2315584
316892352 21.01489206 52.2318547
316892358 21.01596377 52.23200901
316892359 21.01579102 52.23160542
280709202 20.98883641 52.24421247
1118690224 21.00441728 52.24504614
1300133608 20.98917076 52.22979996
1300133605 20.99339298 52.22861761
54651433 21.00528782 52.23244177
54651430 21.00506252 52.23100184
54651434 21.00615686 52.23264411
179870644 21.00123777 52.24440207
1036439908 21.0063416 52.23117602
1036440416 21.00656447 52.23168756
1036440410 21.00460319 52.23216139
1036440413 21.00806014 52.2310098
1036439900 21.00649113 52.23162294
341276371 21.01304159 52.23308793
54651340 21.00480754 52.23184188
341276375 21.01352832 52.23293312
1342255444 20.9878973 52.23420323
1342255445 20.98830148 52.23328968
1342255446 20.98823182 52.23320427
316892287 21.01250003 52.23326336
1254626729 21.00817061 52.23272868
316892285 21.01248679 52.23336009
333139068 21.01459819 52.22967951
302722440 21.00332017 52.2380998
333139065 21.01486892 52.22961916
1254626726 21.00677134 52.23002426
316892288 21.01247061 52.23320938
302722442 21.00280871 52.23927713
1137779792 21.00558069 52.23627532
1300133736 20.98906524 52.22885188
1156419634 20.99301026 52.24494287
1300133558 20.99225606 52.22784572
1156419637 20.99339248 52.24335861
1100524641 20.98780829 52.24292099
1098688908 20.99274799 52.24272167
1156419638 20.99524488 52.24512736
1036439873 21.00637018 52.2320127
1036439871 21.0044234 52.23143527
1036439870 21.00671107 52.23172009
1036440305 21.0055138 52.23053832
308595697 21.0166474 52.23316923
1036440307 21.00497333 52.23265911
302722448 21.00100978 52.23778221
638465633 21.01423106 52.23732423
1342256084 20.98812361 52.23318566
1036440418 21.0045674 52.23125548
1280172962 20.99509836 52.24131309
308595454 21.01585371 52.23311148
1280172964 20.9949951 52.24055486
1280172965 20.9921507 52.24526818
1036542528 21.00334498 52.23013146
308595459 21.01579219 52.23321776
638465225 21.00950149 52.23741802
302711778 21.01036818 52.23264134
1254626617 21.00824018 52.23260848
1156419776 20.99453677 52.24292954
302711776 21.01037061 52.23269172
313206573 21.01561483 52.23244529
308942532 21.01571164 52.23102959
308942537 21.01579177 52.2310461
308942534 21.01540771 52.23174708
224822165 21.01393543 52.24519416
1280180390 20.99557973 52.24476962
1280180392 20.99584603 52.24443921
1280180393 20.99646478 52.24505502
1036439901 21.00616692 52.23283387
308595110 21.01573318 52.23268761
255155579 21.01629661 52.23447522
308595113 21.01580502 52.23256347
255155573 21.01497118 52.23742347
255155574 21.01351047 52.23723638
866933658 21.0097278 52.22919487
638465527 21.01377416 52.23726849
1319138847 21.0150089 52.23294938
1100524352 20.98902148 52.24230861
312054589 21.01242904 52.22939863
312054587 21.01244538 52.22932261
312054586 21.01243608 52.22928808
312054582 21.01230121 52.22945488
254518066 21.001134 52.24449914
254518067 21.00139141 52.24429043
254518068 21.00091683 52.24431649
254518069 21.00110542 52.24436209
255152577 21.00936553 52.24539273
255152576 21.00920527 52.24540983
255152571 21.00844512 52.24521227
255152570 21.00826474 52.24526633
54653003 21.00509998 52.23324266
334482603 21.01547753 52.23971081
1036453534 21.00616667 52.23133058
31158727 21.00084877 52.24438556
638465708 21.0145287 52.23896423
638465252 21.01133352 52.23751014
333138830 21.01578691 52.22993457
333138520 21.01242552 52.22966074
333138835 21.01615571 52.23024487
32596176 20.99512988 52.22785712
638465096 21.00933494 52.23667094
638465091 21.00995369 52.23676323
638465093 21.00981757 52.23684839
1254626988 21.00691366 52.23156058
295838998 20.9914975 52.24467113
278847156 20.98829527 52.24178759
295838996 20.99094102 52.24447818
333138786 21.01582103 52.22958631
201810166 20.99118494 52.23764341
333138784 21.01622914 52.22967373
1036439640 21.00660747 52.233115
1036439642 21.00496453 52.23267411
248200302 21.00855861 52.23737469
248200303 21.0090741 52.2365489
248200300 21.00953829 52.2376901
248200307 21.01287319 52.238291
248200305 21.01012108 52.23675292
1156419632 20.98930303 52.24344561
212881000 20.99130228 52.24476174
864220343 21.00980089 52.24068864
248460728 21.00311289 52.23100888
1118690239 21.00280896 52.24482704
1137779396 21.00178603 52.23602268
302711782 21.00345403 52.23674596
1300133630 20.9921771 52.22841234
32553122 21.00560072 52.22860126
1300133633 20.99248648 52.22805703
32553125 21.00771799 52.22886052
1207365092 21.0113927 52.23026222
1117039613 20.99154846 52.24376077
201810150 20.99312384 52.23350619
224864413 21.01670967 52.23491569
32528257 21.00252808 52.23397021
54651428 21.00454577 52.23190566
864220231 21.01107821 52.2411276
32528258 21.00459011 52.23436391
54651421 21.00553576 52.23017648
1036440423 21.00476169 52.23269968
1036440424 21.00621662 52.23197867
1036440428 21.00611763 52.23291727
1036439874 21.00663798 52.2324442
617647408 21.00438719 52.22830136
341276345 21.01599663 52.23186283
308595517 21.01497286 52.23328809
338664854 21.00349049 52.23269993
338664856 21.00500057 52.23301744
450852400 20.99737112 52.23582051
338664852 21.00489882 52.23319891
864220204 21.00604387 52.24087287
319430234 21.0126535 52.23143703
319430237 21.01282567 52.23147181
319430233 21.01247648 52.23151641
1254626754 21.00668274 52.23017513
1254626755 21.0056785 52.22965814
1254626752 21.0068368 52.2316931
319430239 21.01276968 52.23157558
1098689511 20.99199412 52.24344704
1353469209 20.99511328 52.2418414
32528075 21.000846 52.23361272
32599711 20.99490751 52.24224499
32528072 20.99858968 52.23342899
1342256086 20.98846777 52.23246188
32528079 20.99642078 52.23253036
32572867 21.01304209 52.24198892
308595450 21.01541283 52.23291157
32572864 21.01078266 52.24247943
32572863 21.01025544 52.24269627
1254626573 21.00700921 52.2339656
32572861 21.00907686 52.24328502
1102696493 20.98893339 52.24047113
54651394 21.00487753 52.2326747
1102696368 20.99088369 52.24124101
1300133563 20.98914771 52.22894081
1036440334 21.00442549 52.23155899
1036439804 21.00776141 52.23137106
1036440337 21.00643271 52.23190692
1036440331 21.00679933 52.23157047
1036439809 21.00622081 52.23284578
207628347 20.99462864 52.23914134
1280172970 20.99375491 52.24143689
207628345 20.9960736 52.23561524
1088643261 20.98833006 52.24162632
1280172975 20.99530288 52.24020869
1036542532 21.00173214 52.22985427
308595422 21.01558901 52.23332698
308595429 21.01538852 52.23328348
207628349 20.9920222 52.23818991
207628348 20.99225514 52.23792739
1098689318 20.99284388 52.242735
302722427 21.0021084 52.23822193
285918696 21.00174571 52.22875817
1156419716 20.99269913 52.24448681
1156419714 20.99359591 52.24342608
1100524215 20.98917889 52.24207207
1156419711 20.99394141 52.24524152
1088643334 20.98835462 52.24180393
416554668 21.01235737 52.24308787
1156419628 20.99298822 52.24378768
1314432302 21.01066054 52.24252436
338486426 21.00203631 52.23250882
1156419626 20.99416772 52.24532559
302722337 20.99985124 52.22965059
1319138854 21.01496138 52.23293018
1319138850 21.0153192 52.233216
1100524364 20.98775967 52.24324721
312054591 21.01240087 52.22942881
1036440118 21.00602451 52.23233968
256584946 21.01400794 52.23387692
1254626990 21.00551087 52.22962117
1143671278 21.00387631 52.22932404
334482610 21.01641723 52.23947553
255152567 21.00791572 52.24517413
334482612 21.01638353 52.2395549
255152562 21.00538128 52.24459067
334482615 21.016349 52.23964199
255152560 21.00591529 52.24472511
255152561 21.00627421 52.24549809
334482618 21.01620617 52.23957301
255152568 21.00801412 52.24525024
1036453525 21.00569602 52.23213608
32597403 20.9974494 52.23340594
615046468 21.00607589 52.23358967
615046465 21.00467737 52.23385102
615046464 21.00520501 52.23385236
615046467 21.00615426 52.23345858
615046466 21.00483118 52.23394598
615046461 21.00462238 52.2342743
615046460 21.00505221 52.23362353
615046463 21.00504978 52.23394674
615046462 21.00473571 52.23409627
1100524227 20.98847649 52.24347897
638465060 21.00906571 52.23704536
638465063 21.00907426 52.23723169
638465067 21.00908952 52.23720713
310271338 21.00531523 52.22798084
333138828 21.01556119 52.22988613
320006268 21.00908692 52.23273228
333138640 21.01151373 52.22944423
638465284 21.01080764 52.2395031
1102426541 20.98868 52.24345031
32572261 21.00652088 52.23820584
32572260 21.00682414 52.23828999
333138798 21.01468184 52.22949327
333138791 21.01535147 52.22948581
333138793 21.01491327 52.2295428
1254626976 21.00581412 52.22944088
333138795 21.01498996 52.22940844
1254626974 21.01033926 52.23082314
638465605 21.01229803 52.23991683
313206582 21.01667631 52.23198118
313206581 21.01630022 52.23212569
638465606 21.01227121 52.2398108
313206584 21.01654983 52.23186249
1036439658 21.004441 52.23262877
316892374 21.01664723 52.23252433
638465077 21.00901844 52.23718442
317616292 21.01389939 52.24135953
317616293 21.01360158 52.24208674
317616291 21.01424531 52.24053978
317616296 21.01372773 52.24205179
317616297 21.01394432 52.24151727
317616294 21.01350687 52.24201826
317616295 21.01372337 52.24148383
317616299 21.01406158 52.24066777
1345230028 21.00309948 52.23340787
316892330 21.01486767 52.23184959
198013388 21.00276412 52.24497012
316892370 21.01682861 52.23220733
1102426435 20.98994919 52.24316792
1102426438 20.98906448 52.24254448
346403196 21.00079688 52.23046138
310280531 21.01118692 52.22929227
310280530 21.01134232 52.2290165
638465118 21.00939563 52.23716438
638465115 21.00930183 52.23693967
248197985 21.00431292 52.23481494
248197987 21.0041328 52.23582068
54651295 21.00770491 52.23146251
54651293 21.00703537 52.23257714
54651290 21.00673144 52.23309472
248197982 21.0039727 52.23541122
248197988 21.00661292 52.23682726
308595211 21.01562447 52.23266448
280797046 20.99900827 52.23857917
280797047 20.99655572 52.23820869
280797044 20.99896669 52.23867254
331759535 21.01617742 52.23173048
1300133625 20.9899414 52.22982879
1300133620 20.99266183 52.22905263
105757899 21.012725 52.22789048
864220297 21.005477 52.24117144
32528267 21.01640248 52.23672643
32528264 21.01083899 52.23566059
32528262 21.007462 52.23493086
346403234 21.00264023 52.2337874
1036440435 21.00653991 52.23201228
1036440433 21.00624587 52.2311963
1036440430 21.00668131 52.2312512
308945818 20.99776398 52.2329876
32913104 20.99444047 52.24062913
1036440438 21.00570147 52.23226893
308595502 21.01561357 52.23334483
320006298 21.00786677 52.22970432
320006293 21.00694886 52.23066833
320006292 21.00672867 52.23061837
320006291 21.006454 52.23055668
320006290 21.00724852 52.23073563
320006297 21.00555026 52.22920837
320006295 21.00651577 52.2309741
320006294 21.00673622 52.23102363
279265101 20.98796519 52.24401952
279265100 20.98754652 52.24388382
1300133719 20.99051958 52.22924541
279265102 20.9882454 52.24370344
319165297 21.01269877 52.23216181
319165296 21.01206233 52.23184632
410639749 21.00773056 52.24109927
319165294 21.01406217 52.2324328
319165299 21.01279407 52.23199443
319165298 21.01227414 52.23188923
1254626741 21.01035309 52.23086379
410639742 21.00763576 52.2410499
410639741 21.00760969 52.24101511
410639740 21.00759067 52.24094387
32913585 20.99548049 52.23946639
279265039 20.98889793 52.24406529
356190237 21.01093236 52.23277771
1118690394 21.0029222 52.24514613
282663659 21.00267711 52.24275654
32913589 20.99348929 52.23872208
1254626565 21.01008613 52.23073672
1036440328 21.00612828 52.23057411
1300133577 20.99044004 52.22855374
1254626562 21.00830992 52.22996173
308530600 21.01593577 52.23837666
308530602 21.01575028 52.23877564
308530603 21.0154306 52.23871864
308530604 21.01525659 52.23907051
1102696378 20.99041221 52.24150671
207628358 20.98985741 52.23616417
1357424078 20.9957498 52.24221733
1036439817 21.00631494 52.2310803
165106672 20.99241523 52.23500118
1036439811 21.00437696 52.23242031
410639738 21.00763098 52.24081319
165106677 20.99428339 52.23539136
207628350 20.99302862 52.23814029
207628352 20.9927744 52.23846039
207628353 20.99070943 52.23940839
207628354 20.9918026 52.23810953
1036439818 21.00594413 52.23160559
1357424077 20.99548837 52.24212857
207628357 20.99635213 52.23745457
1280172947 20.99549298 52.24143387
1280172941 20.9961497 52.24125852
1280172943 20.99454658 52.24066299
450852313 21.00556459 52.23781692
308595439 21.01533697 52.23304258
255152580 21.00977424 52.24526499
34520514 21.00531632 52.22853974
270855247 21.00532311 52.2446775
334482598 21.01562254 52.2397321
1036440219 21.00697669 52.2325193
1036440216 21.0076257 52.23083311
1036440213 21.00664184 52.23119932
1036440210 21.0046969 52.23268543
746517128 21.0145748 52.22998914
416554658 21.01189067 52.24196428
251851936 21.00467351 52.24284002
32572858 21.00851938 52.24380713
32572859 21.00871108 52.24348283
251851933 21.00770692 52.24379807
251851931 21.00816089 52.24380419
334482592 21.01636962 52.23982027
32572852 21.01132338 52.2443268
32572853 21.01084762 52.2449163
32572850 21.01218898 52.24314697
32572857 21.00857328 52.24388273
1036542497 21.00331707 52.23001303
302722329 21.00009708 52.22969477
302722322 21.00014946 52.23003608
302722324 21.00021183 52.22986542
302722326 21.00018878 52.22977708
1143664244 21.00496428 52.24563027
212894122 21.00284383 52.24557428
1143664246 21.0048062 52.24531679
1143664241 21.00497057 52.24555492
35965866 21.00947534 52.23249843
369547899 20.98887891 52.23601799
1036440101 21.00627638 52.231992
369547891 20.98958022 52.23656357
190472433 20.99096181 52.24463693
369547896 20.98868168 52.23633164
1036440378 21.00604421 52.23053782
638465202 21.00907854 52.23725281
247286439 21.010036 52.2410131
1254626985 21.0096273 52.23171372
247286431 21.01005671 52.24049527
247286430 21.00977021 52.24074497
270853996 21.01028453 52.24256468
247286435 21.01068577 52.24076802
247286434 21.01063858 52.24062393
247286437 21.01045929 52.24100279
247286436 21.01063632 52.24089282
255152559 21.00498733 52.24488588
1118690403 21.00350231 52.24493734
638465476 21.01266423 52.2383961
255152557 21.00485481 52.24497833
255152556 21.00489899 52.24509182
255152555 21.00562377 52.24561418
339172895 21.0121806 52.23271292
339172894 21.01209359 52.23269297
339172893 21.01231261 52.2323152
339172892 21.01205872 52.23226424
339172891 21.01197214 52.23241478
339172890 21.0118299 52.23238578
1036440121 21.00688818 52.23298123
54651329 21.00532378 52.23095406
1345229993 20.99914112 52.23236398
615046474 21.00836298 52.23486841
615046472 21.0078552 52.23498819
615046473 21.00823892 52.23504108
615046471 21.00830288 52.23439844
638465276 21.01108483 52.23880296
1036439711 21.00556401 52.23045333
1036439715 21.00501717 52.23258703
1036439718 21.00800406 52.23110469
638465278 21.01102314 52.2386836
333138815 21.01420843 52.22939352
333138812 21.01406443 52.22936184
638465074 21.0090223 52.23723764
638465079 21.00916219 52.23718928
1118730075 20.98948961 52.23942347
333138818 21.01414029 52.22922597
1102426488 20.98807843 52.24260541
402518384 21.00033957 52.23888318
402518385 21.00010227 52.23946463
402518382 21.00099964 52.23727368
402518383 21.00048432 52.23852519
402518380 21.00241266 52.23926221
402518381 21.00047678 52.23895878
282663657 21.00236807 52.24270398
247461209 21.0121008 52.23081006
247461208 21.01146177 52.23066263
1137780542 21.00485113 52.23560652
1254626967 21.00699161 52.23135103
32917753 21.01323227 52.24199236
1036439629 21.00577339 52.23188077
302891100 21.01467807 52.2302007
310280528 21.01124518 52.22940333
310280529 21.01157383 52.22862532
1102426442 20.98859099 52.24342441
1102426440 20.99098193 52.24233476
1102426441 20.98834557 52.24230853
310280520 21.01143964 52.22903779
310280521 21.0116372 52.22871241
310280522 21.01104762 52.22936569
313206571 21.01599009 52.23238561
310280525 21.01133914 52.22921289
310280526 21.01149127 52.2292486
310280527 21.01140712 52.2293776
310280523 21.01126781 52.22899857
313206577 21.01575053 52.23233213
1036439538 21.00528447 52.23091861
1254626705 21.00866808 52.22939092
333139002 21.01608631 52.22992359
1254626707 21.00748271 52.23034428
1254626708 21.00762084 52.23185302
1118690252 21.00345671 52.24519718
402530924 20.99436469 52.23599637
402530927 20.99522057 52.23618923
402530922 20.99394602 52.23701737
410639734 21.00856816 52.24095518
864220254 21.00952714 52.2406448
1345230030 21.00220873 52.23370878
864220252 21.01208546 52.24039301
308945803 20.9977079 52.23319689
256347936 21.00975462 52.24010719
54651374 21.00436606 52.23256146
308595535 21.01598917 52.2335087
320006288 21.0081059 52.22930484
320006289 21.00733661 52.23058836
320006286 21.00654368 52.23040689
320006287 21.00731004 52.22912614
319165284 21.01405362 52.23249818
319165285 21.0136994 52.2327213
319165286 21.01362262 52.23261544
1254626773 21.00702204 52.23173341
308945739 20.99782189 52.23326848
1254626776 21.00753141 52.22982117
319165283 21.01413031 52.23260404
32528055 21.00003949 52.23025242
32528056 21.00053344 52.23018829
333139058 21.01516598 52.22980122
319165289 21.01349278 52.23213063
32528053 21.0017028 52.22860571
1137779107 21.00460663 52.23597189
295839046 20.9913851 52.24479443
1036440358 21.0043177 52.23252073
1254626792 21.00660479 52.23208931
1254626790 21.00697502 52.22968664
1036440355 21.00783366 52.23138707
165106660 20.99078939 52.23466163
308595408 21.0156678 52.23319078
1036439533 21.00793558 52.2309031
985246984 21.00863363 52.24410502
1280172950 20.99476552 52.24065972
1280172957 20.99535518 52.24100028
1280172955 20.99586858 52.24038957
90332415 21.00109578 52.23712658
450852308 21.00661133 52.23811003
333138842 21.01623459 52.23010649
410639730 21.0069642 52.24084387
224791908 21.01661429 52.23928861
1102696587 20.98876634 52.24077774
323234656 21.00424361 52.24291814
1317157320 20.99705 52.23575581
255152579 21.00961397 52.24527622
32573089 21.00577146 52.24262352
1102696348 20.98886943 52.24109902
1254626559 21.00652851 52.23222091
90332394 20.99732577 52.23592068
32572848 21.01314032 52.24261757
1098688772 20.9920569 52.24372783
32572847 21.0133782 52.24204709
1156419646 20.99408348 52.24353564
1098688953 20.99291069 52.24292527
1036542481 21.00229951 52.22966266
1321790312 21.00452499 52.23447572
32629360 21.00541472 52.22835132
302722354 21.00327709 52.23214362
301612745 21.01360032 52.22954222
704962924 21.01619561 52.23466247
302722352 20.99991997 52.2300883
300412714 21.01551768 52.23245652
300412711 21.01516397 52.23238544
1118730331 20.98883884 52.23994776
1036440177 21.00438182 52.23253489
1118730110 20.99122986 52.24068998
247286428 21.00944189 52.24084974
247286429 21.00983744 52.24090908
247286422 21.00715866 52.2400382
247286423 21.0085229 52.24025312
247286420 21.00545177 52.2412809
247286421 21.0053361 52.24293256
247286426 21.00698323 52.24047758
247286427 21.00835007 52.24068436
247286424 21.00961833 52.24042553
247286425 21.00985076 52.24059702
339172888 21.01199242 52.23255308
339172889 21.01176159 52.2325012
255152548 21.00307978 52.24476752
90332421 21.00248483 52.23726522
339172884 21.01187667 52.2322898
339172885 21.01150032 52.23259273
339172886 21.01156729 52.23247848
339172887 21.0114067 52.2324416
254515292 20.9982005 52.23296312
1036440000 21.00663236 52.23307284
338486378 21.00283939 52.22965177
338486373 21.00168319 52.2292377
338486371 21.00145729 52.22935153
32892173 21.013171 52.2352632
338486377 21.00298682 52.22939394
1137780544 21.00263688 52.23542631
32892177 21.01273213 52.23602838
1036453504 21.00616901 52.23223817
31158772 21.00101129 52.2442222
1254626884 21.0064509 52.22957566
1254626882 21.00826876 52.23256071
1254626883 21.0080168 52.23045987
1254626880 21.00561019 52.22977431
615046446 21.00286822 52.23384339
615046444 21.0032242 52.23390952
615046448 21.00269463 52.23413902
333138808 21.01445813 52.22929453
1036439704 21.00769443 52.23082699
1036439707 21.00654226 52.23246532
333138802 21.01475854 52.2293589
333138805 21.01438143 52.22942889
638465046 21.00910444 52.23670858
638465045 21.00919278 52.23667957
638465042 21.00907946 52.23663909
638465049 21.00894728 52.23699138
1314432296 21.01211178 52.24163722
638465629 21.01360611 52.23948441
638465628 21.0136258 52.23943906
1254626956 21.00696387 52.22970541
1036439634 21.00696638 52.23248133
1036439636 21.00556677 52.23055014
33124278 20.98924737 52.23118524
33124279 20.99255412 52.23184137
1036453651 21.0066104 52.23142068
402518535 20.99439101 52.23807399
308942513 21.01608782 52.23092934
303205547 20.99246544 52.23198319
1102426459 20.99092878 52.24359607
1254626789 21.00659993 52.23245434
248460731 21.00481081 52.22947013
248460730 21.00392409 52.22937952
279265053 20.988104 52.24473668
279265050 20.98856023 52.24425103
279265055 20.98817893 52.24487112
341276329 21.01542858 52.23196727
317616326 21.01523723 52.24376991
864220263 21.0116569 52.2397595
333138832 21.01621053 52.23025661
1345230046 20.99865371 52.23224463
1345230044 21.00331087 52.23343896
1345230040 21.00769569 52.23485819
308595528 21.01522977 52.23319773
308945831 20.99815918 52.23341457
308595520 21.01462308 52.23336042
341276337 21.01593871 52.23161439
308595525 21.01499331 52.23325288
320006271 21.00854193 52.23194296
320006270 21.00817698 52.23254143
320006273 21.00954918 52.2305493
320006272 21.0087835 52.23186501
320006275 21.01038251 52.23077251
320006274 21.00937668 52.23199543
320006277 21.01000063 52.23164406
320006276 21.01045711 52.23084091
308595123 21.01608807 52.23276464
1088642633 20.98843752 52.24166287
410639724 21.00696462 52.24151694
410639727 21.00690536 52.24112668
1254626763 21.00878081 52.22941548
279265122 20.98991407 52.24427274
279265121 20.98922709 52.24507883
410639729 21.00697367 52.2409209
410639728 21.00695716 52.24099282
1254626768 21.00908499 52.22997003
1137779113 21.00254124 52.23547912
308595532 21.01517503 52.23329236
319430285 21.01489114 52.2320391
319430284 21.01464697 52.23180332
319430286 21.01475024 52.23210968
319430281 21.01462593 52.23208202
319430283 21.01476708 52.23182846
1036439838 21.00597422 52.23155471
1036440345 21.00533778 52.23093043
1036439835 21.00727274 52.23143628
1036440346 21.006828 52.23308324
1036440341 21.00478818 52.23265492
319430288 21.01466709 52.2322577
1254626787 21.00961397 52.23296321
308595419 21.01544627 52.23318357
450852337 21.00334029 52.23719867
224857470 21.01265292 52.23313269
338497159 21.00352653 52.23260379
179870608 21.00661602 52.23845092
338497157 21.00276797 52.23402218
248460746 21.00460067 52.22851149
1098689161 20.99193269 52.24367419
34521674 21.00967592 52.23304049
34521675 21.01022686 52.23268551
34521670 21.00923318 52.23262483
34521673 21.00979318 52.23284519
34521678 21.01089607 52.23283521
34521679 21.01100604 52.23266313
32573099 21.00506 52.24017634
32573098 21.00560231 52.23931593
410639753 21.00821864 52.24091093
32573091 21.00972336 52.2415793
32573090 21.00660638 52.24220208
32573093 21.0117475 52.24119214
32573095 21.01074763 52.2395943
410639723 21.00703503 52.24161677
617647437 21.0124572 52.23002191
617647436 21.01226852 52.22999677
1118730151 20.98892509 52.23927059
308595702 21.01662544 52.23352898
410639756 21.00641879 52.24117563
308595706 21.01670934 52.23338247
1321790320 21.00742362 52.23499506
1321790322 21.00738548 52.2350679
1254626548 21.00616742 52.23006047
1254626543 21.00567909 52.22923611
1254626540 21.00988178 52.23163903
302722347 20.99969709 52.22992971
302722344 20.99965451 52.22984941
302722342 20.9996644 52.22977507
302722340 20.99974956 52.22969066
1156419693 20.99440937 52.24280499
1036440161 21.00622928 52.23283136
224797838 21.01532607 52.23652308
247286419 21.00566048 52.24027038
247286418 21.00583893 52.23982421
247286416 21.00679539 52.23859819
247286415 21.01578599 52.24154049
247286414 21.01446416 52.24131762
247286413 21.01436819 52.24133514
247286412 21.01569362 52.24167276
247286411 21.0142376 52.24141493
247286410 21.01367258 52.24132583
54653045 21.00660001 52.23031587
54653040 21.00822174 52.23070009
54653043 21.00738011 52.23051569
1036440016 21.00526829 52.23206441
614336775 21.00535546 52.22846707
614336772 21.00226598 52.22779677
32892163 21.01628211 52.23092632
338486365 21.00088473 52.23047588
338486366 21.00098187 52.23030287
338486367 21.00081063 52.23015259
32892167 21.0159149 52.2321085
32892164 21.0163894 52.23070948
1254626897 21.0055749 52.22966853
615046455 21.00527131 52.23326638
615046456 21.0052061 52.23371858
615046457 21.00483369 52.23362286
615046450 21.00443438 52.23307628
615046451 21.00541439 52.23302037
314590535 21.01620274 52.23668611
314590534 21.01656609 52.2367618
319165301 21.01182093 52.23227916
615046459 21.00467837 52.23371707
1036439734 21.00449783 52.23264134
1036439737 21.005952 52.23236491
319165303 21.01460448 52.23235041
638465052 21.00902816 52.23700563
638465057 21.00905943 52.23699842
638465588 21.01268468 52.23874982
1088643016 20.98770712 52.24071102
1102426596 20.9899911 52.24136606
344560710 21.01241319 52.24568207
1102426591 20.9890856 52.24301118
1102426593 20.99088151 52.24246686
333138626 21.01118642 52.23004044
1254626943 21.00588252 52.22932001
1036439601 21.00638996 52.23197909
1254626949 21.00559133 52.22939377
1036439604 21.00622509 52.23295767
1036439606 21.0045451 52.23214857
1036439607 21.00742118 52.23098432
1036439940 21.00683998 52.23156158
1137780038 21.00460453 52.23601782
333138909 21.01636761 52.22998486
33124263 20.99284329 52.23135899
308945730 20.99836772 52.23342329
1330252868 21.00604873 52.22880796
1102426461 20.9893949 52.2426542
1102426462 20.99032763 52.24329072
1102426467 20.99149959 52.2417699
1098689226 20.99190989 52.24360043
317587210 21.01399796 52.23433507
308595400 21.01572933 52.23308449
308197357 21.01573058 52.23450229
308595155 21.01680783 52.23292079
638465121 21.0099956 52.2368509
638465125 21.00999116 52.23671763
302891055 21.01370527 52.22999266
248460729 21.00212592 52.22898968
308595404 21.01550654 52.23307938
279265044 20.98920069 52.24416151
279265045 20.98917571 52.2442191
279265046 20.98911368 52.2442595
279265047 20.98901679 52.24427852
279265040 20.98899751 52.24404391
279265041 20.98910647 52.24406001
279265042 20.98914419 52.24401508
279265043 20.98917797 52.24410569
279200600 20.99903157 52.24183822
248460748 21.00260109 52.228197
32597404 20.99746089 52.23332002
32597405 20.99723189 52.23308508
253964940 20.99594116 52.24326624
32597401 20.99406932 52.22904509
253964944 20.99644341 52.24464029
1345230057 21.00361597 52.2339034
32597408 20.99460928 52.2325245
32597409 20.99389313 52.23239801
308595559 21.01639862 52.23359746
54651396 21.00513091 52.23225913
1300133690 20.99047231 52.22848727
1300133691 20.99238824 52.2279282
308595555 21.01618564 52.23352714
54651399 21.00621226 52.23297947
54651398 21.00647353 52.23255836
308595551 21.01600157 52.23348716
864220299 21.00991539 52.24209856
410639750 21.00776618 52.24115006
279265130 20.98980511 52.24527388
279265131 20.99013359 52.24490851
279265132 20.9895487 52.24471178
320006269 21.00943754 52.23212879
308595397 21.01558239 52.23294829
280797043 21.00048642 52.23891302
280797040 20.9962647 52.23888754
280797041 21.00025541 52.23949003
410639736 21.00768563 52.24063902
1300133741 20.98934561 52.22834671
1300133742 20.99155516 52.22821461
410639735 21.00773056 52.24059979
410639732 21.00702589 52.24070892
410639733 21.00563198 52.24049862
1300133746 20.98952448 52.22987598
1300133747 20.99014742 52.22915648
1098689553 20.9925081 52.24284111
410639739 21.00759553 52.24088151
90365780 21.00250143 52.23207129
90334146 20.98913707 52.2372327
1102696611 20.99200963 52.24159606
1254626577 21.00637202 52.23240472
1280172938 20.9923128 52.24532107
1280172934 20.99610922 52.24010828
1280172937 20.99274674 52.24110648
308595174 21.01666223 52.23317233
1280172931 20.99229126 52.24510917
369487499 21.00249447 52.2445993
308945829 20.99815197 52.23330368
319430269 21.01430382 52.23162068
308945820 20.99775677 52.23300168
308945825 20.99800194 52.23310746
323234635 21.00437042 52.24276224
323234631 21.00400372 52.2435954
34521662 21.00939781 52.2323815
34521661 21.00942094 52.23228193
34521660 21.0102883 52.23205997
34521668 21.01440893 52.23348087
617647422 21.00576911 52.22870084
617647423 21.00357138 52.22916176
617647421 21.00577716 52.22838174
617647426 21.00398209 52.22970491
617647427 21.00593164 52.22841393
617647424 21.00337398 52.22948882
617647425 21.00437847 52.2297785
1036440486 21.0059427 52.2319029
1036440480 21.00614588 52.23069649
410639755 21.00634168 52.2410794
1156419667 20.99413503 52.24476442
1156419664 20.99384577 52.24261891
1300133521 20.99326784 52.22913393
302711657 21.01684622 52.23270898
1156419688 20.99246142 52.24440878
1036440151 21.00734432 52.2309575
1036440152 21.00723972 52.23142898
1036440154 21.00702078 52.23260186
1036440392 21.00668517 52.23241914
1036440390 21.00571622 52.23235099
247286409 21.01521703 52.24237064
282495821 21.0150752 52.23288542
32918018 21.01248771 52.24325744
1036440029 21.00644972 52.23216517
1036440025 21.00735128 52.23086052
1036440027 21.006728 52.23130552
282663218 21.00266848 52.24207333
1036440023 21.00661929 52.23123754
338486390 21.00440144 52.22974657
338486396 21.00087693 52.23020816
221974454 20.99731269 52.23513948
1207358408 21.01244622 52.23019089
1207358409 21.01265728 52.22973399
638464995 21.00850388 52.23682416
638464992 21.00857252 52.23671126
638464990 21.00836733 52.23666491
1036439721 21.00525849 52.23115909
333138862 21.01604809 52.22999056
333138860 21.0160361 52.23020162
