1079743116 1079743180
1079743116 1079743080
1079121700 1079121757
1079121700 1079121541
1079121701 1077340537
1079121701 1077340369
1079121701 1079121752
1079121702 1079121517
1079121702 1079121504
1079121702 1079121541
1079121703 1079121693
1079121703 1079121498
1079121703 1079121536
1079121704 1079121532
1079121704 1079121763
1079121705 1079121575
1079121705 1079121746
1079121709 1079121688
1079121709 1079121724
1077840139 1077840378
1077840139 1077840131
1077840139 1077840097
1079730674 300767008
1079730674 1079729567
1079730674 1079728660
1077600337 1077599792
1077600337 1077598603
1077600337 1077598640
152516638 152447350
152516638 152401898
152516638 443185127
152516638 443185126
1078918513 1078918430
1078918513 1078918268
152393507 152428312
152393507 152428310
152393507 443214638
152393507 443214639
443214618 152428312
443214618 152636884
443214618 443214638
443214619 152636886
443214619 152428312
443214619 443214607
443214619 443214639
443214614 152583407
443214614 443214624
443214614 152583404
443214615 152486609
443214615 152583410
443214615 443214623
443214615 443214640
443214616 152583410
443214616 152502975
443214616 443214641
443214617 443214636
443214617 152636882
443214617 152636880
443214610 443214628
443214610 443214636
443214610 152583402
443214610 152583398
443214611 152546196
443214611 443214637
443214611 443214627
443214611 152583402
443214612 152546196
443214612 152428310
443214612 443214626
443214612 443214638
443214613 443214625
443214613 152583404
443214613 152428310
443214613 443214639
152401899 443186957
152401899 443186960
152401899 443185134
152401899 152401901
152401898 152512835
152401898 443185134
152401898 443185135
1079101566 1079101507
1079101566 1079727785
1079101566 1079100924
1079101567 1079101690
1079101567 300766565
1079101567 300766526
1077599772 1077599634
1077599772 1077599852
1079101563 1079102013
1079101563 1079101619
1078806569 1078806405
1078806569 1078806698
1077599170 1077599615
1077599170 1077598918
1077599170 1077598911
1077840131 1077839869
1077840131 1077839972
1078806567 1077599668
1078806567 1077598918
1078806567 1077599437
1078806567 1078806660
1078806566 1078806543
1079731077 1079728527
1079731077 1079730277
1077599108 1077599798
1077599108 1077599705
1077599615 1077599044
1079742793 1079743171
1079742793 1079742946
1077599611 1077599423
1077599611 1077598576
152516206 152456622
152516206 443214632
152516206 152705016
152516206 152516208
152451547 152393479
152451547 152451545
152451547 152456604
152451547 152500722
152451547 152583390
152435891 152435888
152435891 152435894
152435891 1078919275
152435897 152539666
152435897 152435902
152435897 152539655
152435897 152435894
152435897 1078918880
152435894 152631186
152435894 152554983
152451541 443182337
152451541 443185131
152451541 152451543
152451541 443182338
1077598581 1077598979
1077598581 1077599063
1079101641 1079101978
1079101641 1079101784
1079101641 1079101827
152460230 152451612
152460230 152566317
152460230 152381174
152460230 443187102
318006898 152502967
318006898 1389067591
318006898 357891586
1073404334 1073404336
1073404334 1073404328
300766761 1077340554
300766761 1107793421
300766761 1077340294
1079101389 1079101250
1079101389 1079101510
1079102005 1079101426
1079102005 1079101685
152636877 152436081
152636877 152393487
152636877 443182351
152636877 443182350
152636874 443129398
152636874 152547968
152636874 152393481
152636874 443182347
357894991 152528905
1078918003 1078918886
1078918003 1078919322
1077599508 1077599051
1077599508 1077600321
1077599508 1077600482
1077599505 300765009
1077599505 1077598972
1077599505 1077600437
357891586 357891156
357891586 1389067590
152546211 152546208
152393482 443182340
152393482 152620994
152393482 443182339
152393482 152583391
1079727510 1079727477
1079727510 1079730773
1077340276 1077340749
1077340276 1077340630
1079102062 1079101083
1079102062 1079102060
1077598698 1077600430
1077598698 1077599547
1077598698 1077600483
1079101948 1079101944
1079101948 1079102044
1079101944 1079101473
1077839962 1077840396
1077839962 1077840417
1073404858 1073404851
1073404851 1073404842
1079101018 1079101045
1079101018 1079102002
1077598963 1077599034
1077598963 1077600205
1079730063 1079731064
1079730063 1079728385
1079730063 1077340410
1079730063 1079728004
1079101015 1079101855
1079101015 1079100968
1079101015 1079100912
429402048 429402050
429402040 429402035
429402040 152436081
429402040 429402042
429402040 152436090
1073404926 1073404900
1073404926 1073404937
429402043 429402042
429402043 429402044
429402044 429402046
429402046 429397615
1077840455 1077840401
1077840455 1077840332
1073403109 1073403111
1073403109 1073403101
1078919033 1078918268
1078919033 1078918892
1077840459 1077840421
1077840459 1077840416
1073403101 1073403096
152631190 152539674
152631190 152567099
1073402985 1073402988
1073402985 1073402981
1077839994 1077840060
1077839998 1077840412
1077839998 1077839942
1073402988 1073403157
1073402988 1073403150
300766190 300766106
300766190 300766188
1079730002 1079731064
1079730002 1079729395
152546196 152456620
152546196 152393500
152546195 443214635
152546195 152651101
1073403216 1073403055
1073403216 1073402228
152546198 443214609
152546198 152636884
152546198 152393500
1077600430 1077599225
1077600430 1077598688
1077600430 1077599373
1077600435 1077599095
1077600435 1077599517
1077600435 1077600234
1077600436 1077599279
1077600436 1077599809
1077600437 1077840005
152539674 1073405664
152539674 152631193
1078919507 1078919530
1078919507 1078918010
152539672 152567099
152539672 1073405664
152539672 152502379
1077340554 1077340675
1077340554 1077340502
1073404103 1073404112
1073404103 1073404336
1078806366 1078806434
1078806366 1078806385
1079121670 1079121683
1079121670 1079727521
1079121670 300766188
1079121670 1079730206
1079121673 1079121731
1079121673 1079121614
1079743168 1079743180
1079743168 1079742778
1078918347 1078919119
1077600506 1077598816
1077600506 1077599998
1077600506 1077600413
1078806362 1078806543
1078806362 1078806670
1078806362 1078806426
332229374 332229373
332229370 332229366
332229370 332229372
332229372 338321904
332229372 332229373
1079121717 1079121511
152502965 152723395
152502965 152502963
152502965 1389067590
1079121714 1079121618
152502963 152587810
152502963 152400261
1079121712 1079121599
1079121712 1079121605
1079121712 1079121486
1079121710 1079729057
1079121710 1079729972
1079121710 1079730703
1079121719 1079121472
1079121719 1079121565
1107794445 1079728911
1107794445 1079728168
1107794445 1107792370
1077600343 1077598687
1077600343 1077598958
346502957 152451545
346502957 152442422
346502957 152500717
346502957 152500722
152393515 152636886
152393515 443214642
152393515 152393518
152393515 443214639
1079728660 1079727761
1079728660 1077340291
1078919336 1078919286
1078919336 1078918301
152393518 152393521
152393518 443214645
152393518 152601028
1078806564 1078806459
1078806564 1078806500
1077599769 1077598733
1077599769 1077598974
1078806395 1078806554
1078806395 1078806504
1079101574 1079101494
1079101574 1079101733
1077599761 1077599882
1077599761 1077598872
1078806558 1077599512
1078806554 1078806352
152601031 152601029
1077599164 1077599456
1077599164 1077599856
1079727897 1079729395
152550861 152550874
152550861 152551212
1077600464 1077599027
1077600464 1077598778
1077340715 1077340749
1077340715 300767155
1077340715 1079729218
1079730277 1079100876
1077598756 1077599316
1077598756 1077600063
1073401403 1073401419
1073401403 1077599225
1073401403 1073401106
1073401403 1077599373
1079101377 1079101546
1079101377 1079102047
1079101375 300766961
1079101375 1079101741
1079101371 1079101714
1079101371 1079101173
1077598590 1077600357
1077598590 1077598872
1077598590 1077599044
1079101173 1079102061
1079101175 1079101908
1079101175 1079101473
300766249 300766313
300766249 1079727477
300766249 1079742778
1079101397 1079101337
1079101397 1079101501
1079101397 300766896
280911664 280911663
280911664 152651101
280911663 1079729203
1077599570 152566329
1077599570 300765009
1077599570 1077599031
152546208 152547977
152546208 152547983
1079101714 1079100889
1077598687 1077598705
1079101710 1079101798
1079101710 1079101473
1077598685 1077599634
1077598685 1077598705
1077598688 1077598953
1077598688 1077600493
1079730589 1079730977
1079730589 1079728119
1079730589 1079729545
1077599886 1077598955
1077599886 1077598988
1077599882 1077599960
1077599882 1077598976
1107790525 1107792430
1107790525 1107790755
1107790525 1107794202
1077599401 1077599644
1077599401 1077598778
1073404842 1073404733
1073404842 1073404867
1079730057 1079101908
1079730057 1079101978
1079730057 300766963
1079730057 300766894
1077599973 1077599644
1077599973 1077599443
1077598976 1077600483
1078917997 1078918970
1078917997 1078918605
1078917997 1078919275
1077598972 1077600308
1077840242 1077840444
1077598979 1077599604
1079101004 1079101962
1079101004 1079101090
1079101006 1079101053
1079101006 1079101776
1078919248 1078918820
1078919248 1078918675
1078919248 1078919172
1078919242 1078918198
1078919242 1078919097
1077840187 1077840096
1077840187 1077840034
1107794202 1107789889
1073404937 1073404950
429402035 429397752
429402035 429397758
429402034 152480228
429402034 429397746
429402034 152480220
429402034 429397628
1079730122 1079101045
1079730122 1079728180
1079730122 300766526
1077340499 1077340573
1077340499 1077340530
1077340499 1079101688
1077340498 1077340495
1077340498 1077340460
1077340498 1079101688
1078919027 1078919464
1078919027 1078919022
1078919027 1078918794
1077340494 1077340314
1077340494 1077340720
1078919022 1078919388
152451545 443182324
152451545 152451543
152451545 152583390
152451543 443182326
152451543 443182325
1078918997 1078918430
1078918997 1078919089
1073403265 1073403263
1073403265 1073402766
1073403263 1077599139
1073403263 1073403261
1073403261 1077599050
1078918979 1078917964
1078918979 1078919388
1078918970 1078918790
1079727673 1079729057
1079727673 1079728388
1079730873 1079729395
1079730873 1077340635
1079730873 1079730750
1078918198 1078918849
1073403004 1073402938
1073403004 1073403023
1077600420 1077600361
1077600420 1077600192
1077600420 1077600177
1078919119 1078918301
1078919119 1078918797
1078918196 1078919378
1078918196 1078919221
152539666 152613638
152539666 152502379
1077340540 1077340280
1077340540 1079727518
1077340540 1077340675
1078918236 1079101301
1078918236 1079101337
1077840444 1077840076
1077599375 1077599421
1077599375 1077599003
1073404112 1077599815
1079121669 1079121666
1079121669 1079121600
1077599373 1077840059
1077599373 1077840010
1079121667 1079121740
1079121667 1079121755
1079121666 1079121501
1079121666 1079121754
1079121665 1079121681
1079121665 1079121596
1079121664 1079121699
1079121664 1079121756
1077600516 1077599490
1077600516 1077598672
1077600516 1077600493
1079121626 1079121546
1079121626 1079121501
1079121626 1079728892
1079121626 1079121649
152502379 152502377
152502377 152613638
152502377 152567099
152502377 152502375
152502375 152567095
152502375 152502372
152502375 152613636
152502372 152723395
152502372 152400261
152502372 152486603
152456642 152456639
152456642 152460395
1079728982 1079728429
1079728982 1079728911
1077600281 1077598602
1077600281 1077600094
1078806498 152495627
1078806498 1078806638
1078806498 1078806377
1077600284 1077600377
1077600284 1077600212
1077600284 1077598802
152502970 152502967
152502970 443214634
152502970 152460392
1078806490 1078806537
1078806490 1078806667
1078806490 1078806524
152502976 152393528
152502976 152502975
1077840155 1077840476
1077840155 1077840239
1077840156 1077840223
1077840156 1077839923
1077840152 1077840234
1077840152 1077840488
1077600357 1077599515
1077600350 1077600499
1079728527 1079727521
1077600192 1077598884
504850813 504851187
504850813 152502979
504850813 443214621
1077599792 1077599252
1079101542 1079101510
1079101542 1079102029
1079101542 1079101780
1078806382 1078806583
1078806382 1073400830
1078806382 152495620
1079729218 300767039
1079729218 1079730953
1078806387 1078806586
1078806386 1078806436
1078806386 1078806712
1078806386 1078806439
1078806386 1078806357
1077599798 1077599783
1079121472 1079121520
1079121473 1079121524
1079121473 1079101997
1079121473 1079121581
1079121470 1079121575
152601028 152636886
152601028 152486610
152601028 152547987
152601029 152547987
152601029 152486615
300766106 300766313
300766106 1079729308
300766106 1079742778
152601027 152601025
152601027 152486604
152601027 152705016
152601027 152516208
1078806548 1078806436
1078806548 1078806352
152550874 1366269437
152550874 152486712
1079743080 1079743171
1079731052 1079730750
1079731052 1079730703
1077598993 1077599291
1077598993 1077599534
1077598993 1077598960
1073401419 1073401425
1079121501 1079121591
1079121501 1079121738
1079730464 1079729614
1079730464 1079728419
1079730464 1079728004
1079121504 1079121484
1079121508 281230487
1079121508 1079121466
1079121508 1079121614
1079121508 1079121492
1077598996 1077599329
1079101494 1079100912
152393528 152393543
152393528 443214641
152393521 152486610
152393521 443214649
152393521 443214640
152393524 152583410
152393524 152636888
152393524 443214641
152393524 443214640
1079101811 1079121745
1079101811 1079101784
1079101814 1079101784
1079101814 1079101546
1077599565 1077358867
1077599565 1077600063
152401915 152401912
152401915 443187159
152401915 443187120
152401915 152516648
1079101065 1079101690
1079101065 1079101927
1079101065 1079101343
1079101065 300766565
1077599898 1077599096
1077599898 1077599534
1079101927 1079102013
1079101927 1079101523
1079101927 1079101031
1077599960 1077598918
1079101038 1079102029
1079101038 1079101341
1079121474 281230487
1079121474 1079121507
1079101035 1079102048
1079101035 1079101625
1079101031 1079101832
1079101031 1079101332
429402152 429402153
429402153 429402059
1079727715 1079730766
1079727715 1079729600
1078919238 1078918771
1078919235 1078919322
1078919235 1078917951
1077340713 1077340703
1077340713 1077340456
358015645 152631205
358015645 152631213
1079102026 1079102013
152451606 152516646
152451606 443187073
152451606 152516644
152451606 152447361
152451608 443187078
152451608 152566314
152451608 443187075
152451608 152539640
443187148 443187159
443187148 152629396
443187148 152604219
1077340294 1077340560
1073403409 1073403401
1073403409 1073403412
1078918981 1078918971
1078918981 1078918605
152567095 152400261
152567095 300760762
152567095 152567099
1078918743 1078918047
1078918743 1078919555
152539652 1073400962
152539652 152539655
152539652 152631183
152539655 1078919087
152539655 1078918880
1077340537 1077340415
1077340534 300767008
1077340534 1079101788
1077340534 1077340444
1077340530 1077340707
152502967 1389067590
1077840433 1077840017
1077840096 1077840340
1077840096 1077840374
1077840097 1077840230
1077840097 1077840073
535294313 535294312
535294313 535294302
535294312 535294308
1078806712 1078806352
1079121693 1079121639
152516199 152723397
152516199 152456616
152516199 443214629
152516199 443182332
1079121697 1079121731
1079121697 1079121521
152516193 443182326
152516193 152456604
152516193 152723403
152516193 443182327
1079121699 1079121759
152516197 152679466
152516197 443182331
152516197 443182330
152516197 152456610
152516195 443182327
152516195 152456605
152516195 443182328
152516195 152620992
1077340447 1077340369
1077340447 1077340444
1077840382 1077840371
1077840382 1077839865
1077840386 1077840033
1077840386 1077839925
443185143 152608872
443185143 443185142
443185143 152480207
443185142 443185138
443185142 152460223
443185142 152460221
443185141 152480207
443185141 443185140
443185141 152480209
443185140 152679466
443185140 152460221
443185145 152495617
443185145 535294302
443185145 152608874
443185145 443185144
443185144 152539646
443185144 152495618
1077599095 1077600216
1077599096 1077599065
1077599096 1077599747
1077358867 1077598909
1077358867 1073402898
1078806625 1077840186
152381174 152608883
152381174 152580969
152381174 152381186
1077840366 1077840330
1077840366 1077599031
1077840366 1077599512
1077840364 1077840016
1077840364 1077840467
1079728861 1107793210
443214637 443214609
443214637 152393500
443214637 152393496
1073400938 1078806613
1073400938 1073400962
1073400938 1077840374
1073400938 1073400830
1073400932 1073400837
1073400932 1077840374
1073400932 1077599512
1077598655 1077598917
1077598655 1077599252
1079729203 280911524
1079729203 1079729014
1077599780 1077599525
1077599780 1077599674
1077599783 1077599122
1079121468 1079121454
1079121465 1079121723
1079121465 1079121484
1079121466 1079121761
1079121466 1079121740
1079121466 1079121759
1077358915 1077358924
1077358915 1077358967
300763183 1073403330
300763183 343336124
300763183 1073402690
300763183 1073402828
1078806537 1078806657
1078806537 1078806553
1077599246 1077599218
1077599246 1077599315
1077598960 1077599237
338322004 338321906
280911398 152495613
280911398 280911527
280911398 152723404
1079121511 1079121536
1079121517 1079121738
1079121517 1079121492
1077598576 1077600377
1079101152 1079101668
1079101152 1079100907
1079101152 300766565
1079101156 1079101538
1079101156 1079100889
1077599051 343336124
1077599051 1073403055
1077599051 1073403236
1079730773 1079730180
300787920 152480214
300787920 152456613
300787920 443182345
300787920 152456610
1079101802 1079101780
1079101802 1079101341
152580960 152580969
152580960 152629403
152580960 152384969
1079101806 1079101796
152580969 152566316
152580969 152629396
1077599554 1077600373
300766792 1077340591
300766792 300767155
1079101733 1079101090
300766313 1079729695
300766313 300766314
300766315 300766394
300766314 1079100876
300766314 300766191
300766314 300766394
152547971 152621002
152547971 152620994
152547971 443182354
152547971 443182353
152547977 443214608
152547977 152636882
152547977 152547974
152547974 443182357
152547974 443214643
152547974 152636880
1079101933 1079101337
1077599426 1077598884
1077599426 1077599040
1077599421 1077599604
1077599422 1077599356
1077599422 1077598988
1077599423 1077599668
1077598955 1077598673
1107790787 1107789889
1107790787 1107792885
1107790787 1107790620
1077598953 1077599130
1077598799 1077599446
1077598799 1077599279
1077598795 1077599329
1078919225 1078918279
1078919225 1078917928
1078919225 1078919382
1107789606 1079730975
1107789606 1079728504
1107789606 1107793858
1107789606 1107793210
1077340707 1077340666
1078919221 1078919061
1077340703 1077340599
152451612 152460228
152451612 443187080
152451612 152451615
152451610 152566316
152451610 443187078
152451610 443187080
152451610 152539643
152451615 152566317
152451615 152539646
152723404 152723397
152723404 152480209
152723404 300767304
152723403 443182337
152723403 152620992
152723403 443185127
443187159 152381257
1073404950 1073404962
1079727477 1079727959
1077340630 1077340322
1073403395 1073403392
1073403395 1073403398
1077340635 1077340571
1077340635 1077340456
1078919354 1078917957
1078919354 1078919087
1078919354 152554983
1073403391 1073403392
1073403391 1073403382
1077340638 1077340367
1077340638 1077340453
1077340638 1077340364
1073402262 1073402257
1073402262 1077598990
1073403398 1073403401
152500708 443185129
152500708 152500717
152500708 443182338
1079729983 1107794187
1079729983 1079728256
1073403243 1073403249
1073403243 1073403236
1073403249 1073403253
443186957 443187012
443186957 152516640
1073404047 1073404036
1078918771 1078917933
1078918771 1078918232
1078918771 1078919172
1073404733 1073404742
1073404733 152631193
1073403023 1073403027
152400261 1389063089
1073403027 1073403037
152460225 443187004
152460225 152460223
152460225 443187002
152460223 443186966
152460223 443186963
152539649 152495618
152539649 1073400962
152539649 1073400830
152539649 152631181
152460221 152398214
152460221 152480207
1078919172 1078919436
1078919172 1078919132
152539646 152460228
152539646 152608874
152539640 443186988
152539640 152631180
152539640 443186990
152460228 443186993
1078918889 1078918679
1078918889 1078919502
1078918886 1078917951
1078918884 1078919089
1078918884 1078918732
1078918880 1078919473
152486712 152486709
152486712 152705008
152486712 1366269451
1077840421 1077840263
1077840423 1077840404
1077840423 1077839966
535294308 535294302
1078806708 1078806434
1078806708 1078806521
1077599316 1077600373
1077599316 1077599227
1077599315 1077599356
1077599315 1077598640
1079729695 300766191
1077599310 1077599125
1077599310 1077600450
1079121681 1079121584
1079121683 281230487
1079121688 1079121616
1078918086 1078918274
1078918086 1077598831
1077340453 1079101673
1077340453 1079101859
1077840396 1077840487
1077840395 1077840463
1077840395 1077840186
1077840395 1077840332
346465662 152398695
346465662 429402059
346465662 152709938
1077840175 1077840222
1077840175 1077839897
1077840172 1077839966
1077840172 1077839923
300767039 1079730975
300767039 1077340668
1077599227 1073402898
1077599227 1073402828
1077599225 1073403285
1077840371 1077839883
1078918551 1078919061
1078918551 1078917951
1078918551 1078919415
1078918553 1078918623
1078918553 1078918443
1078918556 1078919295
1078918556 1078918117
1077600377 1077599325
152686025 152480233
152686025 152550834
152686025 152651108
1077600373 1077600047
1078918790 1078918851
1078918794 1078918265
1077600173 1077598733
1077600173 1077599063
1077600173 1077598958
1079729057 1079121546
1077600361 1077599476
1077600361 1077599512
1077600397 1077599046
1077600397 1077598994
1078918133 1078918910
1079121454 1079121726
1079121454 1079121586
1079121454 1079121558
1077358924 1077598909
1078806524 1078806423
1078806524 1078806688
1079727863 1079729614
1079727863 1079728369
1078806521 1078806500
1077599130 1077599046
1077599130 1077598718
1077340280 1077340571
1073402981 1073402955
1079729308 1079100876
1079728256 1079729812
1079121524 1079121575
1077599048 1077599121
1077599048 1077600132
1079121520 1079121557
1079121521 1079121720
1077599040 1077599034
1077599047 1077599291
1077599047 1077600048
1079101832 1079101109
1077599547 1077599211
1077599544 1078919436
1077599544 1078919132
1077599544 1077600321
1077599544 1078918707
1077598899 1077599121
1077598899 1077600413
152618301 1366269451
152618301 1366269460
152618301 152618306
1077598890 1077599211
1077598890 1077598834
1077598890 1077600498
152435902 152566334
152435902 300765035
152435902 343336883
1079101231 1079101673
1079101231 1079101634
1079101231 1079102047
152604219 152566314
152604219 443187120
1079101581 1079101741
1079101581 1079102044
1079101908 1079101677
152547968 152572106
152547968 152500739
152547968 443182353
1079101904 1079101634
1079101904 1079101501
1079101904 1079101623
152566316 443187101
152566316 443187102
1077599439 1077600458
1077599439 1077599517
1077599439 1077599674
1077599437 1077599325
443187012 443186986
443187012 152516642
443187012 152401901
443187010 443186988
443187010 443186960
443187010 152631180
443187010 152401901
443187017 443186944
443187017 152447356
443187017 443187047
443187015 443186983
443187015 152447356
443187015 152516642
443187015 443186954
1079101053 1079101859
1079101053 1079101075
152607564 152555272
152607564 152651108
152607564 152607563
315426881 346465823
315426881 1366269437
315426881 1366269460
1077599833 1077599998
1077599833 1077599710
429397556 429397560
429397556 429397552
1078919087 1078919554
429397552 332229358
1073404962 1077599803
1079730153 1078918131
1079730159 1079728572
1079730159 1079730511
1079100876 1079101668
1079100876 1079728107
1079100870 1079100982
1079100870 1079100907
1079100870 1079101343
1077340607 1079727761
1077340607 1077340668
1077340607 1077340291
1077340601 1077340666
1077340601 1077340599
1073403382 1073403378
1073402257 1073402232
1073402257 1077599685
152500717 443182325
152500717 152442420
1073403256 1073403253
1073403256 1073403258
1079100982 1079100950
443186944 152496940
443186944 152447353
1073403258 1077599050
1079730844 300766192
1078918946 1078919052
1078918946 1078918675
1073403037 1073403041
1078918948 1078918160
1078918948 1078919436
1078918948 1078918707
1078918948 1078919200
1078919147 1078917928
1078919147 1078918698
1078918160 1078919055
1078918166 1078919504
1078918166 1078918013
1079727518 1079728429
1079727518 1077340460
152486709 152636886
152486709 443214607
152486709 152547987
152447361 152447359
1078918892 1078918847
1077840412 1077840195
1077840413 343336546
1077840413 343336548
1077840413 343336883
1077840416 1077840282
1077840417 1077839977
1077840418 1077840326
1077840418 1077840281
443182334 152679466
443182334 443182330
443182334 152398217
1078918301 1078919095
338321911 338321910
338321910 338321907
443182330 443182322
443182330 152398219
152723397 300767306
152723395 152516210
152723395 443214646
1077340464 1077340364
1077340464 1077340314
1078919200 1078918277
1073402927 1073402912
1073402927 1073402933
429397609 429397608
429397609 429397610
429397608 429397599
1073401711 1073401715
1073401711 1073401708
1073401715 1073401718
1073401718 1073401719
1073401719 1073403083
1078806607 1078806416
1077599237 1077598834
1077599237 1077600396
1078806603 1078806468
1078918232 1078919063
1078918232 1078918816
1078918232 1078918005
1077840340 1077839888
1079727499 1079728167
1079727499 1079729600
152516204 152456620
152516204 443214635
152516204 443214630
152516204 443214631
1077600493 1077598831
1077600493 1077599139
1079727495 1079728419
1079727495 1079728609
1077600498 1077599065
1077600499 1077598603
1078806514 1078806698
1078806514 1078806588
1079121449 1079121737
1077599125 1077599025
1077599121 1077599650
1079102029 1079101786
1077340291 1077340415
1078918910 1078917951
1078918910 1078918675
429397639 429397638
429397639 429397642
1079121532 1079121487
1079121537 1079121656
1079121537 1079121563
1079121535 1079121737
1079121535 1079121653
1078806468 1078806586
1078806468 1078806408
1107792430 1107790421
1107792430 1107790620
1077599050 1073402694
1077599050 1077598739
443214652 443214650
443214652 152547990
443214652 152636888
280911115 152495613
280911115 280911350
280911115 152495615
1079730544 1079729072
1079730544 1079728369
1073404877 1073404867
1077598672 1077599722
1077598672 1077600216
281143476 152528905
281143476 152528903
1079728168 1079729812
1079728168 1079728626
1079101221 300766961
1079101221 1079101507
281362981 281362982
281362981 1079730305
152512835 152398214
152512835 443185136
152512835 443185137
152547990 152486612
1077599446 1077599744
152566317 152608883
152566317 152495620
152566314 443187101
152566314 443187100
1077599443 1077599645
443187004 152580983
443187004 443186963
1078917964 1078918679
1078917964 1078919188
1078917964 1078918636
443187007 443186990
443187007 152580983
443187007 152631180
1077599685 1077599118
1077599685 1077600445
443187002 443186966
443187002 152608874
1079101045 1079101399
1079101829 1079101476
1079101829 1079101075
1078806443 1078806504
1078806443 1078806408
1079101827 1079100952
1079101826 300766961
1079101826 1079101451
1107793210 300767008
1107793210 1107794187
301313778 301313776
1077340720 1077340322
301313773 332229355
301313773 301313774
301313774 301313776
1078806447 1078806688
152587810 357891155
152587815 152460395
152587815 1389067591
152587815 357891155
1078919378 1078918013
1078919378 1078919061
1078919378 1078918803
1078919372 1078918058
1078919372 1078917956
1078919372 1078918005
152500722 443129403
152500722 152393475
300760762 152400266
300760762 152528903
1073400984 1073400976
1073400984 152759394
1073400984 1073400989
1078918939 1078917955
1078918939 1078918971
1078918155 1078918010
443186990 443187078
443186990 152539643
443186993 152539643
443186993 443187080
152398222 152398227
152398222 443182322
152398222 152398219
152398222 152456607
1077340502 1077340564
1073403282 1073403285
1073403282 1073402766
1077839871 1077839927
1077839871 1077840488
1077839879 1077840234
1077839879 1077840355
1077840404 1077840205
1077840402 1077839955
1077840402 1077840126
1077840401 1077840282
1078918849 1078919286
300767306 152651101
300767306 300767305
300767304 300767305
338321906 338321907
338321906 338321904
1073402938 1073402933
1073402938 1073402955
1078919555 1078919508
1078919554 1078917957
1078919554 1078918478
1077839903 1077840237
1077839903 1077840230
152460395 152460392
1077839901 1077840060
1077839901 1077840258
1077839906 1077839967
152460392 152456636
1077839905 1077840074
1077839905 1077840217
152486603 152601025
152486603 152486604
152486603 152613636
429397619 429397758
429397619 429397617
429397619 429397621
152486604 443214646
152486604 152486606
152486606 443214648
152486606 443214633
152486606 152516208
152486609 152583407
152486609 152456628
152486609 443214649
429397610 429397611
429397611 429397614
429397617 429397615
429397614 429397615
1073401706 1073401703
1073401706 1073401708
1073401703 1073403116
1073401703 1073403119
1078806613 152566329
1078806613 1077840488
1078806613 1077598918
1077840355 1077840334
1077840355 1077840222
1077840359 1077840200
1077840359 1077840264
1079729072 1079121507
1077600483 1077598675
1077600482 1077598626
1077600482 1077598635
1077600488 1077599671
1077600488 1077600475
1077600488 1077598630
1077599118 1077599025
1073403307 1073403330
1073403307 1073403289
1079730766 1079730089
152393492 443214636
152393492 152393489
152393492 152636880
152393492 152583398
152746328 443214643
152746328 152617943
152393496 443214636
152393496 152636882
152393496 152583402
1079730206 1079730180
152550836 152398687
152550836 152550834
152550836 152651108
152550836 152617974
152550834 152480228
1079728419 1079728167
152550831 152480228
152550831 152436090
1079121713 1079121649
152393479 152393475
152393479 443129412
152393479 152451550
152393470 443129411
152393475 332229355
152393475 443129411
1079101690 1079102006
1079101692 1079101619
1079101692 1079101796
1079121543 1079121763
1079121543 1079121736
1079121543 1079121639
1079121543 1079121642
1079101451 1079101677
1079101109 1079101685
1077599063 1077599710
300788007 152398227
300788007 300788006
300788006 152456607
1077598630 1077598984
1077598635 1077598831
1077598635 1077599139
1078919530 1078918857
1389063089 152400266
1079121498 1079121482
1079121492 1079121738
1079121492 1079121640
1073403289 1073403285
152547983 152636884
152547983 152428314
152547987 152486612
1079730089 1079728609
152617954 152617971
152617954 152617950
1077599456 1077599325
152617950 152617946
1077598984 1077598675
1077599698 1077600205
1077598988 1077598859
152401928 152382377
152401928 152422002
1079101859 1077340641
1079101673 1079730511
1079101855 1079101250
429397573 429397566
429397573 429397574
152608872 443185133
152608872 443186966
152608872 152608874
429397577 429397578
429397577 429397574
429397578 429397580
1073404984 1073404990
1073404984 1077600326
1077599852 1077599027
443187101 443187078
443187100 443187120
443187100 443187075
443187100 152401912
1077599585 1077598702
1077599585 1077599713
1077599585 1077599154
1077599856 1077600212
1077598857 1077600449
1077598857 1077599818
1077340668 1079730953
1073402232 1073402228
152631180 152620569
332232126 152447359
332232126 443187047
443186960 152620569
443186963 152580985
343336883 152566338
443186988 152401905
443186988 443187075
1078919415 1078919436
1078919415 1078918803
443186983 152516644
443186983 152447359
443186986 152401905
443186986 152516644
443186986 443187073
1077839865 1077840046
1077839862 1077840064
1077839862 1077840216
429397752 429397751
429397751 429397749
1077839869 1077840046
1077839869 1077840010
152580985 443185138
152580985 152620569
152580985 152580983
429397599 429397597
1078919097 1078919063
1078919097 1078918131
429397597 429397588
1077599327 1077598904
1077599327 1077599251
1077840213 1077840209
1077840213 1078806377
1077840216 1077839925
1077840217 1077840146
1073404167 1073404191
1073404167 1073404170
1078918851 1078918875
1078918326 1078918820
1078918326 1078918351
1077840218 1077840230
1078918854 1078919446
1078918854 1078918005
1079730953 1077340641
152608883 152495627
152442425 443129403
152442425 152442422
152442420 152442422
1073402904 1073402912
1073402904 1073402898
1078919529 1079101301
1078919529 1078919188
1078919529 1078918623
152486612 443214650
152486612 152486615
152486610 443214650
152486610 443214620
429397629 429397630
429397629 429397628
152486615 152486618
152486615 152729063
429397627 429397623
429397627 429397628
152486618 152671280
152486618 152486621
429397623 429397622
429397622 429397621
429397621 429397746
1077599218 1077598702
504851594 152456639
504851594 504851544
1078806660 1078806572
1078806660 1078806670
1078806660 1077840488
1078918847 1078918698
1077840326 1077839977
300767008 1079730975
1079729799 1079730977
1079729799 1079727543
1077840328 1077840059
1077840328 1077840476
300766893 1079101277
300766893 300766894
1079742946 1079742778
1077600122 1077600459
1077600122 1077600244
443129398 443129412
443129398 152451550
1079729245 1079728119
1079729245 1079729299
281362982 1079727961
152516208 443214644
1077840033 1077840482
152516202 443214629
152516202 152651101
152516202 443214630
152516202 152456618
1077840034 1077839888
152393485 443182341
152393485 152398227
152393485 443182342
152393485 152398230
1079102006 1079101245
152393487 152583395
152393487 443182343
152393487 443182342
152393481 443182339
152393481 443129412
152393481 152583390
1079102002 1079101798
1079102002 1079729192
152393483 443182340
152393483 443182341
152393483 152512846
152393483 152512844
152729063 152671280
1073404180 1073404184
1073404180 1073404170
1073404186 1073404191
1073404186 1073404184
152393489 443182343
152393489 152480214
152393489 152480216
152710096 152621002
1077600234 1077600453
1077600234 1077599517
1079728429 1079728626
280911353 280911350
280911353 280911354
280911356 280911357
280911356 280911354
280911356 1073400989
280911357 280911358
300766192 300766191
300766192 1079729545
280911358 280911359
280911359 280911360
152629403 152382377
152629403 152629396
152629403 152422002
1079101685 1079102061
1079121555 1079121753
1079121555 1079121653
1079121557 1079121720
1079121557 1079121585
1079121556 1079121766
1079121556 1079121733
1079101688 1079100912
1078806405 1078806437
343336548 343336549
343336549 343336904
1078806401 1078806437
1078806401 1078806588
343336545 343336546
1107792741 1107791857
1107792741 1107789120
152651108 152398688
1077598626 1077598737
1079121482 1079121763
1079121487 1079121746
1079121486 1079121757
1107791857 1107793858
152566334 300765009
152617946 152617943
1077598990 1077599815
152617943 429402052
1077598994 1077600048
1079101668 1079100950
1079101668 1079100957
1389067591 357891156
429397564 429397565
429397564 429397560
429397565 336631260
429397566 336631283
1077840195 1077840014
1073404990 1073404998
152382377 152381257
1073404998 1073405004
1077340675 1079729198
1073402228 1073403200
1073402228 1073403978
300767155 1077340641
300767155 1079731002
1077599713 1077599650
1079727543 300766191
1079727543 1079727815
1078918131 1079728572
1078918131 1078918058
1079100930 1079121727
1079100930 1079100952
1079727785 1079101301
1079100934 1079101625
1079100934 1079100957
429397749 152436081
429397588 429397585
1073403196 1073403200
1073403196 1073403983
1073403196 1073403182
429397582 429397583
429397582 429397580
429397583 429397585
1077840200 1077840209
1077840205 1077840330
1073403178 1073403176
1073403178 1073403182
1078918047 1078918476
1073403176 1073403169
1073402912 1073403119
1077340410 1077340573
1077340413 1077340495
1077340413 1079101788
429397630 429397633
429397633 429397638
429397633 429402054
429397633 429402050
1079101399 1079101437
1077840334 1077840007
1078918265 1078919000
1077840330 1077840223
1078919358 1078919000
152398227 443182344
1077600132 1077598651
443129417 443129411
443129411 443129403
152516210 443214634
152516210 443214651
152516210 443214633
1073404191 1077600445
1073404191 1073404900
152398689 152398695
152398689 152555275
152398689 152398688
152398688 152398687
152398687 431000918
280911367 280911366
280911367 152435888
280911366 280911364
280911364 280911362
280911362 280911360
1073401101 1073401106
1079121561 1079121726
1079121561 1079121756
1079121563 1079121493
1079121565 1079121735
1079101476 1079121745
1078806416 1073400837
1078806416 1073400830
1079121766 1079121754
1077599003 1077599722
1079121765 1079121634
1079121765 1079121656
1079121765 1079121732
1079727959 1079729972
1079727959 1079727815
1073403983 1073403978
1077600047 1077599012
1079101788 1079101090
443186954 152516640
443186954 152447353
1079101786 1079101538
1079101786 1079102061
1366269437 152551212
1079727921 1079727815
1079101277 1079121581
1079101277 1079101083
1079101277 1079101960
152551212 431000918
300766526 1079729192
1077599476 1077600308
1077599476 1077599031
152617971 152617974
152617974 431000918
152617974 443214608
1077840126 1077840008
1077599671 1077598673
1077599674 1077600396
152447356 152447359
152447356 152447353
152447350 152496937
152447350 443185131
152447350 152447353
152401909 152401905
152401909 443187075
152401909 152401912
152401909 443187073
152401905 152401901
1079121581 1079101796
1079121586 1079121594
1107789120 1107789215
1107789120 1107793858
1079121580 1079121594
1079121580 1079121755
1078918443 1078918075
1078918443 1078917952
1077599879 1077598602
1077599879 1077598859
1079121584 1079121737
1073403344 1073403330
1073403344 1073403370
1077599490 1077599744
1077599490 1077598836
152539643 152580983
1078918128 1078918857
1078919188 1078919446
1078919188 1079101437
1079100928 1079101752
1079100928 300767111
1079100928 1079101623
152496940 443185130
1073402694 1073402690
1073402690 1073402775
1073403182 1073404001
1079730975 1079729567
1077840237 1077840076
1077840237 1077839967
1078918875 1078919382
1077840239 1077840017
1078919508 1078919295
1078919052 1078919298
1078918058 1078919063
1078918058 1078917952
1078919502 1078919471
1078919502 1078918010
1078919504 1078918803
1073403166 1073403169
1073403166 1073403157
429397645 429397644
429397645 429397647
429397644 429397642
1073404742 1073404751
429397648 429397647
429397648 429397651
504851576 280911515
504851576 152435888
1073400849 1073400837
1073400849 1077840071
1078918274 1078918816
1078918274 1078918636
1078918274 1078918005
1078918277 1078919338
1078918279 1078919429
1078918279 152554983
1077600453 1077599389
1073403096 1073403150
1073403096 1073403083
1077600458 1077599747
1077600459 1077600475
1077600459 1077598917
152398230 152398234
152398230 443182349
152398230 443182350
1077598640 1077599648
1079727815 300766236
1078918478 1078918555
1077840014 1078806377
1078918476 1078918555
1077840016 1077840264
1077840017 1077839972
1079102060 1079121727
1078918679 1078919471
1079121618 1079121642
1077598974 1077598705
1079121614 1079121735
152456639 152456636
1077600216 1077598836
1079728911 1079729198
152456630 152583410
152456630 443214651
152456630 443214623
152456630 443214622
152456633 443214622
152456633 152456636
152456636 504851544
152572110 152572106
152572110 152621002
152572110 152621005
535294302 443185133
1078806423 152495627
1078806423 1077840215
1078806426 1078806586
1079727961 1079728384
1077599013 1077598608
1077599013 1077599329
1077599012 1077598909
152759394 152631181
346465823 1366269467
346465823 346465822
346465822 429402056
346465822 429397668
346465822 429397651
1077598608 1077599803
443214649 443214645
443214648 443214651
443214648 152456628
443214648 443214644
1077598603 1077598802
443214645 152583407
443214645 443214642
443214644 152456624
443214643 443214608
443214642 152583404
443214641 443214621
443214640 443214620
1077599700 1077599648
1077599705 1077599812
152679466 443182333
1077599645 1077600449
1079121599 1079121723
152480228 152480233
152401912 443187099
1079101314 1079121752
1079101314 1079101344
1079121591 1079121753
1079121591 1079121596
152480220 443182355
152480220 152480216
152480220 443182356
1078917933 1077598933
1078917933 1078919132
1078917931 1078918824
1078917931 1078918117
336631283 336631260
1077599809 1077599721
1077599803 1077600326
280911516 280911515
280911516 280911517
1073403375 1073403378
1073403375 1073403370
280911517 280911519
1078919338 1078919055
443182325 443182338
152709936 152398695
443187080 443187102
1078919429 1078919382
1078919429 152554980
1079727761 1079729567
1079100919 1079101997
1079100919 1079121746
1078918803 1078919055
1077839942 1077839948
1077839948 1077840472
1073404751 1073404758
1077840146 1077839883
1073404758 1073404797
1078806657 1078806698
1078806657 1073400837
504851544 152502975
1078806653 1078806434
1078806653 152495624
1078806653 152495620
1079102047 1079101743
152381257 152629396
152381257 152516653
1078806638 1078806379
1078806638 152495624
343336131 343336124
1077600445 1077599251
1077340324 1077340571
152583407 152456624
1077840222 1077840486
152583404 152456622
1077840227 1077840064
152583402 152456618
1077840007 1077840008
1077840007 1077840051
1077840005 300765035
1077840005 1077839885
152436090 152621005
1079121600 1079121616
152456628 443214623
152456628 152456624
152456622 443214625
152456622 443214624
152456620 443214627
152456620 443214626
1079121493 1079121640
1079121493 1079121646
152456624 443214624
491589608 152480233
1079121745 1079121736
1079121746 1079121727
1079121746 1079101602
1079121741 1079121724
152393543 152502979
1079728167 1079729614
443214653 152631186
443214653 152601025
443214653 443214654
443214654 152613638
443214654 152613636
1079728162 1079729812
1079728162 1107794187
152456610 443182322
152456610 152583395
280911525 280911524
280911525 280911526
280911527 280911526
280911521 280911520
280911521 280911522
280911520 280911519
280911522 1079729014
1077599650 1077599285
1079101634 300766896
1077599818 1077599389
1077599815 1073404900
1077599812 1077598904
1077598816 1077598651
1079101743 1079101776
1073402766 1073402775
443182358 443182357
443182357 443182356
443182356 443182352
443182355 443182351
443182355 152436081
443182354 443182348
443182354 152512848
443182353 443182347
443182352 152480216
443182352 152636880
443182351 443182343
443182351 152480216
443182350 443182342
1107789215 1107789889
1077599036 1077600244
1077599036 1077599282
1078919298 1078918390
152428312 152428314
152428310 152428308
152428314 443214607
443182326 443182337
443182326 443182324
1078918079 1078919000
1078918816 1077598933
443182327 443182323
1073403412 1073403415
1073403415 1073403419
1073403419 1073403428
1077599139 1077598739
443182323 152456604
443182323 152456605
1077839955 1077840486
429397669 429397668
429397669 429397670
443182321 152456616
443182321 152456613
443182321 443182332
443185129 443185131
443185129 152496937
443185128 152480207
443185128 443185133
443185128 152495613
443185127 443185131
443185127 443185135
443185126 443185134
443185126 152516640
1073404033 1073404036
1073404033 1073404024
443182328 443182336
443182328 152512841
443182329 443182335
443182329 152512841
443182329 152398219
152398214 443185138
152398214 443185139
152398217 443182335
152398217 443185139
152398217 152398219
152436081 152398234
1077840074 1077839961
1077840075 1077839974
1077840075 1077839887
1077840071 1077840215
1077599380 1077599721
1077599380 1077599525
1079121634 1079121621
1079121636 1079121646
1079121636 1079121632
1079121632 1079121621
152456618 443214628
152456618 443214627
152456616 443214628
152456616 152583398
152456613 152480211
152456613 152480214
152456613 443182345
1079121752 1079101962
1078806688 152495624
1077600094 1077599291
152516648 152516646
152516648 152516653
152516646 443187099
152516644 152516642
152516642 152516640
1077600304 1077599377
1077600304 1077598737
443214625 443214632
443214625 152428308
443214627 443214630
443214626 152428308
443214626 443214631
443214621 152636888
443214620 152636888
443214622 443214634
443214629 443214628
1078806357 1078806572
1079101245 1079101960
300766394 300766191
1077598911 1077598651
1078806459 1078806385
357891156 357891155
1079731002 1077340749
1079731002 1077340591
1079101332 1079101426
1079101625 300766563
1077599377 1077598933
1079101623 1079101546
1078917955 1078918732
1078917957 1078918824
1078917956 1078917952
1079730305 1079729395
1079101752 300766963
1079101752 1079101978
443182340 443182348
443182341 443182349
443182344 443182342
443182344 152583395
443182345 443182331
443182346 152583395
443182346 443182343
443182346 152480214
443182347 443182339
443182347 152620994
343336904 343336903
443182349 152512846
343336903 300765035
152398234 152512848
1078919446 1078918636
1078919446 1078918623
152496937 443185130
152428305 443214632
152428305 152428308
152428305 152428302
152428305 443214631
152428302 152705016
1230204642 1230204640
1230204642 152555275
1230204640 1230204644
1230204640 152705008
1230204644 152705008
1077840487 1077839885
1077840482 1077839974
1077839961 1077839887
1073403428 1073403431
1077839967 1077840059
152613638 152631186
152631198 152631205
152631198 152631193
429397670 429397671
152631205 1073404797
443185138 443185136
443185139 443185137
443185133 152495615
443185136 152620569
443185136 443185134
443185137 152512839
443185135 152620992
1073404024 1073404005
1073403041 1073403045
1073403045 1073403055
152583395 152480214
152583391 152512844
152583391 152456605
152583391 152583390
152583390 152456604
1078918390 1078918029
1073400968 1073400976
1073400968 152631183
1073400968 1073400962
1073400968 152631181
1077840060 1077840463
152456604 443182324
152456605 152456607
152456607 152512844
152456607 152512841
152636882 443214609
1079121724 1079121733
1077599285 1077599634
1077599282 1077599515
1073403111 1073403113
1079729543 1079728385
1079729543 1079121507
152480209 152480211
152480209 443182333
443214635 443214647
443214633 443214646
443214631 443214647
443214638 152393500
1079101501 300767111
152555272 152555275
300766565 300766564
443187099 443187073
152705016 152435888
1079101344 1079121736
1079101188 1079101989
1079101188 1079100968
152480211 443182331
152480211 443182332
152398695 429402058
152620994 443182348
152620992 443182336
300766961 300766963
300766963 300767111
1077598831 1078919266
152495617 152495618
152495617 152631181
152495617 152495615
300766564 300766563
1079101989 1079101510
152495618 152495620
443182335 152512839
429402063 429402056
429402063 429402067
443182336 152512839
443182331 443182333
152512839 152512841
1077839885 1077840281
1078919275 152554980
1077840472 1077840467
1073403431 1073403434
1073403434 1073403330
152631183 152554983
152384969 152384977
152601025 152435888
1077840291 1077840267
1077840291 1077840046
1078918636 1078919266
443182348 152512846
332229358 332229357
332229358 332229359
332229359 332229361
332229357 332229355
1079121738 1079121640
1079121736 1079101602
1077600326 1077599329
1366269467 1366269460
1073401429 1073401425
429402057 429402056
429402057 429402059
429402057 429402058
429402054 429402053
429402053 429402052
152512846 152512848
1078918029 1078918351
1073403113 1073403116
1073404001 1073404005
1077340560 1077340564
1077840267 1077840263
332229362 332229361
332229362 332229366
