1079743116 -97.73971532 30.27323846
1079121700 -97.74057086 30.27356569
1079121701 -97.74054136 30.27530351
1079121702 -97.74061453 30.2735408
1079121703 -97.74039124 30.27513906
1079121704 -97.74007474 30.27509966
1079121705 -97.740062 30.27478987
1079121709 -97.74107177 30.27317476
1077840139 -97.73448099 30.27441327
1079730674 -97.74053583 30.2756035
1077600337 -97.73550551 30.27320493
152516638 -97.74317101 30.267119
1078918513 -97.7375662 30.27575806
152393507 -97.74550202 30.27756696
443214618 -97.74676928 30.27741299
443214619 -97.74642403 30.27831429
443214614 -97.74389387 30.27871981
443214615 -97.74323841 30.28047791
443214616 -97.74289559 30.28140252
443214617 -97.74758669 30.27518239
443214610 -97.7454094 30.27456557
443214611 -97.74497229 30.27577164
443214612 -97.74461312 30.27676314
443214613 -97.74425169 30.27772597
152401899 -97.74145398 30.26768302
152401898 -97.74281302 30.26806599
1079101566 -97.73881611 30.27530242
1079101567 -97.73898442 30.27460228
1077599772 -97.73611303 30.27358707
1079101563 -97.7393927 30.27456062
1078806569 -97.734137 30.27183181
1077599170 -97.73545002 30.27254318
1077840131 -97.73431838 30.27436734
1078806567 -97.73519178 30.27221671
1078806566 -97.73463053 30.27098977
1079731077 -97.73956981 30.27399828
1077599108 -97.73545321 30.27973117
1077599615 -97.7354351 30.27264368
1079742793 -97.73982261 30.27338624
1077599611 -97.73544382 30.27228117
152516206 -97.74191599 30.277646
152451547 -97.74806303 30.26748102
152435891 -97.73817004 30.27660204
152435897 -97.73600038 30.27598898
152435894 -97.73707804 30.27629702
152451541 -97.74481102 30.26656898
1077598581 -97.73675953 30.27318641
1079101641 -97.739846 30.27536504
152460230 -97.73615402 30.26930299
318006898 -97.73992378 30.28173637
1073404334 -97.73295591 30.27961298
300766761 -97.74190711 30.2757475
1079101389 -97.74122801 30.27465442
1079102005 -97.73960401 30.27432953
152636877 -97.74846997 30.27274301
152636874 -97.74987 30.26899797
357894991 -97.73532044 30.28185799
1078918003 -97.73850422 30.2777294
1077599508 -97.73578362 30.27695491
1077599505 -97.73448552 30.27393877
357891586 -97.73974843 30.28172447
152546211 -97.74860903 30.27753897
152393482 -97.74842404 30.26962804
1079727510 -97.74068469 30.27284359
1077340276 -97.74108979 30.27640238
1079102062 -97.7397455 30.27499724
1077598698 -97.73525347 30.2747716
1079101948 -97.73899062 30.2752093
1079101944 -97.73902583 30.2751901
1077839962 -97.73374339 30.27487847
1073404858 -97.7336278 30.28026501
1073404851 -97.73350308 30.28026149
1079101018 -97.73864043 30.2747239
1077598963 -97.73297091 30.27395889
1079730063 -97.74134208 30.27442853
1079101015 -97.74129012 30.27481468
429402048 -97.75109292 30.27549638
429402040 -97.75105788 30.2734745
1073404926 -97.73438963 30.27978674
429402043 -97.75104137 30.27328012
429402044 -97.75111857 30.27326528
429402046 -97.75134178 30.27339872
1077840455 -97.73349461 30.2748218
1073403109 -97.73379284 30.27786527
1078919033 -97.73802277 30.27619007
1077840459 -97.73383659 30.27499782
1073403101 -97.73369217 30.27814104
152631190 -97.73545002 30.28017197
1073402985 -97.73410532 30.27821279
1077839994 -97.73342219 30.27479163
1077839998 -97.73323636 30.27107317
1073402988 -97.73409861 30.27825562
300766190 -97.73992286 30.2735128
1079730002 -97.74173628 30.27425477
152546196 -97.74477498 30.27630398
152546195 -97.74196276 30.27553376
1073403216 -97.73487368 30.27867186
152546198 -97.74693902 30.27691703
1077600430 -97.73500469 30.2755196
1077600435 -97.73593676 30.27506622
1077600436 -97.73582671 30.2754559
1077600437 -97.73442609 30.27397632
152539674 -97.73393231 30.28053248
1078919507 -97.7368286 30.27414362
152539672 -97.73450136 30.27963897
1077340554 -97.74182103 30.27560719
1073404103 -97.73291567 30.27928642
1078806366 -97.73444143 30.27099211
1079121670 -97.74017189 30.27401102
1079121673 -97.74078351 30.27387322
1079743168 -97.74023031 30.27309664
1078918347 -97.73777466 30.27740737
1077600506 -97.73646122 30.27293873
1078806362 -97.73441989 30.27095037
332229374 -97.75147589 30.26551823
332229370 -97.75130431 30.26586666
332229372 -97.75139014 30.26562199
332229373 -97.75142442 30.26556273
1079121717 -97.7404764 30.27492431
152502965 -97.73944819 30.28103204
1079121714 -97.74001028 30.27505172
152502963 -97.73923437 30.28098099
1079121712 -97.74054941 30.27351884
1079121710 -97.74120588 30.27292112
1079121719 -97.74078879 30.27395721
1107794445 -97.74147301 30.2756097
1077600343 -97.73632434 30.27342094
346502957 -97.74731788 30.26623304
152393515 -97.74512903 30.27857799
1079728660 -97.74037054 30.27555832
1078919336 -97.73898367 30.2777346
152393518 -97.74479207 30.27946747
1078806564 -97.73449566 30.27129319
1077599769 -97.73632359 30.27335891
1078806395 -97.73393307 30.2706643
1079101574 -97.74110194 30.27512456
1077599761 -97.7351093 30.27265877
1078806558 -97.73331817 30.27250354
1078806554 -97.73536612 30.27101122
152601031 -97.74909099 30.28068997
1077599164 -97.73546729 30.27171136
1079727897 -97.74220978 30.27425661
152550861 -97.75040451 30.27959002
1077600464 -97.73647379 30.2739676
1077340715 -97.74049157 30.27623206
1079730277 -97.73951139 30.27393508
1077598756 -97.73493362 30.27713722
1073401403 -97.73460823 30.27570073
1079101377 -97.73965363 30.27618261
1079101375 -97.73900437 30.27529739
1079101371 -97.74005462 30.27441696
1077598590 -97.73528633 30.27273639
1079101173 -97.73986678 30.27437413
1079101175 -97.73909573 30.27520159
300766249 -97.74024749 30.2730803
1079101397 -97.73917796 30.27586929
280911664 -97.74225462 30.27428846
280911663 -97.7418512 30.27426634
1077599570 -97.73488601 30.27291844
152546208 -97.74794501 30.27734702
1079101714 -97.74007399 30.27443029
1077598687 -97.73630012 30.2734082
1079101710 -97.73910043 30.27512582
1077598685 -97.73625988 30.27337048
1077598688 -97.73517862 30.27557274
1079730589 -97.73944241 30.27264033
1077599886 -97.73553912 30.2741013
1077599882 -97.73507351 30.27254612
1107790525 -97.74127444 30.2761443
1077599401 -97.73650732 30.27407473
1073404842 -97.73344541 30.28032293
1079730057 -97.73938709 30.27528541
1077599973 -97.73644303 30.27414999
1077598976 -97.73503277 30.27267327
1078917997 -97.73832024 30.27586401
1077598972 -97.73442802 30.27383148
1077840242 -97.73489866 30.27432836
1077598979 -97.73688283 30.27302707
1079101004 -97.7406862 30.27505398
1079101006 -97.73982462 30.2763106
1078919248 -97.7373663 30.27740444
1078919242 -97.73931157 30.27697126
1077840187 -97.73447563 30.27236524
1107794202 -97.74124754 30.27621739
1073404937 -97.73421663 30.28019553
429402035 -97.75105009 30.27353912
429402034 -97.75136852 30.27469381
1079730122 -97.73870338 30.2746115
1077340499 -97.74154987 30.27476623
1077340498 -97.74144057 30.27509011
1078919027 -97.73675349 30.27499221
1077340494 -97.74067958 30.27709816
1078919022 -97.73682248 30.27501232
152451545 -97.74696198 30.26718396
152451543 -97.74587099 30.26687601
1078918997 -97.73818244 30.27589477
1073403265 -97.73577759 30.27601463
1073403263 -97.73578966 30.27604347
1073403261 -97.73578212 30.27608286
1078918979 -97.7373844 30.27515297
1078918970 -97.73836081 30.27575119
1079727673 -97.73955171 30.27250127
1079730873 -97.74230634 30.27423046
1078918198 -97.73935918 30.27702063
1073403004 -97.73438686 30.27773913
1077600420 -97.73350031 30.27309044
1078919119 -97.73806769 30.27749077
1078918196 -97.73890119 30.27882668
152539666 -97.73533142 30.27777399
1077340540 -97.7417963 30.27557307
1078918236 -97.73860682 30.27565161
1077840444 -97.73484041 30.27448359
1077599375 -97.73701358 30.27297443
1073404112 -97.73434261 30.27967903
1079121669 -97.7410048 30.2731528
1077599373 -97.73476531 30.2754657
1079121667 -97.74054496 30.27381589
1079121666 -97.7409934 30.27316487
1079121665 -97.74079818 30.27316319
1079121664 -97.7404826 30.27386979
1077600516 -97.73605889 30.27563653
1079121626 -97.74098292 30.27293973
152502379 -97.73501567 30.27862677
152502377 -97.73609057 30.27893883
152502375 -97.73717066 30.27923186
152502372 -97.73851646 30.27962002
152456642 -97.74199101 30.28264204
1079728982 -97.74151911 30.27557106
1077600281 -97.73569603 30.27440279
1078806498 -97.73371262 30.27067888
1077600284 -97.73543997 30.27188872
152502970 -97.740508 30.281328
1078806490 -97.73411009 30.27150332
152502976 -97.74321603 30.28209797
1077840155 -97.73488399 30.27396291
1077840156 -97.73410884 30.27249717
1077840152 -97.73401831 30.27215611
1077600357 -97.73540426 30.27307569
1077600350 -97.73564096 30.2716019
1079728527 -97.7400097 30.27409501
1077600192 -97.73316202 30.2740075
504850813 -97.74493884 30.28229561
1077599792 -97.73539152 30.27320368
1079101542 -97.74098761 30.27457278
1078806382 -97.73514442 30.27203398
1079729218 -97.74052761 30.27612846
1078806387 -97.73408268 30.27135689
1078806386 -97.73530309 30.2712139
1077599798 -97.73545463 30.27966227
1079121472 -97.7408136 30.27395428
1079121473 -97.73971247 30.27476489
1079121470 -97.74016191 30.27478702
1078806543 -97.73443866 30.27094107
152601028 -97.74587602 30.27978397
152601029 -97.74825397 30.28047196
300766106 -97.73982764 30.27340543
152601027 -97.74048897 30.27825302
1078806548 -97.73561146 30.27108356
152550874 -97.75010176 30.27970032
1079743080 -97.73970862 30.27324718
1107790755 -97.74131593 30.27603148
1079731052 -97.74252628 30.27337802
1077598993 -97.73553988 30.27454981
1073401419 -97.73412811 30.27619292
1079121501 -97.74090874 30.2731388
1079730464 -97.74125877 30.27424312
1079121504 -97.74061847 30.27351993
1079121508 -97.74063792 30.27386702
1077598996 -97.73295406 30.2804614
1079101494 -97.74118836 30.27505692
152393528 -97.74374098 30.28223803
152393521 -97.74445697 30.28035998
1079728180 -97.73860288 30.27449751
152393524 -97.74412999 30.28122499
1079101811 -97.7399506 30.2754258
1079101814 -97.73993191 30.27543846
1077599565 -97.73488534 30.27721861
152401915 -97.73612703 30.26617604
1079101065 -97.73923177 30.27436139
1077599898 -97.73565102 30.27464629
1079101927 -97.73941961 30.27441352
1077599960 -97.73509254 30.27247931
1079101038 -97.74058503 30.27457512
1079121474 -97.7406225 30.27426516
1079101035 -97.73883623 30.27348749
1079101031 -97.7394875 30.27430263
429402152 -97.75187386 30.28115936
429402153 -97.75188249 30.28111494
1079727715 -97.7414829 30.27406659
1078919238 -97.73693521 30.27716941
1078919235 -97.73868804 30.27858989
1077340713 -97.74217089 30.27432434
358015645 -97.7332854 30.28146237
1079102026 -97.73948331 30.27455543
152451606 -97.73858896 30.26584303
152451608 -97.73791799 30.26770004
443187148 -97.7352134 30.26696419
1077340294 -97.74196628 30.27562546
1073403409 -97.73380893 30.27694343
1078918981 -97.73828504 30.27589251
152567095 -97.7367654 30.28029502
152567099 -97.73570039 30.27997701
1078918743 -97.73708668 30.27480546
152539652 -97.736726 30.27405704
152539655 -97.73637597 30.27496002
1077340537 -97.74035771 30.27547794
1077340534 -97.74084411 30.27527191
1077340530 -97.74158214 30.27473262
152502967 -97.73997701 30.28118694
1077840433 -97.73463254 30.27412217
1077840096 -97.73430212 30.27231486
1077840097 -97.73457521 30.27443992
535294313 -97.73910831 30.27143476
535294312 -97.73961474 30.2715164
1078806712 -97.73537283 30.27104358
1079121693 -97.74025839 30.27526252
152516199 -97.74346103 30.27341004
1079121697 -97.74083984 30.27388588
152516193 -97.74554502 30.26779601
1079121699 -97.74051404 30.27386677
152516197 -97.744146 30.27154197
152516195 -97.74520304 30.26871601
1077340447 -97.74062317 30.27523579
1077340444 -97.74064127 30.27522313
1077840382 -97.73391371 30.27448359
1077840386 -97.7349021 30.27377298
443185143 -97.74073372 30.2716081
443185142 -97.74108526 30.27065994
443185141 -97.7421097 30.27199392
443185140 -97.74244732 30.27106034
443185145 -97.73882567 30.27158186
443185144 -97.73774239 30.27129218
1077599095 -97.73600642 30.27513738
1077599096 -97.73564901 30.27468862
1077358867 -97.73491082 30.27727996
1078806625 -97.73383986 30.27519522
152381174 -97.73396802 30.26869497
1077840366 -97.73392653 30.27267604
1077840364 -97.73340266 30.27089706
1079728861 -97.74100806 30.27573619
443214637 -97.74604492 30.27606048
1073400938 -97.73503059 30.27236683
1073400932 -97.73389074 30.27206701
1077598655 -97.73537878 30.27330393
1079729203 -97.74137561 30.27458242
1077599780 -97.7356926 30.27516747
1077599783 -97.73547869 30.27962639
1079121468 -97.74045964 30.27381883
1079121465 -97.74061252 30.2735014
1079121466 -97.74053876 30.27383877
1077358915 -97.73531114 30.27745892
300763183 -97.73489699 30.27665241
1078806537 -97.73405536 30.27164347
1077599246 -97.73562956 30.27344122
1077598960 -97.73558003 30.27466833
338322004 -97.75171662 30.2647522
280911398 -97.74127997 30.2727954
1077598778 -97.73651067 30.27400641
1079121511 -97.74048713 30.27494217
1079121517 -97.74067153 30.27355354
1077598576 -97.7354968 30.27211152
1079101152 -97.73922666 30.27403047
1079101156 -97.74025109 30.27438511
1077599051 -97.73559159 30.27684084
1079730773 -97.74039124 30.27328188
300787920 -97.74514143 30.27207648
1079101802 -97.74075728 30.27461444
152580960 -97.73350199 30.26750298
1079101806 -97.73950938 30.27460052
152580969 -97.73429902 30.26772501
1077599554 -97.73538548 30.27723311
300766792 -97.74041077 30.27646013
1079101733 -97.74104427 30.27513906
300766313 -97.73968163 30.27324182
300766315 -97.73906447 30.27336461
300766314 -97.7394813 30.27330518
152547971 -97.75058598 30.270296
152547977 -97.748446 30.27601203
152547974 -97.74885101 30.27490898
1079101933 -97.7385613 30.27573619
1077599426 -97.73305867 30.27404522
1077599421 -97.73692977 30.27297267
1077599422 -97.73558531 30.27408864
1077599423 -97.73541432 30.27228988
1077598955 -97.73552303 30.27406601
1107790787 -97.74115751 30.27624572
1077598953 -97.73530502 30.27531458
1077598799 -97.73582268 30.27550736
1077598795 -97.7332693 30.28022578
1078919225 -97.73774633 30.27548121
1107789606 -97.74093523 30.27583392
1077340707 -97.74159748 30.27465609
1078919221 -97.73894813 30.27868368
1077340703 -97.74195086 30.27430917
152451612 -97.73720503 30.26959703
152451610 -97.73756302 30.26863898
152451615 -97.73686296 30.27052801
152723404 -97.74240198 30.273101
152723403 -97.74446996 30.267478
443187159 -97.73552513 30.26601511
1073404950 -97.73371229 30.28054413
1079727477 -97.74068553 30.27280403
1077340630 -97.74081914 30.27711669
1073403395 -97.73372838 30.27711601
1077340635 -97.74224331 30.27440254
1078919354 -97.73724199 30.27521701
1073403391 -97.73366141 30.2771658
1077340638 -97.73995806 30.27682072
1073402262 -97.73445132 30.27950637
1073403398 -97.73370022 30.27709506
152500708 -97.74515702 30.26560196
1079729983 -97.74088737 30.27565622
1073403243 -97.73565421 30.27658552
1073403249 -97.73567969 30.27653917
443186957 -97.74164643 30.26721732
1073404047 -97.73296932 30.27817113
1078918771 -97.73689364 30.27714393
1073404733 -97.73355177 30.28056349
1073403023 -97.73430782 30.27798933
152400261 -97.73809837 30.28068796
1073403027 -97.73441243 30.27813517
152460225 -97.73933696 30.27017404
152460223 -97.74042603 30.27047101
152539649 -97.73719522 30.27284217
152460221 -97.74175598 30.27085197
1078919172 -97.73685609 30.27726613
152539646 -97.737919 30.27082498
152539640 -97.73894897 30.26800698
152460228 -97.738264 30.26989601
1078918889 -97.73770157 30.27437807
1078918886 -97.73896162 30.27785211
1078918884 -97.73824681 30.27587859
1078918880 -97.73619836 30.27544651
152486712 -97.74912057 30.27965883
1077840421 -97.73385 30.27501174
1077840423 -97.7340572 30.27245492
535294308 -97.73983787 30.27181287
1078806708 -97.73479012 30.27108884
1077599316 -97.7349601 30.27712557
1077599315 -97.7355672 30.27343829
1079729695 -97.73953603 30.27307652
1077599310 -97.73500872 30.27883372
1079121681 -97.74073993 30.27315221
1079121683 -97.74040859 30.27420624
1079121688 -97.7410597 30.27315389
429402042 -97.75101564 30.27332463
1078918086 -97.73703638 30.27609401
1077340453 -97.73976461 30.27685802
1077340456 -97.74217818 30.27434571
1077840396 -97.73376753 30.27489816
1077840395 -97.73344348 30.27489171
346465662 -97.75175559 30.28098418
1077840175 -97.73456138 30.27309781
1077840172 -97.73405184 30.27248099
300767039 -97.7405733 30.27601933
1077840378 -97.73438712 30.2744587
1077599227 -97.7347731 30.2770731
1077599225 -97.7348679 30.2757506
1077840371 -97.73404782 30.27417263
1078918551 -97.73868821 30.27862023
1078918553 -97.73842577 30.2756325
1077840374 -97.73434956 30.27219416
1078918556 -97.73661134 30.27473782
1077600377 -97.73541096 30.27190247
152686025 -97.75282102 30.27631001
1077600373 -97.73520108 30.27718726
1078918790 -97.73831379 30.27566553
1078918797 -97.73803417 30.2775771
1078918794 -97.73672458 30.27498391
1077600173 -97.73636851 30.27339537
1079728504 -97.74096247 30.27584146
1077600177 -97.73343217 30.27307166
1079729057 -97.7412032 30.27292179
1077600361 -97.73363601 30.2727322
1079728892 -97.74100748 30.27287419
1077600397 -97.73534592 30.27477252
1078918133 -97.73921233 30.27793836
1079121454 -97.74044229 30.27381396
1077358924 -97.73528088 30.27739228
1078806524 -97.73414798 30.27140609
1079727863 -97.74118819 30.27381992
1078806521 -97.73482432 30.27139344
1077599130 -97.73543854 30.27523461
1077340280 -97.74182622 30.27555991
1079730703 -97.74245847 30.27328372
1073402981 -97.73405704 30.27813626
1079729308 -97.73944492 30.27358296
1079728256 -97.74095652 30.27546864
1079121524 -97.73975279 30.27465852
1107793421 -97.74179404 30.27605352
1077599048 -97.73600113 30.27283999
1079121520 -97.74084453 30.2739386
1079121521 -97.74084923 30.27389921
1077599040 -97.73300779 30.27403533
1077599046 -97.73545723 30.27516228
1077599047 -97.73538423 30.27446147
1077599044 -97.73536269 30.27271258
1079101832 -97.73955297 30.27423281
1077599547 -97.73529102 30.27474184
1077599544 -97.73636181 30.27795806
1077598899 -97.73636181 30.27295758
152618301 -97.75002993 30.28029653
1077598890 -97.73559268 30.27483848
152618306 -97.750157 30.28166303
152435902 -97.73481124 30.27562948
1079101231 -97.73951776 30.27627372
152604219 -97.73578798 30.26712001
1079101581 -97.73897411 30.27526026
1079101908 -97.73911132 30.2752186
152547968 -97.75095403 30.26931104
1079101904 -97.73965129 30.27588614
152566316 -97.73648804 30.26832298
1077599439 -97.73576192 30.27489649
1077599437 -97.7351844 30.27220238
443187012 -97.74055217 30.26692211
443187010 -97.74020441 30.2678499
443187017 -97.74124913 30.26505932
443187015 -97.74089566 30.26598828
1079101053 -97.73985614 30.27629442
152607564 -97.75314397 30.27747099
152607563 -97.75338696 30.27694301
315426881 -97.75044651 30.28048504
1077599833 -97.73660321 30.27313889
429397556 -97.75062336 30.2672884
1078919087 -97.73704007 30.27515708
429397552 -97.75093241 30.2673402
1073404962 -97.73349369 30.28050943
1079730153 -97.73833734 30.27633717
1079730159 -97.73851504 30.27643918
1079100876 -97.73939111 30.2736444
1079100870 -97.73927611 30.27426122
1077340607 -97.74022964 30.27563937
1077340601 -97.74191943 30.27434052
1073403382 -97.73355672 30.27706849
1073402257 -97.73446867 30.27947284
152500717 -97.74624499 30.26592902
1073403256 -97.73582319 30.27619644
1073403253 -97.73571732 30.27651034
1079100982 -97.73943772 30.27407883
443186944 -97.74232419 30.26536618
1073403258 -97.73580978 30.2761593
1079730844 -97.7391078 30.2727555
1078918946 -97.73750854 30.2774751
1073403037 -97.73494879 30.27829619
1078918948 -97.73652668 30.2781526
1078919147 -97.73728516 30.27614438
1078918160 -97.73735632 30.27838428
1107792885 -97.74113547 30.27630364
1078918166 -97.7372772 30.27920311
1079727518 -97.74157761 30.27527501
152486709 -97.74728401 30.27915701
152447361 -97.73894503 30.26494298
1078918892 -97.73798119 30.27630314
1077840412 -97.73323569 30.27105934
1077840413 -97.73394279 30.27611781
1077840416 -97.73382377 30.27486581
1077840417 -97.73357843 30.27483278
1077840418 -97.73350458 30.27495323
443182334 -97.74324444 30.27074962
1078918301 -97.73829618 30.27754852
338321911 -97.75256319 30.26554631
338321910 -97.75244299 30.26531647
443182330 -97.74431741 30.27105749
152723397 -97.74283071 30.27323368
152723395 -97.73983351 30.27998698
1077340464 -97.74046366 30.27693949
1078919200 -97.7365188 30.27815043
1077340460 -97.74146748 30.27509572
1073402927 -97.73449818 30.27762563
429397609 -97.75149894 30.27307041
429397608 -97.75150749 30.27298877
1073401711 -97.73377272 30.27743101
1077840186 -97.73337047 30.27508466
1073401715 -97.73330862 30.27731291
1073401718 -97.73327777 30.27733487
1073401719 -97.73302698 30.27798689
1078806607 -97.7347063 30.27200213
1077599237 -97.73555782 30.27485961
1078806603 -97.73319747 30.27108817
1078918232 -97.73717519 30.27639693
1077840340 -97.73420003 30.27228527
1079727499 -97.74142917 30.27405729
152516204 -97.74259803 30.27571171
1077600493 -97.73598898 30.2757998
1079727495 -97.74145943 30.27414421
1077600498 -97.73560207 30.27482524
1077600499 -97.73569662 30.27175998
1078806514 -97.73419056 30.27168471
1079121449 -97.74067547 30.27307753
1077599125 -97.73496639 30.27885283
1078918430 -97.7381697 30.27593241
1077599121 -97.73601849 30.27286094
1077599122 -97.73555446 30.27929397
1079102029 -97.74065359 30.27437094
1077340291 -97.74027582 30.27553242
1078918910 -97.73897897 30.27784172
429397639 -97.75003982 30.27655418
1079743180 -97.74021623 30.27309488
1079121532 -97.74009083 30.2750482
1079121537 -97.74090949 30.27366066
1079121536 -97.7404308 30.27509857
1079121535 -97.74072853 30.27306764
1078806468 -97.73335706 30.27067008
1107792430 -97.74171223 30.27626827
1077599050 -97.73581732 30.27610918
443214652 -97.74574267 30.28168491
280911115 -97.7408437 30.27267352
1077598884 -97.7331124 30.27403709
1079730544 -97.74093841 30.27411236
1073404877 -97.73301089 30.28013652
1077598672 -97.73620314 30.2752849
281143476 -97.73540711 30.28159061
1079728168 -97.74144258 30.27560124
1079101221 -97.73902734 30.27532212
281362981 -97.74222671 30.27415008
152512835 -97.74247196 30.26896604
152547990 -97.746275 30.28183
1077599446 -97.73587901 30.27552647
152566317 -97.73577399 30.27022802
152566314 -97.73681703 30.26740298
1077599443 -97.73621093 30.27413088
443187004 -97.73951407 30.26970943
1078917964 -97.7373932 30.27518189
443187007 -97.73986201 30.26877652
1077599685 -97.73467738 30.27953377
443187002 -97.73916966 30.2706332
1079101045 -97.73866608 30.27466196
1079101829 -97.74016987 30.27550099
1078806443 -97.73392368 30.27063647
1079101827 -97.73985136 30.27531047
1079101826 -97.7390809 30.27530158
1107793210 -97.74097387 30.27572713
301313778 -97.75086954 30.2651879
1077340720 -97.74076139 30.27714217
301313773 -97.75023788 30.2670092
301313774 -97.75038381 30.26666822
301313776 -97.75036663 30.26649774
1078806447 -97.73437421 30.27119671
1078919473 -97.73638 30.27549638
152587810 -97.73909699 30.28243802
152587815 -97.73983301 30.28252251
1078919378 -97.73872416 30.27876013
1078919372 -97.73804137 30.27637514
1079100889 -97.74021824 30.27446968
152500722 -97.74843401 30.26653403
300760762 -97.73664118 30.28158064
1073400984 -97.73904452 30.2734434
1078918939 -97.73826492 30.2759029
1078918155 -97.73742472 30.27437639
1079727521 -97.74010559 30.27406827
443186990 -97.73877881 30.26846472
443186993 -97.73843541 30.26941179
152398222 -97.74559297 30.270872
1077340502 -97.74183402 30.27559973
1073403282 -97.73496362 30.27577952
1077839871 -97.73476933 30.27286731
1077839879 -97.7339754 30.27215728
1077840404 -97.73392242 30.27241444
1077840402 -97.7344333 30.27334684
1077840401 -97.7336314 30.27477663
1078918849 -97.73933244 30.27703622
152528905 -97.73520108 30.2817611
300767306 -97.74263642 30.27376459
152528903 -97.735704 30.2815
300767304 -97.74258017 30.27326914
338321906 -97.75183673 30.26488556
338321907 -97.75189373 30.2649755
338321904 -97.75149894 30.26522746
1073402938 -97.73438418 30.27771247
1078919555 -97.73700487 30.27478241
1078919554 -97.73708726 30.27505851
1077839903 -97.73454 30.27452182
152460395 -97.74091503 30.28256601
1077839901 -97.73352143 30.27474821
1077839906 -97.73479808 30.2746654
152460392 -97.74101703 30.28149003
1077839905 -97.73429517 30.27373769
152486603 -97.73883698 30.27877203
429397619 -97.75170488 30.27399694
152486604 -97.740177 30.27914301
152486606 -97.74122189 30.27942883
152486609 -97.74340143 30.28004356
429397610 -97.75153322 30.27311483
429397611 -97.75155904 30.27318901
429397617 -97.7516877 30.27387088
429397614 -97.75153322 30.27352253
429397615 -97.75144337 30.27361766
1073401706 -97.733892 30.27742749
1073401703 -97.73394296 30.27748197
1078806613 -97.73501207 30.27243162
1073401708 -97.73371757 30.27741458
1077840355 -97.73372729 30.27280068
1077840359 -97.73361933 30.27121968
1079729072 -97.74091888 30.27419048
1077600483 -97.73525104 30.27440103
1077600482 -97.7360842 30.27613508
1077600488 -97.73539923 30.27382738
1077599118 -97.73481962 30.27913253
1078806504 -97.73392368 30.27065097
1073403307 -97.73454377 30.27619409
1078806500 -97.73481694 30.27140727
1079730766 -97.74149162 30.27407531
152393492 -97.74671396 30.27430296
152746328 -97.75045397 30.27542597
152393496 -97.74628799 30.27542999
1079730206 -97.74017859 30.27400993
152550836 -97.75139802 30.276897
152550834 -97.751826 30.27595998
1079728419 -97.74140512 30.27413382
152550831 -97.75277299 30.273949
1079121713 -97.74082844 30.27281694
152393479 -97.74913499 30.26778101
152393470 -97.74980797 30.26587203
152393475 -97.74946197 30.26681901
1079101690 -97.73920436 30.27446356
1079101692 -97.73944174 30.27467177
1079121546 -97.7410524 30.27295943
1079121543 -97.74013677 30.27525389
1079121541 -97.74059844 30.27355932
1079101451 -97.73911292 30.27526957
1079101109 -97.73960996 30.27420909
1077599063 -97.73662743 30.27320552
300788007 -97.74695578 30.27042206
300788006 -97.74686986 30.27029608
1077598630 -97.7353372 30.27395537
1077598635 -97.73609962 30.27609686
1078919530 -97.73679641 30.2741546
1389063089 -97.73779277 30.28147368
1079121498 -97.74027917 30.27510779
1079121492 -97.74073398 30.27361012
1073403289 -97.73483622 30.27581774
152547983 -97.74783202 30.27764701
152547987 -97.746936 30.28010198
1079730089 -97.74149229 30.27408629
1073403285 -97.73488978 30.27578639
152617954 -97.75052496 30.27582302
152566329 -97.73488198 30.272886
1077599456 -97.73537408 30.27168362
152617950 -97.75059503 30.27572596
1077598984 -97.73538347 30.27399652
1077599698 -97.73284409 30.27383207
1077598988 -97.73558598 30.2741396
1079101075 -97.73988363 30.2762712
152401928 -97.73356401 30.26542804
1079101859 -97.739933 30.27639534
1079101673 -97.73935448 30.2767374
1079101855 -97.74129372 30.27480378
1079101677 -97.73911811 30.27523654
429397573 -97.75238289 30.26885246
152608872 -97.74008304 30.27142898
429397577 -97.75238289 30.26923057
429397574 -97.75240871 30.2688896
429397578 -97.75240008 30.26926762
1073404984 -97.73304576 30.28079198
1077599852 -97.73615327 30.27361489
443187101 -97.73664059 30.26789642
443187100 -97.73699012 30.2669688
1077599585 -97.73580659 30.27324827
1077599856 -97.73550216 30.27180692
1077598857 -97.73610842 30.27425997
1077340668 -97.74013408 30.27589838
1077340666 -97.74170083 30.27447781
1073402232 -97.73479456 30.27878946
152631180 -97.74003702 30.26829599
1077598718 -97.73534332 30.275603
152500739 -97.75156448 30.26764279
443186966 -97.74026249 30.27092774
332232126 -97.7400283 30.26516811
443186960 -97.74128291 30.26814059
443186963 -97.74060163 30.27000531
343336883 -97.73415217 30.27634471
443186988 -97.73913496 30.26755453
1078919415 -97.7375833 30.27831991
443186983 -97.73983753 30.26569106
443186986 -97.73949999 30.26661651
1077839865 -97.73398068 30.27486464
1079743171 -97.7397113 30.27325699
429397758 -97.75112117 30.27355957
1077839862 -97.73468484 30.2729368
429397752 -97.75040024 30.27338909
429397751 -97.75036587 30.2733595
1077598958 -97.73635242 30.27341742
1077839869 -97.73410682 30.27495063
152580985 -97.74077999 30.26953198
429397599 -97.75088949 30.27151372
1078919097 -97.73824908 30.27668468
1078919095 -97.73837078 30.27726781
429397597 -97.75089812 30.27133577
1077599327 -97.7351347 30.27972136
1077840213 -97.73379099 30.27080394
1077599325 -97.73530301 30.27190708
1077840216 -97.73472373 30.27293328
1077840217 -97.73428653 30.27377474
1073404167 -97.73553493 30.28000442
1078918851 -97.738279 30.27566033
1078918326 -97.73727979 30.27750703
1077840218 -97.73465726 30.27445107
1078918854 -97.73753133 30.27540083
1079730953 -97.74009134 30.27600642
152608883 -97.73364297 30.26961497
152442425 -97.748734 30.265594
152442420 -97.74658597 30.26499796
152442422 -97.74767201 30.26528697
1073402904 -97.73466447 30.27724459
1078919529 -97.73847212 30.27549814
152486612 -97.74659896 30.28097798
152486610 -97.74555701 30.28068997
429397629 -97.75107833 30.27519027
152486615 -97.74789698 30.28135399
429397627 -97.75120708 30.27502733
152486618 -97.74908604 30.28170804
429397623 -97.75163623 30.27461963
429397622 -97.7516877 30.27451578
429397621 -97.75167907 30.27438242
1077599218 -97.73567516 30.27341281
504851594 -97.74219218 30.28193242
1078806667 -97.73394723 30.27145647
1077599211 -97.7355605 30.27481133
1078806660 -97.73496111 30.27214571
1078918847 -97.73803291 30.27631697
1077840326 -97.73350601 30.27488366
1079121761 -97.74051856 30.27383274
300767305 -97.74266743 30.27348288
300767008 -97.74070984 30.27565128
1079729799 -97.73967911 30.27258811
1077840328 -97.73494158 30.27400063
300766893 -97.73950234 30.27498047
1079742946 -97.73983401 30.27338909
1079101473 -97.73907788 30.2751948
1077600122 -97.73532924 30.27364272
1077340314 -97.74064069 30.27698811
443129398 -97.75002674 30.26853362
1079729245 -97.73944836 30.27254411
281362982 -97.74216963 30.27409819
152516208 -97.74153897 30.27856298
1077840033 -97.7348907 30.27380307
1078806553 -97.73394447 30.27161464
152516202 -97.74303196 30.27452902
1077840034 -97.7343328 30.2727503
152393485 -97.74773999 30.27148799
1079102006 -97.73919632 30.2745965
152393487 -97.74739399 30.27244604
152393481 -97.74877901 30.26867804
1079102002 -97.73879734 30.27476556
152393483 -97.74806596 30.27057603
152729063 -97.74758601 30.28222202
1073404180 -97.73447001 30.28022101
1073404186 -97.73446062 30.280177
152393489 -97.74704002 30.27338498
1073404184 -97.73446062 30.280206
1077600413 -97.73643691 30.27295121
152710096 -97.75131009 30.27198067
1077600234 -97.73598102 30.27497871
1079728429 -97.74149229 30.27556419
280911353 -97.74027197 30.27406609
280911350 -97.74049509 30.27319144
280911356 -97.7395424 30.27411798
280911357 -97.73937929 30.2742292
280911354 -97.74005739 30.27416248
300766192 -97.73942288 30.27283621
280911358 -97.73929346 30.27445158
280911359 -97.73929346 30.2746369
152629403 -97.73386903 30.26657703
1079101685 -97.7396538 30.27420858
1079121558 -97.74037439 30.27379561
1079121555 -97.74080564 30.27305264
1079121557 -97.74085048 30.27392762
1079121556 -97.74104503 30.27321013
1079101688 -97.74147854 30.27499539
1078806405 -97.73418394 30.27187749
343336548 -97.73396433 30.27610801
343336549 -97.73416743 30.27559981
1078806401 -97.73443866 30.2719598
343336545 -97.73384129 30.27616316
343336546 -97.73384992 30.27611874
1078806408 -97.73342948 30.27049523
1107792741 -97.74074261 30.27604187
1073402933 -97.73446197 30.2776823
152651108 -97.75236202 30.27722699
1079728119 -97.73945381 30.27256213
152651101 -97.74242628 30.27435518
1077598626 -97.73632962 30.2762023
1079121482 -97.74026451 30.2751518
1079121487 -97.74005663 30.27503722
1079121486 -97.74055008 30.27354482
1079121484 -97.74061722 30.27351071
1107791857 -97.74081302 30.27585722
152566334 -97.735158 30.27466003
152617946 -97.75058003 30.27556603
1077598990 -97.73442542 30.27949991
152566338 -97.73351003 30.27677504
152617943 -97.75055203 30.27551599
1077598994 -97.73539563 30.2746405
1077599668 -97.73519639 30.27222559
1079101668 -97.73931576 30.2738024
1389067590 -97.7398175 30.28114578
1389067591 -97.73990543 30.28189563
429397564 -97.75046889 30.26786658
429397565 -97.7504947 30.26794068
429397566 -97.75137866 30.26838551
429397560 -97.7504947 30.2674811
1077840195 -97.73322773 30.27105749
1073404990 -97.7330243 30.28087999
1079730180 -97.74020407 30.27398378
152382377 -97.73420498 30.26562904
1073404998 -97.73298683 30.28089617
1077340675 -97.7417906 30.27559571
1079730750 -97.74254941 30.27349998
1073402228 -97.73480127 30.27872576
300767155 -97.74043826 30.27638863
1077599713 -97.73584481 30.27308792
1079727543 -97.73970032 30.27259423
1078918131 -97.73830909 30.27645594
1077340369 -97.74062727 30.27526009
1073402828 -97.73484418 30.27670832
1079100930 -97.73979168 30.27516982
1079727785 -97.73872022 30.27555656
1079100934 -97.7390058 30.27350367
429397749 -97.74962776 30.27312967
429397746 -97.75138729 30.27463438
429397588 -97.75187646 30.26992736
1078919089 -97.73820859 30.27587281
1073403196 -97.73444587 30.27868527
429397582 -97.75257182 30.26942327
429397583 -97.75256319 30.26948999
429397580 -97.75252882 30.26934918
429397585 -97.75239153 30.26970499
1077840200 -97.73373928 30.27090167
1077840205 -97.73384933 30.27261477
1073404170 -97.7355201 30.28004608
1077840209 -97.73375143 30.27090461
1073403178 -97.73433188 30.278595
1078918047 -97.7370083 30.2750088
1073403176 -97.73420724 30.27852778
1077340415 -97.74030742 30.2754657
1073402912 -97.73450094 30.27758968
1077340410 -97.74151366 30.27454839
1077340413 -97.74105643 30.27532212
1077839925 -97.7347586 30.2729518
1077839927 -97.73474519 30.27286153
1077839923 -97.73405519 30.2724856
429397630 -97.75106107 30.27528666
429397633 -97.75079511 30.2757537
152486621 -97.74964 30.28184802
429397638 -97.75008273 30.27638369
1073403392 -97.73369494 30.27715189
1079101399 -97.7378941 30.27444127
1078806670 -97.73406919 30.27192452
1077840334 -97.73370709 30.27282498
1078918265 -97.7367032 30.27496304
1077840330 -97.73394128 30.27264041
1078919358 -97.73662609 30.27468283
1078918268 -97.73746487 30.27603257
1073400989 -97.73920009 30.27355572
152398227 -97.74666501 30.27117702
1077340364 -97.74043013 30.27694762
1077600132 -97.73587767 30.27279313
443129417 -97.75021466 30.26651919
443129412 -97.74895411 30.26823681
443129411 -97.74963003 30.26635902
1077358967 -97.73499388 30.27827657
152516210 -97.7408841 30.28029234
1079102013 -97.73939564 30.27453464
1073404191 -97.73459842 30.27978037
152398689 -97.75184997 30.27894101
152398688 -97.75172399 30.27862501
152398687 -97.751164 30.27736001
152608874 -97.73899498 30.27111298
280911367 -97.73963679 30.27635661
280911366 -97.73959387 30.27620088
280911364 -97.73990291 30.27537811
280911362 -97.73977408 30.27493337
280911360 -97.73936219 30.27478509
300766188 -97.74011279 30.27396903
1073401101 -97.73362654 30.27548406
1079121561 -97.7404396 30.27383794
1079121563 -97.74089767 30.27365203
1079121565 -97.74076801 30.27395017
1073401106 -97.73367482 30.27541692
1079121763 -97.74018287 30.27512942
1079101476 -97.7401511 30.27548372
1078806416 -97.73465953 30.27212669
1079121766 -97.74102759 30.27321072
1077599003 -97.73705248 30.27299807
1079121765 -97.74095316 30.27363291
1079727959 -97.74070481 30.27276631
1073403983 -97.73452768 30.27876406
1077600047 -97.73521994 30.27722146
1077600048 -97.7353714 30.27448703
1079728107 -97.73909104 30.27336134
1079101788 -97.7409136 30.27529102
443186954 -97.74199487 30.26629179
1079101786 -97.74029217 30.27426566
1079101784 -97.7399413 30.27543041
1079101780 -97.74093967 30.27467059
1366269437 -97.75061976 30.2797388
1079727921 -97.73924728 30.27234554
1073405004 -97.73292783 30.28088687
1079101277 -97.73952296 30.27490068
1077599710 -97.73659851 30.27317417
152551212 -97.75066611 30.27924334
300766526 -97.73885861 30.27465433
1077599476 -97.73462114 30.27299061
152617971 -97.74999497 30.27620297
152617974 -97.74991099 30.27641101
1077840126 -97.73356703 30.27311634
1077599671 -97.73553301 30.27395017
1079101090 -97.74098334 30.27512137
1077599674 -97.73562764 30.27496681
152447356 -97.74106196 30.26552703
1079101301 -97.73864437 30.27554273
152447350 -97.74349598 30.26620898
152401909 -97.73824698 30.26678197
152447353 -97.74215002 30.26583598
152401905 -97.73933504 30.26706804
1079121581 -97.73959177 30.27473019
1079121586 -97.74044832 30.27379804
152447359 -97.74000198 30.26523903
152401901 -97.74037498 30.26739502
1079121585 -97.74091494 30.27394908
152400266 -97.73762572 30.28165373
1078917928 -97.73755011 30.27542396
1107789120 -97.74085199 30.27607364
1079121580 -97.74047539 30.27378178
1078918443 -97.73826073 30.27608697
1077599879 -97.7355672 30.27429936
443187120 -97.73594648 30.26667862
1079121584 -97.74071637 30.2731186
1107792370 -97.74141509 30.27576217
1077598872 -97.73512397 30.27267729
1077340641 -97.73999964 30.27626659
1078919322 -97.73824011 30.27846483
1073403344 -97.73371103 30.27668862
1077599490 -97.73599133 30.27559872
152539643 -97.73860698 30.26892698
1078918128 -97.73661603 30.27460337
1078919188 -97.73759629 30.2752445
1079100928 -97.73969018 30.27577499
1078919436 -97.73657982 30.2780247
1079100924 -97.738466 30.27520343
152496940 -97.74250599 30.26487701
1073402694 -97.7353766 30.27623692
1073402690 -97.73535967 30.27625134
1073403182 -97.73438963 30.27866449
1079730977 -97.73946646 30.2726229
1079730975 -97.74067229 30.27576049
1077840237 -97.73476112 30.27458074
1077840230 -97.73464377 30.2744592
1078918875 -97.73828696 30.27564231
1077840239 -97.7345654 30.27401102
1078918698 -97.73802084 30.27634999
1078919508 -97.73699892 30.27479054
1078919052 -97.73748096 30.27755389
1078918058 -97.73814154 30.27640271
1078919502 -97.7374937 30.27432308
1078919504 -97.7375481 30.27847061
1073403166 -97.7341857 30.27842007
429397645 -97.75033159 30.27743629
429397644 -97.75032304 30.27732506
1073404742 -97.73346016 30.28055343
429397642 -97.75016848 30.2771472
429397648 -97.75066628 30.27801447
504851576 -97.73956579 30.27690697
1079742778 -97.73998656 30.27329504
1073400849 -97.7332885 30.27178362
1078918274 -97.73705248 30.27609108
1078918277 -97.73623977 30.27890136
1078918279 -97.73778941 30.27537987
1077600453 -97.73612309 30.27478761
1077600450 -97.73517032 30.27859802
1073403096 -97.73358757 30.27817222
1077600458 -97.73572948 30.27486581
1077600459 -97.73537702 30.27366837
152398230 -97.74880902 30.27180298
1077598640 -97.73554709 30.27322983
1079727815 -97.73973787 30.27249683
1078918478 -97.73705516 30.27504988
1077840014 -97.73336251 30.27068341
1078918476 -97.73706186 30.27502733
1077840016 -97.73350928 30.27092606
1077840017 -97.73445752 30.27407414
1077840010 -97.73399677 30.275259
1079102060 -97.73971457 30.2750233
1079102061 -97.7399019 30.27426843
1078918679 -97.73767349 30.27443951
1079121618 -97.7400211 30.27519304
1077598974 -97.73630012 30.27336411
1078918675 -97.73749689 30.27743981
1079121614 -97.74074194 30.27389636
152456639 -97.74204901 30.28209604
1077600216 -97.73606677 30.27532212
1079728911 -97.74150117 30.2756175
1077600212 -97.73544583 30.27186308
152456630 -97.7419978 30.28061144
152456633 -97.74172396 30.28136698
152456636 -97.741888 30.28173503
443187047 -97.74017323 30.26477702
152572110 -97.75252103 30.27096202
1079121575 -97.74009989 30.27476757
535294302 -97.73933378 30.27171899
1078806423 -97.73307878 30.27109898
1078806426 -97.73428452 30.27091223
1079727961 -97.7419745 30.27354641
1077599013 -97.73321231 30.28053273
1077599012 -97.7351958 30.2772829
1073403978 -97.73457873 30.27877328
152759394 -97.73897076 30.27334374
1077599065 -97.73560677 30.27478182
346465823 -97.75051163 30.28099474
346465822 -97.75064918 30.28097194
443129403 -97.74858137 30.26607177
1077598608 -97.73324919 30.28056282
1079101798 -97.73869667 30.27502683
443214649 -97.74392136 30.28019947
443214648 -97.74177912 30.27958951
1077598603 -97.73567902 30.27187557
1077598602 -97.73569276 30.27437379
443214645 -97.74423233 30.27932683
443214644 -97.74209763 30.27872006
443214643 -97.74937798 30.27509036
443214642 -97.74459032 30.2784215
443214641 -97.74394659 30.28170251
443214640 -97.74430048 30.28077396
1077599700 -97.73567248 30.27312791
1077599705 -97.73550283 30.2798025
152679466 -97.74306004 30.27124499
1077840223 -97.73404639 30.27266983
1079728004 -97.74134158 30.274409
1077599644 -97.73647178 30.27413382
1077599645 -97.73617741 30.27414882
1079101083 -97.7397092 30.27495608
1077599648 -97.73558204 30.27322111
1079121599 -97.74058302 30.27349269
152480228 -97.75227804 30.27501702
152401912 -97.73718701 30.26647502
152580983 -97.73969504 30.26923501
1079101314 -97.74027121 30.27529664
1079121591 -97.74083892 30.27312086
152480220 -97.74921697 30.27396199
1079121594 -97.74046274 30.27378647
1079121596 -97.74082911 30.27314056
1078917933 -97.73666691 30.27708517
1078917931 -97.73747828 30.27486807
1078919471 -97.737473 30.27438452
336631283 -97.75127447 30.2682835
1077599809 -97.73580391 30.27542983
1077599803 -97.73325556 30.28057606
280911516 -97.73993719 30.27629727
1073403375 -97.73338782 30.27716463
280911517 -97.74026342 30.27543737
1073403370 -97.73336226 30.27712993
1073403378 -97.73342403 30.27715767
1078919338 -97.73712087 30.27914687
443182325 -97.74605917 30.26639958
152709938 -97.75282504 30.28137603
152709936 -97.75094498 30.280623
443187080 -97.737388 30.26910719
1078919429 -97.73796971 30.27543368
1078918117 -97.7366535 30.27462081
1079727761 -97.74033089 30.27566712
1079100919 -97.73991708 30.27490629
1079100912 -97.74124728 30.27493094
1073405664 -97.73429969 30.280206
1078918803 -97.73757148 30.27844857
1073403401 -97.73370022 30.27707201
1073403157 -97.73413742 30.27827532
1073403150 -97.73404363 30.27829619
1077839942 -97.73322371 30.27109982
1077839948 -97.73341481 30.27115598
1073404751 -97.73321608 30.28065301
429397651 -97.75091522 30.27874831
1077840146 -97.73435149 30.27388588
1073403083 -97.73304182 30.27801363
1073404758 -97.73311818 30.28077002
1078806657 -97.73400909 30.27176241
1073400837 -97.73393868 30.27194304
504851544 -97.74236233 30.2818626
1078806653 -97.73473488 30.27096194
1073400830 -97.73507032 30.27224697
1079102047 -97.7396538 30.27624103
152381257 -97.73500302 30.265881
1078806638 -97.73395218 30.27074669
343336131 -97.73522723 30.27680857
1077340322 -97.74078687 30.2771399
1077600445 -97.7346747 30.27956848
1077340324 -97.74218757 30.27454436
1077600449 -97.73612183 30.27420733
1078918555 -97.73706262 30.27503479
1077340495 -97.74120194 30.27529664
152583407 -97.74373403 30.279185
1077840222 -97.73458694 30.2730352
152583404 -97.7440771 30.27826098
1077840227 -97.73470362 30.27304677
152583402 -97.74521603 30.275114
1079729567 -97.7404971 30.27571263
1079729299 -97.73943034 30.27252793
1077840007 -97.73369443 30.27286681
1077840005 -97.7339997 30.27509807
152436090 -97.75169231 30.27361028
1077840008 -97.73360718 30.27309538
1079121639 -97.74023358 30.27526881
1079121600 -97.74102148 30.27314643
1079121605 -97.74045151 30.27349269
1077600205 -97.7329984 30.27385814
152456628 -97.7423174 30.27973603
152456622 -97.74297798 30.27793602
152456620 -97.74370897 30.27601002
1079121493 -97.74088737 30.27361087
152456624 -97.74264111 30.27887328
491589608 -97.75339316 30.27501819
152572106 -97.75317004 30.26973801
1078806439 -97.7347519 30.27104936
1078806437 -97.73417849 30.27189317
1078806436 -97.73553166 30.27128682
1078806434 -97.73470236 30.27106453
1077599025 -97.73480822 30.27910177
1077599027 -97.73626458 30.27388236
1079121745 -97.74005974 30.27545732
1079121746 -97.73996309 30.27506278
1079121740 -97.74054438 30.27382687
1079121741 -97.74114293 30.27320778
1077600063 -97.73490344 30.27717293
1077840332 -97.73344356 30.27489121
152393543 -97.74418699 30.28238203
443214650 -97.74606386 30.28083012
443214651 -97.74144216 30.28043961
1079728167 -97.7414192 30.27407011
443214653 -97.73728432 30.27733637
443214654 -97.73694988 30.27823911
1079728162 -97.74099843 30.27568824
1077598675 -97.73527962 30.27437471
1079730511 -97.73916413 30.27656893
1077598673 -97.73552026 30.27397858
1366269451 -97.74990822 30.28014758
1079101250 -97.74128366 30.27472851
1079101523 -97.7395134 30.27443959
1079728388 -97.73945649 30.27253489
152456610 -97.74523397 30.27181899
280911525 -97.74095861 30.27438494
280911524 -97.74125039 30.27447379
280911527 -97.74100153 30.27396978
280911526 -97.74076122 30.27420699
280911521 -97.74132767 30.27514828
280911520 -97.74102726 30.27527443
280911522 -97.74143931 30.27489632
1077599650 -97.73596819 30.27311399
1077598702 -97.7357221 30.27330158
1077598705 -97.73628344 30.27338959
1079101634 -97.73955674 30.27613852
152480233 -97.7532645 30.27530728
1077600396 -97.73555782 30.27492658
1107790421 -97.74178062 30.27609644
1077599818 -97.73622099 30.27466422
1077599815 -97.73435577 30.27969194
1077599812 -97.73550082 30.27981692
1077598816 -97.73643364 30.27282498
1079101743 -97.73969646 30.2762909
1079101741 -97.73898199 30.27528113
300766894 -97.73940419 30.27510092
300766896 -97.73912297 30.27602553
1077840234 -97.73400356 30.2721665
1073402766 -97.73534148 30.27588077
443182358 -97.75074264 30.27498533
443182357 -97.7490018 30.27451871
443182356 -97.74903793 30.27442534
443182355 -97.74938242 30.27349939
443182354 -97.7504232 30.27071501
443182353 -97.7507765 30.26978621
443182352 -97.74797829 30.27415494
443182351 -97.74831532 30.27320452
443182350 -97.74865102 30.27224102
1107789215 -97.74116296 30.27616819
1077599036 -97.73524668 30.27333519
152495627 -97.73329202 30.27056003
1077599031 -97.73461661 30.27286446
1078918971 -97.73827489 30.2758931
1078919298 -97.73744349 30.27758004
1079100907 -97.73925801 30.27423507
1078919295 -97.73698551 30.27483739
152428312 -97.74658698 30.27787298
152428310 -97.74443903 30.277257
152428314 -97.747656 30.27817197
281230487 -97.74050096 30.27423281
443182326 -97.74571182 30.26732528
1078918079 -97.73649332 30.27490571
1078918816 -97.73695424 30.27633113
1073404328 -97.73286739 30.27960946
443182327 -97.7454058 30.26826229
1078918075 -97.73814623 30.27605227
1073403412 -97.7337941 30.27689482
1073403415 -97.73379946 30.27685081
1073403419 -97.73382226 30.27682759
443182322 -97.74541594 30.27133921
1077599139 -97.73587633 30.27603089
443182323 -97.74644532 30.26856153
1077839955 -97.73456339 30.27331784
429397669 -97.75110407 30.28231347
429397668 -97.75104397 30.28229117
443182321 -97.74474053 30.2732279
1078919055 -97.7373958 30.27842477
443185129 -97.7445469 30.26542988
443185128 -97.74127914 30.27226122
1077599252 -97.73537677 30.27323964
1077599251 -97.7351321 30.27968951
443185127 -97.74384257 30.26730458
443185126 -97.74245663 30.26692446
1073404033 -97.73369762 30.27832158
1073404036 -97.73365596 30.27833902
443182328 -97.74501939 30.26919897
343336124 -97.7352595 30.27672651
443182329 -97.74466341 30.27012433
152398214 -97.74211397 30.26990498
1077600475 -97.73538624 30.27381581
152398217 -97.74341602 30.27026699
152398219 -97.74448798 30.27057503
152583410 -97.74308141 30.28091251
1077840258 -97.73354893 30.27475232
152629396 -97.73466598 30.26682304
1079728572 -97.73839031 30.27647572
152436081 -97.74954302 30.27305004
1077840076 -97.73479749 30.27449918
1077840074 -97.73448703 30.2737915
1077840075 -97.73450907 30.27386157
1079102044 -97.73897411 30.27523889
1077840073 -97.73446892 30.27448116
1077840071 -97.73304601 30.27165051
1079102048 -97.73892072 30.27327207
1077599380 -97.73571808 30.27535104
1079121634 -97.74095576 30.27362529
1079121636 -97.74092634 30.27358707
1077599389 -97.7361821 30.2747488
429397647 -97.7505719 30.27792554
1079121632 -97.7409478 30.27359352
1079729192 -97.7388255 30.27467931
152456618 -97.74415899 30.27483404
152456616 -97.74458202 30.27370701
152456613 -97.74489199 30.27277
1079729198 -97.74163579 30.27564809
1079121759 -97.74052678 30.2738599
1079121753 -97.7408411 30.27308273
1079121752 -97.74039711 30.27517946
1077599034 -97.73297493 30.27399828
1079121757 -97.74055821 30.27355756
1079121756 -97.74045167 30.27385579
1079121755 -97.7405256 30.27379343
1079121754 -97.74099742 30.27319219
1078806688 -97.73424228 30.27116411
1077600094 -97.73567013 30.2744183
152516648 -97.73646901 30.26523601
152516646 -97.73748398 30.26553499
152516644 -97.73967702 30.26613203
152516642 -97.74073398 30.26643697
152516640 -97.74183703 30.26675598
1077600304 -97.73644026 30.27619769
1077600308 -97.73471233 30.27322983
1079728626 -97.74145943 30.27555723
443214625 -97.7431607 30.27742682
443214624 -97.74280867 30.27840632
443214627 -97.74391139 30.27548087
443214626 -97.74352096 30.2764779
443214621 -97.74504454 30.28202312
443214620 -97.74541259 30.2810768
443214623 -97.74215354 30.28017784
443214622 -97.74182723 30.28108292
1077599279 -97.73581128 30.27549227
443214629 -97.74325232 30.27395453
443214628 -97.74437013 30.27427153
1078806357 -97.7353051 30.27125849
1079101245 -97.7392627 30.27475282
1078806352 -97.73536931 30.27102673
300766394 -97.73916849 30.27336176
1079101538 -97.740249 30.27436767
1077598911 -97.73578983 30.27263622
1077598859 -97.73559067 30.27417606
1077598917 -97.73536067 30.27336302
1078806459 -97.7344877 30.27131456
1077599722 -97.73705248 30.27301441
443187102 -97.73632099 30.26881299
357891156 -97.73973209 30.28188758
1077599721 -97.73578111 30.27536956
357891155 -97.73966327 30.28250298
1079731002 -97.74052359 30.27641244
152636888 -97.74523699 30.28154702
152636886 -97.746218 30.27887202
1079101332 -97.73955841 30.27432886
152636884 -97.74679703 30.277343
1079101337 -97.73857874 30.2756864
152636880 -97.74781601 30.27458904
1079101625 -97.73897696 30.27350836
1077599377 -97.73646373 30.27623876
1079101623 -97.73967157 30.27582797
152480207 -97.741442 30.27180298
1078917955 -97.73825151 30.27590232
1078917957 -97.73728306 30.2751119
1078917956 -97.73808521 30.27629551
1078917951 -97.73883623 30.27819007
1078917952 -97.7381733 30.27631781
1077599534 -97.73557123 30.27455543
1079730305 -97.74223794 30.2741888
1077598802 -97.73547936 30.27187003
1079101752 -97.73978447 30.27551876
443182340 -97.7482388 30.27011838
443182341 -97.74789883 30.27104383
1073402775 -97.7352787 30.27603894
300765009 -97.73500939 30.27388747
443182344 -97.74650793 30.2716392
443182345 -97.7450748 30.27226172
443182346 -97.74615673 30.27260999
443182347 -97.74969557 30.26947532
343336904 -97.73359368 30.27543326
443182349 -97.74898261 30.27134046
343336903 -97.73363861 30.27530251
1077598933 -97.73693723 30.27637262
152398234 -97.749913 30.27210104
300766191 -97.73949949 30.27306697
1078919446 -97.73755137 30.2753823
152496937 -97.74386797 30.26524003
1077839897 -97.73454604 30.27309488
1078919286 -97.73924921 30.27701359
152428305 -97.74227197 30.27666297
152428302 -97.74119297 30.27634404
152428308 -97.74333496 30.276941
1230204642 -97.75267391 30.27956001
1230204640 -97.75319292 30.28008162
1230204644 -97.75327532 30.2802252
1077840488 -97.73486589 30.27239591
1077840487 -97.73378286 30.2750233
1077840486 -97.73463178 30.27314232
1073404336 -97.73300963 30.2794694
1077840482 -97.73485508 30.27383961
1078919063 -97.73802888 30.27662157
1078919061 -97.73876842 30.27864202
1077839961 -97.73448158 30.27381061
1073402955 -97.73406642 30.27801363
1073403428 -97.73400473 30.27678476
1077839966 -97.73405108 30.27247169
1077839967 -97.73482423 30.2745975
152613638 -97.73642501 30.27808002
152631198 -97.73342261 30.28104436
429397670 -97.7511298 30.28235051
429397671 -97.75112117 30.28237281
152631193 -97.73385604 30.28056299
152631205 -97.73330828 30.2813503
300766236 -97.73975053 30.27246842
443185138 -97.74144342 30.26971748
443185139 -97.74282032 30.27010137
152502979 -97.74483298 30.28254598
443185133 -97.7399185 30.27187682
443185130 -97.74315341 30.26504959
443185131 -97.74417751 30.26639531
443185136 -97.74176822 30.26877837
443185137 -97.74313707 30.26916134
443185134 -97.74210878 30.26786943
443185135 -97.74352624 30.26825643
1073404797 -97.73296177 30.28127847
1073404024 -97.73396307 30.27839107
1073403041 -97.73495147 30.27835872
1073403045 -97.73490587 30.27849542
152583395 -97.74633803 30.27213901
1079729614 -97.74119967 30.2739873
152613636 -97.73748398 30.27840096
152583391 -97.74736398 30.26932101
152583390 -97.74770596 30.26838199
1078918820 -97.73733352 30.27742011
1078918824 -97.7373751 30.2751373
1078918390 -97.73734417 30.27758289
152583398 -97.74560696 30.27400499
1073400968 -97.73821471 30.27325464
504851187 -97.74482594 30.28254958
1073400962 -97.73714954 30.27296689
152502975 -97.74268696 30.28195003
1077840064 -97.73467009 30.27296924
1077840060 -97.7334403 30.27479683
1079121621 -97.7409545 30.27360098
1078918623 -97.73841646 30.27562856
152456604 -97.74663299 30.26809298
152456605 -97.74626 30.26902404
152456607 -97.74593403 30.26996298
152636882 -97.74736901 30.27574599
1079101437 -97.73788128 30.27445577
1079121726 -97.74043751 30.27382687
1079121727 -97.73975287 30.27508282
1079121724 -97.74107311 30.27318457
1079121723 -97.74060506 30.27349562
1079121720 -97.7408525 30.27391547
152516653 -97.73540007 30.26490962
1077599285 -97.73595411 30.27323729
1078806698 -97.7341484 30.27179342
1077599282 -97.73528691 30.27325472
1073403111 -97.73385847 30.27781548
1079729812 -97.74106908 30.27549596
1079729543 -97.74095652 30.27427799
1079729545 -97.73941148 30.27269121
1079728369 -97.74115098 30.27379712
152480209 -97.74274303 30.27217497
1107790620 -97.74166588 30.27639048
443214636 -97.74649813 30.27487411
1077598651 -97.73580332 30.27268827
443214634 -97.74070707 30.28078008
443214635 -97.7420558 30.2755595
443214632 -97.74210542 30.27712297
443214633 -97.74105769 30.27985053
443214630 -97.74279919 30.27516337
443214631 -97.74244036 30.27617154
1079728385 -97.74103229 30.27434747
1079728384 -97.74130453 30.27300218
443214638 -97.74567117 30.27707947
443214639 -97.74532969 30.27803392
1079101507 -97.73901116 30.27535162
1079101501 -97.73921643 30.27576041
152621002 -97.75190303 30.27073001
152621005 -97.75294096 30.27113301
1079121616 -97.74104771 30.27314576
152555272 -97.75335201 30.27753603
152555275 -97.75249119 30.27944266
300766565 -97.73910076 30.27429819
1077599634 -97.73606677 30.27342027
443187099 -97.73733084 30.26601988
152393500 -97.74584501 30.27657899
1079101619 -97.73941416 30.27463531
152705016 -97.74081101 30.27735197
152671280 -97.74874599 30.28254204
1079101344 -97.7402376 30.27530653
1079101343 -97.7392653 30.27431327
1079101341 -97.74074194 30.27461913
1079101188 -97.74120722 30.27477948
152480211 -97.74380301 30.272482
152480214 -97.74597702 30.27307703
152480216 -97.74815699 30.273677
152398695 -97.75145477 30.28087387
152620994 -97.74952399 30.26994496
152620992 -97.74412798 30.26841702
300766961 -97.73905123 30.27530703
300766963 -97.73935406 30.27539412
1077599525 -97.73576703 30.27524157
1077598831 -97.73615997 30.27585018
1077598834 -97.73558397 30.27485072
1077598836 -97.73607146 30.27539563
152495613 -97.74110597 30.27274804
152495617 -97.738653 30.27205997
152495615 -97.73974097 30.27236004
300766564 -97.73895676 30.27406366
1079101989 -97.74117696 30.27477076
152495618 -97.73756402 30.271764
300766563 -97.73880706 30.27400197
443182335 -97.74357921 30.26984681
429402063 -97.75104992 30.28123354
443182337 -97.74463609 30.26703527
443182336 -97.7439424 30.26890368
443182331 -97.74398766 30.27197573
429402067 -97.75173657 30.28221188
443182333 -97.74291453 30.27167172
443182332 -97.74364191 30.2729192
300765035 -97.7339189 30.27535481
443182339 -97.74859318 30.26917508
443182338 -97.74498067 30.26609431
1079101962 -97.74042871 30.27514493
1079101960 -97.73928081 30.27477311
443187078 -97.73773082 30.26819507
1077598909 -97.73509581 30.27733101
1077598904 -97.7354921 30.2798227
152512839 -97.743773 30.269348
443187073 -97.7384163 30.26631711
443187075 -97.73807666 30.2672573
1077340591 -97.74049652 30.27648377
1077839888 -97.73405578 30.27267436
1073402898 -97.73472231 30.27722758
1073403236 -97.73566234 30.27665501
1077839883 -97.73435694 30.27392067
1077340599 -97.74193083 30.27431503
1077839887 -97.73448359 30.27382863
1077839885 -97.73379359 30.27504409
1078919275 -97.73841613 30.27588907
1079100968 -97.74121116 30.27479574
152422002 -97.733174 30.26636304
1078806385 -97.73433682 30.27127643
1073404900 -97.73439357 30.27972882
1077840472 -97.73343418 30.27110099
1077840476 -97.73491082 30.27397339
1079101546 -97.73977349 30.27585831
1073403431 -97.73405704 30.27674654
1078918010 -97.73744768 30.27431068
1078918013 -97.73844186 30.27954073
1073403434 -97.73408512 30.27668753
1077839977 -97.73353149 30.27485357
1077839974 -97.7345628 30.27387381
1077839972 -97.73441461 30.27412569
152705008 -97.75236848 30.28010752
1078919382 -97.73793442 30.2755351
152631186 -97.736755 30.27715994
1077840215 -97.7329342 30.2714646
152631183 -97.73781297 30.27435803
1078919388 -97.73684997 30.27500654
152631181 -97.738264 30.27314341
431000918 -97.75071146 30.27864881
152631213 -97.73337902 30.282089
1078918857 -97.73677017 30.27418067
1078918707 -97.73631361 30.27808614
1073403055 -97.73496488 30.278522
152554983 -97.73745104 30.27527904
152554980 -97.73851696 30.27559696
1077340573 -97.74150302 30.2745918
1077340571 -97.74219301 30.2745307
1077599154 -97.73596023 30.27325238
1079729972 -97.7411778 30.27289036
152384969 -97.73317601 30.26840202
1079729600 -97.74144334 30.27405561
1077840059 -97.73503881 30.27465467
152601025 -97.73916899 30.27786603
1073400976 -97.73893061 30.27345488
1077840051 -97.73373601 30.27287829
443182342 -97.74757621 30.2719417
443182343 -97.74722291 30.27289967
1077840291 -97.73393307 30.27499263
1079121656 -97.7409364 30.27365664
1078918636 -97.73733822 30.27532564
1079121653 -97.74076868 30.27304853
443182348 -97.74933347 30.2704286
332229358 -97.7509438 30.26731221
332229359 -97.75095244 30.26726032
332229357 -97.75007686 30.26709721
332229355 -97.75001383 30.2669543
1079729395 -97.7422185 30.27422987
1079101426 -97.73957308 30.2743214
1079121738 -97.74076063 30.2735361
1079121735 -97.740752 30.27393399
1079121737 -97.74071637 30.27308683
1079121736 -97.74012503 30.27528566
1079121731 -97.7408043 30.27387264
1079121733 -97.7410685 30.27319387
1079121732 -97.74105173 30.27366007
1077599291 -97.73550493 30.2744297
1077600326 -97.73306764 30.28075678
1077600321 -97.73549747 30.27771893
443214609 -97.74713633 30.27637966
443214608 -97.74899853 30.27616249
1079728609 -97.74147418 30.27413667
443214607 -97.74749851 30.27858897
1366269467 -97.75052681 30.28106917
1078806379 -97.73391371 30.27084266
1107793858 -97.74091494 30.27588614
1366269460 -97.75008709 30.28035612
1079101510 -97.74122432 30.27465274
1078806377 -97.73367247 30.27077058
1077599744 -97.73590047 30.27555489
1077599747 -97.73571741 30.27474469
1077599329 -97.73314517 30.28050717
1078806572 -97.73497578 30.27213004
1107789889 -97.74117637 30.27619711
280911519 -97.74062392 30.27514828
280911515 -97.73974843 30.27640104
1079731064 -97.741442 30.27441226
429397628 -97.75115562 30.27504954
1077598739 -97.73585764 30.27607901
1073401429 -97.73400867 30.27610139
1077599604 -97.73689087 30.27299807
1077598733 -97.7363437 30.27336528
1077598737 -97.73638192 30.27618202
1073401425 -97.73409316 30.27618831
152451550 -97.75016898 30.26811201
152435888 -97.73946202 30.27696103
1079101602 -97.7399936 30.27523059
1073403169 -97.73417229 30.27848151
443214647 -97.74188414 30.27604866
443214646 -97.74000727 30.27955506
1077599515 -97.73534927 30.27321592
1077599517 -97.73586954 30.27499992
1077599512 -97.73368379 30.27260747
1079101997 -97.73973812 30.27477252
152495624 -97.73436004 30.27086203
1079101776 -97.73972798 30.27630892
152495620 -97.73544801 30.27116998
429402057 -97.75141898 30.2809815
429402056 -97.751007 30.28095233
443182324 -97.74680432 30.26761974
429402054 -97.75077533 30.27554826
429402053 -97.75072378 30.275489
429402052 -97.7506465 30.27546679
429402050 -97.75093844 30.27569662
429402059 -97.75159072 30.28100371
429402058 -97.75146189 30.28094437
1079101978 -97.73982789 30.27540611
300767111 -97.7392539 30.2756496
1079101796 -97.73947309 30.27469188
1079121507 -97.74093573 30.27421596
1077599998 -97.73656029 30.27311399
152512844 -97.74700297 30.27025702
1073404867 -97.73336503 30.28023844
152512846 -97.74915402 30.27088399
152512841 -97.74484597 30.26965503
1077598918 -97.73511332 30.2724602
152512848 -97.75023897 30.271189
1078919464 -97.73674268 30.27501978
1073403200 -97.73453707 30.27866331
1079100950 -97.73944098 30.27406492
1079100952 -97.73979168 30.2752984
1079100957 -97.73906824 30.27351942
1078919266 -97.7364644 30.27508407
1077340749 -97.74058243 30.27625771
1077840282 -97.73378018 30.27481996
1073403330 -97.73405972 30.27648016
336631260 -97.75064792 30.2680685
1073403119 -97.73397917 30.27745297
1077840463 -97.73341607 30.27488257
1077840467 -97.73333971 30.27107367
1078918029 -97.73729857 30.27755389
1073403113 -97.73393357 30.27763603
1073403116 -97.7338987 30.27758624
1077600244 -97.73530912 30.27345622
1078919000 -97.7365395 30.27491828
1073404001 -97.73415351 30.2786401
1073404005 -97.73410121 30.27861227
1078918732 -97.7382407 30.2758884
1077340367 -97.73996477 30.27682022
1078919132 -97.73662584 30.27719154
1078918005 -97.73727451 30.27615084
1107794187 -97.74099608 30.27568757
1077340560 -97.74185841 30.27557626
1077340564 -97.74184232 30.2755838
1077840267 -97.73389761 30.2750192
1077840264 -97.73342278 30.27116872
1077840263 -97.73386266 30.27501693
152384977 -97.73282733 30.27031527
1078806586 -97.73425829 30.27092028
152620569 -97.74110999 30.26860302
1078806583 -97.73494569 30.27197481
1079729014 -97.7414492 30.27466758
1077840046 -97.73396618 30.27490822
1078806588 -97.7345058 30.27177498
1077599356 -97.73562956 30.27400809
1077840281 -97.73357768 30.27501626
1078918351 -97.73728717 30.2775388
1078918605 -97.73830507 30.27590584
1079121646 -97.7409136 30.27359117
1079121640 -97.74083263 30.27360081
1079121642 -97.74004121 30.27521902
1079121649 -97.74092089 30.27292288
332229362 -97.75071196 30.26713434
332229361 -97.75072923 30.26718623
332229366 -97.75080651 30.26643009
152381186 -97.73301919 30.27041292
