353083951 -87.61891576 41.87693131
740367294 -87.62150811 41.8844648
740243676 -87.62769052 41.87880039
1034159115 -87.62232451 41.88683327
27440240 -87.62611472 41.87950229
654574342 -87.61707954 41.88096779
26098113 -87.61721901 41.88091791
465613984 -87.61764263 41.88573751
258923781 -87.61996056 41.882803
709412761 -87.62686842 41.87562198
269451299 -87.6197604 41.87778627
269451298 -87.61976979 41.87756767
269451297 -87.6182214 41.8778125
269451296 -87.61756828 41.8782414
269451295 -87.61798914 41.87781426
269451294 -87.61800716 41.87759424
269451293 -87.61821964 41.87760446
269451292 -87.61758471 41.8769982
258022763 -87.61577623 41.88458458
258022762 -87.6174019 41.88453261
267565259 -87.61725933 41.88430579
428674438 -87.6296114 41.87172129
740367293 -87.62147987 41.88442582
267565858 -87.61871644 41.87970111
465612428 -87.61631729 41.88590632
267565855 -87.61963467 41.88005257
267565854 -87.61977214 41.8799887
267565853 -87.61983224 41.87986087
258930059 -87.61752897 41.88694383
267565850 -87.61921424 41.87895336
269451349 -87.61875022 41.87435874
269451348 -87.61965647 41.87376899
353088708 -87.62020079 41.88180799
269451344 -87.61989259 41.87397041
267565241 -87.61628736 41.8835417
267565246 -87.6151973 41.88414872
269451340 -87.61910092 41.87435463
267565244 -87.61504282 41.88411041
267565245 -87.61491608 41.88428023
369883857 -87.6243847 41.88322067
992923392 -87.6183784 41.87335886
258287219 -87.62427339 41.8731504
261359175 -87.63018364 41.8851118
387672799 -87.62118516 41.87623779
272350581 -87.62432033 41.88435692
387672797 -87.62219401 41.87822581
271196610 -87.62075567 41.88580406
271196611 -87.62230431 41.8857888
387672792 -87.62214522 41.87599673
353085970 -87.61856607 41.87814434
387672790 -87.62184582 41.87712343
387672791 -87.62181967 41.87611542
258956949 -87.6233083 41.87856
258956948 -87.62332464 41.87912528
736686052 -87.63242462 41.88383079
258956947 -87.62397164 41.8791231
1307894931 -87.62217749 41.88155276
258923783 -87.61978429 41.88285003
257166934 -87.61300786 41.88462322
272199568 -87.61904249 41.86956169
1107253703 -87.61973668 41.88678717
257166938 -87.61313786 41.88335118
739118858 -87.6142524 41.88353189
369883897 -87.62453893 41.88423706
929489865 -87.62059122 41.88692019
371306557 -87.61299453 41.8872061
371306554 -87.61290057 41.88668894
258923787 -87.61981363 41.88263587
465596462 -87.61742797 41.88646589
1107253707 -87.61526586 41.88505514
740260077 -87.6308795 41.88257284
1242221525 -87.62315382 41.87453057
740260072 -87.62940747 41.88257611
353089300 -87.61783441 41.88184202
697438126 -87.62342179 41.87709577
1107253887 -87.61508724 41.88496268
697438124 -87.62341986 41.87702209
465612395 -87.61672859 41.88638526
272201912 -87.62147148 41.8752691
353089097 -87.6181867 41.88183632
1035582532 -87.62078828 41.88693126
1307894964 -87.62212376 41.88131522
258925499 -87.61345 41.88429406
1307894962 -87.62229492 41.8813153
258925497 -87.62033373 41.88419188
1107253728 -87.6190093 41.88683822
258923789 -87.61974389 41.88252732
353088668 -87.62020783 41.88229003
1307894968 -87.62354148 41.88256638
267564920 -87.61946997 41.88247301
739118556 -87.61425383 41.88429171
258923788 -87.61981472 41.8825839
262184682 -87.62683439 41.87438623
262184683 -87.62673851 41.87311553
353084478 -87.62035778 41.87466887
258957340 -87.63245002 41.88573457
258288004 -87.61704894 41.87324034
258927252 -87.62231999 41.87816488
258923768 -87.62089263 41.88277333
740271863 -87.63244331 41.88509897
740271860 -87.63391358 41.88509244
740271861 -87.62948349 41.88511507
267564289 -87.62328759 41.88218702
267564288 -87.62328608 41.88207101
258923763 -87.62102532 41.8824342
267563834 -87.62377651 41.88329066
258923765 -87.62104501 41.88257108
267563832 -87.62392311 41.88349267
267563831 -87.62395094 41.8839903
258923766 -87.62102004 41.88266177
739119018 -87.61406071 41.88718707
28292368 -87.63098679 41.88694182
1242221740 -87.6231228 41.87600813
739118811 -87.61421619 41.88436891
1105878947 -87.62403752 41.87708646
353085849 -87.61969159 41.87768728
353089237 -87.61862901 41.88182911
257951215 -87.62087637 41.88141152
27440221 -87.62767979 41.8782062
27440220 -87.62607583 41.87824618
27440223 -87.62930119 41.87816932
27440222 -87.62875134 41.8781803
27440225 -87.63369331 41.8768392
740251035 -87.62440079 41.8820804
27440227 -87.63072502 41.87686719
27440226 -87.63267273 41.87684523
27440229 -87.62605429 41.87696576
353088713 -87.61945497 41.88180564
740251034 -87.62436726 41.88205551
1242221591 -87.62312113 41.87598843
353085652 -87.6193118 41.87808441
740367258 -87.61632022 41.88598444
258024762 -87.61645483 41.88131362
258024761 -87.616829 41.88131463
258024760 -87.61681928 41.88085698
992923416 -87.61794614 41.87764143
258292945 -87.62758734 41.87454951
992923414 -87.61809383 41.87757379
269450961 -87.62107804 41.86934804
271150272 -87.61404051 41.88436992
379982943 -87.62364483 41.86937788
379982940 -87.62368766 41.87012571
271150271 -87.6139494 41.88452456
28358932 -87.62806209 41.8868031
28358933 -87.62952918 41.88680712
740368763 -87.63466301 41.87470516
1250409592 -87.62347727 41.8833858
271187317 -87.6206519 41.88439213
267565856 -87.619403 41.88003983
740368769 -87.63511957 41.87502091
28358938 -87.63098318 41.88680486
28358939 -87.6324703 41.88680813
353085559 -87.61934483 41.8772261
261219666 -87.62968516 41.87553967
739118634 -87.6144482 41.88363273
272200055 -87.61740509 41.87066768
272200054 -87.61767784 41.87066743
272208893 -87.62419233 41.87186613
272200056 -87.61793533 41.87066743
272200051 -87.61743216 41.87195858
272208894 -87.62431044 41.87443208
272200052 -87.61797816 41.8719585
262173260 -87.62532079 41.88321573
740363278 -87.6264018 41.88723041
267565819 -87.62026994 41.87883836
267565818 -87.62054872 41.87948
267565851 -87.61943728 41.87925377
27446720 -87.62780988 41.88203053
267565813 -87.62057823 41.88040201
1242221640 -87.62315214 41.87326457
267565811 -87.62009819 41.88050628
267565810 -87.62011538 41.88072999
267565817 -87.62009819 41.87901732
267565816 -87.62011479 41.8794774
465612463 -87.61631351 41.88577833
267565814 -87.62014111 41.88020587
353087797 -87.6170849 41.8807911
353087796 -87.61673571 41.88079763
353087795 -87.61670143 41.87881012
267564627 -87.62257957 41.8809382
267563932 -87.62347409 41.88317047
267564629 -87.62186476 41.88112293
267564628 -87.62218512 41.88111941
261165855 -87.62532909 41.88630823
1250393620 -87.61985369 41.88285992
740260334 -87.62441152 41.88271348
387672767 -87.61993986 41.87392783
739118958 -87.61396407 41.88491474
267564866 -87.61965546 41.88148939
28358881 -87.63395759 41.88694676
353084302 -87.61695892 41.87549331
353087793 -87.61669246 41.87837887
258878532 -87.62870079 41.87570546
258957360 -87.62442233 41.88576969
465596456 -87.61754498 41.8864327
736666815 -87.62626493 41.88512948
27447111 -87.61722287 41.86977258
353084480 -87.62038418 41.87594451
623820258 -87.62054797 41.88445357
369883768 -87.62427213 41.88233378
740271858 -87.62790912 41.88512278
740260332 -87.62432443 41.88271348
388608092 -87.62527787 41.88576668
379977090 -87.62401212 41.86937788
353085404 -87.62013013 41.87654139
353085407 -87.62041034 41.87653502
271168673 -87.63477826 41.88626892
267563813 -87.62235938 41.88219682
353761846 -87.62346847 41.88237301
353761844 -87.62303739 41.88238198
269451346 -87.61990114 41.87376622
353761842 -87.62303228 41.88232792
272208410 -87.62418094 41.87566992
269451341 -87.61909178 41.87347889
1105879330 -87.62170936 41.86943152
654574338 -87.6176454 41.88092194
270408917 -87.61760659 41.88364362
269451343 -87.61966401 41.87396739
353087706 -87.6170248 41.8783766
466204292 -87.6237315 41.88206313
269451342 -87.619288 41.87435086
267565356 -87.61726209 41.88317122
261154311 -87.62976873 41.87816077
261136872 -87.62750713 41.87051077
623820257 -87.62073924 41.88445164
267563575 -87.62123838 41.88421007
739118563 -87.61358319 41.88697451
353084538 -87.61782578 41.87467532
739118560 -87.61426179 41.88407311
27477591 -87.63386254 41.88321296
27477590 -87.63382742 41.88193372
27477592 -87.63389841 41.88446564
271195177 -87.62391766 41.88440613
27477597 -87.62949028 41.88574782
353084696 -87.62089766 41.87438849
1386043148 -87.61744834 41.88448659
1386043149 -87.62049281 41.88487283
267563930 -87.62340603 41.8835821
369883411 -87.62083622 41.88269152
369883410 -87.62062902 41.8826906
267565829 -87.6181064 41.87870962
272201899 -87.62112816 41.87438707
1386043146 -87.61744532 41.88435684
466204154 -87.62357501 41.88147036
740237197 -87.6243588 41.87707992
353084385 -87.61930208 41.87468806
387672798 -87.62182629 41.8762305
387673124 -87.61761187 41.87885873
258929834 -87.61752629 41.88653354
739118800 -87.61370121 41.8845114
353084388 -87.6182463 41.87527597
740237198 -87.62400383 41.87695101
267564290 -87.62345808 41.88218559
387672802 -87.62135757 41.87600763
387672803 -87.62086631 41.87695864
387672800 -87.62137392 41.8762357
387672801 -87.62136738 41.87612154
387672806 -87.62200851 41.87695143
387672807 -87.62200851 41.87704103
387672804 -87.62118189 41.87695621
387672805 -87.62184121 41.87695227
465596511 -87.61822769 41.88556803
1036447621 -87.61573089 41.88443798
1036447620 -87.6222111 41.88439808
353089123 -87.61862147 41.8816468
267563825 -87.62363846 41.8834956
353094861 -87.61924081 41.8815054
739118663 -87.6140727 41.88519034
874444152 -87.63353363 41.87070339
874444153 -87.63273936 41.87072342
267563827 -87.62368598 41.88405291
1250615249 -87.62218663 41.88194973
261209426 -87.62629309 41.88628493
1307894958 -87.62190248 41.8810226
992923459 -87.6183784 41.87343103
271183110 -87.62443072 41.88681232
1307894952 -87.62206601 41.88112067
740368759 -87.6341896 41.87471623
992923517 -87.61970617 41.87773363
992923516 -87.61969754 41.87764453
992923515 -87.61972453 41.87760128
387672773 -87.61977381 41.87373194
353085317 -87.62012669 41.87688421
992923511 -87.62004463 41.87762902
992923510 -87.62005251 41.877712
387672778 -87.6179562 41.87375566
387672779 -87.61817681 41.87385222
353084386 -87.61855534 41.87468169
258923759 -87.62114233 41.88225097
740367277 -87.61626574 41.88648056
740367276 -87.61623749 41.88561991
740367275 -87.61632868 41.88553508
740367274 -87.61911022 41.88591847
740367273 -87.61902749 41.88592048
270408916 -87.6202634 41.87433024
740363359 -87.62798699 41.8859235
1242221566 -87.62350904 41.87485369
740367278 -87.61633413 41.88653647
258022046 -87.63356573 41.87214826
1107253948 -87.61519989 41.88474299
27440219 -87.62439543 41.87826906
258877329 -87.6259895 41.87440224
272200049 -87.61773793 41.87308259
353083131 -87.6207783 41.87309668
27440213 -87.63372817 41.87811542
27440214 -87.63269552 41.87812531
27440215 -87.63224223 41.87813328
466204243 -87.62356696 41.88111849
27440217 -87.63075629 41.87814526
267564872 -87.61819852 41.88150322
267564873 -87.61817564 41.88104314
267564870 -87.61965982 41.88102529
267564871 -87.61862499 41.88150783
267564876 -87.61866036 41.88313266
28290286 -87.63093063 41.88446782
267564874 -87.61864142 41.88231367
1034227136 -87.62060304 41.88693268
267564878 -87.61854134 41.88383699
267564879 -87.61791806 41.88428291
619040360 -87.63394133 41.88627001
740368758 -87.63409572 41.87476518
27446710 -87.62614817 41.8807942
740237223 -87.62060153 41.87594652
739118743 -87.61366768 41.88452607
740368753 -87.63396429 41.87514463
258927254 -87.62040229 41.87819773
740368755 -87.6339549 41.87497389
739118745 -87.6138903 41.88447938
766950415 -87.62059801 41.88087709
766950414 -87.61716964 41.87849781
353085124 -87.62086028 41.87594853
269451282 -87.6191616 41.87808843
619019057 -87.620784 41.88683922
269451284 -87.61911248 41.87702368
269451285 -87.61891576 41.87700801
353084967 -87.62086296 41.87612623
269451287 -87.61882389 41.87722812
269451288 -87.61881819 41.87808843
269451289 -87.61758538 41.87722518
353090040 -87.61885784 41.8835215
619019058 -87.62060027 41.88683981
1105879571 -87.62295399 41.87821467
267565840 -87.61889866 41.8807465
267565841 -87.61923343 41.8804269
267565842 -87.61925062 41.8807465
267565843 -87.61984934 41.88040402
267565844 -87.61975487 41.87972031
267565845 -87.61937727 41.87961159
465612342 -87.61903202 41.88615509
465612435 -87.61740668 41.88575268
267565848 -87.61888282 41.87908177
465612438 -87.61766828 41.88577581
262184215 -87.63373848 41.87872982
1242221577 -87.62080722 41.87438682
262184217 -87.63225397 41.87875102
262184216 -87.63076299 41.8787724
269451356 -87.61868953 41.87349088
1034227186 -87.6207809 41.88674761
269451355 -87.61813096 41.87379103
269451352 -87.61790951 41.87399781
269451353 -87.61789241 41.87377963
269451350 -87.61756753 41.87435228
269451351 -87.61813314 41.87397577
261117496 -87.63446302 41.88382652
262072521 -87.62784609 41.88257971
1107253642 -87.61509797 41.88475498
271187550 -87.62055417 41.8845109
369883454 -87.62073572 41.88408367
739118869 -87.61338069 41.88465716
704695441 -87.63046334 41.86960821
271197336 -87.61632466 41.88706361
740260104 -87.63384426 41.88256596
353085359 -87.61980852 41.87622187
1386043181 -87.62078249 41.88685054
1386043182 -87.62059021 41.88685238
258956952 -87.62234278 41.87846973
258956953 -87.62187734 41.87848071
258956950 -87.62311719 41.87856377
258956951 -87.62238469 41.87950154
258956956 -87.62239584 41.88071231
271197334 -87.61655541 41.88705858
258956954 -87.62109204 41.8786009
258956955 -87.62106563 41.88072572
257166945 -87.61614194 41.88247577
619011842 -87.62454697 41.88435491
257166940 -87.6137204 41.88294566
353761839 -87.62277278 41.8823306
739118843 -87.61440261 41.88463722
387672780 -87.61809224 41.87376874
353761836 -87.62278811 41.8830439
619011849 -87.62382278 41.88435592
654574343 -87.6170875 41.88085497
257166948 -87.61694869 41.88156198
353087145 -87.61704198 41.87849797
388608195 -87.62869811 41.8755457
466204017 -87.62288241 41.88191796
261121567 -87.63169238 41.87450249
387672796 -87.62214187 41.87610813
271169073 -87.63479838 41.88692589
387672809 -87.6221614 41.8770386
697438130 -87.62342036 41.87695202
1242221516 -87.62081183 41.87457072
1107253738 -87.62059583 41.88668659
353083943 -87.61887293 41.87468169
353083282 -87.6184374 41.87349088
740367281 -87.6191062 41.88557498
353086024 -87.61810079 41.8778446
353084819 -87.62146511 41.87550614
271188445 -87.6238993 41.88447268
267564291 -87.62345137 41.88206942
353084540 -87.6178521 41.87551511
353084817 -87.62082717 41.87539114
740368801 -87.63388508 41.87600738
740368803 -87.63394283 41.8758995
740368802 -87.63390386 41.87595147
740249852 -87.6241661 41.88151831
267563582 -87.62190927 41.88177798
740368808 -87.63459989 41.8756659
258927235 -87.62219979 41.87141602
465614711 -87.61631217 41.88559686
465614710 -87.61633799 41.88646589
465614712 -87.61903302 41.88555864
258923778 -87.62008939 41.88258298
267563823 -87.62377726 41.88341153
387672794 -87.62086296 41.87606529
267564297 -87.62409888 41.88181394
267563826 -87.62363913 41.88399223
261175839 -87.62672283 41.87182053
267563828 -87.62379746 41.88407839
258923773 -87.62035284 41.88276411
258923770 -87.6206866 41.88282438
258923777 -87.6201536 41.88259748
27446490 -87.62421572 41.88083829
258929544 -87.61909413 41.88648559
992923458 -87.61938154 41.87335207
353089208 -87.61783441 41.88165393
740237222 -87.62058158 41.8753095
1308257346 -87.61946637 41.88233487
740237220 -87.62070739 41.87548309
740237224 -87.62085089 41.87565693
740237225 -87.62059097 41.87560999
27440256 -87.63310858 41.87684221
740260090 -87.63236704 41.88256772
353082043 -87.6207011 41.86965808
1107253827 -87.61624528 41.88585728
27446494 -87.62448394 41.88209641
258923785 -87.61973869 41.88274919
261121565 -87.63067582 41.87451347
261121564 -87.62966463 41.87452453
740243555 -87.62772003 41.88008743
1242221524 -87.62088609 41.87329189
353084965 -87.62084821 41.87560697
466204035 -87.62299397 41.88129812
466204043 -87.62287462 41.8813013
258929542 -87.61740433 41.88552109
992923421 -87.6179246 41.87773262
272199473 -87.62035007 41.86972782
258024674 -87.61716687 41.87836303
466204235 -87.62358171 41.88184403
619040327 -87.63097899 41.88627588
272199571 -87.61742889 41.86975339
272199570 -87.61832157 41.86974073
619040322 -87.63019973 41.8857448
709412743 -87.62601858 41.87572583
271149713 -87.61342897 41.88452741
271149712 -87.61352293 41.8843726
33718417 -87.6206752 41.87832011
1242221528 -87.62311358 41.87589984
258923784 -87.61974297 41.88280074
739118783 -87.61712782 41.88242163
739118620 -87.61659397 41.88264232
28290013 -87.62932801 41.8794344
740363264 -87.62642678 41.88707777
387672770 -87.6196221 41.8739285
272200044 -87.6189052 41.87306482
740363267 -87.6280714 41.88692891
740363260 -87.62738081 41.88681106
272200043 -87.61888801 41.87290439
272200040 -87.62003843 41.87304764
272200041 -87.61983224 41.87269979
353093736 -87.61631393 41.87284078
387672793 -87.62094108 41.87601123
709412746 -87.62601682 41.87563589
740367947 -87.62095424 41.88176692
33718418 -87.62077176 41.88087232
1308257333 -87.61864251 41.88234493
874440310 -87.63291639 41.87070943
874440312 -87.63293516 41.87214743
387672775 -87.617836 41.87383671
874447445 -87.63150286 41.87076131
267564636 -87.62136847 41.88186096
874447446 -87.63056677 41.87076919
267564630 -87.62132229 41.88113626
267564631 -87.62102733 41.8809765
267564632 -87.62124869 41.88187563
1307894966 -87.62347543 41.8825663
1250393618 -87.62131533 41.88198082
267564882 -87.61883797 41.88257158
267564881 -87.61937727 41.88397622
28290271 -87.62946078 41.8844767
267564638 -87.62214313 41.88094457
28290277 -87.62942591 41.88321573
267565234 -87.61761774 41.88197613
619040359 -87.63246133 41.88627202
267564157 -87.62293161 41.88329779
258925500 -87.61326979 41.88462003
369883714 -87.6239506 41.88233622
258292946 -87.62758273 41.87437617
465596440 -87.61861686 41.88590598
992923429 -87.61794622 41.8777768
258934285 -87.62069272 41.88140046
269451283 -87.61912053 41.87722837
465596444 -87.61847102 41.88604018
740363265 -87.62634816 41.88712547
465596449 -87.61805041 41.88631502
269446296 -87.62454831 41.88448366
269446295 -87.62459928 41.88576969
272200045 -87.61887947 41.87280214
271181899 -87.62443273 41.88620203
1250409591 -87.62328273 41.88195442
272200042 -87.61984079 41.8728852
353083696 -87.6198143 41.87399706
267563972 -87.62341299 41.88399256
272208405 -87.62411254 41.87315242
272208402 -87.62415487 41.87452604
739118554 -87.61429666 41.88432566
369883510 -87.62073187 41.88186968
267565258 -87.61724969 41.88402718
1105879610 -87.62200307 41.86944099
261141526 -87.62842008 41.87880366
466204322 -87.62371817 41.88092521
465612373 -87.61703763 41.88606583
353083699 -87.61960148 41.87387443
353084785 -87.62084276 41.87551008
353084787 -87.62210013 41.87538468
267564642 -87.62236022 41.88191134
1386043172 -87.62070362 41.88677519
353085831 -87.62005763 41.87767521
736686096 -87.63387964 41.88382769
740367289 -87.62155229 41.88429096
1107253777 -87.61427956 41.88587003
740368733 -87.63394283 41.87525753
271172137 -87.62630248 41.88680209
736719622 -87.62690857 41.87694984
33718681 -87.63060977 41.87225237
369883400 -87.62041428 41.88269203
267564063 -87.62392076 41.88250251
267564062 -87.62411254 41.88250008
271170357 -87.63022387 41.88691793
267564064 -87.62392529 41.88282153
28289897 -87.63231331 41.88067358
267565251 -87.61662213 41.88391872
353084585 -87.61930208 41.87454222
258958980 -87.62434447 41.88447972
261116518 -87.62864271 41.87226611
267565250 -87.61651912 41.88404646
739120275 -87.61750592 41.8809206
697438010 -87.6241956 41.88111187
353084589 -87.61937073 41.87445798
267565830 -87.6180852 41.87849387
353084392 -87.61797171 41.8761005
353084393 -87.618109 41.87620267
353084390 -87.61809182 41.87539114
353084391 -87.61792879 41.87551251
353084396 -87.61856389 41.87647752
267565833 -87.61807472 41.880257
353084394 -87.618109 41.87632413
740363322 -87.62648018 41.88717509
353084398 -87.61937073 41.87691212
267564163 -87.62287797 41.88093728
353085933 -87.61859817 41.87722812
466204149 -87.6233518 41.8814728
388608185 -87.63306483 41.87565349
258930184 -87.61733594 41.88693989
766950407 -87.62591423 41.87053651
267564018 -87.62376519 41.88316854
267564019 -87.62392478 41.88298003
766950402 -87.61705179 41.87337881
766950403 -87.62045987 41.87832296
267564014 -87.62374223 41.88217989
267564015 -87.62356973 41.88239271
267564016 -87.62358708 41.88298397
272201367 -87.62315382 41.87540329
388608189 -87.63364947 41.87551972
388608188 -87.63365223 41.87566347
267564012 -87.62391766 41.88236279
267564013 -87.623746 41.88229556
1250615255 -87.62126638 41.88113676
739118614 -87.61712782 41.88192944
740367297 -87.61739218 41.88444678
740367296 -87.62164893 41.88450696
740367291 -87.62147459 41.88435491
27477580 -87.63375634 41.87937849
1250615253 -87.62238151 41.88209037
740367292 -87.62146922 41.88439188
740367946 -87.62087159 41.88098488
267565825 -87.61919907 41.87846503
992923463 -87.61938154 41.873455
992923509 -87.62002728 41.87775492
262176764 -87.63175943 41.8768552
271183109 -87.62461663 41.88681123
1107253704 -87.61988278 41.88581177
1307894944 -87.62191589 41.88158578
1307894946 -87.62161197 41.88156726
369883366 -87.6213585 41.88269404
379982936 -87.62401212 41.87025353
1307894943 -87.62353997 41.8827906
387672788 -87.62118189 41.87713072
740367268 -87.61883789 41.88550382
353083231 -87.61931708 41.87347889
353084514 -87.62008327 41.8746739
353084517 -87.62010029 41.87548049
740367260 -87.61624948 41.88598444
740367264 -87.61890914 41.88651384
740367267 -87.61670562 41.88653546
1034227190 -87.62059759 41.88674711
257948514 -87.61730912 41.87323531
739118909 -87.61365561 41.88717517
261165394 -87.62665184 41.8705246
267563812 -87.6240951 41.882055
267563814 -87.62409686 41.88217294
353084406 -87.62032342 41.87599824
387672812 -87.62117418 41.87678538
1242221727 -87.6239382 41.87306818
271187564 -87.6207312 41.88450688
267565828 -87.6183048 41.8788107
740251032 -87.62432971 41.88198258
272199594 -87.61996953 41.86972782
353083723 -87.61629801 41.87326289
353083720 -87.61682162 41.87339071
353083721 -87.61682162 41.87325006
353088868 -87.61986819 41.88159961
258923761 -87.62114526 41.88230663
269450869 -87.6174216 41.86964836
1386043176 -87.62400156 41.88681651
353088944 -87.61945589 41.88160288
1250393614 -87.61979854 41.88254819
353086551 -87.62088986 41.87815834
258877330 -87.62596662 41.87312224
466204253 -87.62372312 41.88111648
353088866 -87.61986987 41.8818069
27440218 -87.62419024 41.87827108
466204214 -87.62386938 41.88184202
353089743 -87.61785151 41.88314281
267563833 -87.62385731 41.8834272
1107253914 -87.615275 41.88480686
704695457 -87.63055722 41.87026736
272199115 -87.61705129 41.86943387
267565233 -87.61763601 41.88103467
740368748 -87.63502511 41.87476216
1308257388 -87.61893688 41.8821866
271188336 -87.62350904 41.88447368
739118759 -87.61652231 41.8829812
740368742 -87.6341896 41.87462537
740368744 -87.63442429 41.87459343
740363394 -87.62642418 41.88717492
27446491 -87.62445184 41.88083426
740363396 -87.62716984 41.88691542
1107253918 -87.6150336 41.88489881
740363259 -87.62787559 41.88680461
27446495 -87.62420499 41.88322168
27446496 -87.62451747 41.88321967
353084387 -87.6185296 41.8751163
353083155 -87.62030632 41.87334587
353083154 -87.62078693 41.87332676
272200035 -87.62037748 41.87192648
272200034 -87.62001236 41.8719393
272200033 -87.61972059 41.87064178
272200032 -87.6203613 41.87062888
272200031 -87.61998671 41.8706355
267565236 -87.61723007 41.88260527
1107253852 -87.61909496 41.88678038
1105879763 -87.62197901 41.86944602
353084977 -87.62037614 41.875612
27446708 -87.62771064 41.87946441
27446709 -87.62774006 41.88075053
267564884 -87.61927224 41.88256336
267564296 -87.62408044 41.88113601
353090051 -87.6190445 41.8826067
1034118802 -87.62230331 41.88578922
267565835 -87.61766023 41.88041567
267565834 -87.6179422 41.88041676
267565837 -87.61812853 41.88077358
267565836 -87.61811998 41.88056839
267563929 -87.62341349 41.88424754
267564161 -87.62289431 41.88219121
267564162 -87.62288761 41.88207948
267565832 -87.61805217 41.8790283
1107253944 -87.61989594 41.88668701
271170356 -87.63021993 41.88683
267564880 -87.61869062 41.88398896
267565839 -87.61887293 41.88043327
267565838 -87.61835627 41.88045674
1105879263 -87.62405638 41.87817879
267565260 -87.6176091 41.88401452
28292362 -87.62952649 41.88693687
267565263 -87.6176091 41.88430211
353086929 -87.6203406 41.87844592
353085959 -87.61988311 41.87754328
465596533 -87.61815342 41.88571429
465612394 -87.61670562 41.88646464
387672817 -87.62167567 41.87695327
992923394 -87.61750173 41.8745454
371307343 -87.6167026 41.88131471
1386043190 -87.62232627 41.88690846
28290281 -87.63089836 41.88322168
1386043195 -87.62070689 41.88692908
1386043194 -87.62231311 41.88692003
258927255 -87.6205654 41.88100324
992923396 -87.62035267 41.87453727
313379331 -87.62294519 41.88407462
466204187 -87.6227799 41.88268993
931243975 -87.62073882 41.88580766
353085349 -87.62013331 41.87622187
258956966 -87.62400106 41.8800099
258956965 -87.62333989 41.88002113
931243978 -87.62057504 41.88581177
353085342 -87.62040531 41.8762155
258956962 -87.62313429 41.87966046
258956961 -87.62262869 41.87966633
267564877 -87.61867092 41.8837344
257166950 -87.6170714 41.88104473
353085460 -87.62041788 41.87721253
353084389 -87.61809182 41.87528242
929489826 -87.62078576 41.88691877
267564875 -87.61864628 41.88245021
272208970 -87.62417423 41.86928299
272201906 -87.62147148 41.87539047
271171985 -87.62740093 41.88683503
272208971 -87.62417607 41.8705645
267564886 -87.61883144 41.88221568
739118819 -87.61450453 41.88451794
28289299 -87.62939096 41.8819856
271182697 -87.62531928 41.88680721
353083975 -87.61904459 41.87692486
28289985 -87.6307764 41.87941336
1242221663 -87.62394892 41.87451422
258024673 -87.61741766 41.87836403
353086931 -87.61759402 41.87849697
353088132 -87.62408027 41.88092621
271188194 -87.62054512 41.88434519
27446500 -87.62443658 41.88681148
369883432 -87.62053699 41.88409289
740368798 -87.63391333 41.87620008
619007756 -87.61321439 41.88437763
1105879404 -87.6229379 41.87799112
619007758 -87.61314197 41.88450637
619007759 -87.61321171 41.88453026
740368797 -87.63396161 41.87625799
740368790 -87.63423654 41.87571778
1386043166 -87.62232242 41.88674493
1386043167 -87.6223116 41.88675138
353084416 -87.61931918 41.8750971
1386043162 -87.62058082 41.88620932
353084410 -87.61988571 41.87548049
1386043160 -87.61577548 41.8858603
353084412 -87.61979988 41.8752696
353088619 -87.62416811 41.88424729
736686175 -87.63377503 41.88001334
369883713 -87.62436324 41.88233311
739122040 -87.61277719 41.88721113
465614703 -87.61904157 41.88645324
353093700 -87.6165643 41.87325643
465604383 -87.61874561 41.88597631
619011820 -87.62072751 41.88428727
465604380 -87.61854821 41.88609131
267563851 -87.62394431 41.88387639
619011824 -87.62054378 41.88428668
267563581 -87.62168606 41.8817908
267563580 -87.6215144 41.88187379
388608192 -87.63305092 41.87448262
258956960 -87.62262777 41.87981821
466204007 -87.62277076 41.88191796
739118764 -87.61313526 41.88441551
739118766 -87.61312319 41.88447737
740237218 -87.62084552 41.87556196
739118642 -87.61750332 41.88103367
740237215 -87.6212103 41.87560496
261116520 -87.62959539 41.87225966
740237212 -87.62086086 41.87597343
740237211 -87.62076774 41.87603436
27440247 -87.62418353 41.87576774
740368751 -87.63408357 41.87531143
27440243 -87.62327686 41.87560203
27440242 -87.62327963 41.87588458
353087549 -87.61627219 41.87618348
261121572 -87.63507196 41.87446058
261116480 -87.63160873 41.87217383
261121570 -87.6326164 41.87448564
267563824 -87.62369571 41.88342829
740243541 -87.63228917 41.88003153
466204056 -87.62275358 41.88130449
27440248 -87.6243391 41.87566791
740367318 -87.61574799 41.88462154
353084528 -87.61979988 41.87533992
1307894937 -87.62219618 41.88165167
267563829 -87.6239019 41.88404872
261116482 -87.63255697 41.87216142
353088942 -87.61986853 41.88148772
272199569 -87.61852759 41.86955532
739118790 -87.61746167 41.88173657
272199567 -87.61929999 41.8697279
353095023 -87.61880897 41.88151521
258292947 -87.62756982 41.87309693
1307894939 -87.62347828 41.88279177
353084527 -87.62009727 41.87534001
1250409589 -87.62387223 41.88181553
353761828 -87.62347853 41.88297349
740367253 -87.61903093 41.88609919
992923374 -87.619403 41.87813629
740367255 -87.61911441 41.88609617
766950384 -87.61758044 41.87836177
258957316 -87.63392917 41.88572963
353087859 -87.61653832 41.88079118
992923419 -87.61792871 41.87767202
1242221712 -87.62395429 41.87438238
709412789 -87.62434178 41.87576371
1308257329 -87.61911751 41.88348278
740367953 -87.62067738 41.88100014
353084518 -87.62037329 41.87533364
465612448 -87.61890771 41.88645458
267564287 -87.62336462 41.881781
272200046 -87.61796106 41.87290439
258957339 -87.63097346 41.88574053
740237253 -87.62350493 41.87503482
387672795 -87.6216408 41.87611776
466204220 -87.62373108 41.88184252
28290265 -87.62789571 41.88448768
1107253842 -87.61502823 41.88483092
740243534 -87.62934008 41.88006757
261210325 -87.62968877 41.87569481
1250393612 -87.62002443 41.88260368
353086807 -87.6176578 41.88077668
256625254 -87.63172322 41.87567688
353086809 -87.62057387 41.88072806
272200038 -87.62003013 41.87269359
267564286 -87.62332791 41.88093023
256625252 -87.62922122 41.87554369
256625253 -87.63070398 41.87568694
740260178 -87.62702668 41.88321388
353083697 -87.6199604 41.87386211
269446285 -87.62461537 41.88681106
740368767 -87.63502636 41.87487104
272201902 -87.62188354 41.87439352
740260348 -87.62446894 41.88150833
1250409596 -87.62225846 41.88112193
353085427 -87.61942253 41.87722518
353085426 -87.61942219 41.87701999
258956964 -87.62334928 41.88058054
1307897682 -87.62111148 41.87943683
353085429 -87.61854679 41.87722812
353085428 -87.61852977 41.87701287
740368794 -87.63420301 41.87635992
388608100 -87.62535164 41.88449472
1307897685 -87.62123419 41.87859537
353084011 -87.61900167 41.87467532
258930060 -87.6174351 41.88711658
28289310 -87.63086223 41.8819716
267564159 -87.62292072 41.88304222
267564158 -87.62292549 41.8831755
267565862 -87.61852751 41.87907482
465612367 -87.61742437 41.88623212
267565860 -87.61839876 41.87925377
28289318 -87.63233879 41.88194662
1105879350 -87.62168933 41.86943647
269451338 -87.61910418 41.87454138
269451339 -87.6202712 41.87453769
387672771 -87.61972763 41.87399354
258956963 -87.62316429 41.88057861
387672766 -87.61855089 41.87454716
272200036 -87.6197635 41.8719393
258923790 -87.61963216 41.88253327
267565253 -87.61658777 41.88354807
353761452 -87.62304049 41.88304113
272207846 -87.62402713 41.87056693
269451335 -87.61757692 41.87454113
269451336 -87.6187503 41.87454482
269451337 -87.61887209 41.87454431
353089173 -87.61818058 41.88164773
387672789 -87.62087603 41.87713072
269451286 -87.61882071 41.87701739
654574345 -87.61722027 41.8810397
387672785 -87.62163426 41.87600151
387672784 -87.61818184 41.8738922
387672787 -87.62118843 41.87612749
387672786 -87.62163753 41.87623268
387672781 -87.61782821 41.87391249
272200057 -87.61766007 41.86975012
387672783 -87.61787028 41.87397359
387672782 -87.61806558 41.87400913
619007761 -87.61519419 41.88693981
739122007 -87.61314867 41.88491969
261177012 -87.63146573 41.8813096
739122000 -87.61312194 41.88626858
353090042 -87.61885407 41.88313493
466204171 -87.62242929 41.88269169
313379364 -87.62293631 41.88345176
272200050 -87.61770357 41.87196487
740363336 -87.62788096 41.88693109
261190709 -87.63157528 41.87087706
740363334 -87.6278502 41.88628024
267564160 -87.62290169 41.88232792
740363331 -87.62786218 41.88589551
257166927 -87.61315538 41.88637839
740237231 -87.6205991 41.87587058
267565827 -87.61883487 41.87847777
388608194 -87.63069912 41.8755317
1307897675 -87.62104652 41.87948184
1307897672 -87.6213813 41.87870266
388608193 -87.6317156 41.87552173
353085254 -87.62041788 41.87700801
258923779 -87.61997833 41.88265171
33718768 -87.62919256 41.87452948
371307460 -87.61643262 41.88207034
371307462 -87.61602057 41.88242171
1307897679 -87.62187147 41.87869386
740367284 -87.61582309 41.88455759
740367285 -87.62057647 41.88580481
740367283 -87.61822643 41.88551111
740367280 -87.61912229 41.88643371
465612345 -87.61872851 41.8862255
740249850 -87.62234203 41.88112302
269450982 -87.62305206 41.86932876
697438116 -87.62414598 41.87708487
258957359 -87.62628228 41.88576047
740367288 -87.62164893 41.88427411
269450987 -87.62315549 41.86937788
272201893 -87.621935 41.87447022
272201890 -87.62315382 41.87445739
1307894973 -87.62355732 41.88264081
272201896 -87.62113881 41.87457943
1307894975 -87.62189444 41.88166734
272201894 -87.6218941 41.87455387
272201895 -87.62178262 41.87457943
992923575 -87.63023912 41.86968809
258878349 -87.62402931 41.87186898
992923373 -87.61951029 41.8781984
992923576 -87.63029268 41.8696321
271181915 -87.6246069 41.88620061
992923572 -87.62954711 41.87002362
272201901 -87.62177198 41.8743807
1052707327 -87.62256532 41.88190371
1052707326 -87.62058904 41.88677041
267565846 -87.61906831 41.87939433
739121996 -87.61338069 41.88665801
1307894977 -87.62171481 41.88167656
267565847 -87.61889656 41.87914514
1052707329 -87.6223867 41.8802332
1052707328 -87.62253314 41.8802342
353084304 -87.61754783 41.87610678
258877437 -87.62592404 41.87183486
353089814 -87.62024622 41.88311724
1242221544 -87.62313823 41.87547764
353089813 -87.62025024 41.88360331
353089811 -87.61947592 41.88360691
28289874 -87.63081664 41.88069252
1242221627 -87.62315382 41.87438682
1242221623 -87.62314317 41.87308461
465614000 -87.61739369 41.88557766
740260310 -87.62421689 41.88349426
272200047 -87.61793533 41.87271899
387672776 -87.61816239 41.87394501
619007757 -87.61312051 41.88444351
267564858 -87.62015511 41.88421661
267564859 -87.61961439 41.88381403
267565812 -87.62026994 41.88037208
27440236 -87.62871647 41.87689309
27440237 -87.62925023 41.87688806
27440234 -87.62414866 41.87696199
27440235 -87.62764627 41.87692109
269450871 -87.61745588 41.87308687
269450872 -87.62039139 41.87304219
269450873 -87.62034839 41.86959078
353084009 -87.61899254 41.87454373
267564156 -87.6229462 41.88422181
992923405 -87.61828217 41.87773606
992923404 -87.6182618 41.87777629
1307894979 -87.6217667 41.88132812
992923406 -87.61827773 41.877669
353085768 -87.62045216 41.87817753
353084042 -87.61695892 41.87616437
262173232 -87.62533152 41.88208937
269450979 -87.62309498 41.87188541
269450978 -87.62314652 41.87316666
465596582 -87.61754071 41.8862561
267565815 -87.62012451 41.87974579
740368778 -87.63431432 41.87628901
736686173 -87.63380822 41.8812863
740368774 -87.63490298 41.87603436
269451300 -87.61998361 41.8777892
269451302 -87.61999661 41.87757789
709412759 -87.62687111 41.87571183
353084414 -87.61958531 41.87527597
258878348 -87.62753554 41.87180586
313379424 -87.62282391 41.88407328
27446489 -87.62442904 41.87953431
27446488 -87.62426802 41.87953834
313379421 -87.62280949 41.8834531
313379423 -87.62305432 41.88407127
313379422 -87.62305399 41.88345369
353089726 -87.61866791 41.88362409
353083376 -87.61688742 41.87338443
353084411 -87.61979988 41.87542299
27446719 -87.62617499 41.88208518
267565254 -87.6167938 41.88340114
258022758 -87.62073924 41.88434452
269451354 -87.61745672 41.87336506
739118881 -87.61406741 41.88441048
739118948 -87.61397932 41.88698046
267565826 -87.61884141 41.87880132
267564634 -87.62135833 41.88204872
267565824 -87.61922027 41.8787952
267565831 -87.61791127 41.87885236
267565822 -87.62007129 41.87845548
267565820 -87.62052483 41.878819
267565821 -87.6200754 41.87868011
267564017 -87.62375463 41.88303049
267565355 -87.61761271 41.8831646
267563934 -87.62331366 41.88329217
740368729 -87.63431164 41.87545819
267563933 -87.62330628 41.88317172
353084695 -87.62090453 41.87457608
267563931 -87.6234766 41.88328982
387672777 -87.61798939 41.87401709
371307471 -87.61290501 41.88343139
28290256 -87.62785414 41.88321271
736755536 -87.62922122 41.87570152
1250409593 -87.6233202 41.88339158
267565257 -87.61726452 41.88364354
267565861 -87.6184245 41.87913869
465612380 -87.61673722 41.885823
271197330 -87.61580021 41.88693687
261165852 -87.62525969 41.88513376
1250615254 -87.62233063 41.88151093
267563747 -87.62245787 41.88318153
267563746 -87.62413659 41.88316602
267564065 -87.62412017 41.88282044
353085377 -87.61786886 41.87610201
272201907 -87.62116261 41.87539047
27446758 -87.62625009 41.88448852
267565256 -87.61727441 41.88338831
428674317 -87.62957829 41.87165893
371307468 -87.6137375 41.88278599
353085379 -87.61791161 41.87689929
1386043169 -87.62077864 41.88676756
271197332 -87.61655273 41.8869378
353761830 -87.62304343 41.88297793
271169072 -87.63479569 41.88683302
271197331 -87.61632198 41.88693981
256629532 -87.63363027 41.87447759
267563587 -87.62248502 41.88420588
1107253719 -87.61426112 41.88721893
388608093 -87.62525223 41.88449279
258929546 -87.61626171 41.88555797
258929545 -87.61628979 41.88651552
28289857 -87.62935223 41.88070753
258929543 -87.61906194 41.88552109
353090037 -87.61928817 41.88351278
353090035 -87.61927568 41.88313132
258923782 -87.61990868 41.88284977
267563584 -87.6223147 41.8820918
1105879320 -87.62166636 41.86933857
465596435 -87.618842 41.88555897
33718415 -87.62058937 41.8732043
465604387 -87.61902472 41.88577833
353083960 -87.61904492 41.87701832
267563850 -87.62416157 41.88387203
1242221671 -87.62311409 41.87559197
353085839 -87.6198832 41.87781594
654574340 -87.61682196 41.88096577
739118551 -87.61442549 41.88436782
272200048 -87.6177293 41.87270616
387672768 -87.61994698 41.87381467
1242221677 -87.61784422 41.8823311
258877179 -87.62755272 41.87227877
619011887 -87.62228864 41.8845057
258877177 -87.6291162 41.87226418
739118558 -87.61422164 41.88418987
739118559 -87.61422826 41.88414101
270611554 -87.63477281 41.88573164
28290292 -87.63243669 41.88446178
261182330 -87.62401212 41.86928693
28289974 -87.63227173 41.87939752
27477586 -87.63379246 41.88065237
272208606 -87.62415219 41.8744361
267564862 -87.61947567 41.88312696
740368788 -87.63404199 41.87585658
619011828 -87.61693486 41.88454158
740368786 -87.63399111 41.87595851
740368784 -87.63398843 41.8760943
706971976 -87.62313806 41.87949173
740368782 -87.6340461 41.87619312
740368780 -87.6341735 41.87627099
353084397 -87.61858107 41.87693131
740237183 -87.6297285 41.87687859
353084407 -87.62031487 41.87555718
353084404 -87.62013457 41.87608767
353084405 -87.62013457 41.87600461
353084402 -87.61980852 41.87615163
353084403 -87.61986853 41.87608767
353084400 -87.61958531 41.87629856
353084401 -87.61980852 41.87630502
353084395 -87.61834931 41.87631139
353084408 -87.62013457 41.87555718
353084409 -87.62013457 41.87548049
387672811 -87.62183149 41.87678304
387672813 -87.62136939 41.87678471
258956959 -87.62237891 41.87981821
387672815 -87.62137266 41.8771246
387672814 -87.62137249 41.87695512
258923756 -87.62111743 41.88205827
258923757 -87.62107477 41.88212549
258923758 -87.62107946 41.8821892
387672818 -87.62166879 41.87678354
766950422 -87.61731188 41.87337001
353085308 -87.6204157 41.87687348
766950420 -87.62059239 41.87333447
353087546 -87.61626372 41.87549331
740237201 -87.62059532 41.87574779
740237202 -87.62063631 41.8758037
353084399 -87.6193621 41.87647106
740237205 -87.62085852 41.87589447
28292395 -87.63247156 41.88693989
740237207 -87.6210534 41.87591551
353094894 -87.61925078 41.8822099
740237209 -87.62063774 41.87619614
466204264 -87.62386477 41.88111556
739118672 -87.61453269 41.88412701
739118671 -87.61445491 41.88421284
992923377 -87.6186949 41.87808441
353093735 -87.61656413 41.87284103
261222808 -87.6286106 41.87051069
28358940 -87.63395616 41.88680712
466204029 -87.62300261 41.88191796
271171988 -87.62629007 41.88720493
992923371 -87.61844813 41.87821223
465604372 -87.61888709 41.88607622
1107253804 -87.6157443 41.88509462
465604377 -87.61814479 41.88629583
465604374 -87.61863413 41.88614881
1250409595 -87.62409343 41.88428694
258930185 -87.6173185 41.88653546
740368739 -87.63393613 41.8747801
272201903 -87.6217843 41.87471941
272201904 -87.62179301 41.87515401
272201905 -87.62179771 41.87539047
387672769 -87.61961489 41.87381433
388608184 -87.62762481 41.87555199
272201908 -87.62115624 41.87518612
272201909 -87.62114182 41.8747257
387672765 -87.61850211 41.87445027
387672764 -87.61854763 41.87436067
740368737 -87.63385432 41.87493491
1250409598 -87.62386754 41.8811376
740368735 -87.63385164 41.8751137
27440233 -87.62435654 41.877006
256626813 -87.63464549 41.87554712
766950395 -87.62067051 41.87816789
388608186 -87.63306709 41.87550974
261234285 -87.62955189 41.87051061
766950391 -87.61742294 41.8784973
766950392 -87.62058703 41.87306977
766950400 -87.62078224 41.87320111
353084303 -87.61753677 41.87552583
258878530 -87.62868294 41.87453853
353089725 -87.61785151 41.88362854
353084786 -87.62210013 41.87549968
353087901 -87.61642491 41.87881104
261150171 -87.62393023 41.88576894
388608183 -87.62762749 41.87569976
739118845 -87.61442809 41.88458533
27446756 -87.62620852 41.88321154
353087699 -87.61640052 41.8783761
1105878900 -87.62196409 41.86933102
267563695 -87.62246021 41.8833034
371307472 -87.61279337 41.88370624
1242221491 -87.62391674 41.87324789
267563694 -87.62414087 41.88327968
369883367 -87.61984791 41.88270678
740260181 -87.62427196 41.88322126
267564861 -87.61947709 41.88371177
267564863 -87.61946846 41.88242917
353086605 -87.62046281 41.87848993
267564865 -87.61945438 41.88148981
267564864 -87.61946553 41.88229707
28290296 -87.63240316 41.88321573
465604368 -87.61902933 41.88601461
267564868 -87.62019643 41.88159567
740243520 -87.63079509 41.8800498
740243448 -87.6323227 41.88130164
1036435846 -87.6223194 41.88683478
740237208 -87.62061159 41.87626713
261130930 -87.62702399 41.88206548
267563583 -87.6221153 41.88187379
387672816 -87.62167533 41.87713667
1386043177 -87.62395429 41.88681743
