353083951 269451285
353083951 353083975
353083951 353084397
740367294 740367296
740367294 740367293
740243676 27440221
740243676 261141526
740243676 27446708
1034159115 1386043166
1034159115 619019057
1034159115 1386043190
1034159115 1386043176
27440240 27446708
27440240 27440220
27440240 27446489
27440240 27446710
654574342 26098113
654574342 654574343
654574342 257166950
654574342 654574340
26098113 739120275
26098113 654574345
26098113 654574343
26098113 766950414
465613984 465596533
465613984 465612438
258923781 258923782
258923781 258923779
709412761 388608184
709412761 262184682
709412761 709412746
709412761 709412759
269451299 992923517
269451299 353085839
269451299 992923374
269451298 992923515
269451298 353085959
269451298 353085559
269451297 353085970
269451297 353086024
269451297 992923404
269451296 269451289
269451296 269451295
269451296 992923371
269451296 766950384
269451295 353086024
269451295 992923429
269451294 269451289
269451294 992923416
269451294 992923414
269451293 353085933
269451293 992923414
269451293 992923406
269451292 269451289
269451292 353085428
269451292 353084304
258022763 740367318
258022763 740367284
258022762 619011828
258022762 740367297
258022762 258929542
258022762 271187550
267565259 267565258
267565259 267565263
428674438 428674317
740367293 740367292
267565858 267565856
267565858 267565860
465612428 465612380
465612428 740367258
465612428 465612463
267565855 267565856
267565855 267565854
267565854 267565853
267565853 267565844
258930059 258930060
258930059 258929834
267565850 267565824
267565850 267565851
269451349 269451356
269451349 387672764
269451349 269451340
269451349 269451336
269451348 353083231
269451348 387672773
269451348 387672769
353088708 267564868
353088708 353088668
353088708 353088866
269451344 353083696
269451344 387672767
269451344 270408916
267565241 267565236
267565241 267565244
267565246 267565250
267565246 267565245
269451340 269451338
269451340 269451341
269451340 269451342
267565244 267565245
369883857 369883897
369883857 740260181
369883857 27446496
369883857 369883713
992923392 269451354
992923392 992923458
992923392 992923459
258287219 272208893
258287219 272208405
258287219 258877330
258287219 272208894
261359175 740271861
387672799 387672800
387672799 387672812
387672799 387672787
272350581 619011842
272350581 619011849
272350581 258958980
272350581 740260310
387672797 387672809
387672797 1105879571
271196610 1034227186
271196610 740367285
271196610 1034118802
271196610 271187564
271196611 1386043166
271196611 931243975
387672792 387672796
387672792 387672785
387672792 1242221591
353085970 992923377
353085970 992923371
387672790 387672816
387672790 387672805
387672791 387672796
387672791 387672795
387672791 387672798
258956949 258956948
258956949 258956950
258956948 258956947
736686052 736686096
736686052 28290292
736686052 28290296
258956947 258956966
1307894931 1307894944
1307894931 1307894964
1307894931 1250615254
1307894931 1307894937
258923783 1250393620
258923783 258923784
257166934 257166938
257166934 739122007
272199568 272199567
272199568 272199569
1107253703 1107253852
1107253703 1107253944
257166938 257166940
739118858 739118620
739118858 271149712
369883897 619011842
369883897 27446496
929489865 929489826
929489865 1386043182
371306557 739122040
371306557 371306554
371306554 257166927
258923787 258923788
258923787 258923785
465596462 465612367
465596462 465612394
465596462 465612448
465596462 465596456
1107253707 1107253804
1107253707 1107253887
1107253707 1107253914
740260077 28290281
740260077 28289310
740260077 740260072
740260077 740260090
1242221525 1242221663
1242221525 272201890
1242221525 272201367
740260072 262072521
740260072 28290277
740260072 28289299
353089300 353089097
353089300 1242221677
353089300 353089208
697438126 1105878947
697438126 697438124
1107253887 1107253918
697438124 697438130
697438124 387672809
465612395 465612394
465612395 465612373
272201912 272201908
272201912 272201904
272201912 272201906
353089097 353089173
353089097 353089237
1035582532 619019057
1035582532 1386043194
1035582532 1034227136
1307894964 1307894979
1307894964 1307894952
1307894964 1307894962
258925499 258925497
258925499 258925500
1307894962 1250615254
1307894962 1250409596
258925497 258927255
1107253728 1107253852
258923789 1250393614
258923789 258923790
353088668 267564864
1307894968 1307894966
1307894968 1307894973
267564920 267564863
267564920 267564862
267564920 258923790
739118556 739118558
739118556 739118554
258923788 1250393614
262184682 258877329
262184682 262184683
262184682 258292946
262184683 258877330
262184683 261175839
262184683 258292947
353084478 353084518
353084478 992923396
353084478 353084514
258957340 619040359
258957340 258957316
258957340 740271863
258957340 258957339
258288004 766950402
258288004 257948514
258288004 272199115
258927252 258927254
258927252 258927235
258923768 258923770
258923768 258923766
740271863 28290292
740271863 740271860
740271860 258957316
740271860 27477592
740271861 28290271
740271861 740271858
740271861 27477597
267564289 267564288
267564289 267564290
267564289 267564161
267564288 267564291
267564288 1250409591
267564288 267564162
258923763 258923761
258923763 258923765
267563834 267563694
267563834 267563823
267563834 267563931
258923765 258923766
267563832 267563833
267563832 267563851
267563831 267563829
267563831 267563851
739119018 739118948
28292368 28292362
28292368 28358938
28292368 28292395
1242221740 740237198
1242221740 1242221591
739118811 271150272
739118811 739118881
739118811 739118551
1105878947 697438116
1105878947 740237198
1105878947 1105879263
353085849 992923517
353085849 992923516
353089237 353089123
353089237 267564874
257951215 369883510
257951215 740367946
257951215 740367947
257951215 369883454
27440221 27440220
27440221 27440222
27440221 27440235
27440220 27440229
27440220 27440219
27440223 27440237
27440223 27440222
27440223 28290013
27440223 261154311
27440222 27440236
27440225 27440256
27440225 27440213
27440225 388608188
740251035 740260334
740251035 740260348
740251035 27446494
740251035 740251034
27440227 740237183
27440227 256625253
27440227 262176764
27440227 27440217
27440226 27440214
27440226 27440256
27440226 262176764
27440229 709412743
27440229 736719622
27440229 27440233
353088713 267564864
353088713 353088866
353088713 353088944
740251034 740251032
1242221591 1242221528
353085652 269451282
353085652 992923374
740367258 740367260
740367258 465614710
258024762 371307343
258024761 371307343
258024761 654574340
258024760 654574343
258024760 654574340
992923416 992923419
258292945 388608184
258292945 258292946
258292945 258878530
269450961 353082043
269450961 1105879320
271150272 271149712
271150272 739118745
271150272 739118560
379982943 379977090
379982943 379982940
379982943 269450987
379982940 379982936
271150271 739118743
271150271 739118881
271150271 739118819
28358932 28358933
28358932 740363267
28358932 740363259
28358932 740363359
28358933 28292362
28358933 28358938
28358933 27477597
740368763 740368759
740368763 740368767
1250409592 267563930
1250409592 267563931
271187317 1386043149
271187317 1036447621
271187317 1036447620
271187317 931243975
271187317 1386043172
740368769 261121572
740368769 740368767
28358938 619040327
28358938 28358939
28358939 619040359
28358939 28358940
28358939 28292395
353085559 269451283
353085559 353085427
261219666 388608194
261219666 261121564
261219666 256625252
739118634 739118800
739118634 739118620
272200055 272199571
272200055 272200051
272200055 272200054
272200054 272200057
272200054 272200056
272200054 272200050
272208893 258877437
272208893 258878349
272208893 272208971
272200051 269450871
272200051 272200050
272208894 272208606
272208894 272208402
272208894 258877329
272208894 27440248
272200052 272200050
262173260 27446756
262173260 388608100
262173260 27446496
262173260 262173232
740363278 740363265
740363278 740363322
267565819 267565817
267565819 267565820
267565819 267565821
267565818 267565813
267565818 267565816
267565818 267565820
267565851 267565816
27446720 27446709
27446720 262072521
27446720 261130930
27446720 28289299
267565813 267565812
267565813 353086809
1242221640 1242221491
1242221640 1242221627
1242221640 1242221524
1242221640 269450978
267565811 267565812
267565811 267565810
267565811 267565843
267565810 353086809
267565810 267565842
267565817 267565816
267565816 267565815
465612463 465614711
465612463 465612435
267565814 267565812
267565814 267565815
353087797 353087796
353087797 654574343
353087797 353087145
353087796 353087795
353087796 353087859
353087795 353087793
353087795 353087901
267564627 740249850
267564627 267564638
267564627 267564163
267563932 267564018
267563932 267563933
267563932 267563931
267564629 267564630
267564629 1307894952
267564629 1307894958
267564629 1307894979
267564628 267564638
267564628 1250409596
267564628 1307894952
261165855 271182697
261165855 388608092
261165855 261209426
1250393620 258923782
740260334 740260332
387672767 353083697
739118958 739118948
739118958 739118672
267564866 353088942
267564866 267564870
267564866 267564865
28358881 28358940
28358881 28292395
353084302 353087546
353084302 353083376
353084302 353084042
353087793 353087699
353087793 353087706
258878532 27440236
258878532 388608195
258878532 736755536
258878532 388608183
258957360 261150171
258957360 27446500
258957360 258958980
258957360 269446295
465596456 465596449
465596456 465596582
736666815 261165852
736666815 258957359
736666815 740271858
736666815 27446758
27447111 257948514
353084480 740237223
353084480 353085342
353084480 353084977
623820258 1386043148
623820258 623820257
623820258 931243978
623820258 271188194
369883768 369883714
369883768 740260181
369883768 369883713
740271858 28290265
740260332 740249852
388608092 258957359
388608092 261165852
388608092 269446295
379977090 379982936
379977090 261182330
353085404 353085407
353085404 353085317
353085404 353085349
353085407 353085308
353085407 353085342
271168673 619040360
271168673 270611554
271168673 271169072
267563813 466204171
267563813 267563584
267563813 267564161
267563813 1250615253
353761846 1307894966
353761846 353761844
353761844 353761842
269451346 353083155
269451346 387672773
269451346 387672768
353761842 267564160
272208410 27440247
272208410 27440243
272208410 272208402
272208410 27440248
269451341 269451356
269451341 353083231
1105879330 1105879320
1105879330 1105879350
654574338 267565233
654574338 739120275
654574338 766950415
654574338 353086807
270408917 267565260
270408917 267565355
270408917 267565257
269451343 387672770
269451343 387672771
269451343 269451342
353087706 353084042
353087706 353087145
466204292 267563812
466204292 267564291
466204292 466204220
269451342 353084589
269451342 270408916
267565356 267565355
267565356 267565236
267565356 267565256
261154311 740237183
261154311 27440217
261136872 258878348
261136872 261165394
261136872 261222808
623820257 258022758
623820257 271188336
623820257 931243975
267563575 267564634
267563575 267564858
267563575 267563587
739118563 739118909
739118563 739118869
353084538 353084540
353084538 353084386
739118560 739118559
739118560 739118759
27477591 736686096
27477591 740260104
27477591 28290296
27477590 736686173
27477590 740260104
27477590 28289318
27477592 736686096
27477592 28290292
271195177 1386043177
27477597 619040322
353084696 1242221577
353084696 272201899
353084696 353084695
1386043148 1386043146
1386043148 739118819
1386043149 1386043162
267563930 267563972
267563930 1250409593
369883411 369883366
369883411 369883454
369883411 740367947
369883411 369883410
369883410 369883400
369883410 369883510
267565829 267565831
267565829 267565830
267565829 267565828
272201899 272201901
272201899 272201896
1386043146 271188194
1386043146 739118551
466204154 466204235
466204154 466204243
466204154 466204149
740237197 27440219
740237197 697438116
740237197 27440233
353084385 353084011
353084385 353084416
353084385 353084514
387672798 387672811
387672798 387672786
387673124 267565835
387673124 353086931
387673124 267565831
258929834 258930185
258929834 740367264
353084388 353084389
353084388 353084387
740237198 697438130
267564290 267564014
267564290 267564291
387672802 387672785
387672802 387672801
387672802 387672793
387672803 387672789
387672803 353084967
387672803 387672804
387672800 387672786
387672800 387672801
387672801 387672795
387672801 387672787
387672806 387672807
387672806 387672805
387672807 387672809
387672804 387672812
387672804 387672788
387672804 387672814
387672805 387672811
387672805 387672817
465596511 465596533
465596511 740367283
465596511 465596435
465596511 465614000
1036447621 1386043160
353089123 353089173
353089123 267564871
267563825 267563824
267563825 267563826
353094861 353094894
353094861 267564865
353094861 353095023
739118663 739118671
874444152 258022046
874444152 874440310
874444153 874440310
267563827 267563828
267563827 267563826
1250615249 267563584
1250615249 267564642
1250615249 267563583
261209426 271172137
261209426 258957359
261209426 740363334
992923459 353083282
271183110 1386043177
271183110 271183109
271183110 271181899
740368759 740368758
992923516 992923515
353085317 353084398
353085317 353085308
992923511 353085831
992923511 269451302
992923510 992923509
992923510 353085831
387672778 269451353
387672778 387672780
387672779 387672784
387672779 269451355
353084386 353083943
353084386 353084387
258923759 258923758
258923759 258923761
740367277 740367260
740367277 258929545
740367276 1107253827
740367276 258929546
740367276 740367260
740367275 258929546
740367275 258929542
740367274 740367255
740367274 740367273
740367274 740367281
740367273 465604368
740367273 465604387
270408916 269451339
1242221566 1242221663
1242221566 272201367
740367278 258929545
740367278 740367267
258022046 874440312
258022046 256629532
1107253948 1107253642
1107253948 1107253914
27440219 27440218
27440219 27446489
258877329 258877330
258877329 709412746
272200049 272200044
272200049 269450871
272200049 272200048
353083131 353082043
353083131 766950400
353083131 1242221623
353083131 766950392
27440213 262184215
27440213 27440214
27440214 27440215
27440215 262184217
27440215 27440217
466204243 466204253
27440217 262184216
267564872 267564873
267564872 353089173
267564872 267564871
267564873 267565233
267564873 267564870
267564870 258927255
267564871 353095023
267564876 353090042
267564876 353089743
267564876 353089726
267564876 267564875
28290286 258957339
28290286 28290281
28290286 28290271
28290286 28290292
267564874 1308257333
267564874 1242221677
1034227136 619019058
267564878 267564880
267564878 267564879
267564878 267564877
267564879 267564858
267564879 267565263
619040360 619040359
619040360 258957316
619040360 28358940
740368758 740368755
27446710 27446491
27446710 27446719
27446710 27446709
740237223 740237231
740237223 740237208
740237223 353085124
739118743 271149713
739118743 739118745
740368753 740368751
740368753 740368755
258927254 353086605
766950415 258927255
766950415 33718418
766950415 353086809
766950414 258024674
766950414 766950391
766950414 353087145
353085124 740237212
353085124 740237205
269451282 269451288
269451282 269451283
619019057 619019058
619019057 1034227186
269451284 269451283
269451284 353083960
269451284 353085426
269451285 353083960
269451285 269451286
353084967 387672794
353084967 387672787
269451287 269451288
269451287 353085933
269451287 269451283
269451287 269451286
269451288 992923377
269451289 353085429
353090040 1308257329
353090040 353090042
619019058 1034227190
1105879571 1105879263
1105879571 1105879404
267565840 267565842
267565840 267565839
267565840 267565837
267565841 267565842
267565841 267565843
267565841 267565839
267565844 267565845
267565844 267565815
267565845 267565846
465612342 465612345
465612342 740367253
465612342 465614703
465612435 465612380
465612435 465612367
465612435 465612438
465612435 465614000
267565848 267565862
267565848 267565826
267565848 267565847
465612438 465596444
262184215 27477580
262184215 262184217
1242221577 353083154
1242221577 1242221516
262184217 28289974
262184217 262184216
262184216 28289985
269451356 353083282
1034227186 1386043167
1034227186 1034227190
269451355 353083282
269451355 387672780
269451352 387672783
269451352 269451350
269451352 387672777
269451353 269451354
269451353 387672775
269451350 387672764
269451350 269451335
269451351 387672764
269451351 387672776
269451351 387672782
261117496 736686096
262072521 28290256
1107253642 1107253842
271187550 740367285
271187550 619011824
271187550 271187564
369883454 258022758
739118869 271149713
704695441 704695457
271197336 271197334
271197336 271197331
740260104 740260090
353085359 353085349
353085359 353084402
353085359 353084401
1386043181 1036435846
1386043181 929489826
1386043181 1386043182
1386043181 1386043169
1386043182 1052707326
258956952 258956953
258956952 258956951
258956953 1307897679
258956950 706971976
258956951 706971976
258956956 1052707329
258956956 258956955
271197334 271197332
258956954 1307897682
258956954 1307897685
258956955 1307897675
257166945 257166948
257166945 257166940
619011842 269446296
353761839 267564160
353761839 466204187
739118843 739118845
353761836 267564159
353761836 466204187
619011849 258022758
619011849 740367288
257166948 257166950
388608195 388608184
388608195 256625252
388608195 258878530
466204017 466204007
466204017 466204029
466204017 267564162
261121567 261121565
261121567 261121570
261121567 261116480
387672796 387672809
271169073 271170357
271169073 271169072
1242221516 353084695
1242221516 353084817
1107253738 740367285
1107253738 1034227190
1107253738 1107253944
353083943 353084011
353083943 269451337
740367281 258929543
353084819 353084785
353084819 353084786
353084819 272201906
271188445 258958980
271188445 271188336
271188445 261150171
267564291 267564287
353084540 353084391
353084540 353084303
353084817 353084785
353084817 272201907
740368801 740368802
740368801 740368798
740368803 740368802
740368803 740368790
740249852 27446495
740249852 697438010
267563582 267563583
267563582 267563581
740368808 740368790
740368808 388608188
465614711 465614000
465614710 465612394
465614712 465604387
465614712 465596435
258923778 1250393612
258923778 258923777
267563823 267563824
267563823 267563833
387672794 387672793
387672794 740237212
267564297 267563812
267564297 267564296
267564297 1250409589
267563826 267563972
261175839 258877437
261175839 258878348
261175839 261165394
267563828 267563829
258923773 258923770
258923773 258923777
27446490 33718418
27446490 697438010
27446490 27446488
27446490 27446491
258929544 740367264
258929544 740367280
992923458 353083155
992923458 992923463
353089208 353089173
740237222 740237220
740237222 766950420
740237222 740237225
1308257346 353094894
1308257346 267564863
1308257346 267564864
740237220 740237218
740237224 740237215
740237224 353084965
740237224 740237202
740237224 740237205
740237225 740237201
740237225 353084965
740237225 353084977
27440256 388608185
740260090 28290296
740260090 28289318
1107253827 740367260
1107253827 1386043160
27446494 740260348
27446494 27446496
27446494 262173232
258923785 258923784
261121565 388608194
261121565 261121564
261121565 33718681
261121564 33718768
261121564 261116520
740243555 27446708
740243555 27446709
740243555 740243534
1242221524 353083154
353084965 740237218
466204035 466204043
466204035 466204029
466204043 466204056
466204043 267564163
258929542 740367283
992923421 992923419
992923421 992923429
272199473 272199594
272199473 272200032
272199473 269450873
258024674 766950402
258024674 258024673
466204235 466204220
619040327 619040359
619040327 258957339
272199571 272200057
272199571 269450869
272199570 272200057
272199570 272199569
619040322 258957339
619040322 271170356
709412743 709412746
709412743 709412789
709412743 709412759
271149713 619007759
271149713 271149712
271149712 619007756
33718417 27440218
33718417 33718418
33718417 766950395
33718417 766950403
1242221528 1242221671
1242221528 740237207
1242221528 27440242
739118783 739118790
739118783 739118759
739118620 739118614
28290013 27446708
28290013 740243534
28290013 28289985
740363264 740363265
740363264 271172137
740363264 740363260
740363264 740363322
387672770 353083699
272200044 272200043
272200044 272200040
740363267 28292362
740363267 740363336
740363260 271172137
740363260 740363259
272200043 272200046
272200043 272200045
272200043 272200042
272200040 269450872
272200040 272200038
272200041 272200042
272200041 272200038
353093736 353093735
353093736 353083723
709412746 27440248
33718418 740367953
33718418 740367946
1308257333 267564886
1308257333 267564875
874440310 874440312
874440312 261116482
387672775 387672781
874447445 874447446
267564636 267564634
267564636 1307894946
874447446 33718681
874447446 704695457
267564630 1250615255
267564630 267564632
267564631 1250615255
267564631 267564638
267564631 740367946
267564632 1250393618
1250393618 267564634
1250393618 258923756
267564882 353090042
267564882 353090051
267564882 267564875
267564881 267564859
267564881 267564880
28290271 28290265
28290271 28290277
28290277 28290256
28290277 28290281
267565234 267565233
267565234 267565355
267565234 267565236
267564157 267563934
267564157 267563695
267564157 267564158
267564157 313379364
258292946 258292947
465596440 465604383
465596440 465596533
465596440 465596435
465596440 465596444
258934285 369883400
258934285 740367953
258934285 369883510
258934285 369883432
465596444 465604380
465596444 465596449
740363265 271172137
465596449 465604377
465596449 465596582
269446296 388608093
269446296 258958980
269446296 269446295
269446295 269446285
271181899 271181915
1250409591 267564287
353083696 387672771
267563972 267563929
272208405 258878349
272208405 272208606
272208405 269450978
272208402 740237253
272208402 272208606
739118554 739118551
267565258 267565260
267565258 267565257
1105879610 1105878900
1105879610 1105879763
466204322 353088132
466204322 466204253
466204322 267564286
465612373 465612380
465612373 465612367
353083699 387672769
353084785 740237218
353084787 353084786
353084787 272201905
267564642 1250615254
267564642 1052707327
267564642 1250615253
1386043172 1036435846
1386043172 1386043195
740367289 740367291
740367289 740367288
1107253777 1107253719
1107253777 1386043160
740368733 740368729
740368733 740368735
271172137 269446285
736719622 27440235
736719622 709412759
33718681 261116480
33718681 261116520
369883400 369883367
369883400 369883432
267564063 267564062
267564063 267564064
267564063 267564012
267564062 267564065
267564062 267563814
271170357 740363396
271170357 271170356
267564064 267564065
267564064 267564019
28289897 27477586
28289897 740243541
28289897 28289874
28289897 740243448
267565251 267565250
267565251 267565253
353084585 269451338
353084585 269451339
353084585 353084589
261116518 258877177
261116518 261222808
261116518 258877179
261116518 258878530
739120275 739118642
739120275 766950391
697438010 740251032
267565830 267565827
267565830 353086931
353084392 353084393
353084392 353085377
353084393 353084394
353084390 353084389
353084390 353084391
353084396 353084397
353084396 353084395
267565833 267565834
267565833 267565832
353084394 353084395
740363322 740363336
353084398 353084399
353084398 353083975
267564163 267564286
353085933 353085429
466204149 267564287
466204149 267564286
388608185 256625254
388608185 388608186
388608185 388608188
258930184 258930185
258930184 258930060
766950407 258877437
766950407 261165394
766950407 272208971
267564018 267564017
267564018 267563746
267564019 267564017
766950402 353083376
766950402 766950422
766950403 353085768
766950403 353086605
766950403 766950384
267564014 267563814
267564014 267564013
267564015 267564016
267564015 267564013
267564016 267564017
272201367 1242221544
388608189 256626813
388608189 388608186
388608189 388608188
388608189 256629532
267564012 267564013
739118614 654574345
740367297 619011828
740367297 619011824
740367296 619011887
740367296 271187564
740367291 740367292
27477580 736686175
27477580 28289974
1250615253 267563584
1250615253 267564162
740367946 740367953
267565825 267565827
267565825 267565824
267565825 267565822
992923463 353083231
992923509 269451300
262176764 256625254
271183109 271182697
271183109 271181915
1107253704 740367285
1307894944 1307894946
1307894944 1307894975
1307894946 1307894979
379982936 272207846
1307894943 1307894973
1307894943 1307894939
387672788 387672815
387672788 387672789
740367268 258929543
740367268 740367283
740367268 465596435
353084514 353084527
353084517 353084410
353084517 353084527
353084517 353084409
740367264 465612448
740367267 258930185
740367267 465612394
257948514 33718415
257948514 766950422
267563812 267563814
353084406 353084407
353084406 353084405
387672812 387672813
1242221727 1242221623
271187564 619011820
267565828 267565826
272199594 272199567
272199594 272200031
353083723 353087546
353083723 353093700
353083720 353083376
353083720 353083721
353083721 353093700
353088868 353088942
353088868 267564868
353088868 353088866
353088868 353088944
1386043176 1386043166
1386043176 1386043190
1386043176 27446500
353088944 267564865
353086551 766950395
353086551 387672789
258877330 258877437
466204253 466204264
27440218 27446488
27440218 697438116
466204214 466204220
466204214 1250409589
353089743 353089725
353089743 1242221677
267565233 739118642
740368748 740368744
1308257388 353094894
1308257388 267564886
271188336 619011887
739118759 739118672
740368742 740368739
740368742 740368744
740363394 740363396
27446491 740260348
27446491 27446489
1107253918 1107253842
740363259 740363336
740363259 740363334
27446495 740260181
27446495 740260310
353083155 992923396
353083155 766950420
353083154 766950400
353083154 766950420
272200035 272200034
272200035 272200032
272200035 269450872
272200034 272200036
272200034 272200031
272200034 272200038
272200033 272200031
272200032 272200031
353084977 353084518
27446709 28289857
267564884 267564863
267564884 353090051
267564884 353090035
267564296 353088132
267564296 1250409598
1034118802 619011887
1034118802 1386043167
1034118802 261150171
267565835 267565834
267565835 353086807
267565834 267565836
267565837 267565836
267565837 353086807
267565836 267565838
267563929 1250409595
267563929 267564156
267564161 267564160
267564161 267564162
267565832 267565831
271170356 271171985
271170356 271169072
267565839 267565838
267565260 267565263
353086929 353086605
353086929 267565822
353085959 269451302
465596533 465614000
387672817 387672818
387672817 387672816
387672817 387672814
992923394 269451354
992923394 269451335
992923394 353084303
371307343 371307460
1386043190 929489826
28290281 28290296
1386043195 1036435846
1386043194 1386043167
258927255 740367953
258927255 353086605
992923396 269451339
313379331 313379424
313379331 267564156
313379331 313379423
466204187 466204171
931243975 931243978
931243975 1386043169
353085349 353084404
353085349 353085342
258956966 258956965
258956965 258956964
931243978 1386043162
258956962 258956963
258956962 258956961
258956961 258956960
267564877 353089726
257166950 654574345
353085460 353085768
353085460 353085254
353085460 269451302
353085460 353085427
272208970 272208971
272208970 261182330
272201906 272201907
272201906 272201905
271171985 271182697
271171985 271171988
272208971 272207846
267564886 353095023
739118819 739118845
28289299 28289857
28289299 28289310
353083975 353083960
28289985 740243520
28289985 28289974
258024673 766950422
258024673 766950391
258024673 766950384
353086931 766950391
353086931 766950384
271188194 369883432
271188194 258022758
27446500 269446285
740368798 740368797
619007756 739118764
619007758 619007759
619007758 739118766
740368797 740368794
740368790 740368788
1386043166 1386043169
353084416 353084414
1386043162 1052707326
353084410 353084411
353084412 353084528
353084412 353084414
353088619 1250409595
353088619 267563850
736686175 27477586
736686175 740243541
739122040 371307472
465614703 465612448
353093700 353093735
465604383 465604372
465604383 465604380
465604383 465604387
619011820 740367288
619011820 619011824
465604380 465604374
465604380 465604377
267563851 267563850
267563581 267563580
267563580 267564634
388608192 261121570
388608192 388608186
388608192 256629532
258956960 258956959
466204007 466204056
739118764 619007757
739118766 619007757
740237218 740237215
739118642 654574345
739118642 739118790
740237215 1242221671
261116520 258877177
740237212 740237211
740237212 740237207
740237211 740237209
27440247 27440234
27440247 709412789
27440247 27440242
740368751 740368729
27440243 740237253
27440243 1242221671
27440243 27440242
27440242 27440234
353087549 353087546
353087549 353087699
353087549 353084042
261121572 256629532
261116480 261190709
261116480 261116482
261121570 261116482
740243541 740243520
740243541 28289974
27440248 709412789
740367318 1107253804
353084528 353084411
353084528 353084527
1307894937 1307894975
258292947 258877179
1307894939 353761828
353084527 353084518
1250409589 1250409598
353761828 353761830
740367253 465604368
740367253 740367255
992923374 992923373
740367255 740367280
258957316 270611554
353087859 353087901
1242221712 1242221627
709412789 27440233
1308257329 353090037
465612448 465612345
272200046 272200047
387672795 387672785
387672795 387672786
28290265 28290256
28290265 27446758
740243534 740243520
740243534 28289857
261210325 740237183
261210325 736755536
261210325 256625253
1250393612 258923779
256625254 388608193
256625254 256625253
256625252 33718768
256625252 736755536
256625253 388608194
740260178 27446756
740260178 28290256
740260178 261130930
353083697 387672768
272201902 272201893
272201902 272201901
1250409596 740249850
353085427 353085426
353085426 353085254
258956964 258956963
1307897682 1307897675
353085429 353085428
353085428 269451286
388608100 388608093
388608100 27446758
1307897685 1307897672
353084011 353084009
28289310 28289318
28289310 28289874
267564159 353761452
267564159 267564160
267564159 267564158
267564158 267563933
267564158 267563747
267565862 267565861
465612367 465596582
267565860 267565861
28289318 740243448
269451338 353084009
387672766 387672765
387672766 269451335
387672766 269451336
267565253 267565254
353761452 353761830
272207846 258878349
269451336 269451337
269451337 353084009
387672784 387672776
387672781 387672783
387672782 387672777
619007761 271197330
739122007 739122000
261177012 740243448
739122000 257166927
353090042 353090035
466204171 267563747
313379364 313379421
313379364 313379422
272200050 272200048
740363334 740363331
257166927 739121996
740237231 740237202
740237231 740237201
267565827 267565826
388608194 388608193
1307897672 1307897679
388608193 388608186
353085254 353085308
33718768 258877177
33718768 258878530
371307460 371307462
371307462 371307468
740367284 619011828
465612345 465604374
465612345 465604377
269450982 1105878900
269450982 269450979
269450982 269450987
697438116 27440234
272201893 272201890
272201893 272201894
272201890 1242221627
272201896 272201909
272201896 353084695
272201896 272201895
1307894975 1307894977
272201894 272201895
272201895 272201901
272201895 272201903
992923575 992923576
992923575 992923572
258878349 269450979
992923373 353085768
992923373 992923371
992923572 261234285
1052707327 1052707328
1052707326 1386043169
267565846 267565847
1052707329 258956959
1052707329 1052707328
353084304 353084303
353084304 353085377
353089814 267564862
353089814 353089813
1242221544 1242221671
1242221544 353084786
353089813 353089811
353089811 267564861
353089811 267564862
28289874 28289857
28289874 740243520
1242221623 269450979
1242221623 269450978
740260310 740260181
272200047 272200048
267564858 267564859
267564859 267564861
27440236 27440237
27440236 27440235
27440237 740237183
27440237 736755536
27440234 27440233
27440235 388608183
269450872 766950392
267564156 267563587
992923405 992923404
992923405 992923406
353085768 269451300
353085768 766950395
262173232 27446719
269450978 766950400
740368778 740368774
740368778 740368780
736686173 27477586
736686173 740243448
269451300 353085839
709412759 388608183
258878348 258877179
313379424 313379421
27446489 27446488
313379423 313379422
353089726 353089725
27446719 27446756
27446719 261130930
267565254 267565256
269451354 766950422
267565826 267565824
267565824 267565821
267565822 267565821
267565820 353086605
267563934 267563933
267563934 1250409593
267563934 267563931
740368729 256626813
371307471 371307472
371307471 371307468
267565257 267565256
271197330 1107253804
271197330 271197331
261165852 388608093
267563747 267563695
267563746 267564065
267563746 267563694
353085377 353085379
272201907 272201908
27446758 27446756
428674317 261234285
353085379 353084397
271197332 271197331
267563587 267563695
353090037 353090035
353090035 267564862
1105879320 1105878900
33718415 766950400
33718415 766950420
33718415 766950392
267563850 267563694
739118558 739118559
740368788 740368786
740368786 740368784
740368784 740368782
740368782 740368780
353084407 353084408
353084404 353084405
353084404 353084403
353084402 353084403
353084400 353084399
353084400 353084401
353084408 353084409
387672811 387672818
387672813 387672818
387672813 387672814
387672815 387672816
387672815 387672814
258923756 258923757
258923757 258923758
740237201 740237202
740237202 740237205
740237205 740237207
740237209 740237208
466204264 1250409598
739118672 739118671
261222808 261234285
465604372 465604368
465604372 465604374
465604377 465604374
740368739 740368737
272201903 272201909
272201903 272201904
272201904 272201905
388608184 388608183
272201908 272201909
387672765 387672764
740368737 740368735
766950395 740237208
353087901 353087699
1036435846 1386043177
