369644476 369644477
369644476 369644475
369644477 369644478
369644474 369644485
369644474 369644475
369644475 230004356
369644475 369644484
369644478 369644479
369644479 369644480
229931322 229951051
229931322 229931325
229931322 229931320
229931320 229951053
229787443 229787481
229787443 229787446
229787443 229866799
1324473617 230135318
1324473617 1324473618
1324473617 369644552
230189455 229662226
230189455 230284894
230189455 230189451
230189455 229766147
229787448 229787342
229787448 229787446
229787448 229669514
1324473619 230184374
1324473619 369644443
1324473619 446722513
1324473618 369644389
1324473618 369644549
230189451 230284889
230189451 229766142
230189451 229794017
229762292 229669550
229762292 229762289
229762292 229931334
229953497 229686417
229953497 230296242
229953497 229953501
229792331 229792327
229792331 940959186
229792331 229869647
229931328 229931325
229931328 229669564
229931328 229951047
229617993 230245615
229617993 229617979
229617993 230245645
229718255 229730857
229718255 229718261
229718255 229718253
229718255 229730861
229608952 427851411
229608952 229617953
229608952 229608954
229608952 309943022
229608952 229950993
230152333 229951368
230152333 229956347
230152333 230152336
229718251 229953556
229718251 229867348
229718251 229718253
229718251 229787379
229718253 230116015
229718253 229787385
230405022 230405034
230405022 446722519
230405022 229953501
229698282 230043326
229698282 332460448
229698282 229698286
229669241 229669232
229669241 229669246
229669241 230196807
229669241 229787289
229787446 229866805
229698286 230043337
229698286 332460808
230399863 230043368
230399863 322520228
230399863 427852155
230399863 229889126
229916984 230320305
229916984 230229873
229916984 229916990
229916984 229916977
230043342 229699862
230043342 229950986
230043342 230043337
229617979 229617971
230043347 229699862
230043347 229950990
230043347 230043356
230184448 230043717
230184448 229907841
230184448 229730874
229617971 229617968
229889115 230010848
229889115 230100769
229889115 229699859
230132302 229951036
230132302 230146743
230132302 230146738
230043390 230010869
230043390 230043396
230043390 229982208
229963417 230100566
229963417 229963425
229963417 229867348
229963417 229787379
230284856 230189442
230284856 229686427
230284856 229886471
229916975 229916977
229916977 230229868
229916977 230296189
230184434 229730857
230184434 229982165
230184434 230043746
230184434 229718261
230016779 230296242
230016779 229953501
230016779 230016786
230016779 369644484
230043768 230100764
230043768 230043772
230043768 230043763
230043768 230184363
230189459 230095910
230189459 229903081
229953540 229792327
229953540 229953551
229953540 230093043
229953540 230399814
230043763 230100760
230043763 230121178
230043763 229905678
538234046 1246409343
538234046 230399814
538234046 322519831
229787365 229762289
229787365 229787362
229699992 229700000
229699992 229953520
229699992 229953510
229699992 230229868
230122911 230122913
230122911 230122910
230122910 230122909
230122910 229752348
229792055 230224091
229792055 229792059
229792055 229792052
230123420 230320314
230123420 229867354
229792050 229792046
229792050 230155800
229792050 229869624
229792050 229792052
229792052 229802899
446722755 446722503
446722755 446722754
230227634 229702647
229967927 446722552
229967927 229967905
229967927 446726827
229700000 322793876
229700000 1324473621
229700000 369644531
229967923 446722559
229967923 446722552
229930816 229616472
229930816 229971706
229930816 229930820
229975409 230100764
229975409 230100760
229975409 229975411
229787362 230122913
229787362 229787356
229787362 229669546
229699862 229699870
229699862 229699859
229581247 229581251
230155800 230043361
230155800 229802899
230155800 230155805
230155805 229951006
230155805 230043368
230010829 230402208
230010829 230010840
230010829 229889077
230010829 229975412
1246409343 1246409385
229707160 230043319
229707160 229975412
229707160 229707155
230196807 229773612
230196807 229768413
446726910 446726823
446726910 446726911
446726911 446726824
446726912 446726825
446726912 446726826
230163095 229982225
230163095 230163097
230163095 230146743
230163095 229931344
230163097 229931337
230163097 230146738
229617257 229628522
229617257 229617235
229787481 229787476
229787481 229752330
229867348 230296168
229867348 229867354
446722761 446722758
446722761 446722513
230083953 229808071
230083953 230025328
230100566 229953558
230100566 230025193
229730857 230116015
229730857 229730853
229686424 229686417
229686424 230033904
229686424 230189442
229686424 229686427
229730853 229649665
229730853 229617235
230177354 229950996
229669564 229669230
229669564 229669559
229930773 229930779
229930773 229930770
229930773 230121054
229930770 229930767
229930770 229702640
229683444 230024045
229683444 230024041
229683444 229683441
230100812 229636550
230100812 322520022
230100812 230043793
230100812 229889126
230100812 230100797
322793428 322520022
322793428 229786769
229683441 230196925
229683441 230122931
229683441 229683437
230100774 230213703
230100774 230043803
230100774 229699853
230100774 322793860
229896384 229982198
229896384 229888954
229896384 229896387
446726823 446726824
446726823 229967905
446726824 229916990
446726825 229967910
446726825 229900805
446726826 229900814
446726826 229900805
446726827 446722573
446726827 229967905
229592429 229592451
229669216 229669211
229669216 229669408
229669216 229907841
229786777 229786779
229786777 229787408
229786777 229752291
229786777 229787411
229786779 230043752
229786779 229669416
229786779 229882624
229762253 229762250
229762253 229951053
229762253 230087102
230402208 230043322
230402208 229975418
229787379 229953558
229787379 229787385
229951368 229632979
229951368 229951367
230100896 229786775
230100896 229752287
230100896 230100892
230100896 230132515
230135333 230043356
230135333 229869624
230135333 229802881
230298418 230043746
230298418 230100892
230298418 229982177
230298418 230132515
229951365 229818498
229951365 229951362
229951365 230121176
230100797 230043789
230100797 229889123
230100797 229792348
229951367 229956347
229951367 229651687
229692603 229975731
229692603 229651706
229692603 230098137
229982198 230350616
229982198 229982202
229752341 229787342
229752341 229752330
229752341 230043396
229752341 229752347
229982191 229990779
229982191 229900874
229982191 229882618
229752347 229882608
229752347 229787352
229752347 229752348
446722519 446722742
446722519 369644440
229608954 427852054
229608954 229608956
332460805 332460627
332460805 229893375
332460805 332460808
446722511 446722756
446722511 369644442
446722511 369644538
446722513 369644442
230043717 230043715
230043717 229882632
229608956 229950990
229608956 427852120
229608956 230213613
369644483 369644482
369644483 369644484
369644482 369644481
369644481 369644480
229944313 229944309
229944313 230010805
229944313 230024025
369644485 369644484
229787476 229787470
229787476 229752325
229787470 229752317
229787470 229787461
229608959 229608963
229608959 427852120
1324473622 322793876
1324473622 369644444
1324473622 230184374
1324473623 1324473621
1324473623 369644388
1324473623 369644531
1324473620 369644443
1324473621 322793876
230095910 229951362
230296168 230296164
230296168 230320314
230296168 229953556
229900800 230168847
229900800 229900805
229900800 230320305
230043396 229882608
230043396 230010874
229900805 229967907
230296164 229953551
230296164 230092987
230196925 230043305
230196925 230200272
369644438 369644436
369644438 446722741
369644438 446722504
229953501 229953510
369644436 369644447
229651694 229975731
229651694 229651706
229651694 229651687
229651694 229951024
229608963 229699881
229608963 229699874
230229873 230004359
230229873 230229868
230229873 446722573
230320305 229967907
230320305 230296189
229752284 229718265
229752284 229752287
229752284 229787395
229889119 230213703
229889119 229889121
229889119 229699859
230025197 230025198
230025197 230025193
230025197 229963425
229752287 229752291
229752287 229787408
427852155 230043356
427852155 229889121
369644543 230405034
369644543 446722503
369644543 230184363
230025193 229953559
229975418 229975423
229975418 229975412
230025199 229803539
230025199 230025198
230025199 230041173
230025198 230119685
369644549 369644386
369644549 369644552
229616482 229616495
229616482 229616480
230132460 230132454
230320826 229951040
230043789 230184392
230043789 230043793
230010869 230350616
230010869 230010874
230010869 229982202
229628522 230247188
229628522 322519832
229951021 230121176
229951021 229951018
229951021 229951024
229951024 229950979
229886463 229766113
229886463 229951342
229886463 230121178
229886463 229905678
230184363 230405034
230184363 230121178
230184363 230082155
229900894 229900900
229900894 229882626
229900894 229900891
230043305 230043311
230043305 230024041
229900891 229669460
229900891 230024061
230116020 229907835
230116020 229946579
230116020 229730874
229718265 230043749
229718265 229718261
229882589 229882608
229882589 229882586
229662226 230118454
230184381 322793876
230184381 230135318
230184381 230043803
230132515 230043749
229669525 230263489
229669525 229669530
229669525 229669520
229669520 230024041
229669520 229669514
229866799 229866795
229866799 229866802
229866795 229669466
229866795 229787461
229616554 322521776
229616554 309942619
229616554 230248380
230247188 230248336
230247188 229633003
229699896 229699885
229699896 230052766
229699896 230287466
229592466 230251924
229592466 229592451
229592466 230251913
229930794 229930786
229930794 229702665
229930794 229930796
229889077 229889074
229889077 230011546
229889074 229889068
229889074 229975412
229889074 229975411
322793211 322793236
322793211 229982180
322793211 229982177
229930798 229906540
229930798 229616472
229930798 230135341
229930798 229649165
230024045 229762247
230024045 230122931
230024045 230122927
229869647 229869646
229869647 940959195
229869647 229869653
229905689 229886469
229905689 229766119
229905689 229794017
229905689 229905645
229882608 229815143
229818498 229951018
230082159 230100764
230082159 230010840
230082159 230100769
230082159 230043772
229888954 229900874
229888954 229888960
229702647 229702640
229702647 229702650
229702640 229702636
230082155 230043772
230082155 230184374
229752304 229752309
229752304 229752301
229752304 229900886
229752304 229787423
229752301 229990785
229752301 229752297
229752301 229787419
229889126 229889123
229787289 229768407
229787289 229773606
229787289 230132438
229669413 229978231
229669413 229669416
229669413 229669408
229752309 229787429
229752309 229888963
229752309 229752317
229669416 229669420
229982173 230043746
229982173 229982177
229982173 229982165
229669550 229669546
229669550 229669555
229794006 229766132
229794006 230100760
229794006 229951347
229794006 229905678
229669555 229762247
229669555 229669559
229669559 229951047
229768401 230132438
229768401 229931342
229768401 229768407
229768401 229768392
229766113 229886469
229766113 229766119
229766113 229766098
369644446 369644447
369644446 369644445
369644445 369644444
369644444 369644443
369644441 446722505
369644441 369644440
369644440 446722504
230031050 229982185
230031050 229786772
230031050 230031054
230031050 229882619
229766119 229905678
229766119 229766132
322520228 229982202
230031054 229882620
230031054 229786775
230031054 229752294
229907832 229907835
229907832 229669202
229907832 229946579
229886469 230189442
229886469 229886471
229971706 230025328
230189442 229766098
230302104 229982653
230302104 230132454
229951353 229951359
229951353 229889066
229951353 229707155
229792342 940959186
229792342 230184392
229792342 229792348
229792342 229869653
229951359 230089029
229951359 229903078
229792348 229792352
229792348 229869658
229608925 230251913
229608925 229608931
229692615 229702656
229692615 229702657
229692615 229692611
229669250 230196812
229669250 229669246
229669250 229787293
230043337 230043326
230043337 230010848
230302081 229982653
230302081 332478026
230302081 332478027
229916990 229967907
229903081 230058105
229903081 229903078
229889068 229889066
229889068 230011542
229889068 229707155
229787429 229787423
229787429 229787461
229787423 229900888
229787423 229787419
229975731 229930782
229882619 229990779
229882619 229882620
229882619 229882618
230043752 229978231
230043752 229787405
229950984 229950986
229950984 230158649
229950984 229950982
229950984 332460808
229950982 229651713
229950982 229893382
230152336 513203142
230152336 513203143
230152336 230230135
229996744 229649665
229996744 230116015
229996744 229953554
229935466 230196812
369644538 446722503
369644538 446722508
229792046 229869619
229792046 230043361
369644531 369644387
229616518 229616513
229616518 229616527
229699885 229699881
230146764 230146768
230146764 230146758
229616513 229616509
230146768 229930820
230100892 229786772
230100892 229982180
513490249 230033899
230119695 230119685
229975411 230011542
229975411 230011546
230146738 229951040
230245645 229636550
230245645 230245613
427852054 427851411
229699856 230213703
229699856 229699853
229699856 229699859
229699853 230100769
229699853 229699851
229699851 322793876
229699851 230043803
229669458 229669420
229669458 229882626
229669458 229669460
230116015 229953556
230043808 230135318
230043808 229869656
230043808 230043803
230043808 322793860
229792059 229869626
229792059 229792063
229669514 229669508
229802899 230224091
230100764 230011546
230122909 229815151
230122909 229951036
230122909 230122907
230100760 230011542
229632979 1359740857
229632979 229632961
230100769 230184374
230122907 229815134
230122907 229982215
230122907 229951033
446722573 446722782
446722573 229967905
230135322 230213703
230135322 229889121
230135322 322793860
229786769 229982185
229786769 229786772
229786769 229982180
229889087 229889094
229889087 229669472
229889087 230024025
369644387 369644386
229869619 230043356
229869619 229869624
229882630 229900900
229882630 229882632
229882630 229882626
229882632 229882638
229617235 229982165
229601924 229601950
229601924 229601919
229982185 229882618
229669420 229882624
229905645 229794023
229905645 229886471
332460447 332460627
332460447 332460448
230230138 230230142
230230138 230230135
229944309 229889094
229766142 229766132
229766142 229951347
229766142 229766147
229931344 229931342
229931344 229793460
229922499 229950993
229922499 229802881
229922499 229869626
229766147 229889066
322793860 229869658
1246409385 230043793
1246409385 230399814
229900814 230120664
229815138 229815134
229815138 229815143
229815138 229882586
229815134 229815130
369644552 940959195
229752348 229815151
229752348 229787356
229815130 229982215
229815130 229982208
230027153 229935388
230027153 229686428
446722779 446722780
446722779 446722777
229787342 229787345
446722776 446722775
446722776 446722777
446722777 446722559
229787345 229669530
229787345 229787352
446722824 446722552
446722824 446722819
446722824 446722808
229636550 229582533
230043368 230043361
230043368 229982208
229616527 229616531
230132454 229773601
230132454 229787293
229582526 230399814
229582526 229582533
229651706 229651713
229787356 229669542
229787356 229787352
229990779 229990785
229990779 229900881
229649665 229953551
230010874 229752330
230010874 230132535
229951030 229982220
229951030 229982215
229951030 229951033
229874778 229906540
229874778 229702668
229874778 229930796
229874778 230255078
230092987 229644494
230092987 230093043
230092987 230320314
229608941 229608934
229608941 229608944
229982649 229768392
229982649 229773592
229982649 230306709
332478026 229808071
446722756 446722503
446722756 446722757
230122931 229762250
230248389 230248380
309942877 309942878
309942877 229608944
229773592 229982653
229773592 229773601
230363997 940959188
309942879 309942882
309942879 309942878
229833787 229833789
229833787 229993929
229833787 230320299
229773612 230196812
229773612 229669246
322520022 322793236
229833789 229833794
229833789 230033899
230004356 230004359
230004356 229953510
230004356 230229868
229686427 229686428
229982208 229982202
229975423 230043319
229975423 229975427
229975423 229893371
230004359 446722559
230004359 230016786
230248336 322521776
229951040 229951036
230287466 230135341
229699881 230052760
229951047 229762247
229951047 229951051
229869658 229869656
229869658 229869661
309943022 229608944
229869656 229869653
229993929 229686417
229993929 230296242
229993929 230033899
229869653 230135318
229888963 229900886
229888963 229896389
229888963 229888960
229888960 229900881
229888960 229896387
229702656 229702650
229702657 229702665
229702657 229930786
229702650 229930779
229752317 229896389
229752317 229752325
229644494 230093009
229669466 229669472
229669466 229669460
229669460 229900888
229669542 229669533
229669542 229669546
229669546 230122927
230320299 230296242
230320299 230016786
229900912 229889094
229900912 229900900
230098137 229651713
230098137 230255078
229768413 229669232
229768413 229931325
229692670 229692674
446722741 446722742
229692674 229930786
229692674 229930782
446722742 446722504
229930796 229702666
229869628 229869626
229869628 229950996
229869628 229792063
230220191 230255078
230220191 230158649
230220191 230052763
229869624 229802884
230024025 229669477
230024025 230010796
229951342 229686417
229951342 229766098
229893375 229975427
229893375 229893382
229792352 229889123
229792352 229869661
229951347 230011542
229951347 229889066
229893371 332460627
229893371 230043322
229787390 229730861
229787390 229978225
229787390 229787395
229787390 229718261
229787385 229978221
229787385 229730861
229608931 229608934
230043326 230010840
230043326 230043322
229617953 229617968
230251913 229632961
230245615 230251924
229787419 229787416
229787416 229787411
229787416 229752297
229787416 229882624
229900881 229900886
229900881 229900874
229787411 229752294
229950998 230224091
229950998 229951003
229950998 229792063
229616480 229616472
229950990 229699870
229950990 229950993
229950993 229950996
229802884 229802881
229802884 229869626
229900886 229990785
230043746 230043749
229815143 229815151
229787285 229931334
229787285 229768407
229787285 229787490
230306709 230132438
230087102 229683437
446722810 446722808
1359740857 527773831
1359740857 229623019
229616509 229616505
230399814 230184392
229616505 229616495
230120760 230093009
230118454 230058105
229953559 229953558
229953559 229669202
229953558 229978221
229752330 229752325
230121176 229975427
230121176 230043430
230010805 230010796
230010805 229944321
229951006 229951003
229931342 229931337
229953551 229953554
229982107 230010796
229982107 229944324
229982107 229669508
229982107 230024041
230296189 229953520
229730874 229730869
940959195 229953520
229669508 229669503
229768407 229669232
229930779 229930782
229669503 229866805
229669503 229669494
229935388 230033904
229935388 229935383
229935388 229833798
229632961 229623152
309942619 229601919
229669482 229669477
229669482 229669494
229669482 229866802
230010796 229669494
229869661 229889121
229951036 229951033
229882620 229990785
229882620 229752297
230184392 940959188
229882624 229900888
229601919 229616531
229649165 229616495
229978231 229978225
229794023 230284889
229794023 229794017
229896389 229896387
229896389 230132535
229931334 229669230
229931337 229787490
229766132 229794017
229762289 229787490
230168847 229792327
230168847 229967910
230168847 230093043
229896387 230350616
230132438 229773601
229792327 229953520
229623019 229930767
229623019 230248380
369644389 369644388
446722780 446722782
446722782 446722775
229982220 229982225
229982220 230146743
229982220 230146758
229669230 229669232
229787352 229669533
229803539 229803535
229950986 229699870
229950986 230052760
229963425 229867354
230010848 230010840
229669246 229773606
230033904 229833794
230033904 230033899
230043777 230043772
229953554 229953556
229903078 229951362
229903078 230043430
229833794 229833798
230132535 230350616
230132535 229752325
229866805 229866802
229967910 230120664
229786772 229786775
229930820 229793460
229699870 229699874
229581257 229581251
229581251 230120664
229768392 229793460
229951051 229762250
229951051 229951053
229907841 229730869
230052766 230255078
230052766 230052763
230098152 229930786
230052760 230158649
230052760 230052763
229702666 229702668
229702666 229702665
229669477 229669472
229930767 229951377
427851411 309942882
446722757 446722758
446722754 446722752
446722754 446722508
229669202 229669207
446722752 446722505
229669207 229907835
229669207 229669211
229669207 229978221
229762247 229762250
229651687 229951018
229951377 229951383
309942882 230135341
527773832 527773831
229787395 229787405
446722508 446722505
230284894 230284889
229944321 229944324
229944324 230043311
229950979 229975427
229950979 229893382
229787405 229787408
940959186 940959188
230263485 230263489
322519832 322519831
230043430 230043319
322519831 229982165
229752291 229786775
229752291 229752294
229752297 229752294
229792063 229792069
230146743 229951033
229766090 229766098
229669211 229730866
229669211 229730869
230043311 230200272
230200272 229683437
229793460 229982225
229730869 229907835
229730866 229978225
229730866 229730861
229730866 229978221
229669533 229669530
229773606 229773601
229773606 229787293
229951383 229702636
229978225 229669408
