369644476 -83.00168421 39.95876269
369644477 -83.00176996 39.95926267
369644474 -83.00023364 39.95892061
369644475 -83.00090872 39.95885607
369644478 -83.0015812 39.95928237
369644479 -83.0015983 39.95938773
229931322 -82.98269602 39.94766396
229931320 -82.98273499 39.94717002
229787443 -82.99091598 39.95061599
1324473617 -82.99744062 39.95637637
230189455 -82.994658 39.964323
229787448 -82.98946499 39.95053602
1324473619 -82.99796248 39.95903184
1324473618 -82.99736519 39.95653931
230189451 -82.99564698 39.96421001
229762292 -82.98596303 39.94942098
229953497 -83.00050203 39.96150902
229792331 -82.99830304 39.95490601
229931328 -82.98265 39.94826604
229617993 -82.98452403 39.95502403
229718255 -82.99675297 39.95128402
229608952 -82.98499501 39.95779903
230152333 -82.98453098 39.96475098
229718251 -82.99848601 39.95108504
229718253 -82.997592 39.95118797
230405022 -82.99942898 39.96024101
229698282 -82.98930297 39.96072498
229669241 -82.98135801 39.94880198
229787446 -82.99012196 39.95057299
229698286 -82.98917699 39.96005099
230399863 -82.9910718 39.95437921
229916984 -83.00135799 39.95660603
230043342 -82.990287 39.95924499
229617979 -82.98390896 39.95566801
230043347 -82.990027 39.95790699
230184448 -82.99505396 39.94739398
229617971 -82.98383604 39.95604796
229889115 -82.993695 39.95953802
230132302 -82.98444004 39.95124497
230043390 -82.98901497 39.95194997
229963417 -82.99926603 39.95038004
230284856 -83.00014102 39.96437798
229916975 -82.99989099 39.956773
229916977 -83.000497 39.95670401
230184434 -82.99594001 39.95198702
230016779 -83.00113897 39.96003699
230043768 -82.99671198 39.96055097
230189459 -82.99075304 39.96477503
229953540 -82.99895004 39.95347396
230043763 -82.99697199 39.96191404
538234046 -82.99626866 39.95363783
229787365 -82.98589002 39.950374
229699992 -82.99972301 39.95748303
230122911 -82.986706 39.95070601
230122910 -82.98669301 39.95088697
229792055 -82.98702904 39.95619398
230123420 -83.00031 39.95118604
229792050 -82.98871104 39.95600203
229792052 -82.98790503 39.95609398
446722755 -82.99859364 39.96025409
230227634 -82.98070397 39.96356402
229967927 -83.00241503 39.95715496
229700000 -82.99870998 39.95760096
229967923 -83.00266598 39.95850202
229930816 -82.98229997 39.95411501
229975409 -82.995996 39.96139101
229787362 -82.98669804 39.95040803
229699862 -82.99015599 39.95857201
229581247 -83.00273396 39.954171
230155800 -82.98862001 39.95533902
230155805 -82.98847802 39.95466604
230010829 -82.99228097 39.96106001
1246409343 -82.99619977 39.95374219
229707160 -82.99254903 39.962397
230196807 -82.98143999 39.94770898
446726910 -83.00162353 39.95714893
446726911 -83.00152051 39.9566554
446726912 -83.00258476 39.95453687
230163095 -82.983814 39.95168803
230163097 -82.98389396 39.95059101
229617257 -83.00072784 39.95297122
229787481 -82.99095797 39.950619
229867348 -82.99938598 39.95097901
446722761 -82.99756367 39.95945152
230083953 -82.98086801 39.95266302
230100566 -82.99914802 39.94978501
229730857 -82.99686797 39.951883
229686424 -83.00091199 39.96360601
229730853 -82.99705003 39.95280098
230177354 -82.98501202 39.957148
229669564 -82.98261999 39.94865504
229930773 -82.98163302 39.96366996
229930770 -82.98163202 39.96379997
229683444 -82.98750597 39.94833997
230100812 -82.99458231 39.95397126
322793428 -82.99433177 39.95282512
229683441 -82.98749901 39.94787804
230100774 -82.99519997 39.95731103
229896384 -82.99190597 39.952588
446726823 -83.0023318 39.95707693
446726824 -83.00223993 39.95658508
446726825 -83.00186501 39.95463536
446726826 -83.00268501 39.95508924
446726827 -83.00230883 39.95716913
229592429 -82.98086298 39.95522201
229669216 -82.99532604 39.94882704
229786777 -82.99420596 39.95079402
229786779 -82.99424603 39.95029102
229762253 -82.98588298 39.94727898
230402208 -82.99147497 39.96115204
229787379 -82.998368 39.95048598
229951368 -82.98439897 39.96407799
230100896 -82.99449204 39.95173598
230135333 -82.98899602 39.95734003
230298418 -82.99487601 39.952114
229951365 -82.98889997 39.96356502
230100797 -82.99468096 39.95464098
229951367 -82.98530899 39.96397498
229692603 -82.98327898 39.96242902
229982198 -82.991466 39.95256696
229752341 -82.98908504 39.95101698
229982191 -82.993205 39.952646
229752347 -82.98810796 39.950963
446722519 -82.99941087 39.96014403
229608954 -82.98501596 39.958053
332460805 -82.98873124 39.96184673
446722511 -82.99833363 39.95965981
446722513 -82.99803297 39.95939821
230043717 -82.99418098 39.94749297
230043715 -82.99432499 39.94824097
229608956 -82.98511696 39.95847201
369644483 -83.00118633 39.95963768
369644482 -83.00125498 39.95994689
369644481 -83.00189024 39.95988109
369644480 -83.00179569 39.95937449
229944313 -82.99119904 39.94757302
369644485 -83.00039667 39.95971664
369644484 -83.00106253 39.95964472
229787476 -82.99158896 39.95064901
229787470 -82.99211401 39.95068296
229608959 -82.98523397 39.95877502
1324473622 -82.99719763 39.95850839
1324473623 -82.9976992 39.9576241
1324473620 -82.99808268 39.95840563
1324473621 -82.99785947 39.95770272
230095910 -82.99021299 39.964842
230296168 -82.99950601 39.95158301
229900800 -83.00109798 39.95527197
230043396 -82.989049 39.951481
229900805 -83.00197004 39.95517197
230296164 -82.99972201 39.95265002
230196925 -82.98843402 39.94791903
230213613 -82.98359397 39.95864803
369644438 -82.99993323 39.95956526
229953501 -83.00024403 39.96014596
369644436 -82.99952931 39.95763868
229651694 -82.98559699 39.962598
229608963 -82.98551602 39.959003
230229873 -83.00148397 39.957277
230320305 -83.001231 39.95593498
229752284 -82.99492999 39.95125896
229889119 -82.99331304 39.95752997
230025197 -82.99985503 39.94887297
229752287 -82.994529 39.951279
427852155 -82.9915686 39.95704968
369644543 -82.99784773 39.96044779
230025193 -82.99899597 39.94898001
229975418 -82.991623 39.96189501
230025199 -83.00102397 39.948735
230025198 -83.00063899 39.94878102
369644549 -82.99792417 39.95647678
229616482 -82.98157502 39.957837
230132460 -82.97942598 39.95060702
230320826 -82.986303 39.95069201
230043789 -82.99555796 39.95454098
230010869 -82.99085697 39.95203697
229628522 -82.99302998 39.95359399
229951021 -82.98693198 39.96304601
229951024 -82.98681799 39.96245601
229886463 -82.997981 39.96251703
427852120 -82.98516021 39.95865834
230184363 -82.99758303 39.96047998
229900894 -82.99281499 39.94834298
230043305 -82.98910398 39.947972
229900891 -82.99286503 39.948576
230116020 -82.99682103 39.94718804
229718265 -82.99496897 39.95148301
229882589 -82.98804602 39.95165803
229662226 -82.99354999 39.96444504
230184381 -82.99691399 39.95711196
230132515 -82.99479496 39.95174997
229669525 -82.988978 39.94894296
229669520 -82.98929903 39.94895503
229866799 -82.99097197 39.94981602
229866795 -82.992631 39.94989296
229616554 -82.98254699 39.95938798
230247188 -82.98680097 39.95428399
229699896 -82.98339901 39.95934498
229592466 -82.98299198 39.95865096
229930794 -82.98175699 39.96176098
229889077 -82.99396498 39.960872
229889074 -82.99410798 39.961606
322793211 -82.9947792 39.95271197
229930798 -82.98202404 39.95808502
230024045 -82.98647097 39.948288
229869647 -82.99843597 39.95557296
229869646 -82.99906998 39.95550004
229905689 -82.997377 39.96401203
229882608 -82.98807703 39.95143398
229818498 -82.988446 39.96361699
230082159 -82.995723 39.95998704
229888954 -82.99243604 39.95260803
229702647 -82.98011003 39.96355899
229702640 -82.98018497 39.96397104
230082155 -82.99744699 39.95978897
229752304 -82.99290098 39.95120599
229752301 -82.993306 39.95122602
229889126 -82.992674 39.95422197
229787289 -82.98127998 39.94984502
229669413 -82.99452598 39.94918897
229752309 -82.99255104 39.95118696
229669416 -82.99433798 39.94918201
229982173 -82.99520601 39.95273099
229669550 -82.98601198 39.948806
229794006 -82.99624503 39.96272096
229669555 -82.98576899 39.94879502
229669559 -82.98409697 39.94872201
229768401 -82.98161701 39.95071598
230121178 -82.99784304 39.96181496
229766113 -82.99811696 39.96323897
369644446 -82.99723812 39.95796658
369644445 -82.9973325 39.95844686
369644444 -82.99741841 39.95848626
369644443 -82.99784748 39.9584337
369644442 -82.99808787 39.9596837
369644441 -82.9993066 39.95956526
369644440 -82.99931524 39.95963106
230031050 -82.99369701 39.95216697
229766119 -82.997261 39.96334097
322520228 -82.99076293 39.95276729
230031054 -82.99379701 39.95170999
229907832 -82.99786299 39.947886
229886469 -82.99824797 39.96391304
229971706 -82.98076801 39.95423697
230189442 -83.00000599 39.96371103
230302104 -82.97996796 39.95094297
229951353 -82.99269697 39.96313
229946579 -82.99770901 39.94708603
229792342 -82.99653898 39.95511296
229951359 -82.99181603 39.96323
229792348 -82.99481298 39.955307
229608925 -82.98348501 39.95732704
229692615 -82.97995497 39.96267201
229692611 -82.98111402 39.96266397
230405034 -82.99810103 39.96041703
229905678 -82.99711297 39.96262097
229669250 -82.98014297 39.94874598
230043337 -82.990415 39.959908
230302081 -82.97952397 39.95208701
229916990 -83.00222501 39.95650503
229903081 -82.99132904 39.96470404
229889068 -82.99422097 39.96222098
229787429 -82.99258901 39.950719
229787423 -82.99290199 39.950734
229975731 -82.98336196 39.962857
229982177 -82.99498397 39.95272102
229882619 -82.99346299 39.95215599
230043752 -82.99475498 39.95032002
229950984 -82.98642404 39.960369
229950982 -82.986663 39.96163903
230152336 -82.98455596 39.96487897
229996744 -82.99782602 39.95239102
229935466 -82.97949002 39.94761501
369644538 -82.99853253 39.95964053
229792046 -82.98963498 39.955896
230089029 -82.99190404 39.963864
369644531 -82.99881752 39.95750013
229616518 -82.98039803 39.95640302
229699885 -82.98535803 39.95910803
230146764 -82.98422404 39.95370598
229616513 -82.980262 39.95652397
230146768 -82.98412798 39.95376901
230100892 -82.99445398 39.95220503
513490249 -83.00111852 39.96290067
230119695 -83.00055199 39.94798298
229975411 -82.99512998 39.96149201
229975412 -82.99243 39.96179904
230146738 -82.98448698 39.95061398
230245645 -82.98953104 39.95416799
427852054 -82.98479979 39.95788863
229699856 -82.99471072 39.95804789
229699853 -82.99533098 39.95797798
229699851 -82.99620102 39.95787698
229699859 -82.99344497 39.95819801
229669458 -82.99367799 39.94914102
230116015 -82.99770599 39.95178803
230043808 -82.99594001 39.956543
229792059 -82.98622597 39.95628601
230043803 -82.996067 39.95721296
229669514 -82.98958603 39.94896601
229802899 -82.98771401 39.95544304
230100764 -82.99584999 39.96065097
230122909 -82.98665999 39.95134496
230100760 -82.99611301 39.96200599
229632979 -82.983556 39.96417497
230100769 -82.99559199 39.95931598
230122907 -82.98662604 39.95185601
446722573 -83.0019666 39.95721389
230135322 -82.99446077 39.95672707
229786769 -82.99406196 39.95268196
229889087 -82.99210001 39.948505
369644387 -82.99929814 39.95744682
229869619 -82.989768 39.95656999
229882630 -82.993393 39.94767704
229882632 -82.993379 39.94758702
229617235 -82.99668701 39.95280299
229601924 -82.98156697 39.95658902
229982185 -82.99371001 39.95266796
229982180 -82.99441501 39.95269604
230122913 -82.98667097 39.950704
229669420 -82.99368201 39.94915804
229905645 -82.99751396 39.96467898
332460447 -82.98895554 39.96126059
230230138 -82.98376999 39.96497997
229944309 -82.99137296 39.94758098
229766142 -82.99551496 39.96353501
229931344 -82.98239804 39.95166498
229922499 -82.98651699 39.95763097
229766147 -82.99453101 39.963647
322793860 -82.99507902 39.95666739
229787461 -82.99256101 39.95071699
1246409385 -82.9959763 39.95383237
229900814 -83.00280403 39.95507801
229815138 -82.98727899 39.95166699
229815134 -82.98726399 39.95186204
369644552 -82.99769996 39.95634653
229752348 -82.98733599 39.95091899
229815130 -82.987224 39.95237703
230027153 -83.00206299 39.96483496
446722779 -83.00188949 39.95848441
229787342 -82.98915 39.95052203
446722776 -83.00252467 39.95842524
446722777 -83.00220657 39.95845491
229787345 -82.98879603 39.95050199
446722824 -83.00271309 39.95798552
229636550 -82.99061197 39.95405198
230043368 -82.98937899 39.95456202
229616527 -82.98069802 39.95630001
230043361 -82.989509 39.95523802
230132454 -82.98000601 39.95063904
230230142 -82.98375599 39.96500503
229582526 -82.996543 39.95364797
229651706 -82.98550404 39.96206399
229787356 -82.98737404 39.95043703
229990779 -82.99321204 39.95214401
229649665 -82.99788403 39.95268397
230010874 -82.99089302 39.95156398
229951030 -82.98508603 39.95228097
229874778 -82.98183503 39.96068802
230092987 -83.00060697 39.95272999
229608941 -82.98445513 39.95698799
229982649 -82.98094202 39.95173296
332478026 -82.98062988 39.95241156
332478027 -82.97947116 39.95229983
446722756 -82.99810439 39.95996466
230122931 -82.98647299 39.94783403
230248389 -82.9825832 39.96256506
309942877 -82.98469552 39.95735638
229773592 -82.98030701 39.95155099
230363997 -82.99724298 39.95434803
309942879 -82.98454959 39.95763927
309942878 -82.98465252 39.95750767
229833787 -83.00240598 39.962022
229773612 -82.98059601 39.94766698
322520022 -82.99441224 39.95309804
229833789 -83.00254897 39.962742
230004356 -83.00087997 39.95870897
229967905 -83.00234798 39.95716401
229686427 -83.00104199 39.96427899
229967907 -83.00209702 39.95583498
229982208 -82.98897901 39.95245297
229686428 -83.00116898 39.96493999
229982202 -82.99082101 39.95253704
229975423 -82.99080601 39.96198696
230004359 -83.00174398 39.95861098
230248336 -82.983973 39.95510902
229951040 -82.98520598 39.95064398
230287466 -82.98357704 39.95835299
229699881 -82.98540698 39.959075
229951047 -82.984132 39.94827299
230119685 -83.00051896 39.94819202
229869658 -82.99494902 39.95597596
309943022 -82.98473844 39.95721162
229869656 -82.99581403 39.95587303
229993929 -83.00153703 39.96212199
229869653 -82.99667502 39.95577597
229888963 -82.99251299 39.95164403
229888960 -82.99247602 39.95210696
229702656 -82.97992798 39.96308901
229702657 -82.97998799 39.96216298
229702650 -82.98014901 39.96310301
229752317 -82.99199297 39.95116098
229644494 -83.00170902 39.95285102
229669466 -82.99269403 39.949094
229669460 -82.99297902 39.94910699
229669542 -82.98749298 39.94887196
229633003 -82.98141903 39.95452799
229669546 -82.98681899 39.94884204
230320299 -83.00226499 39.96129202
229882638 -82.99333399 39.94759196
229900912 -82.99248801 39.94763597
230098137 -82.98320304 39.962037
229768413 -82.98190502 39.94772901
229692670 -82.98180401 39.96266397
446722741 -83.00005276 39.9600634
229692674 -82.981687 39.96267503
446722742 -82.99977808 39.96009617
229930796 -82.98179597 39.96122203
229869628 -82.985771 39.95702596
230220191 -82.98492703 39.96054301
230135318 -82.99680201 39.95644996
229869624 -82.98887298 39.956672
230024025 -82.99140196 39.94851397
229951342 -82.99973902 39.96232098
229893375 -82.98859101 39.96186299
229792352 -82.99292596 39.95552602
229951347 -82.99538303 39.96282297
229893371 -82.99073602 39.961619
229787390 -82.99571102 39.95078396
229787385 -82.99747499 39.95059101
229608931 -82.98376773 39.95699118
229592451 -82.98272913 39.9568662
230043326 -82.99053896 39.96057897
229617953 -82.98498201 39.95744104
230043322 -82.99066503 39.96124801
513203142 -82.98472628 39.96493806
513203143 -82.98442587 39.96498416
332460448 -82.98937606 39.96120141
230251913 -82.98284932 39.96001763
230245615 -82.98402304 39.95540298
229787419 -82.99338596 39.95075596
229787416 -82.99357698 39.95076502
229900881 -82.99280803 39.95212498
229787411 -82.99390799 39.95078002
229950998 -82.98551804 39.95569299
229616480 -82.98179404 39.95776298
229950990 -82.98603201 39.95836497
229950993 -82.98590402 39.95770297
229802884 -82.987971 39.95677501
229950996 -82.98577603 39.95705203
229900886 -82.99279998 39.95166297
230043746 -82.99508397 39.95208802
229815143 -82.98729902 39.95139701
229886471 -82.99837596 39.96457999
230043749 -82.99502102 39.95176003
229787285 -82.98252796 39.94989498
446722819 -83.00279942 39.95833312
230306709 -82.98118199 39.95119199
230087102 -82.98710096 39.94738803
446722810 -83.00273933 39.95760943
230011546 -82.99498498 39.96074904
1359740857 -82.98268126 39.9642738
229616509 -82.98019896 39.95667602
230399814 -82.99629733 39.95380547
229616505 -82.98021204 39.95687702
230120760 -83.00219299 39.95216404
230118454 -82.99246102 39.96456901
229953559 -82.998096 39.94908202
229953558 -82.99825199 39.94988802
229752330 -82.99092403 39.951092
230121176 -82.98876401 39.96284996
229956347 -82.98543799 39.96466397
230010805 -82.99059102 39.94754301
229951006 -82.98578399 39.95520097
229951003 -82.98553497 39.95542896
229931342 -82.98246099 39.95075102
332460627 -82.98904078 39.96181069
446722503 -82.99820203 39.96003012
229953551 -82.99878298 39.95256403
229982107 -82.98993404 39.94843703
230296189 -83.000367 39.95603497
229730874 -82.99597798 39.94728703
229616472 -82.98206603 39.95745998
940959195 -82.99856103 39.95624728
229669508 -82.99003597 39.94898302
229802881 -82.9881 39.95744397
229768407 -82.98169698 39.94986203
229930779 -82.98165096 39.96313302
229669503 -82.99024099 39.94899099
229935388 -83.00194204 39.96417598
229632961 -82.98268403 39.96146804
309942619 -82.9824459 39.95812944
229935383 -83.00138297 39.96424002
369644447 -82.99730676 39.95789416
229889094 -82.99191804 39.94760898
229669482 -82.99099201 39.94902301
230010796 -82.990776 39.94847701
229869661 -82.99305404 39.95619297
230024061 -82.99217603 39.94854901
229951036 -82.98515996 39.95127698
229882620 -82.99350096 39.95169901
230184392 -82.99640898 39.954444
229882626 -82.99352602 39.94836997
229882624 -82.99361504 39.95025397
229882586 -82.988 39.95169197
229601919 -82.98184844 39.95689671
229649165 -82.98192497 39.95808401
230184374 -82.99732101 39.95911599
229978231 -82.99474802 39.95028499
229794023 -82.99664199 39.96477403
230041173 -83.00072599 39.94740798
229896389 -82.991997 39.95161796
229931334 -82.98257297 39.94927798
229931337 -82.98247901 39.95053401
229766132 -82.99639003 39.96343904
322793876 -82.99705346 39.95779903
229762289 -82.98590704 39.95019304
230168847 -83.000971 39.954602
229707155 -82.99255699 39.96243204
369644386 -82.99907493 39.95634812
229896387 -82.99201996 39.95208399
230132438 -82.98122097 39.95069402
229792327 -82.99920904 39.95479998
229623019 -82.98256098 39.96428704
229953520 -82.99946804 39.95614301
369644389 -82.99701499 39.95657837
446722780 -83.00169209 39.95738572
446722782 -83.00200868 39.95735336
229982220 -82.98436402 39.95224702
229669230 -82.98260398 39.94886098
229669232 -82.98180502 39.94882603
229608944 -82.98460114 39.95710643
229787352 -82.98814501 39.95047199
229803539 -83.00276104 39.94863098
229617968 -82.98390997 39.95627101
230043356 -82.98989599 39.95723702
229803535 -83.00284402 39.94869804
229931325 -82.98268898 39.94776304
230251924 -82.98343999 39.956256
229651713 -82.98541896 39.96178202
229950986 -82.98629403 39.95970499
230093009 -83.00238502 39.95303199
230245613 -82.98376496 39.95544396
229963425 -83.00013004 39.95028096
230010848 -82.99201602 39.95972804
230248380 -82.98247004 39.96168002
229669246 -82.98051597 39.948763
229982653 -82.97975497 39.95139198
229900874 -82.99280702 39.95262597
230213703 -82.99457946 39.95737784
230033904 -83.00180801 39.96350199
230043777 -82.99650101 39.959534
229953554 -82.99872498 39.95228399
229903078 -82.99105898 39.963316
230011542 -82.99524699 39.96209702
230122927 -82.986476 39.94867398
230025328 -82.98080196 39.953782
230010840 -82.99214804 39.96039398
229833794 -83.00268099 39.96340602
230132535 -82.99153004 39.95159499
446722775 -83.00233591 39.95731992
229833798 -83.00281099 39.96407196
229982215 -82.98659402 39.95235004
229686417 -83.00064201 39.96222601
229866805 -82.99018198 39.94977604
229967910 -83.00184104 39.95451299
229616531 -82.98102299 39.95633999
229786772 -82.99410597 39.95218902
229866802 -82.99093702 39.94981401
229930820 -82.98232101 39.95382098
229699870 -82.98616403 39.95903896
229581257 -83.00275399 39.95392701
229581251 -83.00270102 39.95404603
229582533 -82.99907987 39.95311597
229768392 -82.98149699 39.95189599
229951051 -82.984174 39.94773203
230058105 -82.99190597 39.96463497
229990785 -82.99329099 39.95169097
229907841 -82.99519997 39.94819496
230052766 -82.983125 39.960066
230098152 -82.98202597 39.96226298
230052760 -82.98550999 39.959794
230052763 -82.98470399 39.95988604
229601950 -82.97950201 39.95548001
229702666 -82.98005798 39.96121599
229702665 -82.98002403 39.96168002
229867354 -83.00024596 39.95086401
229889123 -82.99279696 39.95485597
229669494 -82.990891 39.94901999
229702668 -82.98009897 39.96064804
229951362 -82.98995399 39.96344499
229752325 -82.99155904 39.951121
229718261 -82.99582501 39.95138603
229669477 -82.991609 39.94904899
229930767 -82.98162699 39.964395
229669472 -82.992213 39.94907397
229616495 -82.98081503 39.95763499
230121054 -82.98236703 39.96358698
229900900 -82.992674 39.94764402
230146758 -82.98426896 39.95361503
427851411 -82.9845744 39.95784312
229699874 -82.98613704 39.959046
229808071 -82.98078302 39.95252698
446722757 -82.99782116 39.96030681
446722754 -82.99879958 39.96021469
229669202 -82.99798897 39.94851397
446722752 -82.99929747 39.96017521
229669207 -82.99709303 39.94861799
229787490 -82.98251899 39.95005599
446722758 -82.99771823 39.96031988
230229868 -83.00062298 39.95737004
229762247 -82.98580797 39.94827501
229651687 -82.98591903 39.96390499
229951053 -82.984218 39.94717002
230043772 -82.996585 39.95988302
229951377 -82.98117504 39.96444898
230196812 -82.98022797 39.94764896
309942882 -82.9839751 39.95790598
527773832 -82.9828541 39.96437488
527773831 -82.98281194 39.96433448
229787395 -82.99486403 39.95088102
446722508 -82.99868852 39.95962528
230284894 -82.99478599 39.96499497
230350616 -82.99149098 39.95206203
322793236 -82.99445197 39.9529304
446722505 -82.99920183 39.95957549
446722504 -82.99967331 39.95959301
229889121 -82.99318203 39.95686696
230033899 -83.00168002 39.96283596
229762250 -82.985842 39.94780604
230230135 -82.98379899 39.96496396
229944321 -82.98977504 39.94750303
229944324 -82.98974998 39.94750102
229950979 -82.98681396 39.96243497
230224091 -82.98682 39.95554497
229787405 -82.99485497 39.95082302
229787408 -82.99456597 39.95081003
940959186 -82.99723258 39.95503191
230093043 -83.000713 39.95328797
229815151 -82.98730103 39.95136902
940959188 -82.99709303 39.95436513
230016786 -83.00200599 39.95993499
229953510 -82.99998403 39.95880804
230263485 -82.98894397 39.94861104
230263489 -82.98898798 39.948677
322519832 -82.99598988 39.95296468
230320314 -83.000368 39.95148301
230043430 -82.99092202 39.96259398
322519831 -82.99616942 39.95305579
229752291 -82.99415902 39.95126902
229752297 -82.993536 39.95123801
446722808 -83.00265341 39.9576883
229792063 -82.98564301 39.95635298
230284889 -82.99577497 39.96487997
230146743 -82.98440098 39.95172701
229869626 -82.98637903 39.95695698
229792069 -82.98459703 39.95647301
332460808 -82.98841423 39.96013909
229930786 -82.98172497 39.962239
229953556 -82.99860403 39.95168602
230043793 -82.995421 39.95387898
369644388 -82.99722102 39.95767707
229766090 -83.00056699 39.96296798
229669211 -82.996254 39.94871698
229766098 -82.99988202 39.96304199
230043319 -82.990919 39.96257202
229900888 -82.99302001 39.95022598
230255078 -82.98298402 39.96070604
230043311 -82.98899803 39.94746598
230200272 -82.98834198 39.94743799
229951018 -82.98707296 39.96377398
229786775 -82.99413899 39.95172299
230158649 -82.98570596 39.96045198
229608934 -82.98400024 39.9569222
229793460 -82.98242101 39.95215398
229730869 -82.99613204 39.94808901
229730866 -82.99651803 39.950086
229951033 -82.985123 39.95177998
230024041 -82.98918503 39.94838598
229730861 -82.99663596 39.95068296
230120664 -83.00268602 39.95442498
229669533 -82.98825699 39.94891698
229669530 -82.98890902 39.94894204
322521776 -82.98291789 39.95626086
229683437 -82.98750597 39.94737001
229982225 -82.98377703 39.95222003
230296242 -83.00140602 39.96139201
446722552 -83.00257311 39.95800346
229773606 -82.98050901 39.94980898
229773601 -82.98041304 39.95065597
229889066 -82.99438098 39.96293403
229906540 -82.98188004 39.96007304
446722559 -83.00221278 39.95855558
229907835 -82.99696696 39.94799002
229930782 -82.98165398 39.96305297
230135341 -82.98350797 39.95795501
229623152 -82.98323036 39.96456029
229752294 -82.99388502 39.95125502
229975427 -82.98864499 39.96223004
229893382 -82.98674598 39.96207296
229951383 -82.98050096 39.964525
229702636 -82.98028999 39.96454998
229982165 -82.99610597 39.95276502
229787293 -82.98006603 39.94978903
229882618 -82.993422 39.95265698
229794017 -82.996513 39.96411102
229978225 -82.99559602 39.95018801
229978221 -82.99736099 39.94999204
229669408 -82.995406 39.949224
