82222875 81999973
82222875 82222871
81691109 82052637
81691109 81926838
81691109 81691107
82098336 81778090
82098336 82222855
82098336 82098340
82222871 82222867
82030488 81862691
82030488 82030486
82030488 82030491
82030488 82030518
81849140 81911237
81849140 82191413
81849140 81849143
82030485 81862687
82030485 82030486
82030485 82030481
82030485 82030516
82030486 82030517
82030486 81862689
82030481 82030479
81691105 81713245
81691105 81685597
81691105 81691107
81691107 81685605
81685592 81685593
81685592 81685591
81685592 81778094
81685592 81565224
81685593 82222863
81685593 81877066
81685593 81685595
81685590 81999970
81685590 81999969
81685590 81685591
81685590 81685589
81685591 81999970
81685591 81999485
81835276 81875466
81835276 81875465
81835276 81835274
81685597 81713243
81685597 81685603
81685597 81685595
81835274 81732640
81685595 81877070
81685595 82235834
81849143 82191417
81849143 81911215
81946157 81946161
81946157 81982111
81732639 81833733
81732639 81732635
81732639 81732640
81551149 81597824
81551149 81999962
81551149 81551161
81551149 81862372
81748881 81748880
81748881 82030516
81748881 81748882
81748881 81875549
81748882 81748890
81748882 82030475
81748882 81875543
81913691 81685607
81913691 81999498
81913691 81999506
82091199 82052629
82091199 81965389
82091199 81912267
82098054 81999483
82098054 82098060
82098054 82098328
81911229 81911233
81911229 81862706
81911229 81999961
81911229 81919347
81862366 82228829
81862366 82104560
82091195 82091196
81551161 81551164
82149331 82098060
82149331 81999964
82057460 81926819
82057460 82057446
82057460 81999980
81999489 82235812
81999489 81713241
81999489 81877070
81999489 81999487
81999973 81999975
81999973 81732649
81999973 82057456
81999975 82235834
81999975 81999977
81999977 81926823
81999977 82235834
81875467 81875466
81875467 81748861
81875466 81748862
81875465 81748866
81875465 81732641
81999483 81999485
81999483 1059127174
81785754 81833727
81785754 81785750
81785754 82061126
81999485 81778094
81999485 82057450
81999487 82222855
81999487 81778094
81999487 81877066
81931998 82064216
81931998 81875543
81931998 81911246
81931998 81932000
82030471 81862703
82030471 81686645
81836965 81822038
81926815 81748860
81926815 82030526
81926815 81926817
82030475 81919344
82030475 81862707
82030475 82030477
81926817 81926819
81926817 82030500
82030477 82030479
82030477 82030516
81926819 81926823
81926819 82057456
81551164 81999962
81551164 81920995
81958089 81958093
81958089 81958085
81748875 81748876
81748875 81748873
81748875 81842180
81685585 81685587
81685585 81913699
81685585 81913702
81685587 81898842
81685587 81999506
82241839 82222855
81685589 82068772
81685589 81999969
81875560 81875557
81875560 81748876
81875560 81875462
81965389 81965387
81965389 81965391
81911233 81919350
81911233 81849752
81911233 82191411
81748890 81675937
81748890 81919344
81911237 81911213
81911237 81911235
81623631 81991987
81623631 81623626
81623631 81862095
81911235 81849752
81911235 81919352
81911235 81972472
81981880 81675913
81981880 81972538
81981880 82042162
81862376 81920995
81862376 81862372
81862376 81862380
81862376 82098060
82030521 82030523
82030521 82030491
82030521 81748876
82030521 82030518
82052637 82101429
82052637 81898842
81862372 81999964
81999962 81597820
81999962 81920988
81999961 81862684
81999961 81920988
81999961 82191411
81999498 81685605
81999498 81912271
81822041 81822038
81822041 82205043
81999966 81862691
81999966 81999968
81999966 82098060
81999966 81999964
81999964 81862689
82061127 81833731
82061127 82061128
82061127 82061126
81686642 81675937
81686642 81686645
81999969 81999968
81999969 1059127174
81999968 81862694
81999968 1059127174
81686645 81686634
82101429 81926842
82101429 81898849
81965387 82091196
81965387 81713222
81965391 82205043
81965391 82098342
81982111 81862699
81982111 81999960
81965381 81713222
81965381 81965377
82191411 81849753
82191411 81920995
81785750 81910827
81785750 82061123
82205043 82091196
81675943 81675937
81675943 81675908
81675943 81919344
82061089 82061085
82061089 82222840
82061089 82061093
82191417 82191413
82191417 81921003
81833733 81833731
81833733 81833735
82061118 82057450
82061118 82061085
81732643 81748871
81732643 81732645
81732643 81748866
81732643 81732641
81965377 82061097
81965377 81965375
81932006 81931935
81932006 81932004
81932006 81875460
81919350 81675913
81919350 81919347
81919350 81849751
81919352 81919363
81919352 81849751
81919352 81675916
81623626 81623625
82057446 82052641
81932004 82064224
81932004 81875555
81932004 81932002
81687929 81738373
81687929 81926844
81932002 81875553
81932002 82064222
81932002 81932000
81732635 81833729
81748880 82030517
81748880 81748877
81748880 81875553
82030491 81862694
82030491 82030494
81965375 82098340
81965375 82222851
81820859 81820862
81732649 81732647
81732649 81565226
81732649 81565224
81719771 81958102
81719771 81719768
81719771 81719774
81732647 81732646
81732647 82057452
81732647 82057456
81732646 81732645
81732646 82030500
81732646 82030498
81732645 82030526
81732645 82030523
81932000 82064219
81932000 81875549
81849752 81849753
81849752 81849751
81849753 81972472
81732641 81875464
81732641 81732640
81732640 81833739
82191403 82064216
82191403 82104562
81926842 81926838
81926842 81926844
81996763 82042162
81911213 81919363
81911213 81911214
81849751 81675914
81972472 82191413
81972472 81921001
81713233 81713237
81713233 82098340
81713233 81713226
81713233 81912267
82064224 82061132
82064224 82149354
82064224 82064222
82149354 82061128
82149354 82087298
82149354 82149328
82098060 82098328
81991994 81623625
81991994 81991988
81991994 82087298
82057450 81778090
82057450 82061084
82057452 81999970
81919347 81675912
81919347 81862705
81565226 81999970
81565226 81565224
82052631 82052629
82052631 81912269
82052631 81999506
81862691 81862689
81862691 81862694
81675920 81675918
81675920 81919363
81862699 81862703
82098340 82235812
81912271 81877075
81912271 81912269
81912271 81713241
82030500 82030526
82030500 82057456
81919344 81862705
81958095 81958099
81958095 81958093
82098328 82061084
82091196 81713221
81713243 81877075
81713243 81713241
81713243 81877070
81921005 81719763
81921005 81921003
81921005 81862396
81713241 81713239
82104562 82087294
82104562 82064219
82104562 82149328
81862393 81862382
81862393 81862395
81862393 81921002
82104560 82087294
81713245 81926823
81713245 81926827
81898844 81898847
81898844 81898842
81597824 81597820
81898847 81898849
81705877 82087296
81705877 81862095
81921002 82191413
81921002 81921003
81921002 81921001
81877075 81685603
81898849 81999507
81877070 81877066
81958099 81958102
81991987 82061123
81991987 81991988
81991987 82244098
81920995 81920988
81920995 81921001
81719774 81822033
81719774 81679373
81679373 81919517
82052629 82098342
81911215 81911214
82061085 82061084
81931935 81833739
81931935 82061132
81862687 81862689
81862687 81597820
81862687 81862684
81875549 81875543
81875549 81875553
82030518 82030517
82030518 81748877
82030517 82030516
81910827 82214084
81820862 82214084
81875541 81911246
81875541 81875543
82061097 81713220
82061097 82061093
82061132 82061130
82061093 81958085
82061093 82222851
82222845 82222840
82222845 82222851
81862684 81862707
82061098 81958102
82061098 81713220
82061098 81822033
82214084 82061123
82214084 82244098
81862380 81862382
81862380 81921001
82235812 82222855
82235812 81713239
81685605 81685607
81685605 81685603
81877066 81877064
81958085 81862382
81912267 81912269
81999960 81862703
81999960 81675912
81999960 81946161
81719763 81719768
81875464 81748871
81875464 81833741
82064222 82064219
82064222 82149328
81719768 81862396
82042162 81946161
82042162 81839279
81842180 81875462
81842180 81833741
81875462 81875460
82087296 82087294
82087296 82087298
82087296 82149328
82030523 81748873
82030523 82030494
82087294 82079324
82030526 81748862
81675908 81686634
81675908 81675910
81833729 81833731
81833729 81833727
81875557 81875555
81875557 81875460
81875555 81748877
81875555 81875553
82087298 82061126
81748858 81748860
81913697 81913695
81913697 81913699
82061130 82061128
82061130 81833735
81913695 81685607
81862395 81958102
81862395 81921003
81862395 81862396
81623625 81862095
82098342 82098343
82098343 81999507
81778090 81778094
81926823 81999980
81926827 81926838
81926827 81999980
82064219 82064216
81713220 81713221
81713221 81713222
81713222 81713226
81999506 81999507
81912269 81713239
81686638 81675910
81686638 81686634
81686638 81862703
82052641 81926838
81748862 81748866
81748862 81748861
81748860 81748861
81675910 81675912
81675910 81862705
81675913 81675912
81675913 81675914
81675914 81675916
81675916 81675918
81833739 81833735
81833739 81833741
81675918 81972538
82222863 82222867
82030498 82068772
82030498 82030494
82030494 82068772
81713239 81713237
81822033 81822038
81862097 82244098
81862097 81862095
81748877 81748876
81748871 81748873
82061123 82061126
81862706 81862707
81862706 81862705
