82222875 -96.76423203 32.81078899
81691109 -96.762688 32.81386104
82098336 -96.77017304 32.81004602
82222871 -96.764544 32.810819
82030488 -96.76735597 32.80431003
81849140 -96.776739 32.80580503
82030485 -96.76913502 32.80283004
82030486 -96.76748404 32.80419796
82030481 -96.77048501 32.80169999
81691105 -96.76272304 32.81213403
81691107 -96.76271298 32.81298999
81685592 -96.76688298 32.80890901
81685593 -96.76689496 32.81005499
81685590 -96.76689404 32.80735601
81685591 -96.76687803 32.80795096
81835276 -96.75935804 32.80599303
81685597 -96.76689203 32.81213403
81835274 -96.75855103 32.80527998
81685595 -96.76692698 32.81112603
81849143 -96.77888997 32.80770202
81946157 -96.77881302 32.79841898
81732639 -96.75903299 32.80351702
81551149 -96.77038401 32.80437499
81748881 -96.76765604 32.801529
81748882 -96.76931096 32.800134
81913691 -96.76820396 32.81328998
82091199 -96.77020204 32.81336299
82098054 -96.769691 32.80690297
81911229 -96.77306899 32.80214901
81862366 -96.76210001 32.79742103
82091195 -96.77405897 32.81331597
81551161 -96.77063103 32.80428799
82149331 -96.76995402 32.806404
82057460 -96.75912703 32.81270702
81999489 -96.76855399 32.81113701
81999973 -96.76362602 32.81031399
81999975 -96.76283703 32.81094799
81999977 -96.76252296 32.81120004
81875467 -96.75809002 32.80702501
81875466 -96.75897398 32.80632697
81875465 -96.75984301 32.80563102
81999483 -96.76852298 32.80689601
81785754 -96.75969801 32.80026098
81999485 -96.768498 32.80793897
81999487 -96.76851099 32.81003797
81931998 -96.76754397 32.79859097
82030471 -96.77482198 32.79783099
81836965 -96.77592696 32.81405399
81926815 -96.76007301 32.81011098
82030475 -96.77066204 32.80129397
81926817 -96.76023998 32.81023897
82030477 -96.77058702 32.801371
81926819 -96.76114498 32.81099803
82030479 -96.77056598 32.801558
81551164 -96.77098801 32.80435202
81958089 -96.77399997 32.80927698
81748875 -96.76371503 32.804779
81685585 -96.76657804 32.81341202
82228829 -96.76170799 32.79776997
81685587 -96.76656899 32.81384797
82241839 -96.76933301 32.80941
81685589 -96.76689898 32.80690398
81875560 -96.76351798 32.80320303
81965389 -96.77231302 32.81336399
81911233 -96.77425796 32.80319599
81748890 -96.77088098 32.79884201
81911237 -96.77703899 32.80554603
81623631 -96.76081003 32.79756402
81911235 -96.77592898 32.80460197
81981880 -96.77697504 32.80095199
81862376 -96.77122002 32.80574803
82030521 -96.76588402 32.80527998
82052637 -96.76371302 32.81388501
81862372 -96.76999199 32.80468504
81999962 -96.77067998 32.80414197
81999961 -96.77236097 32.80273197
81999498 -96.76834402 32.81300299
81822041 -96.77472601 32.81459404
81999966 -96.76888298 32.80563504
81999964 -96.76900301 32.80553203
82061127 -96.76171503 32.800336
81686642 -96.77269197 32.79737602
81999969 -96.767348 32.80689601
81999968 -96.76752997 32.806721
81686645 -96.77398303 32.79852702
82101429 -96.76371001 32.81478196
81965387 -96.77231302 32.81329903
81965391 -96.77231302 32.81456001
81982111 -96.77817801 32.79787399
81965381 -96.77231302 32.81126399
82191411 -96.77355204 32.80378901
81785750 -96.75860802 32.79929002
82205043 -96.77351801 32.81456303
81675943 -96.773114 32.79927502
82061089 -96.771388 32.80870097
82191417 -96.77847104 32.808072
1059127174 -96.76772158 32.80689601
81833733 -96.76039697 32.80247498
82061118 -96.77027899 32.80794602
81732643 -96.76208098 32.80613804
81965377 -96.77205 32.81102502
81932006 -96.76356198 32.80193502
81919350 -96.77500403 32.80256299
81919352 -96.77664898 32.80399504
81623626 -96.76102101 32.79756402
82057446 -96.75889502 32.81270702
81932004 -96.764097 32.801471
81687929 -96.76010897 32.81502696
81932002 -96.76422298 32.80137201
81732635 -96.75819002 32.80278796
81748880 -96.76597698 32.80291201
82030491 -96.76603498 32.80541904
81965375 -96.77125598 32.81033897
81820859 -96.75858104 32.79757903
81732649 -96.76531698 32.80890499
81719771 -96.77706397 32.81194301
81732647 -96.76449698 32.80822497
81732646 -96.76356902 32.80745903
81732645 -96.763407 32.80733296
81932000 -96.765866 32.79997298
81849752 -96.77513203 32.80392698
81849753 -96.77438704 32.80452402
81732641 -96.76071297 32.80495401
81732640 -96.75987 32.80424096
82191403 -96.76587698 32.79714401
81926842 -96.76154001 32.81477601
81996763 -96.778522 32.80106598
81911213 -96.77714997 32.80545902
81849751 -96.77583401 32.80330998
81972472 -96.77521098 32.80523497
81738373 -96.75888798 32.81502504
81713233 -96.77020799 32.81219899
82064224 -96.76324598 32.800738
82149354 -96.76241601 32.80002604
82098060 -96.77008897 32.80668496
81991994 -96.761207 32.79817003
82057450 -96.77019601 32.807943
82057452 -96.76485598 32.807943
81919347 -96.77383903 32.80152296
81565226 -96.765564 32.80866703
82052631 -96.76933904 32.81387403
81862691 -96.76811503 32.80497103
81862694 -96.76676404 32.80606302
81926844 -96.76153398 32.81505496
81675920 -96.77901402 32.803887
81862699 -96.77732599 32.79713101
82098340 -96.77018603 32.81113499
81912271 -96.76849004 32.81271004
82030500 -96.76192701 32.80884397
81919344 -96.77221797 32.80003199
81958095 -96.77502197 32.80960697
82098328 -96.77016097 32.806908
82091196 -96.77350401 32.81329702
81713243 -96.76772997 32.812129
81921005 -96.77819301 32.80961997
81713241 -96.76853899 32.81213998
82104562 -96.764227 32.79854596
81862393 -96.77424698 32.80788399
82104560 -96.76256797 32.7971
81713245 -96.76190303 32.81211199
81898844 -96.76578796 32.81466302
81597824 -96.77044201 32.80419201
81898847 -96.76581001 32.81471197
81705877 -96.76122997 32.79721802
81898842 -96.765795 32.81385601
81921002 -96.775199 32.80706499
81877075 -96.76770197 32.81269202
81898849 -96.76587497 32.81477299
81877070 -96.76771102 32.81113198
81958099 -96.77518399 32.81025297
81991987 -96.76054701 32.79777801
81920995 -96.77245099 32.80474396
81719774 -96.77610198 32.81274499
81679373 -96.77739296 32.81389599
81999970 -96.76630496 32.80795498
82052629 -96.77020497 32.81387596
81911215 -96.77925198 32.80739097
81958093 -96.77476599 32.80937404
81991988 -96.76096803 32.79810801
82061085 -96.77048703 32.807886
81911214 -96.778493 32.80670399
81931935 -96.76323701 32.80163997
81862687 -96.76987003 32.80348198
81875549 -96.76661601 32.80063498
82030518 -96.76721096 32.80417198
82030517 -96.76732998 32.80406
82030516 -96.76899496 32.802709
81910827 -96.758517 32.79921299
81820862 -96.75875798 32.79774499
81675937 -96.77181296 32.798107
81875541 -96.76963702 32.79812997
81875543 -96.76829197 32.79924099
82061097 -96.77306496 32.81013897
82061132 -96.76271801 32.80116003
82061093 -96.77230297 32.80946901
82222845 -96.77076204 32.80970798
81862684 -96.77155304 32.80208396
82061098 -96.77451998 32.81139902
82214084 -96.75954202 32.79843901
81862380 -96.77281904 32.80712903
82235812 -96.76939 32.81112896
81685605 -96.76687099 32.81300299
82222851 -96.77137702 32.81023897
81877066 -96.76772896 32.81004199
81958085 -96.77330301 32.808691
81912267 -96.77020204 32.81269897
81999960 -96.776509 32.7993
81862689 -96.76821503 32.80487497
81685603 -96.76687099 32.812674
81719763 -96.77900103 32.810316
81919363 -96.77772203 32.804966
81875464 -96.76157497 32.80428203
81597820 -96.770411 32.80392203
82064222 -96.76336098 32.80064898
81719768 -96.77803401 32.81114304
82042162 -96.77770099 32.80033701
81842180 -96.76242104 32.803643
81875462 -96.763263 32.80298804
82087296 -96.76152501 32.79900202
82030523 -96.76452003 32.80636502
82087294 -96.763177 32.79761297
82191413 -96.77629996 32.80617601
82030526 -96.76174504 32.80869402
81675908 -96.77342698 32.79900998
81833729 -96.75957102 32.80173201
81875557 -96.76430001 32.80254899
81919517 -96.77848596 32.81484399
81875555 -96.76483896 32.80211799
81875460 -96.76407202 32.80237197
81875553 -96.76495799 32.80202202
82087298 -96.76142803 32.79908299
81748858 -96.75790202 32.80962701
81913697 -96.76657603 32.81331496
82061130 -96.76248901 32.800997
81913695 -96.76662599 32.81328403
82061084 -96.77019198 32.80760898
81862395 -96.77644103 32.80978098
81623625 -96.76114204 32.79768699
82098342 -96.77019399 32.81456898
82098343 -96.77018796 32.81482203
81778090 -96.77017497 32.80890801
82222855 -96.76934298 32.81004199
81926823 -96.76187797 32.811754
81778094 -96.76849901 32.80890097
81920988 -96.77126897 32.80365197
81913699 -96.76656899 32.81336299
81926827 -96.76186699 32.81270803
82064219 -96.76504901 32.79924099
82149328 -96.76253 32.79993602
81713220 -96.77385303 32.81083702
81713221 -96.77352496 32.81113097
81713222 -96.77232702 32.81213697
82057456 -96.76285396 32.80962701
81713226 -96.77222099 32.81220201
81999506 -96.768023 32.81387102
81912269 -96.769346 32.81271096
81686638 -96.77474897 32.799301
82064216 -96.76670997 32.797862
82052641 -96.75888899 32.81382902
81748862 -96.76038801 32.807569
81748860 -96.75871297 32.80893701
81748861 -96.75952702 32.80827903
81748866 -96.76123097 32.806864
81686634 -96.77392201 32.79858804
81833731 -96.759739 32.80189101
81675910 -96.77422996 32.79973703
81675913 -96.77628504 32.80153302
81675912 -96.77510897 32.80047204
81921003 -96.77745398 32.80894296
81675914 -96.77709004 32.80225303
81921001 -96.77411103 32.80609697
81675916 -96.77791004 32.80294596
81833739 -96.76125302 32.80318702
81675918 -96.77816502 32.80316196
81565224 -96.76559904 32.80890901
81999507 -96.76801797 32.81480501
81833741 -96.76205902 32.80391197
82222863 -96.76549099 32.81007602
82030498 -96.76417 32.80694203
81833735 -96.76048096 32.80253499
81862396 -96.77720001 32.81043402
82222867 -96.76467602 32.81077399
82222840 -96.77070403 32.80931
81839279 -96.77854304 32.79965204
82235834 -96.76323098 32.81124999
82030494 -96.76469798 32.80650802
81713239 -96.76935597 32.81213998
81972538 -96.77887496 32.80254799
81958102 -96.77543604 32.81061104
82079324 -96.76364697 32.79721701
81913702 -96.76597899 32.81342803
81713237 -96.77002996 32.81213998
81926838 -96.76156499 32.81385702
81833727 -96.75872797 32.80100496
82068772 -96.76516804 32.80690901
81685607 -96.76687099 32.81326702
81822033 -96.77472601 32.81157697
81862097 -96.76106501 32.79720201
81946161 -96.77707503 32.79981498
81862095 -96.761091 32.797345
81822038 -96.77474403 32.813035
81862382 -96.77396401 32.80811701
81748877 -96.76586298 32.80300203
81748876 -96.76450603 32.80411599
81748871 -96.76288397 32.80546204
81911246 -96.76889698 32.79746201
81748873 -96.76321003 32.805197
82244098 -96.76045598 32.79769696
81862703 -96.77565204 32.79854697
82061123 -96.75963003 32.79851604
81862706 -96.772222 32.80141702
81862707 -96.77147198 32.80201599
82061126 -96.76071297 32.79947602
81862705 -96.77300797 32.80076499
82061128 -96.76186498 32.80045402
81999980 -96.76068498 32.81271398
81877064 -96.76771899 32.80941704
