828425475 -83.05616298 42.34734099
1234825281 -83.0470894 42.33412868
1234825282 -83.04728177 42.33405441
829173334 -83.04723349 42.3410787
1234825289 -83.04736399 42.33494926
1234825288 -83.04696141 42.33430461
1289348819 -83.05000287 42.34565891
830544232 -83.06497169 42.34079061
830544233 -83.06493028 42.34071652
830544236 -83.06480053 42.34048459
758695672 -83.05008811 42.35090589
63007124 -83.05002776 42.33822801
828426215 -83.06064696 42.34716966
1131839027 -83.06896952 42.33666269
62971987 -83.06733103 42.34792001
829173330 -83.04636831 42.34159578
1215486787 -83.04655824 42.34088189
831386741 -83.06913758 42.34471116
830544231 -83.06510714 42.3410326
1213955470 -83.05994523 42.33550482
828130360 -83.05928222 42.34305272
828130361 -83.06371289 42.34165906
660518556 -83.06153813 42.3392522
1262273918 -83.04651147 42.3389875
62676154 -83.0526984 42.33962553
1233809667 -83.04751579 42.33964657
1233809660 -83.0484471 42.33833958
1289378265 -83.05339201 42.34569486
1233809668 -83.04798383 42.33928883
63067705 -83.05979469 42.3358406
830391982 -83.05281692 42.34096336
62707290 -83.04816539 42.33588929
62707292 -83.04954002 42.33647477
1215478905 -83.04989206 42.33654183
588172771 -83.0496033 42.33743223
1213954996 -83.05961498 42.33468113
62806947 -83.04648532 42.3369077
62806946 -83.04781603 42.33691834
62806944 -83.0493878 42.33690904
62649299 -83.06577803 42.34979697
62676164 -83.04844232 42.3414589
1215478921 -83.04943491 42.3373428
1215478920 -83.05067736 42.33700057
1215478922 -83.04972828 42.33722478
62649297 -83.063529 42.35050297
1233919875 -83.05140633 42.33830228
1233919874 -83.0509952 42.33939628
1233919876 -83.05107441 42.33920392
1233919871 -83.0509056 42.33948857
828157341 -83.05146769 42.33632272
1233919872 -83.05016833 42.33884559
1215150426 -83.05941189 42.33421786
1289348791 -83.05011803 42.34523713
828459250 -83.06532482 42.34032089
828459251 -83.06688251 42.34259641
828459252 -83.06734243 42.34249742
1215486739 -83.04649647 42.34094341
1215486731 -83.04713257 42.34057771
1215486733 -83.04626538 42.34099798
1215486735 -83.04706711 42.34060378
1215486737 -83.04578216 42.34165378
1233720270 -83.04538268 42.33489319
1233720273 -83.04781754 42.33397327
1233720272 -83.05240244 42.33518697
1233720275 -83.04600059 42.33420361
62752339 -83.06418304 42.33816196
62752337 -83.06375397 42.33740902
1233782879 -83.0500742 42.33698338
62752333 -83.06332498 42.33666303
830389734 -83.04873804 42.35033307
830389737 -83.04888824 42.35028161
1233782543 -83.05108447 42.33683008
830389732 -83.04874776 42.35004993
830389733 -83.0485932 42.35009519
828130275 -83.06466491 42.34584666
830389739 -83.04882923 42.35020232
699766886 -83.04898656 42.33699453
1214021489 -83.05890252 42.33423001
699766883 -83.04883921 42.33715831
1214021482 -83.05930468 42.33424602
1214061552 -83.05932287 42.33468406
62897610 -83.051032 42.34761197
1262258131 -83.04598953 42.3358794
828157237 -83.04989977 42.33694516
828157234 -83.04983674 42.33689697
828157231 -83.04982936 42.33686051
828149353 -83.04651088 42.33396732
828149352 -83.04658288 42.33386289
62838023 -83.06713003 42.33973701
1262232209 -83.04796129 42.33699042
828149357 -83.04710223 42.33410948
828149354 -83.04695194 42.33415382
828149359 -83.04710223 42.33404067
1233782437 -83.05233044 42.33636966
1262232207 -83.04890366 42.33715027
1233782435 -83.05012189 42.33615098
1233782943 -83.0505927 42.33702462
1233782942 -83.05052422 42.33580573
1233782947 -83.05003128 42.33672774
270018676 -83.04614769 42.33856262
270018677 -83.0460083 42.33824947
738200157 -83.05059094 42.33865708
738200156 -83.05030571 42.33828694
738200155 -83.05106586 42.33796138
738200154 -83.05053554 42.3388476
604108268 -83.05077492 42.33366742
738200159 -83.05152393 42.33854351
738200158 -83.05135059 42.33832331
1215150387 -83.05900947 42.33349199
1291994225 -83.0554496 42.34702909
1262209565 -83.04561167 42.34113326
1262209567 -83.04748008 42.34099873
1262209560 -83.04670056 42.34077058
1262209563 -83.0456421 42.34117802
1262209562 -83.04693031 42.34065374
62856318 -83.05525002 42.33596129
830544408 -83.05855987 42.34719103
830544406 -83.05889338 42.34764969
830544400 -83.06118667 42.34947544
1224314079 -83.05201788 42.34173584
1224314074 -83.05215668 42.34159259
1224314077 -83.05234712 42.34157222
1224314071 -83.05185678 42.34150073
63067518 -83.06907999 42.35099399
1234045344 -83.05022851 42.33466252
62938364 -83.052342 42.34960301
830544539 -83.05935389 42.35093322
1234027677 -83.04832649 42.33505094
1234027675 -83.04819933 42.33529477
1234027672 -83.04804603 42.33521941
1234027670 -83.04835188 42.33546919
1254741883 -83.05079001 42.33687241
62856358 -83.06291402 42.34942598
1233931979 -83.04756491 42.33863856
1234090233 -83.05207127 42.33358922
63074708 -83.06609403 42.33593498
830545056 -83.05139401 42.35106121
62604124 -83.05552403 42.33499997
828425553 -83.05348513 42.34943227
828425554 -83.05377321 42.34986838
1262190444 -83.04709669 42.34049968
828425556 -83.05357741 42.34993778
828425557 -83.05452767 42.35047221
63027254 -83.05717099 42.34771499
1234027707 -83.048013 42.33535922
1234027705 -83.04951269 42.33592936
62917038 -83.05339201 42.34464
62565892 -83.06789798 42.33449203
1213955406 -83.06190324 42.33471977
1262273924 -83.0453002 42.34111248
1262273925 -83.04659789 42.33895917
1262273920 -83.04722888 42.34003733
1233809677 -83.04934497 42.33861869
660518558 -83.06075936 42.33790916
62579795 -83.04694599 42.35071202
1234231646 -83.04590621 42.33421777
62852787 -83.045539 42.34644102
828425426 -83.06419888 42.34516831
828425427 -83.06384994 42.34461268
830491601 -83.06043222 42.34041686
62707407 -83.06822202 42.34017999
1291991127 -83.05555387 42.346653
1215478914 -83.04948453 42.33750407
1215478915 -83.05036899 42.33601913
1215478917 -83.05099512 42.3368719
62707409 -83.06804399 42.34043103
1215478913 -83.05003396 42.33648801
62917934 -83.04513608 42.3347134
1214838575 -83.05842484 42.33374973
1224314084 -83.05184269 42.34150668
63057041 -83.06651597 42.33876303
1262232145 -83.04794318 42.33702722
1262232147 -83.04795701 42.33710232
1233720245 -83.04940901 42.33631174
1233720240 -83.04620251 42.3339571
1233720243 -83.04656914 42.33388962
1233720248 -83.0458203 42.33406791
1289348741 -83.04986138 42.3453984
1233667227 -83.04708462 42.3353184
1233965108 -83.04975384 42.33978738
1215472694 -83.0502876 42.33712898
1215472699 -83.04994897 42.3372677
1215472698 -83.05165997 42.3366554
1233919842 -83.05105136 42.33800857
828157353 -83.05111447 42.33630152
1233919847 -83.05185292 42.33895498
828157226 -83.04998644 42.33679127
828157228 -83.04988158 42.3367968
828149340 -83.0464678 42.33342677
1234045137 -83.04992391 42.33472387
1262232211 -83.04667332 42.33717717
1233782447 -83.05120642 42.33575669
1262232213 -83.04767597 42.33700442
1233782445 -83.05095044 42.33681214
1262232215 -83.04895069 42.33695706
62842520 -83.06526698 42.33645398
1233782441 -83.05014419 42.33682522
729545223 -83.05037201 42.350449
830389693 -83.04932268 42.34829133
830389692 -83.04955879 42.34865611
1233782682 -83.05002173 42.3361809
830389697 -83.04945687 42.34893363
62949399 -83.06303899 42.34038602
830389695 -83.04931706 42.34873146
1233782931 -83.05103644 42.33673394
1262258121 -83.04633972 42.33668306
62547375 -83.05840899 42.33730198
1262326439 -83.04703777 42.337522
1262326438 -83.04657869 42.33717667
62547379 -83.05845602 42.33719997
1214021561 -83.05886841 42.33423873
1233782840 -83.05137993 42.33578343
1233782845 -83.05097651 42.33674534
830544411 -83.05834253 42.34657379
830544412 -83.05862097 42.34693287
62856328 -83.05704903 42.33909797
62856325 -83.05664972 42.33841334
62856320 -83.05634931 42.33787396
1224314062 -83.05136208 42.34223188
1224314061 -83.05200472 42.34162863
831005055 -83.04815181 42.33433453
831005057 -83.04931304 42.33578368
1224314064 -83.05230714 42.34158823
831005059 -83.04850108 42.33543592
1262276863 -83.04742811 42.34091894
1224314069 -83.0520561 42.34145077
1262276865 -83.04740054 42.34045064
830391981 -83.05247704 42.34050026
829172246 -83.04776574 42.33787103
829173317 -83.04564612 42.34150441
829172243 -83.04731873 42.3380623
62553623 -83.04501102 42.34644898
1234027664 -83.04807997 42.33534137
1234027667 -83.04788652 42.33507709
1234027661 -83.04818307 42.33518018
1234027660 -83.04823018 42.33526199
1234027663 -83.04827821 42.33549903
62852775 -83.04858096 42.35109499
62852773 -83.04849203 42.35096096
830544258 -83.06444237 42.3409559
1233763011 -83.05115278 42.33590539
62681985 -83.05408997 42.341721
62681987 -83.054455 42.34227002
62681980 -83.05340701 42.34070797
62681982 -83.05393297 42.34148698
62681989 -83.054771 42.342741
828425521 -83.05395024 42.35100228
828425520 -83.05400917 42.35106766
828425523 -83.05362259 42.35111661
828425522 -83.05379459 42.35105576
62938354 -83.05021501 42.34637899
1234027713 -83.04826639 42.33525219
1234027715 -83.04839958 42.33542209
1234027714 -83.04818274 42.33529938
1234027716 -83.04820746 42.33522151
1234027719 -83.0482399 42.33528127
1234027718 -83.04818341 42.33531321
62803943 -83.05602644 42.33729368
827979244 -83.05531758 42.34663087
827979246 -83.05539369 42.34659969
62842397 -83.06636501 42.34060504
1262273939 -83.04728998 42.34001428
1262273938 -83.04633562 42.33878331
1262273933 -83.04601258 42.3387922
1262273931 -83.04707406 42.3404633
1233782513 -83.05056102 42.33691373
1262273937 -83.04643762 42.33886261
1262273936 -83.04597411 42.33872816
62562495 -83.06499801 42.33708103
660518575 -83.06157928 42.33761563
62562497 -83.06572003 42.33830404
62709490 -83.04540003 42.33691499
1213955236 -83.05952672 42.33420428
1213955232 -83.06147627 42.33411962
1233782693 -83.05110391 42.33679261
1233809643 -83.04929409 42.33856019
1233809644 -83.04915328 42.33954062
62863495 -83.04981796 42.34353803
63061472 -83.04940096 42.33675699
828130238 -83.06378037 42.34547123
828130236 -83.0638662 42.34562982
62852790 -83.04595969 42.34707922
62592791 -83.05614328 42.33867971
62852795 -83.04638499 42.34772697
333432043 -83.05198351 42.33576901
1262562968 -83.04685379 42.33706871
333432045 -83.05238241 42.3352692
333432049 -83.05237821 42.33503744
1262562961 -83.04685798 42.33704189
1262562960 -83.0468594 42.33705128
1262562966 -83.04684549 42.33707802
828425519 -83.05383189 42.35113522
828425455 -83.05656003 42.34770778
828425454 -83.05571614 42.34663364
828425457 -83.05653681 42.3478869
828425456 -83.0564452 42.34776
828425451 -83.05596232 42.3460987
828425453 -83.05550726 42.3465245
828425452 -83.05536821 42.34636148
828425459 -83.05737819 42.34712331
828425458 -83.05757634 42.34743562
1215478903 -83.05057468 42.33599097
62707415 -83.06890397 42.34195704
62707413 -83.06804399 42.340469
62707411 -83.06803997 42.34044997
1215478909 -83.04952074 42.33731011
1262326446 -83.04682319 42.33736141
62882533 -83.04861063 42.33526568
1262258133 -83.04648213 42.33665448
62759465 -83.053678 42.33359601
1262326441 -83.047064 42.33737121
1215486712 -83.04542652 42.34120216
1262232174 -83.04692956 42.33706729
1215486718 -83.04660317 42.3408259
1262668280 -83.0467465 42.33575292
1262668282 -83.04527514 42.33513467
1233667233 -83.04495453 42.3339752
1233667232 -83.04961629 42.33639321
333432017 -83.04849178 42.33590447
63044808 -83.06510798 42.33659103
1262232191 -83.04627426 42.33722847
674519731 -83.05784556 42.33582308
674519730 -83.0560002 42.33501414
674519732 -83.05795293 42.3355852
828205277 -83.0521058 42.33358913
828205276 -83.05183188 42.33359022
1233919859 -83.05075917 42.33887392
1233919857 -83.05161538 42.33855658
1233919855 -83.05062749 42.3389678
830491618 -83.06120319 42.34016541
1233919853 -83.0515562 42.33858139
1233919850 -83.0510092 42.33927089
1262232228 -83.04764303 42.33696997
1233782453 -83.05014402 42.33617528
1233782452 -83.0498328 42.33684592
497429050 -83.0666127 42.33952318
62949386 -83.06650901 42.33912303
62949385 -83.06647716 42.33921792
1233782929 -83.04984579 42.33673327
1233782928 -83.05088179 42.3361436
830389684 -83.04823596 42.34655409
830389685 -83.04780463 42.3466856
830389686 -83.04748461 42.34664587
830389687 -83.04785676 42.34720671
830389680 -83.04892931 42.34511618
830389681 -83.04793874 42.3461008
830389682 -83.04887751 42.3457579
830389683 -83.04924229 42.34576577
1233720259 -83.04656017 42.33359517
1233720258 -83.04730121 42.33440654
830545119 -83.05772126 42.3484862
830545116 -83.05636842 42.34899708
1233720252 -83.04743532 42.3343233
1233720251 -83.04590269 42.33424451
1233720255 -83.05014276 42.33593171
1233720254 -83.04557697 42.3346761
62547367 -83.05594656 42.33863973
1262326447 -83.04700466 42.33766852
1262326444 -83.04634626 42.33739636
1262326445 -83.04700558 42.33717432
1262326442 -83.04696309 42.33739041
1262326443 -83.04701028 42.33767724
1262326440 -83.04693777 42.33748563
1291985701 -83.05678567 42.34718651
1262326448 -83.04706434 42.33752192
1262326449 -83.04662437 42.33781939
62555084 -83.05065624 42.3410963
62557331 -83.065083 42.334228
1262209543 -83.0469599 42.34069539
1262209542 -83.04668221 42.34074292
1233782588 -83.0505 42.33607403
830544397 -83.06417708 42.35029963
62856330 -83.05753904 42.33994102
62856332 -83.05780122 42.34044092
62856339 -83.05855802 42.34180097
828157425 -83.05113157 42.33636681
830544398 -83.06050807 42.34976277
63035791 -83.06598297 42.33759803
1262276870 -83.04717473 42.34053019
1262276873 -83.0476214 42.34089731
1234027650 -83.04844576 42.33535822
1234027651 -83.04807763 42.33554002
1234027652 -83.04824267 42.33517432
830544268 -83.06439971 42.34087887
1234027654 -83.04823579 42.33519083
1234027655 -83.04837996 42.3352205
1233931951 -83.05064341 42.33899429
830544261 -83.06549413 42.34063152
1233931955 -83.0495717 42.33765838
1224314129 -83.05199307 42.34159134
1224314127 -83.0521198 42.34169569
830140339 -83.06734033 42.34930294
830140338 -83.06702936 42.34877471
62681995 -83.05584497 42.34434596
62681993 -83.05545303 42.34375898
62681991 -83.05515296 42.34331097
62553502 -83.04674432 42.34909029
1289378284 -83.05343911 42.3458216
1289378282 -83.05352737 42.34564046
1289378280 -83.05220949 42.34545313
62553505 -83.04651507 42.34935834
62842389 -83.06770201 42.34332304
1234027720 -83.04808567 42.33523584
1234027721 -83.0483798 42.33537716
1234027723 -83.04798266 42.33519343
62865893 -83.05179718 42.34651419
827979250 -83.05523653 42.34652903
62865895 -83.05060301 42.34695802
1262273940 -83.04596623 42.33880779
62615818 -83.06513103 42.33892396
62562487 -83.063227 42.33633697
1233809659 -83.04776917 42.33922144
1233809655 -83.04948176 42.33836589
1233809652 -83.04916049 42.34007622
1233809650 -83.04768611 42.33909252
828425622 -83.05534231 42.35096071
828425623 -83.05541196 42.3510043
62863488 -83.05174303 42.34272298
830557842 -83.06420718 42.34599033
830557841 -83.0644241 42.34633943
62715820 -83.05829366 42.34134424
828130245 -83.06492299 42.34472977
828130246 -83.0651001 42.34506681
828130240 -83.06424179 42.34534827
828130243 -83.0643179 42.34549873
830636440 -83.05130223 42.34578447
62991328 -83.06657699 42.344783
333432051 -83.05205777 42.33447334
1213955115 -83.06187097 42.33465632
828425446 -83.05577498 42.34716321
829173691 -83.05683663 42.3336779
829173696 -83.05579233 42.33401208
62819748 -83.0600661 42.35062887
62676159 -83.05018643 42.34069036
828157446 -83.05133928 42.33591821
830491663 -83.05963292 42.34064988
830392002 -83.05204914 42.34168613
830392000 -83.05181612 42.34154934
830392001 -83.05195434 42.34172654
62882524 -83.04686611 42.33352417
1262258124 -83.04586128 42.33596121
828459287 -83.0652322 42.34236348
828459286 -83.06490882 42.34178906
828459285 -83.06624951 42.34137123
828459284 -83.06591692 42.34078826
828459283 -83.06457422 42.34119328
828459282 -83.06560578 42.34023322
828459281 -83.06464018 42.34053463
828459280 -83.06536849 42.3397272
828459289 -83.06559941 42.34299723
828459288 -83.06657682 42.34198176
1215486766 -83.04641508 42.3408948
1215486767 -83.04592222 42.33864183
1262232164 -83.04750338 42.33716988
62887359 -83.06894538 42.33492387
830389730 -83.04886678 42.34928651
1234090224 -83.05210136 42.33410739
1215486768 -83.04577814 42.34107258
62632610 -83.04573799 42.33577597
62632616 -83.04780899 42.33634804
62632614 -83.04648699 42.33608401
63017263 -83.04489837 42.33412641
830140341 -83.06770737 42.34994533
1233667242 -83.04521579 42.3334924
1262232183 -83.04693098 42.337033
490194832 -83.06586419 42.33963341
1262232185 -83.04900089 42.33703711
674519725 -83.0591974 42.33515688
1262239882 -83.04671733 42.33707718
674519728 -83.05601051 42.33445523
1262232074 -83.04768376 42.33708078
828157247 -83.05004067 42.33682924
828157243 -83.05005274 42.33688364
828157240 -83.04996138 42.33694843
1214021475 -83.05891954 42.33346592
1233782460 -83.05082304 42.33614008
1233782462 -83.0511081 42.33689387
1262232230 -83.0465346 42.33685271
62861563 -83.05098204 42.34174204
1262232234 -83.04648113 42.33677258
1233782468 -83.04974672 42.33683234
62908343 -83.04931496 42.34502004
827979383 -83.0549953 42.3507194
1233782664 -83.05040788 42.33606657
830389679 -83.04761042 42.34559973
1233782919 -83.04974219 42.3368569
1233782668 -83.04985987 42.33700308
1233782669 -83.05007998 42.33614151
830545122 -83.05776417 42.34844857
1233720223 -83.04806438 42.33428273
1233720221 -83.04740624 42.3343689
1262326455 -83.04693241 42.33741421
1262326454 -83.0468278 42.33739343
1262326457 -83.04697071 42.33761563
1262326456 -83.0470397 42.33765511
1262326451 -83.0466092 42.33730324
1262326450 -83.04679629 42.33717608
1262326452 -83.04700617 42.33733291
1262326458 -83.04698597 42.33737264
1262283516 -83.04614292 42.33872338
1234027653 -83.04810453 42.3351832
1262283519 -83.04599162 42.33870888
830389787 -83.0499504 42.34697109
1233782867 -83.05049069 42.33693871
830389781 -83.05071751 42.34772043
830544262 -83.06626627 42.3404058
604108303 -83.0505357 42.33583314
830389788 -83.05006297 42.34719313
62856345 -83.05999854 42.34429366
62856347 -83.060438 42.345085
62856341 -83.05919396 42.34289698
62856343 -83.059834 42.34402703
1289378214 -83.05338253 42.34564399
1234027646 -83.04819732 42.33521028
1262563839 -83.04913752 42.33707223
830544279 -83.06641304 42.3422701
1233931947 -83.04687969 42.33914407
830544276 -83.06536421 42.34259809
830544277 -83.06592371 42.34242592
1233931943 -83.04976641 42.33790154
830544272 -83.06622202 42.34031636
1233931940 -83.04714891 42.33884492
1224314138 -83.05201536 42.34158253
1224314130 -83.05202592 42.34173978
1224314132 -83.0522063 42.34179284
1224314135 -83.05186172 42.34153048
1224314136 -83.05199742 42.34170818
828426258 -83.06095902 42.34756554
828426259 -83.06016098 42.34655309
830544388 -83.06312591 42.35131694
62573499 -83.06315198 42.33368804
1289378299 -83.0529854 42.34416844
62573492 -83.06289767 42.33392147
830140323 -83.06671068 42.34823307
1289378297 -83.0530574 42.34538281
830140321 -83.06594826 42.34689716
830140324 -83.06699659 42.3473295
830140325 -83.06478528 42.34806962
62865887 -83.05402903 42.34557198
62615824 -83.06530797 42.33870897
62917044 -83.05597204 42.34840297
62917042 -83.05586098 42.34826702
62835418 -83.06438378 42.34737828
828149350 -83.04684649 42.33371679
829172264 -83.04763858 42.33767606
62838025 -83.068822 42.340427
1213955699 -83.06162957 42.33407344
62908339 -83.05049497 42.34456599
828425479 -83.05649557 42.34765422
828425478 -83.0563991 42.34754324
62994493 -83.04951336 42.33758562
828425473 -83.05605569 42.34711099
828425471 -83.05578747 42.34705156
62991330 -83.06659702 42.34474897
62994499 -83.04666201 42.33882003
1233782530 -83.04999784 42.33693829
62908337 -83.05256597 42.34368203
828425474 -83.05616298 42.34724191
270018177 -83.05080242 42.33943241
270018176 -83.05028098 42.33966316
62553054 -83.06447598 42.33449203
1233763033 -83.05216112 42.3362866
270018670 -83.04747656 42.34029139
62681998 -83.05615703 42.344813
1233919986 -83.05097207 42.33854594
62971977 -83.06738802 42.34802101
1215486777 -83.04578878 42.341605
1215486776 -83.04621056 42.34091483
1215486771 -83.04657693 42.34091357
62806926 -83.04780832 42.33716728
1215472718 -83.05142444 42.33663931
1289348733 -83.05018727 42.34522841
1215472714 -83.04978552 42.33640847
1215472716 -83.0495577 42.33678012
1215472717 -83.05117424 42.33673813
1215472713 -83.04969433 42.33749996
1262253055 -83.04694113 42.33564572
830358223 -83.06881898 42.35053499
1233782719 -83.05095061 42.33677107
1233782716 -83.05003111 42.33616246
828149338 -83.04636353 42.33356432
62861571 -83.04932502 42.34279799
62861574 -83.04813001 42.34322899
1234045161 -83.05026899 42.33521346
1233782474 -83.05004788 42.33614972
1233782472 -83.05051182 42.33606381
62616389 -83.056411 42.34906104
1233782679 -83.05084642 42.336098
1233720239 -83.04773296 42.33401192
1233720238 -83.04564637 42.33419053
1233720235 -83.04962317 42.33627453
1233720234 -83.04683451 42.33344094
1233720237 -83.05164983 42.33583749
1233720236 -83.04797042 42.33432188
1233720230 -83.04743792 42.3342534
1233720233 -83.04578367 42.33411526
1214021263 -83.05958749 42.33433001
830491638 -83.06067714 42.34022743
63071999 -83.05915917 42.34698291
63071998 -83.05907896 42.34697319
830389796 -83.04941932 42.34753008
1291994229 -83.05552939 42.34688861
830389795 -83.04943206 42.34737854
830389790 -83.0497841 42.34802973
62595820 -83.05866498 42.33720299
1291994222 -83.055477 42.34706413
830389798 -83.04928521 42.3476491
62856356 -83.06144802 42.34685701
62856354 -83.06106203 42.34618101
62856352 -83.06075903 42.345647
62856350 -83.06069298 42.345531
1224314033 -83.05198309 42.34153803
1224314034 -83.05194881 42.34146217
1224314037 -83.05203959 42.34157952
1262276857 -83.04761662 42.3402395
1262276855 -83.0476701 42.34087393
1262276854 -83.04738788 42.3409466
62569461 -83.06519004 42.337852
62569463 -83.06559304 42.33857301
62569466 -83.06559203 42.33860402
1262326460 -83.04698873 42.33752234
1262326461 -83.04703777 42.33737172
1262326462 -83.04699033 42.33757598
1233782494 -83.05010311 42.3369626
1233782496 -83.05097961 42.33683989
1262563829 -83.04910206 42.33702286
830544285 -83.06615329 42.34181681
830544284 -83.06511049 42.34214739
830544286 -83.06689751 42.34157943
830544288 -83.06505417 42.34204739
1262563823 -83.04914003 42.3370035
1262563827 -83.04909729 42.33703602
1224314108 -83.05187228 42.3414941
1262247023 -83.04542576 42.33611778
1262247021 -83.04497783 42.3362793
1215150450 -83.05866012 42.33365501
1224314106 -83.05182853 42.34154406
1215150453 -83.05848854 42.33370723
1224314101 -83.05184404 42.34152478
62556390 -83.067341 42.34169703
830544918 -83.05282841 42.35085032
829172079 -83.04658699 42.33783281
829172075 -83.04698136 42.33768889
62573484 -83.06281301 42.33424904
830544913 -83.0517318 42.35123463
62770536 -83.06838363 42.34979286
62871817 -83.06081804 42.339491
828425515 -83.05184739 42.3500667
828425516 -83.05174639 42.34992932
62837979 -83.05583097 42.33512403
828425512 -83.05234879 42.35101561
828425513 -83.0519385 42.3503977
62837970 -83.05229599 42.33365703
828425518 -83.05366333 42.35119138
62837977 -83.05446003 42.33456898
1289378248 -83.05148336 42.34605436
62615838 -83.06747997 42.33801704
62759460 -83.05190548 42.33600672
62615837 -83.06633098 42.33837604
62759462 -83.053304 42.33408501
1289378246 -83.05209667 42.34542237
62759467 -83.05380004 42.33355602
62835426 -83.0675845 42.34644882
62652603 -83.04765836 42.3345818
62835423 -83.06663256 42.34668678
62835428 -83.06897899 42.34601799
1234825276 -83.04706526 42.33414468
1234825270 -83.04701187 42.33415508
1234825272 -83.0470236 42.33421912
62549202 -83.06655201 42.33457903
830636427 -83.04988569 42.3453564
1234027698 -83.04836689 42.33508153
830636420 -83.05046496 42.34598287
830636423 -83.05028232 42.34584029
1234027695 -83.04834057 42.33565309
1234027696 -83.04819204 42.33520458
1234027697 -83.04808567 42.33516493
830636428 -83.05004352 42.34530871
1213955351 -83.06001488 42.33435893
62838899 -83.05942019 42.3363472
1213955595 -83.05951063 42.33446202
828425468 -83.05557692 42.34660656
62991308 -83.06592597 42.34545103
828425464 -83.05697309 42.34654412
828425465 -83.05681727 42.3463303
828425466 -83.05629013 42.34654169
828425460 -83.05710787 42.34723093
828425461 -83.05702246 42.34709431
828425463 -83.0563457 42.34682667
62997661 -83.05987214 42.33596163
1215486744 -83.04609237 42.33837034
1215486745 -83.04651792 42.34097711
1215486747 -83.04740456 42.34107769
62549974 -83.06273196 42.33593799
1233919959 -83.05138488 42.33836749
1233919952 -83.04931438 42.33841392
1233667261 -83.04513508 42.3343741
1233667263 -83.0449521 42.3340042
1233919954 -83.05138152 42.33907391
1233667267 -83.04498579 42.33366834
1233964914 -83.05023823 42.33965369
1233919886 -83.05038081 42.33908632
62886081 -83.06680397 42.33378996
1233919889 -83.05111372 42.33872162
62756774 -83.056468 42.34140199
62756778 -83.05795989 42.34073579
1262232253 -83.04707968 42.33717357
333449244 -83.0479633 42.34075189
333449246 -83.04751981 42.34096613
62616391 -83.05514701 42.349602
334819683 -83.04615557 42.34272599
1233782649 -83.05083963 42.33616154
1214061670 -83.05958187 42.33461172
1233720207 -83.04807327 42.33436831
62737308 -83.054369 42.33440997
1214021526 -83.05981053 42.33567849
830389716 -83.04797629 42.34374766
659609752 -83.06210407 42.334631
1233782807 -83.05013388 42.33616011
1233782803 -83.05052967 42.33702772
1233782800 -83.04962761 42.33753223
1350410511 -83.05611738 42.34815898
62573452 -83.06720404 42.34022902
62837817 -83.06715601 42.34001503
62837813 -83.06695141 42.33979903
63035583 -83.06749297 42.34168496
1224314027 -83.05201888 42.34156678
831005014 -83.04785844 42.33511246
1224314025 -83.05182828 42.34153149
831005016 -83.04780287 42.33501297
831005011 -83.04804946 42.33527289
831005010 -83.04795743 42.33539401
831005013 -83.04799783 42.33517474
831005012 -83.04795223 42.33523098
62554827 -83.06530504 42.33420001
1234045319 -83.04954387 42.33344991
1291985737 -83.05672423 42.34721048
1262254848 -83.04796397 42.33614863
1262254849 -83.04791628 42.3362099
1262563818 -83.04911656 42.33701004
830544297 -83.06684907 42.34149218
830544295 -83.06609989 42.34172159
62729387 -83.04783598 42.34266296
830544298 -83.06479458 42.34158622
1262254843 -83.04780949 42.33619096
62729383 -83.04784302 42.34261099
1262254845 -83.04671607 42.33579173
1262254846 -83.04660509 42.3359333
1262254847 -83.04685379 42.33581553
1224314113 -83.05216992 42.34140283
1224314111 -83.05210857 42.34167943
1224314110 -83.0518442 42.34148447
1224314116 -83.05178193 42.3414009
1224314115 -83.05191461 42.34145781
1215150448 -83.05945061 42.3342451
1224314118 -83.0520856 42.34162176
1215486791 -83.04746508 42.34101944
62556383 -83.06596997 42.339808
62971992 -83.06825496 42.34762396
1215486797 -83.04583538 42.34119378
1233809627 -83.04966734 42.33829071
62553061 -83.06416661 42.33454224
830544387 -83.06274462 42.3508188
62573477 -83.06287998 42.33444702
830544452 -83.06153963 42.35132943
62837968 -83.05120181 42.33366658
62837966 -83.04971294 42.33368804
1233783041 -83.0510501 42.33673796
1289378251 -83.05227344 42.34547199
1289378252 -83.05218434 42.34538272
1289378256 -83.05082882 42.34507041
1233822276 -83.04775719 42.3391719
1234825268 -83.04696962 42.33413957
1233822272 -83.04777328 42.33918078
62728120 -83.05563592 42.33662313
1234825266 -83.04709946 42.33406916
1233809684 -83.04784 42.33845223
1233809685 -83.04909829 42.3395842
1350410517 -83.05609743 42.34824263
1350410515 -83.05613356 42.34829216
1350410512 -83.05611076 42.3482723
1233809689 -83.04727171 42.33917676
62649307 -83.06786001 42.34878653
62549212 -83.065643 42.33447401
830636437 -83.05066889 42.34589561
828130276 -83.06561818 42.34491124
1289348804 -83.05021241 42.34524693
830636432 -83.05046756 42.3457278
830636430 -83.0502099 42.34534199
1213955347 -83.06193006 42.33446789
828130278 -83.0644412 42.34546294
1213955343 -83.06190467 42.33442263
830636439 -83.05091557 42.34594322
1262190439 -83.04532233 42.34114567
1213955588 -83.06232896 42.3340757
62871821 -83.06159202 42.34084602
1213955581 -83.06033683 42.33425583
62991318 -83.06571298 42.34507804
62908350 -83.047653 42.34566502
1233782392 -83.05234611 42.33624896
1233782390 -83.05096016 42.3368258
1233783007 -83.04984906 42.33681977
1233782399 -83.0500172 42.33680627
1213955769 -83.05908147 42.33345871
830392055 -83.05300811 42.34254629
830392054 -83.0532817 42.3416661
830392057 -83.05292228 42.34182469
830392056 -83.05348538 42.34197908
830392051 -83.05311171 42.34135731
830392050 -83.0519219 42.34227907
830392053 -83.05320123 42.3415273
830392052 -83.05300267 42.3412061
830392059 -83.05213346 42.34255567
830392058 -83.05247394 42.34204136
62801172 -83.05062103 42.34852401
62801170 -83.051436 42.34822896
1215486755 -83.04582667 42.34114969
1215486753 -83.04545661 42.34124541
1215486751 -83.04643729 42.34093227
830491589 -83.06023851 42.34012031
333432005 -83.04689326 42.33358352
333432000 -83.04634542 42.33370078
1385118020 -83.05200254 42.34017748
62549963 -83.06237598 42.33542401
1233667276 -83.04496392 42.33533391
1233667275 -83.04497331 42.33523232
62549968 -83.06242803 42.33559098
1262239853 -83.04671087 42.33705991
1262239857 -83.04671037 42.33704457
62882281 -83.05859599 42.34695198
1233919891 -83.05036186 42.33829968
1233919890 -83.05058331 42.33811268
63027510 -83.05727501 42.34784801
62715812 -83.05663002 42.33931498
62715814 -83.05722597 42.34007597
830461139 -83.04514622 42.34584943
1262232265 -83.046574 42.33704164
588172738 -83.05216791 42.33632716
1262232069 -83.04899503 42.33707743
333449252 -83.04681506 42.34161514
1214061665 -83.0592176 42.33464651
62859421 -83.06222469 42.34359981
831004998 -83.04724547 42.33526602
1233720212 -83.04634232 42.33380237
62737310 -83.05564699 42.33400404
831004997 -83.04760858 42.33479411
1233720219 -83.04512871 42.33372224
1262283529 -83.0459581 42.3386544
1262283527 -83.04622917 42.33816347
1262283526 -83.04615876 42.3385803
1262283525 -83.04593471 42.33866261
1262283524 -83.04670249 42.33911867
1262283523 -83.04617024 42.33859849
1262283522 -83.04614627 42.33870813
828425555 -83.05401989 42.35017373
62604122 -83.05485951 42.33527507
62871736 -83.06516204 42.34871796
1233782816 -83.05080418 42.33611594
1233782811 -83.05051911 42.33602584
852759939 -83.06891043 42.33675179
828157295 -83.04949291 42.33687467
828157299 -83.04939191 42.33689018
831005008 -83.04797931 42.33547447
831005009 -83.04802071 42.33542049
831005007 -83.04809179 42.33552158
831005001 -83.04803287 42.33559827
1214021336 -83.05936738 42.33436261
1234045323 -83.05021669 42.33506871
62986390 -83.05063402 42.35017901
62986392 -83.05072698 42.350321
831005015 -83.04790479 42.33505404
831005017 -83.04788216 42.33491322
1233931996 -83.04678883 42.33876563
1233789431 -83.04986649 42.33822692
1233931990 -83.04709854 42.33883528
1233931991 -83.05041576 42.33870159
1233789434 -83.04984353 42.33822131
1233789435 -83.04961529 42.33796851
62553493 -83.04836898 42.350767
1262254850 -83.04783128 42.33612709
62681957 -83.04941789 42.33493837
828426049 -83.05681241 42.34993644
828426048 -83.0566876 42.34989881
1215108183 -83.05970643 42.33508748
828426046 -83.05656162 42.34961332
828426045 -83.05669213 42.34947728
1213954993 -83.06165639 42.33497357
62573462 -83.06348658 42.33542108
830140370 -83.06320998 42.34994432
830544938 -83.05301943 42.35113262
830544930 -83.05222541 42.34995907
62837998 -83.05993601 42.33681197
830544339 -83.06545876 42.34275927
62865852 -83.047668 42.34811296
830544330 -83.06631271 42.34309664
1289378266 -83.05346334 42.34565446
1289378267 -83.0521141 42.34539311
830544335 -83.06745877 42.3427648
1289378263 -83.05214067 42.34546947
1262239283 -83.04921212 42.3369911
1262239282 -83.0491257 42.33710593
1262239281 -83.04923458 42.33702286
1350410509 -83.05619022 42.3483101
62581156 -83.05457796 42.34882902
62581155 -83.05467402 42.34895903
62605850 -83.05865802 42.34854597
62605851 -83.06167601 42.34726002
831386622 -83.06886827 42.34408219
62949404 -83.06399402 42.34014797
1262190428 -83.04602884 42.33889689
828425482 -83.05730987 42.34653456
828425480 -83.05639373 42.34770577
828425481 -83.05658953 42.34795999
1213955395 -83.06158129 42.33482689
1233809748 -83.04978376 42.33969602
1233809741 -83.04927532 42.33879211
830358230 -83.0691618 42.35113782
490194835 -83.06574433 42.33962352
828130627 -83.05880764 42.34637916
828130624 -83.05791706 42.34675182
1213955717 -83.06043591 42.33443353
62555090 -83.05083804 42.3410942
1233809691 -83.04832749 42.33824059
1213955718 -83.06195504 42.3345155
830392046 -83.05369468 42.34225292
830392047 -83.0516992 42.34198721
830392045 -83.05378587 42.3423639
62803940 -83.05395594 42.33818367
830392048 -83.05159752 42.34184992
830392049 -83.05180137 42.34213021
62929777 -83.05428904 42.334602
829173702 -83.05709412 42.33412214
62577909 -83.06455301 42.33668398
831302957 -83.06692484 42.35092534
333432018 -83.04859898 42.33599717
830491595 -83.06015578 42.33968739
62914683 -83.06307201 42.33762804
1233667281 -83.04563497 42.33470158
1233667285 -83.04523147 42.33451894
1233919974 -83.0518732 42.33889496
1233919977 -83.0517567 42.33891558
1233919972 -83.05109109 42.33928631
1269809987 -83.04923441 42.33690987
674519729 -83.05606458 42.3346414
1233782728 -83.04994872 42.3367844
1233964930 -83.04981427 42.33986014
62882298 -83.065298 42.34408696
1262232096 -83.04897407 42.33711104
1262232093 -83.04749542 42.33692027
62609954 -83.04557027 42.33478028
63027508 -83.05369434 42.34936932
1233965186 -83.05021141 42.33962
62715802 -83.0543058 42.3363586
830545072 -83.05053931 42.35038873
1233965183 -83.04982416 42.33982527
1233965180 -83.05021937 42.33958387
62715804 -83.05480687 42.3370092
1262254844 -83.04673677 42.33595769
62715808 -83.05576392 42.33819809
1262232070 -83.04800764 42.33714691
1262232075 -83.04709971 42.33692261
1233782623 -83.05009239 42.33675866
1262232076 -83.04801216 42.33694944
831302961 -83.0667893 42.35092173
831302960 -83.06656668 42.35099499
1215492373 -83.05159006 42.33804956
1214061657 -83.05928264 42.33468213
62859432 -83.05883203 42.34441696
63046968 -83.05116996 42.34558498
270018681 -83.04491329 42.34138648
1214021503 -83.05892632 42.33360129
62986257 -83.046834 42.34444001
1233782532 -83.05048189 42.33599549
830389740 -83.04924229 42.35007139
830389743 -83.04956407 42.34987718
830389742 -83.04933349 42.34996041
830389745 -83.04951512 42.34977299
63017199 -83.04562299 42.33564303
270018175 -83.04962954 42.33993993
830389749 -83.05150608 42.34931819
830389748 -83.05118421 42.34943319
270018179 -83.05027142 42.33876546
270018178 -83.05051081 42.33905363
828157283 -83.05066629 42.33708279
1214021431 -83.05895516 42.33416648
62569457 -83.064767 42.33712596
1262232231 -83.04694741 42.33699939
62547464 -83.06139496 42.33560104
62861565 -83.04914297 42.342525
62547392 -83.05801496 42.336874
62547390 -83.05807598 42.33685799
1233789420 -83.04898698 42.3402084
1233789422 -83.04958394 42.33990984
1233789425 -83.049954 42.33833631
1233789427 -83.05015173 42.33895782
1233789429 -83.0502006 42.33880527
1289378300 -83.0521742 42.34547031
1233782503 -83.05052296 42.33691859
831005109 -83.04688438 42.33572601
828426050 -83.05697921 42.34990249
62681961 -83.05019582 42.33600211
62681968 -83.05133224 42.33766768
1233782506 -83.05079529 42.33573808
62573456 -83.06488301 42.33642817
830140367 -83.06088627 42.35028253
62553005 -83.06554199 42.33659798
827979387 -83.0547539 42.35039233
830140362 -83.06320001 42.348566
830140360 -83.06227557 42.34969563
830140361 -83.06280103 42.34787391
830140368 -83.06129161 42.3507779
62837986 -83.05795503 42.335983
62837984 -83.05654796 42.33541496
62865843 -83.04890299 42.347573
62837988 -83.05885801 42.336371
62865845 -83.04772701 42.34801103
62865847 -83.04768896 42.34804599
1289378272 -83.05400514 42.34558213
1289378276 -83.05333744 42.3456071
1289378274 -83.05363659 42.34531919
1289378278 -83.05372686 42.34547719
830544327 -83.06576076 42.34327031
62562474 -83.067556 42.33528203
62562475 -83.06039601 42.33627997
62728108 -83.05807699 42.33630403
62728104 -83.05585302 42.33701398
1262239273 -83.04919661 42.33698112
1262239271 -83.04921421 42.33708313
830389678 -83.04723709 42.345028
1233931981 -83.04709158 42.33899328
1291994232 -83.05551791 42.34689356
1233931984 -83.04704431 42.33898364
1262253062 -83.04790286 42.33609758
1262253061 -83.04710642 42.33566181
1233809598 -83.04929141 42.33921641
62871734 -83.06369202 42.34615201
62871732 -83.06297302 42.34488601
62871730 -83.06150317 42.34235476
1262253067 -83.04691238 42.3357313
1233809596 -83.04934237 42.33886948
1233809597 -83.04923324 42.3395226
1262253065 -83.04692369 42.3356997
62949419 -83.06670498 42.33911004
1262253068 -83.04787562 42.33599667
63074776 -83.06197901 42.33713702
1289378259 -83.05326854 42.34543326
828130630 -83.05846591 42.34595026
62916359 -83.06803603 42.34223004
828157415 -83.05142536 42.33639573
63029800 -83.06622202 42.33580598
63029802 -83.06704898 42.33726401
758695663 -83.04974118 42.35089122
62893486 -83.065357 42.33600203
831350996 -83.051766 42.33616539
62914693 -83.06472199 42.33711003
1215478918 -83.04976138 42.33635013
1213955637 -83.0594999 42.33471583
1233919962 -83.0502524 42.338312
1233667292 -83.04822884 42.33580464
1269809991 -83.04923953 42.33715479
1262239876 -83.04683929 42.33698799
1262239877 -83.0467491 42.33699487
1262239872 -83.04674801 42.33710593
591031993 -83.0461596 42.33806096
1262239879 -83.04676812 42.33698724
1233782755 -83.05101607 42.33570917
1233782752 -83.0503964 42.33603112
1233782750 -83.05003338 42.33621543
1215478911 -83.04969936 42.33631937
758696043 -83.0495194 42.35105652
62609962 -83.04507942 42.33540373
62676306 -83.06047899 42.33663
758696047 -83.04976616 42.35092961
830545060 -83.05180162 42.3513467
828157430 -83.05114063 42.33624117
828157432 -83.05120844 42.3361944
1233782634 -83.05040319 42.33601653
1215492366 -83.05197613 42.3379903
1215492364 -83.05186843 42.33797111
63046971 -83.051406 42.34594104
62986246 -83.045784 42.34430799
852759950 -83.0688085 42.33751706
1262239874 -83.04671892 42.33702152
830389750 -83.05137197 42.34909222
1233782526 -83.0501358 42.33621342
830389759 -83.04763297 42.34858469
1214021429 -83.05964482 42.33572694
1214021422 -83.05878878 42.33422373
270018188 -83.0480265 42.34062457
270018189 -83.04917557 42.3401245
270018182 -83.04919267 42.33787363
270018180 -83.04995073 42.33835341
270018181 -83.04963222 42.33796088
62554824 -83.06537402 42.33423596
270018184 -83.04712519 42.33876236
270018185 -83.04700189 42.33909956
1214021353 -83.05850539 42.33373758
828149333 -83.04570614 42.33421568
828149332 -83.04511597 42.33396632
828149335 -83.04624702 42.33351411
62547380 -83.05845199 42.33715597
62547382 -83.05833599 42.33694701
62547386 -83.05822602 42.33687098
830389786 -83.04962853 42.34706631
831005118 -83.04682747 42.33589248
1224314149 -83.0537484 42.34121356
62682909 -83.04887592 42.34999101
1233789411 -83.05014846 42.33890653
831005111 -83.04796271 42.33589826
830389782 -83.05020831 42.34789872
831005114 -83.04670568 42.3360488
831005116 -83.04676318 42.33588049
62681970 -83.05177312 42.33832063
62807073 -83.04574193 42.33742838
63025260 -83.06031328 42.33582618
62681976 -83.05301909 42.34009449
830140359 -83.06187634 42.34917218
830140358 -83.06133989 42.34939028
62553033 -83.06570703 42.334889
830140357 -83.06407566 42.35004842
62553037 -83.06542498 42.33465699
830140355 -83.06357384 42.34921459
62557022 -83.06866199 42.33447703
830544952 -83.05267519 42.35006653
827979238 -83.05487979 42.34656046
62865839 -83.04972098 42.34727896
827979235 -83.05516981 42.34643884
1233783010 -83.05061969 42.33693636
1289378206 -83.05328036 42.34537191
1289378207 -83.05359627 42.34564399
830544318 -83.06651002 42.34243531
830544317 -83.06680397 42.34294208
1289378209 -83.05210748 42.34545137
62728117 -83.05347406 42.33759074
1262239263 -83.04917021 42.33710417
1262239264 -83.04923483 42.33705253
1262239269 -83.04913048 42.33696947
1233763042 -83.05145252 42.33660159
1233763041 -83.05030042 42.33714666
1233763047 -83.05157841 42.33660251
1233763044 -83.04967304 42.33743106
1350410527 -83.05655089 42.34967057
62871728 -83.06080697 42.34109102
62609960 -83.04532929 42.33506024
1235415297 -83.04517749 42.33491968
830636434 -83.05049723 42.34580048
828130277 -83.06519129 42.34524517
1234027685 -83.04812381 42.33522712
62949421 -83.06790703 42.338772
62729377 -83.04883074 42.34204773
830544307 -83.06575028 42.34109622
1234825300 -83.0470842 42.33405399
1234825302 -83.04591451 42.33432079
62744040 -83.05867571 42.33368267
1234027689 -83.04801602 42.33525847
591032036 -83.044992 42.33851308
1213955042 -83.06232309 42.33413823
583128825 -83.05975999 42.35062367
583128826 -83.05797213 42.35137293
1233720249 -83.04719996 42.33440586
1215486785 -83.04715604 42.34104567
62971985 -83.06843903 42.34794398
1215486781 -83.04631692 42.34105037
1215486783 -83.04709728 42.34064519
1215486789 -83.04603672 42.33839272
333432035 -83.05112998 42.33571923
1233919912 -83.04923517 42.33839783
1233919913 -83.05059941 42.33798443
1262239863 -83.04678514 42.33711783
1262239865 -83.04682889 42.33711607
758696037 -83.04947648 42.35117537
830392064 -83.05138379 42.34156862
830392060 -83.05239657 42.34146779
830392061 -83.05215056 42.34141104
830392062 -83.05205459 42.3412854
830392063 -83.05188427 42.34172578
63027256 -83.05360499 42.34923454
1289348698 -83.05014888 42.34522623
830545054 -83.05103988 42.35055771
828157421 -83.05116996 42.33640562
1233919820 -83.05103476 42.3379183
1233919827 -83.04918303 42.33853722
1233919824 -83.05092152 42.33943191
830545058 -83.05158168 42.35099382
1215492391 -83.05206222 42.33811192
1214021292 -83.05934768 42.33520877
1289378229 -83.05357733 42.34529991
62986276 -83.05248693 42.34970317
852759947 -83.06864221 42.33723962
852759942 -83.06908754 42.33708087
1234027642 -83.04811048 42.33555502
830389764 -83.04839471 42.34849752
830389762 -83.04802851 42.34867446
830389760 -83.04774562 42.34877898
1233782518 -83.05060251 42.33692412
1233782519 -83.05026539 42.33610278
63020281 -83.06226802 42.33903402
62859256 -83.04530699 42.34811899
63020284 -83.06275803 42.33888096
1262209533 -83.04679897 42.34076806
830544270 -83.06545616 42.34056179
1214021366 -83.05849943 42.33372693
828104062 -83.0687474 42.35040901
1234027649 -83.04796531 42.33569257
1234027648 -83.04818902 42.33515789
62547447 -83.06262467 42.33375182
1233782992 -83.05047804 42.33608317
1233782995 -83.05094633 42.33678373
62593603 -83.05193884 42.3404431
831005165 -83.04697951 42.33342149
831005167 -83.04846529 42.3341156
831005166 -83.04776096 42.33440913
1215150375 -83.05892272 42.3335727
830140344 -83.0691665 42.35021087
62553024 -83.06586797 42.33522796
830140340 -83.06546832 42.34925449
62553020 -83.06587601 42.33538998
830140342 -83.06614013 42.35043324
830140343 -83.06887472 42.34963637
830544945 -83.05253521 42.35013409
830544942 -83.05318573 42.35107311
830544948 -83.05238098 42.34991146
1233783008 -83.05039589 42.33604402
62653049 -83.06604851 42.33951162
1234027659 -83.0483062 42.33556483
830544300 -83.06584248 42.34126159
829172081 -83.04706233 42.33853219
1289378216 -83.05214796 42.34537962
830544304 -83.06469953 42.34141716
1289378213 -83.05340642 42.34564709
1289378212 -83.05364606 42.34527543
829172088 -83.04745988 42.33838232
1289378219 -83.05311959 42.34535623
1235340517 -83.04498663 42.3342674
1233763038 -83.05214947 42.33635994
1233763037 -83.05147917 42.33666596
1233763034 -83.05120131 42.33678473
1233763032 -83.05085782 42.33590338
1233789406 -83.04908589 42.34034067
1233763030 -83.05114716 42.3367124
1262253058 -83.04788719 42.33587169
1262253059 -83.0478742 42.335911
1262253056 -83.04705613 42.33572367
62871751 -83.05925397 42.339981
1262253054 -83.04784428 42.33608929
62871753 -83.060021 42.34133502
62949436 -83.06392898 42.34003398
62882270 -83.061186 42.34543704
62744031 -83.05594103 42.33452296
1233932028 -83.04910684 42.33776324
1233932022 -83.0474577 42.33861811
1233932025 -83.04673803 42.33893469
830140322 -83.06633752 42.34757912
1233809714 -83.05002357 42.33874057
1233809710 -83.04897013 42.34009139
828425581 -83.05453044 42.35016963
828425580 -83.05419231 42.35010936
63074753 -83.063559 42.33659798
829173287 -83.0472557 42.34091818
1289378296 -83.05221284 42.34540099
829173289 -83.04674608 42.34078583
1233763020 -83.04975543 42.33639212
1289378293 -83.05370951 42.34510453
1289378292 -83.05368411 42.34536143
1233782934 -83.05007529 42.33623362
1213955057 -83.05908147 42.33342703
1215486799 -83.04634249 42.3410958
1233809629 -83.04741378 42.33878616
1233809622 -83.04875413 42.33821427
1233809623 -83.04732259 42.33925806
1233809620 -83.04796908 42.33926896
830389694 -83.04908128 42.34839048
1233809626 -83.04849169 42.33956182
1215486796 -83.04724363 42.34093361
62871575 -83.06002896 42.33972502
62871571 -83.05926797 42.33838702
829173591 -83.0484994 42.34130099
62649301 -83.06800099 42.34909398
829173594 -83.04955368 42.34084761
1254722651 -83.04835188 42.34111357
1262244528 -83.04555082 42.33560129
1254722659 -83.0510418 42.33863244
1262244524 -83.04616924 42.33726803
1262244523 -83.04531738 42.33594998
1233919905 -83.05054249 42.33867762
1262232113 -83.04768929 42.33704373
1262232118 -83.0476416 42.33713183
1233919909 -83.04926233 42.33855382
1233782770 -83.04995727 42.33701624
830389810 -83.04773489 42.34785522
830389813 -83.04733248 42.34820021
1233782774 -83.05061659 42.33701079
1233782775 -83.05063293 42.33695581
1233782777 -83.05043831 42.33599474
1289348661 -83.05022272 42.34529697
1233919835 -83.05153499 42.33862858
1233919837 -83.05053604 42.33885112
1233782616 -83.05042272 42.33607722
1233782618 -83.05047728 42.33696402
1215492380 -83.05205182 42.3381618
831302952 -83.06832889 42.35047959
1215492382 -83.05200949 42.33821913
831302954 -83.06860248 42.35035076
831302956 -83.06683758 42.35098912
1215492386 -83.05201628 42.33802752
831302959 -83.06865621 42.35042611
62635612 -83.04963473 42.34002878
62635611 -83.05106603 42.33942
62635610 -83.05220127 42.33892799
62986268 -83.04851198 42.34697503
1234828842 -83.04595516 42.3337359
1234828848 -83.04626429 42.33360221
1291985676 -83.05643363 42.34678711
62878039 -83.06353796 42.33934499
471628470 -83.0634357 42.33561068
830491583 -83.05982822 42.33979132
1233782509 -83.05049136 42.33700643
830389770 -83.04828743 42.34964718
830389771 -83.04819623 42.34950846
830389772 -83.0482016 42.34941727
830389773 -83.04810504 42.34924678
830389774 -83.04845867 42.34932624
830389775 -83.048502 42.34907244
830389776 -83.04870577 42.34900102
62835416 -83.06213509 42.34808236
830491586 -83.06011521 42.33992602
830545048 -83.05073092 42.35067204
828157412 -83.05145537 42.3362607
828157417 -83.05133743 42.33643663
1262302730 -83.04546901 42.34170198
63001783 -83.06691872 42.34422468
62554803 -83.06811289 42.33390228
1214021371 -83.05891786 42.33353406
62547458 -83.06196703 42.33505001
62805760 -83.0682931 42.33383891
1233919940 -83.05085237 42.33892413
1215150348 -83.05961196 42.33428919
831351398 -83.05011477 42.33611753
831351397 -83.0503539 42.33594461
831351395 -83.0502529 42.33640486
830544977 -83.05094977 42.35059098
62789421 -83.04546197 42.35125098
62789424 -83.05523711 42.34739522
62789425 -83.053002 42.34834799
1224314099 -83.05197303 42.34152386
1224314097 -83.05211444 42.34171053
1224314095 -83.05200086 42.34154138
1224314092 -83.05193691 42.34148706
1233783031 -83.05045088 42.3360851
62653053 -83.06579999 42.339521
1289378221 -83.05369602 42.34552991
1289378224 -83.05366333 42.3457268
1289378225 -83.05376307 42.34518298
63071477 -83.06199402 42.33706896
1262209552 -83.04679997 42.34074719
63035777 -83.06583 42.33650101
1233763028 -83.0497608 42.33738052
1233763024 -83.05148537 42.33660528
1262563844 -83.04911648 42.33706578
1262563842 -83.04910081 42.33705111
1233763023 -83.0495489 42.33670837
830544209 -83.06634456 42.34138724
830544202 -83.06593686 42.34071308
1233931936 -83.04767228 42.33859514
1233931937 -83.04941471 42.33762871
1233789414 -83.05020688 42.3390341
1233782737 -83.05014536 42.33619557
1233809703 -83.04929258 42.33784211
1233809706 -83.04882999 42.33846103
845430517 -83.06810468 42.35131811
829173296 -83.04612146 42.34111482
829173294 -83.04617393 42.34115246
829173298 -83.04571008 42.34121499
1262232128 -83.0481109 42.33691658
1291991098 -83.05543677 42.34651009
1291991096 -83.05560466 42.34657538
1291991094 -83.05562989 42.34690328
1291991092 -83.0553527 42.34654814
62558008 -83.06618598 42.335523
831005113 -83.04778887 42.33625122
62882327 -83.06010901 42.34598404
62682008 -83.05797104 42.34752304
62682004 -83.05726998 42.34647497
62682005 -83.05787699 42.34738097
62682000 -83.05655701 42.34540996
62682002 -83.05670596 42.345633
62863628 -83.05120701 42.33583699
829173588 -83.04808299 42.340772
62649311 -83.06877799 42.34853096
829173585 -83.04913727 42.34031863
1254722642 -83.04823093 42.34116453
1262232101 -83.04685974 42.33692404
497429059 -83.06653743 42.33941757
1262232102 -83.04669269 42.33696159
1262232105 -83.04808408 42.33716494
1262232109 -83.04794184 42.3370646
831005056 -83.04881591 42.3351827
830389809 -83.04794947 42.34785128
62882257 -83.06850298 42.34322899
830389803 -83.04804066 42.34803761
830389807 -83.04811577 42.34777986
1233782761 -83.05039841 42.33605282
830389805 -83.04816882 42.34784641
62879401 -83.05297048 42.33695447
62801214 -83.04981302 42.34729103
62879403 -83.05442189 42.3387844
62801211 -83.04987303 42.34731802
62879408 -83.05484727 42.33930148
1213955068 -83.05948917 42.33417251
62715818 -83.05783198 42.34081701
1213955062 -83.06174223 42.33411702
1233919809 -83.05066839 42.33807747
828157394 -83.05123408 42.33643412
1233919806 -83.05128287 42.33831544
62552993 -83.06578004 42.337866
1233919938 -83.05073352 42.33893402
1233919931 -83.05068138 42.33816624
1233919933 -83.0505989 42.33860294
1233919935 -83.05027318 42.33825098
1233720288 -83.04596874 42.33386498
1233720289 -83.04777672 42.33399188
1234828854 -83.0470925 42.33368393
1234828850 -83.04603303 42.3338343
1233720284 -83.04588232 42.3341959
1233720286 -83.04672781 42.33376473
830140356 -83.06389218 42.34974349
62991338 -83.06640374 42.34437932
830389709 -83.04779859 42.34588698
830389708 -83.04900617 42.34545263
1233782579 -83.04985618 42.33692102
830389707 -83.04908128 42.34535347
830389701 -83.04744463 42.34534584
830389703 -83.04879168 42.34490152
830389702 -83.0486683 42.34489364
62835397 -83.062293 42.34834204
1233782657 -83.05106091 42.33684391
62859276 -83.04740196 42.35136899
828157409 -83.05140122 42.33620739
828157407 -83.05131941 42.33618082
588172764 -83.0495945 42.3367906
830545030 -83.05057611 42.3507292
62554810 -83.06612998 42.33440997
1214021384 -83.05933536 42.3343026
1214021385 -83.0595636 42.33437217
828425477 -83.05628636 42.34754324
1233782889 -83.0507331 42.33617797
62991335 -83.06658998 42.34470496
62838010 -83.06552699 42.33908498
62838013 -83.06580996 42.33919998
62861584 -83.04560396 42.34419802
1233782403 -83.05110081 42.33677551
1233782404 -83.04977153 42.33678658
62861583 -83.04582801 42.34399803
62976520 -83.06368859 42.34161807
62976522 -83.06462803 42.34129017
1233782972 -83.05010177 42.33623211
1233782973 -83.05005207 42.33685606
1233782971 -83.05042372 42.33600002
1233782977 -83.04975367 42.33691557
1215150356 -83.05902858 42.33353842
1234833339 -83.04539106 42.33454987
1292136728 -83.04925528 42.33387797
62553595 -83.04487398 42.34465199
1233809635 -83.04789658 42.33857997
1234027665 -83.04820143 42.33559249
62859423 -83.06444564 42.34290989
1224314089 -83.05201662 42.3416231
62770618 -83.06871496 42.35035202
62770616 -83.06649803 42.35106196
1224314087 -83.05197479 42.34151003
1233783027 -83.05048147 42.3369926
1233783026 -83.0508455 42.3360514
1233783022 -83.05145118 42.33636656
1289378238 -83.05339972 42.34583828
1289378237 -83.05222198 42.34542706
1289378236 -83.05242339 42.34565329
62859427 -83.06537897 42.3426244
1233783029 -83.05052087 42.33604587
333431996 -83.04577721 42.33398727
830544362 -83.0592181 42.34647631
62789410 -83.05020102 42.34952204
830544360 -83.0593512 42.34556176
1233822298 -83.04774679 42.33918673
62897609 -83.05222399 42.34717402
63035742 -83.06379797 42.33383296
827979392 -83.05453664 42.34988682
1233763012 -83.05027343 42.33710442
827979390 -83.05450169 42.34999377
1233763014 -83.04996071 42.33729033
1233763015 -83.05138488 42.33667468
1233763017 -83.05115546 42.33671139
1233763018 -83.05119444 42.33675699
758695850 -83.04962811 42.3507173
62938352 -83.04971101 42.345617
1262253070 -83.0479369 42.33597848
62986441 -83.05270041 42.3498139
830544212 -83.06672208 42.34126369
827979372 -83.05503276 42.35094529
62555518 -83.04641248 42.34199576
1213955527 -83.06166176 42.33413689
1233809739 -83.04917323 42.33950818
1233809731 -83.04787956 42.33858726
1233809735 -83.04791007 42.33853839
1233809737 -83.04727967 42.33929771
62604116 -83.05245072 42.33631836
62604110 -83.05087257 42.33699537
1234828857 -83.04681766 42.33357354
1262283520 -83.0468299 42.33907056
62604119 -83.05380691 42.33573834
831302953 -83.0683879 42.35041823
62914720 -83.06662502 42.33651098
1213955298 -83.06233617 42.33401041
1213955451 -83.06200508 42.33460879
62842199 -83.06776102 42.34346301
62882317 -83.05874603 42.34706698
62882319 -83.05897829 42.34687512
62558010 -83.06592002 42.33577203
1233809608 -83.04935017 42.33921959
62871553 -83.05831101 42.336687
1233809607 -83.04892797 42.33965361
62682010 -83.05936 42.34958801
1213955183 -83.06230893 42.33420168
830557837 -83.06526212 42.34565932
830557839 -83.0654648 42.34603014
591032061 -83.04618659 42.33397579
1262316181 -83.04684792 42.34143786
1262316183 -83.04615189 42.34166191
1262316187 -83.04535259 42.34122873
1262316189 -83.04519828 42.34128414
1262232139 -83.04695328 42.33711456
62882265 -83.06520898 42.34418897
62882263 -83.06536799 42.34420104
62882261 -83.066162 42.34395797
62801201 -83.05101297 42.34919699
62801203 -83.05103803 42.349156
62801205 -83.05103703 42.349113
62806924 -83.04938822 42.33715354
588172759 -83.05055247 42.33595593
62879412 -83.05588001 42.34064904
62879410 -83.05528699 42.33989802
62879416 -83.05803902 42.34340602
62879414 -83.05725296 42.34240396
758696002 -83.04953021 42.35133404
830491633 -83.06014732 42.34018468
830491632 -83.06008948 42.34029013
830491635 -83.06054881 42.34013699
830491634 -83.0603914 42.3400955
62773765 -83.06865403 42.34010204
1213955077 -83.06224858 42.33395517
588172741 -83.05205509 42.33619557
1213955071 -83.05963937 42.33424393
828157361 -83.05060402 42.33625374
62592813 -83.06155103 42.33628702
1233919817 -83.05051542 42.33802073
1233919815 -83.05062229 42.33869706
1350410526 -83.05609609 42.3482039
62715784 -83.05119796 42.33466503
62550032 -83.06843199 42.33472597
62715782 -83.05007671 42.33466143
62549989 -83.063342 42.33615701
270018667 -83.04711446 42.34055131
333448523 -83.04519266 42.33483468
62569951 -83.06305466 42.33369919
830546108 -83.06692928 42.34261627
830389804 -83.04795031 42.3479278
1233919929 -83.05112168 42.33793766
828459279 -83.06436886 42.3400297
1233782953 -83.05063612 42.33697299
62752357 -83.06504302 42.33981697
62752355 -83.06497798 42.33970298
62752353 -83.06458302 42.33901097
1233782565 -83.05063361 42.33698682
830389717 -83.04830352 42.34421948
830389712 -83.04662982 42.34414823
830389713 -83.04779926 42.34374766
830389710 -83.04655992 42.34440724
827979248 -83.05531263 42.34649659
1262316166 -83.04576799 42.34119487
1262316164 -83.0456892 42.34165403
1233965156 -83.04980179 42.33979618
830545023 -83.05850446 42.34972321
1233782895 -83.05002407 42.33620211
62916833 -83.05595997 42.33459102
827979241 -83.05529512 42.34709473
62838003 -83.06168799 42.33752301
62838001 -83.06091099 42.33720701
62838007 -83.06280304 42.33797597
62842514 -83.06538098 42.33622298
62997239 -83.06490396 42.33349601
827979242 -83.05561774 42.3470042
1235173180 -83.0518121 42.33365837
1233782418 -83.05102437 42.33685028
62997237 -83.06445796 42.33363699
1293300647 -83.05310928 42.34024629
1233782968 -83.05014938 42.33689856
1214021553 -83.05869348 42.33346944
1262253057 -83.04704498 42.33551328
1291985740 -83.0565519 42.34684344
1233763013 -83.05158872 42.33660829
830544179 -83.0642946 42.34068961
830544353 -83.05979293 42.34603676
830544352 -83.05920561 42.34595453
830544351 -83.05863774 42.34587491
1224314058 -83.05203657 42.34174129
1224314059 -83.05212516 42.34154498
830544191 -83.06465008 42.33994102
830544192 -83.06492509 42.3404457
1224314056 -83.05243789 42.34169577
1224314055 -83.05195954 42.34146921
1233763004 -83.05030679 42.33714532
1233763002 -83.04956374 42.33741438
1233763000 -83.05056127 42.33596549
62938347 -83.04783698 42.34271099
827979388 -83.05453664 42.35018413
827979389 -83.05450713 42.35011481
1233763009 -83.05027176 42.3371066
1262253063 -83.04696401 42.33565544
62593587 -83.05040402 42.3406555
1234825294 -83.04710499 42.33409003
1262253060 -83.04699578 42.33561462
62593582 -83.05046789 42.34056958
1262253066 -83.0479291 42.33600689
829172239 -83.04706459 42.33768009
1262253064 -83.04788334 42.33588426
829172237 -83.04706392 42.33731254
829172236 -83.0476333 42.33731128
1262253069 -83.04788451 42.33596867
62865907 -83.05410396 42.34568296
62593589 -83.05038667 42.34073663
758695668 -83.04993791 42.35086616
827979368 -83.05513209 42.35133982
830544229 -83.06524083 42.34125178
1233782421 -83.05108757 42.33675632
831350993 -83.05173842 42.3363254
830544225 -83.06533907 42.34141749
830544222 -83.0654518 42.34161992
1131839052 -83.06900297 42.33672413
633875210 -83.04490969 42.33618727
1131839054 -83.06903549 42.33678482
62892854 -83.05058088 42.34120216
1233809728 -83.04851357 42.33951824
1233809724 -83.04955754 42.33788653
1233809722 -83.04894289 42.33960893
1233809720 -83.04943801 42.33783767
830124526 -83.05899279 42.3509452
830389811 -83.04722527 42.34803358
830124523 -83.05907762 42.35066231
830124520 -83.0595548 42.35070967
830124521 -83.059201 42.35062267
828425579 -83.05345068 42.35085284
62914715 -83.06581197 42.33676504
62917015 -83.04816396 42.33817504
62882307 -83.06844297 42.34308801
62882300 -83.06609403 42.343834
1233809613 -83.04839153 42.33832876
1233809612 -83.04876704 42.33840646
62871548 -83.0580909 42.3356111
62707283 -83.04532434 42.33467752
62707287 -83.04701958 42.3354044
62882279 -83.06001899 42.34586401
1262316193 -83.04565459 42.34154456
1262316192 -83.04713408 42.34118448
333450726 -83.05063486 42.34076731
588172762 -83.04972727 42.3363767
588172761 -83.05109226 42.33591
588172760 -83.05059052 42.33601737
588172765 -83.04981821 42.33642632
1262316198 -83.04567571 42.34157642
1233782780 -83.04979768 42.33696888
1233782782 -83.05004788 42.33622583
1262562957 -83.0468185 42.33709101
1233782786 -83.05107047 42.33674408
1233782788 -83.05003908 42.33690702
62715806 -83.05529663 42.33760021
62609932 -83.04673049 42.33343977
830491621 -83.06073179 42.34031921
63048505 -83.06626099 42.34603701
63048506 -83.06671529 42.34589561
62715798 -83.05337181 42.33522922
62715792 -83.052644 42.33495102
62715790 -83.05202802 42.33469303
828459249 -83.06562732 42.34087569
828459248 -83.06595489 42.34146309
1233965017 -83.04977211 42.33980943
828459243 -83.06696197 42.34321717
828459242 -83.06626032 42.34344089
828459241 -83.06641002 42.34373358
828459247 -83.06629134 42.3420629
828459246 -83.06664648 42.34266782
828459245 -83.06712307 42.34350702
828459244 -83.06757134 42.34302288
1215486729 -83.04662521 42.34085607
1262232123 -83.04699016 42.33714298
1215486727 -83.04719367 42.34099748
828157570 -83.05136442 42.33585342
1233720261 -83.04597243 42.33386037
1233720267 -83.04576162 42.33414376
62718695 -83.04892303 42.34443003
1233720269 -83.04603856 42.33415701
62718691 -83.050112 42.34399803
62752344 -83.06440499 42.338628
1233782551 -83.04995911 42.33671399
830389721 -83.04704833 42.34473891
830389720 -83.04823378 42.34432258
1233782556 -83.05029112 42.33586214
1224314040 -83.05196029 42.34149184
830389729 -83.04867903 42.3493658
830389728 -83.04862538 42.34927846
699766895 -83.04884273 42.33691222
1224314045 -83.05188527 42.34151053
1262316174 -83.04568753 42.34124776
830545012 -83.05872826 42.34865032
830545017 -83.0566529 42.34941919
62897607 -83.05242197 42.347473
62897604 -83.05465398 42.34650598
830545014 -83.05795721 42.34893598
63021537 -83.06791902 42.34703102
1262302795 -83.04566858 42.34173819
722875841 -83.0688733 42.34870221
1234828858 -83.0461316 42.33365962
1233931997 -83.04763112 42.33854284
1233782424 -83.0511014 42.33680627
62592797 -83.05551397 42.33831141
1233782420 -83.05050897 42.33601092
62681955 -83.04874977 42.33409448
1233782428 -83.0507041 42.33616984
738200162 -83.05182199 42.33891583
828426047 -83.05656632 42.34973704
738200160 -83.05079144 42.33890996
738200161 -83.05105957 42.3392475
1215108182 -83.0595139 42.3351542
604108276 -83.04781838 42.33773834
604108273 -83.05079688 42.33585367
604108272 -83.0507761 42.33466646
270018669 -83.04727783 42.34036297
270018668 -83.04734857 42.34046908
1262562969 -83.04685177 42.33702982
1214021239 -83.05953812 42.33441542
830544981 -83.05078783 42.35050222
1234045247 -83.05022851 42.33367262
1233935138 -83.047092 42.33899362
1233935137 -83.04714916 42.33884467
830544988 -83.05066428 42.35034363
1262562963 -83.04682579 42.3370123
1262209575 -83.04671096 42.3407865
830544340 -83.06601574 42.34258769
830544341 -83.06579697 42.34220321
830544343 -83.06615387 42.34282398
1224314048 -83.05212047 42.34170407
830544183 -83.06568482 42.34024922
830544180 -83.06462258 42.34058232
1224314042 -83.05212248 42.34167339
830544186 -83.06612848 42.34012769
62573505 -83.06385002 42.3336007
1233789445 -83.0499219 42.33827788
1233789442 -83.0492039 42.33788737
