828425475 828425477
828425475 828425474
1234825281 1234825276
1234825281 828149357
1234825282 62882524
1234825282 1234825272
1234825282 1233720230
829173334 1215486785
829173334 1262316192
1234825289 62652603
1234825289 1233667227
1234825289 1234825302
1234825288 591032061
1234825288 1233720249
1234825288 1234825272
1289348819 1289348741
1289348819 830636423
830544232 830544231
830544232 830544261
830544232 830544233
830544232 830544258
830544233 830544268
830544233 830544270
830544233 830544236
830544236 830544192
830544236 828459281
758695672 758695668
63007124 1233919817
63007124 1233931943
63007124 1233931991
828426215 62856356
828426215 828426258
828426215 828426259
1131839027 1131839052
1131839027 63029802
62971987 62971977
62971987 62971992
62971987 830140324
829173330 1262316192
829173330 1215486737
1215486787 1215486729
1215486787 1215486771
831386741 831386622
830544231 828459283
830544231 828459249
830544231 830544229
1213955470 1215108183
1213955470 1213954993
828130360 62856341
828130360 62871730
828130360 62856343
828130361 62976520
828130361 62859423
828130361 62871730
660518556 62871817
660518556 660518558
660518556 63020281
1262273918 1262273925
1262273918 1262273937
62676154 62879403
62676154 62635610
62676154 62593582
62676154 62681976
1233809667 1233809710
1233809667 1233809737
1233809660 1233809622
1233809660 1233809613
1289378265 1289378284
1289378265 1289378213
1233809668 1233809620
1233809668 1233809728
63067705 62997661
63067705 1214021526
63067705 1214021429
830391982 830392052
830391982 62681980
830391982 830392062
830391982 830391981
62707290 1262254848
62707290 1233667292
62707290 62707287
62707290 62707292
62707292 1233667232
62707292 63061472
1215478905 1215478913
588172771 1215478914
588172771 1215478922
588172771 1233763002
588172771 1233782800
588172771 1233763044
1213954996 1213955637
1213954996 1214061670
62806947 1262258121
62806947 1262232265
62806947 1262232234
62806946 1262232093
62806946 1262232128
62806946 62632616
62806946 62806926
62806944 828157299
62806944 1269809987
62806944 62806924
62649299 830544397
62649299 830140339
62649299 830140340
62649299 830140342
62676164 62676159
62676164 62729377
62676164 1254722642
1215478921 1215478914
1215478921 1215478909
1215478921 62806924
1215478920 1233763004
1215478920 831351398
1215478922 1215478909
1215478922 1233782668
62649297 830544397
62649297 830140370
62649297 830544387
1233919875 1233919929
1233919875 738200158
1233919874 1233919855
1233919874 62635611
1233919876 1233919940
1233919876 1233919954
1233919871 62635611
1233919871 62635612
1233919871 1233919824
828157341 831350993
828157341 828157412
828157341 1233783022
1233919872 1233789429
1233919872 1233789411
1215150426 1215150356
1215150426 1215150448
1289348791 1289348698
1289348791 830636428
828459250 62752357
828459250 830544192
828459250 830544270
828459250 828459282
828459251 830546108
828459251 828459246
828459251 828459288
828459252 830546108
828459252 830544335
828459252 830544286
1215486739 1215486771
1215486739 1215486745
1215486731 270018667
1215486731 1215486735
1215486733 1215486776
1215486733 1215486751
1215486735 1215486783
1215486737 1215486777
1233720270 62707283
1233720270 62609960
1233720273 1233720289
1233720273 1233720223
1233720272 333432049
1233720272 333432045
1233720275 1233720269
1233720275 1234825302
1233720275 1233720233
62752339 62569461
62752339 62752337
62752339 62752344
62752337 62914693
62752337 62914683
62752337 62752333
1233782879 1233782770
1233782879 1233782494
62752333 63074753
62752333 63071477
830389734 830389737
830389734 830389733
830389737 830389739
1233782543 1233782424
1233782543 1233782657
830389732 62682909
830389732 830389739
830389732 830389733
828130275 830557842
828130275 828130278
828130275 830557837
830389739 830389740
699766886 1262232185
699766886 1262232215
1214021489 1214021431
1214021489 1214021561
699766883 1269809991
699766883 1262232105
699766883 1262232207
1214021482 1214021384
1214021482 1214021263
1214021482 1214021503
1214061552 1214061670
1214061552 1214061657
62897610 62897609
62897610 62801170
62897610 62865895
1262258131 62632610
1262258131 62632614
1262258131 1262258124
828157237 1233782668
828157237 828157240
828157237 1233782579
828157234 828157231
828157234 1233782579
828157231 1233782919
828157231 1233782452
828149353 1233720243
828149353 828149354
828149352 1233720286
828149352 1233720243
62838023 497429050
62838023 62837817
62838023 62707407
1262232209 1262232145
1262232209 1262232076
828149357 1234825294
828149354 1234825268
828149359 828149350
828149359 1234825300
1233782437 588172738
1233782437 1215472698
1233782437 62604116
1262232207 1262232096
1233782435 1233782807
1233782435 1233782669
1233782943 1233782774
1233782943 1233782803
1233782942 604108303
1233782942 1233782506
1233782942 1233782556
1233782947 1233782551
1233782947 831351395
1233782947 1233782623
1233782947 828157226
270018676 1215486767
270018676 1215486789
270018676 1262283526
270018677 1262283527
270018677 1215486744
738200157 1233919905
738200157 1233919815
738200156 1233919962
738200156 1233919935
738200155 1233919820
738200155 1233919929
738200154 1233931991
738200154 1233919837
604108268 1234045247
604108268 62837968
604108268 604108272
738200159 1233919853
738200159 1233919889
738200158 1233919959
1215150387 1215150356
1291994225 827979241
1291994225 1291994222
1262209565 1215486768
1262209565 1262209563
1262209567 1262276863
1262209567 333449246
1262209567 1262276854
1262209560 1262209552
1262209560 1262209575
1262209560 1262209542
1262209563 1215486753
1262209562 1262209543
1262209562 1262209542
62856318 62728120
62856318 62715802
62856318 62837984
62856318 62604122
830544408 830544406
830544408 62682008
830544408 62882317
830544400 830544398
1224314079 1224314130
1224314079 1224314136
1224314074 1224314118
1224314074 1224314059
1224314077 1224314056
1224314077 1224314064
1224314071 1224314084
1224314071 1224314110
1224314071 1224314108
63067518 830358230
63067518 845430517
63067518 830358223
1234045344 1234045323
1234045344 1234045247
1234045344 604108272
1234045344 62715782
62938364 62729387
62938364 62986390
62938364 62801170
62938364 62986276
62938364 63027256
830544539 62819748
1234027677 62652603
1234027677 1234027698
1234027677 1234027648
1234027675 1234027719
1234027675 1234027720
1234027675 1234027714
1234027672 1234027689
1234027672 1234027720
1234027672 1234027723
1234027670 1234027715
1234027670 1234027663
1254741883 1233782445
1254741883 62604110
1254741883 1233782519
1254741883 1233783010
62856358 62835397
62856358 830140370
62856358 830140360
62856358 830140355
1233931979 1233932022
1233931979 1233931936
1234090233 1234090224
1234090233 828205277
1234090233 828205276
63074708 63029800
63074708 63035777
830545056 830545054
830545056 830545058
62604124 62837979
62604124 62837977
62604124 62604122
828425553 62986276
828425553 828425554
828425553 63027508
828425554 828425555
828425554 828425556
1262190444 1262190439
1262190444 1262273931
828425557 828425579
828425557 827979387
828425557 828425555
63027254 62682005
63027254 828425481
63027254 63027510
1234027707 1234027664
1234027707 1234027642
1234027705 831005057
62917038 63046968
62917038 1289378299
62917038 62681993
62917038 1289378293
62565892 62573462
1213955406 1213955115
1213955406 1213955395
1262273924 1262190439
1262273925 1262283524
1262273920 1262273939
1262273920 1262273931
1233809677 1233809741
1233809677 1233809643
660518558 660518575
660518558 62871571
62579795 62859256
62579795 62789421
62579795 62859276
62579795 62553505
1234231646 1233720251
1234231646 1233720284
62852787 830461139
62852787 62852790
62852787 62908350
828425426 828425427
828425427 62882265
828425427 62871732
830491601 62871728
830491601 830491663
830491601 62871753
830491601 830491632
830491601 830491635
830491601 830491621
830491601 62871821
62707407 62838025
62707407 62707409
1291991127 1291991094
1291991127 828425468
1215478914 62994493
1215478915 1215478917
1215478915 588172759
1215478917 1233763034
62707409 62707411
1215478913 831351395
1215478913 1215478918
62917934 62707283
62917934 333448523
1214838575 674519725
1214838575 62744031
1214838575 1214021366
1224314084 1224314135
63057041 62949386
63057041 62615837
63057041 62949419
1262232145 1262232109
1262232147 1262232109
1262232147 1262232070
1233720245 1233720235
1233720245 333432018
1233720240 1233720288
1233720240 591032061
1233720240 1233720212
1233720243 1233720212
1233720248 1233720288
1233720248 1233720269
1233720248 1233720233
1289348741 830636427
1233667227 1233667281
1233667227 62707287
1233667227 1234027649
1233965108 1233965180
1233965108 1233965017
1215472694 1215472699
1215472694 1233763041
1215472694 1233763009
1215472699 1215472713
1215472698 1215472718
1215472698 1233782462
1233919842 1233919931
1233919842 1233919806
828157353 828157361
828157353 828157425
828157353 828157430
1233919847 738200162
1233919847 1233919972
828157226 1233782728
828157226 1233782399
828157228 1233783007
828157228 1233782728
828149340 828149338
1234045137 1292136728
1234045137 1234045323
1234045137 62681957
1234045137 62715782
1262232211 1262326438
1262232211 1262326450
1262232211 1262232265
1233782447 62715784
1233782447 1233782840
1233782447 1233782755
1233782447 62863628
1262232213 1262232113
1262232213 1262232228
1233782445 1233782995
1233782445 1233782390
1262232215 699766895
62842520 62842514
62842520 63044808
1233782441 1233782968
1233782441 1233782623
729545223 62852775
729545223 758695850
729545223 830545072
729545223 830545030
830389693 830389692
830389693 830389694
830389692 830389695
1233782682 1233782895
1233782682 1233782716
830389697 62801172
830389697 830389695
62949399 63020281
62949399 62976520
62949399 62871821
62949399 62949404
62949399 62949436
830389695 830389694
1233782931 1233783041
1233782931 1233782845
1262258121 1262258124
1262258121 1262258133
62547375 62547367
62547375 62547379
62547375 62595820
1262326439 1262326460
1262326439 1262326456
1262326439 1262326448
1262326438 1262232191
1262326438 1262326451
62547379 62547380
1214021561 1214021422
1233782840 828157570
1233782845 828157361
1233782845 1233782719
830544411 830544412
830544411 828130627
830544411 828130624
830544412 830544362
830544412 62882281
62856328 62856330
62856328 62715812
62856328 62856325
62856328 62871571
62856325 62595820
62856325 62856320
62856325 62592791
62856320 62715808
62856320 62547392
62856320 62803943
1224314062 1224314149
1224314062 62861563
1224314062 62863488
1224314061 830392002
1224314061 1224314089
831005055 1233720207
831005055 62681955
831005055 831005056
831005057 831005059
831005057 831005056
1224314064 1224314113
831005059 1234027695
831005059 62882533
1262276863 1262276870
1262276863 1262276854
1224314069 1224314059
1224314069 830392061
1262276865 1262276855
1262276865 270018668
829172246 829172264
829172246 829172243
829173317 1262316193
829173317 1262316174
829172243 829172239
62553623 62553502
1234027664 1234027665
1234027664 1234027718
1234027667 831005015
1234027667 831005014
1234027667 1234027697
1234027661 1234027696
1234027661 1234027648
1234027660 1234027719
1234027660 1234027713
1234027663 1234027714
62852775 758695850
62852775 62852773
62852773 62986390
62852773 62553493
62852773 62859276
830544258 830544268
830544258 828459283
1233763011 588172761
62681985 62681987
62681985 830392056
62681985 62681982
62681987 62756774
62681987 62681989
62681980 1224314149
62681980 62879410
62681980 1293300647
62681982 62879412
62681982 1224314149
62681989 62908337
62681989 62681991
828425521 828425522
828425520 828425519
828425523 828425579
828425523 828425518
828425523 828425522
828425522 828425519
62938354 62986268
62938354 63046971
62938354 62938352
62938354 62865895
1234027713 1234027655
1234027713 1234027654
1234027713 1234027716
1234027715 1234027721
1234027716 1234027646
1234027718 1234828854
1234027718 1234027659
62803943 62728104
62803943 62715806
827979244 1291994232
827979244 827979246
827979246 1291991092
62842397 830544212
62842397 830544262
62842397 830544202
1262273939 270018670
1262273939 1262283524
1262273938 1262283516
1262273938 1262273937
1262273933 1262273936
1262273933 1262273940
1233782513 1233782503
1233782513 831351395
1233782513 1233782518
1262273936 1262283516
1262273936 1262283525
62562495 62562487
62562495 62562497
660518575 62838003
62562497 62556390
62562497 62573456
62709490 62807073
62709490 1262247021
1213955236 1213955068
1213955236 1213955071
1213955232 1213955717
1213955232 1213955699
1233782693 1233782424
1233782693 1233782403
1233809643 1233919909
1233809644 1233809685
1233809644 1233809739
62863495 62861571
62863495 62718691
62863495 62863488
63061472 828157299
828130238 828130240
828130238 828130236
828130236 828130243
62852790 830389686
62852790 62852795
62592791 62879408
62592791 62715812
62592791 62715808
62852795 62859256
62852795 62553493
62852795 830389687
333432043 1233720237
333432043 333432045
1262562968 1262562960
1262562968 1262562966
333432049 333432051
1262562961 1262562969
1262562961 1262562960
1262562966 1262562957
828425519 828425518
828425455 828425454
828425455 828425456
828425454 1291991096
828425457 828425456
828425457 828425458
828425451 828425466
828425451 828425452
828425453 1291991096
828425453 828425452
828425459 828425460
828425459 828425458
1215478903 828157570
1215478903 588172760
1215478903 1233763000
62707415 62707413
62707415 62916359
62707413 62707411
1215478909 828157295
1215478909 1233763002
1262326446 1262326454
1262326446 1262326442
1262326446 1262326450
62882533 1234027698
62882533 831005056
1262258133 62632614
1262258133 1262232234
62759465 62759462
62759465 62759467
1262326441 829172237
1262326441 1262326461
1262326441 1262326448
1215486712 1215486753
1215486712 1262316187
1262232174 1262232183
1262232174 1262232139
1215486718 1215486766
1215486718 1215486729
1215486718 1262209575
1262668280 62707287
1262668280 1262254845
1262668280 1262668282
1262668282 62609962
1262668282 62609960
1233667233 1233667263
1233667233 1233720219
1233667232 1233667292
1233667232 1215478911
333432017 1234027659
333432017 333432018
63044808 62577909
1262232191 1262244524
1262232191 1262232265
674519731 674519730
674519731 674519732
674519730 674519729
674519732 674519725
1233919859 738200160
1233919859 1233919889
1233919857 1233919974
1233919857 1233919853
1233919855 1233919837
1233919855 1233931951
830491618 62871817
830491618 62871821
830491618 830491621
1233919850 1233919938
1233919850 738200161
1262232228 1262232093
1233782453 1233782807
1233782453 1233782737
1233782452 1233783007
497429050 497429059
497429050 62838013
62949386 62949385
62949386 62838013
62949386 62949419
62949385 62949419
62949385 497429059
1233782929 1233782551
1233782929 1233782404
1233782928 1233782679
1233782928 1233782649
830389684 830389685
830389684 830389681
830389684 62986268
830389685 830389686
830389686 830389687
830389687 62986268
830389680 830389679
830389680 830389707
830389680 830389703
830389680 62908343
830389681 830389709
830389681 830389682
830389682 830389683
830389683 62938352
1233720259 1233720212
1233720259 1233720286
1233720259 62609932
1233720258 1233720249
1233720258 1233720221
830545119 830545116
830545119 830545122
830545116 62917044
830545116 62616389
1233720252 1233720230
1233720252 1233720221
1233720251 1233720254
1233720255 1233720235
1233720255 604108303
1233720254 1233667281
1233720254 1233667285
62547367 62562475
62547367 62593603
1262326447 1262326457
1262326447 1262326456
1262326447 1262326443
1262326444 1262326451
1262326444 1262326449
1262326445 1262326450
1262326445 1262232253
1262326445 1262326452
1262326442 1262326455
1262326442 1262326458
1262326443 829172075
1262326440 1262326455
1262326440 1262326460
1291985701 1291985737
1291985701 1291985740
1291985701 828425461
1262326448 829172239
1262326449 829172075
1262326449 829172079
62555084 62555090
62555084 62593589
62557331 62573505
62557331 62549212
1262209543 1262209552
1262209543 1215486783
1233782588 1233782992
1233782588 1233782472
62856330 62856332
62856330 62715814
62856332 62756778
62856332 62871751
62856339 62715820
62856339 62879414
62856339 62856341
62856339 62871753
828157425 828157421
830544398 830140367
63035791 62615837
63035791 62914715
63035791 63029802
1262276870 270018667
1262276870 270018668
1262276873 333449246
1262276873 1262276855
1262276873 270018668
1234027650 1234027655
1234027650 1234027721
1234027651 831005007
1234027651 1234027642
1234027651 831005001
1234027652 1234027698
1234027652 1234027654
830544268 830544179
1233931951 270018178
1233931951 1233919837
1233931951 1233919824
830544261 830544262
830544261 830544270
830544261 828459249
1233931955 1233931943
1233931955 1233931937
1233931955 62994493
1224314129 1224314138
1224314129 1224314089
1224314127 1224314048
1224314127 1224314111
830140339 62649301
830140339 830140341
830140339 830140338
830140338 830140323
830140338 830140340
62681995 62681993
62681995 62879416
62681995 62681998
62681993 62681991
62681991 62879414
62553502 62553493
1289378284 1289378224
1289378284 1289378238
1289378282 1289378207
1289378282 1289378266
1289378282 1289378221
1289378280 1289378251
1289378280 1289378237
1289378280 1289378300
62842389 62842199
62842389 62882307
62842389 828459245
62842389 828459244
1234027720 1234027685
1234027723 831005013
1234027723 831005012
62865893 62897609
62865893 1289378248
62865893 1289378238
62865893 62865895
827979250 827979235
827979250 827979248
1262273940 1262190428
62615818 62838010
62615818 62752344
62615818 62615824
62562487 62562475
62562487 62577909
1233809659 1233809620
1233809659 1233822298
1233809655 1233809622
1233809655 1233809627
1233809652 270018189
1233809652 1233789422
1233809652 1233809710
1233809650 1233809731
1233809650 1233822298
828425622 828425623
828425622 827979372
62863488 830392059
62863488 62908337
830557842 830557841
830557842 62871734
830557841 830557839
62715820 62756778
62715820 62715818
828130245 828130246
828130246 828130276
828130246 828130277
828130240 828130243
828130243 828130278
830636440 63046968
830636440 63046971
830636440 830636439
62991328 62991318
62991328 62991330
333432051 1234090224
1213955115 1213955451
828425446 62789424
829173691 829173702
829173691 829173696
829173696 674519728
62819748 830140367
62819748 583128825
62819748 62682010
62676159 62892854
62676159 62593582
62676159 62635612
828157446 828157570
828157446 1233783026
828157446 588172761
828157446 828157407
828157446 588172741
830491663 62871751
830491663 62871753
830392002 1224314136
830392000 1224314106
830392000 830392001
830392001 1224314136
62882524 1233720234
62882524 62609932
1262258124 62632610
828459287 830544276
828459287 830544284
828459287 830544341
828459286 830544288
828459286 830544298
828459286 830544222
828459285 830544209
828459285 828459284
828459285 828459248
828459284 830544202
828459284 828459249
828459283 62976522
828459282 830544183
828459282 828459280
828459281 830544180
828459281 828459279
828459280 62752357
828459280 490194835
828459289 830544339
828459289 830544327
828459289 830544343
828459288 828459247
1215486766 1215486751
1215486767 1262283525
1262232164 1262232118
1262232164 1262232253
1262232164 62806926
62887359 62562474
62887359 62805760
830389730 830389729
830389730 830389776
1215486768 1215486755
1215486768 1215486776
62632610 63017199
62632616 62632614
62632616 1262254849
62632614 1262254846
63017263 1235340517
830140341 830140342
1233667242 1233720219
1233667242 1233667267
1262232183 1262232231
490194832 62556383
490194832 62653053
490194832 490194835
490194832 62653049
1262232185 1262232069
1262239882 1262239853
1262239882 1262239872
674519728 829173702
674519728 674519729
1262232074 1262232113
1262232074 1262232118
828157247 1233782973
828157247 1233782399
828157243 1233782788
828157243 1233782973
828157243 1233782968
828157240 1233782530
1214021475 1214021371
1233782460 1233782816
1233782460 1233782649
1233782460 1233782889
1233782462 62604110
1233782462 1233782657
1262232230 1262232101
1262232230 1262232234
62861563 830392064
62861563 62861565
62861563 62892854
1233782468 1233782919
1233782468 1233782404
62908343 62908339
62908343 62718695
62908343 62938352
827979383 827979387
827979383 827979372
1233782664 1233782616
1233782664 1233782761
830389679 830389701
830389679 62908350
1233782919 828157295
1233782919 1233782977
1233782668 1233782770
1233782668 1233782780
1233782669 1233782474
1233720223 1233720236
1233720223 831005167
1262326454 1262326457
1262326457 1262326462
1262326450 1262239863
1262326452 1262326461
1262326458 1262326461
1262283516 1262283522
1234027653 1234027697
1234027653 1234027685
1262283519 1262283522
1262283519 1262283529
830389787 830389786
830389787 830389788
1233782867 1233782503
1233782867 1233782618
830389781 830389782
830544262 830544272
604108303 333432035
830389788 62801214
62856345 62859421
62856345 62856347
62856345 62856343
62856347 830544360
62856347 62856350
62856341 62879416
62856343 62859432
1289378214 1289378276
1289378214 1289378213
1234027646 1234027696
1234027646 1234027685
1262563839 1262563844
1262563839 1262239282
830544279 830544277
830544279 828459247
830544279 830544318
1233931947 1233932025
1233931947 1262283520
1233931947 1262276857
1233931947 270018185
830544276 830544277
830544276 62859427
830544277 830544340
830544277 830544341
1233931943 270018181
830544272 830544270
830544272 830544186
1233931940 1233931981
1233931940 1233931990
1224314138 1224314027
1224314130 1224314058
1224314132 1224314042
1224314132 1224314056
1224314135 1224314101
828426258 62605850
828426258 62605851
828426259 63071999
828426259 62856354
830544388 830544387
62573499 62573492
62573499 62573505
1289378299 62908337
1289378299 1289378256
62573492 62573484
830140323 830140322
830140323 62871736
830140323 62971977
1289378297 1289378236
1289378297 1289378219
1289378297 1289378293
1289378297 1289378238
830140321 830140322
830140321 62835418
830140321 62835423
830140324 830140322
830140324 62835423
830140325 830140322
830140325 62871736
830140325 62835418
830140325 830140362
62865887 1289378272
62865887 62865907
62865887 1289378225
62865887 1289378293
62865887 1289378238
62615824 62569466
62917044 62581155
62917044 1350410509
62917044 62917042
62917042 62581156
62917042 62789424
62917042 1350410511
62835418 830140361
62835418 62871734
828149350 1233720286
829172264 829172236
62838025 62773765
1213955699 1213955527
62908339 1289378256
62908339 62718691
62908339 62908337
828425479 828425480
828425479 828425478
828425478 828425477
62994493 1233782800
62994493 1233931937
828425473 828425471
828425473 828425474
828425471 1291991094
62991330 62991335
62994499 1262283527
62994499 1233931996
62994499 1233932025
1233782530 1233782788
270018177 270018178
270018177 270018176
270018176 1233965180
62553054 62547464
62553054 62553037
1233763033 588172738
1233763033 588172741
270018670 1262276857
270018670 270018669
62681998 62865907
62681998 62682000
1233919986 1254722659
1233919986 1233919959
1233919986 1233919815
1233919986 1233919931
62971977 62649307
1215486777 1262316198
62806926 1262232105
62806926 604108276
1215472718 1215472717
1289348733 1289348698
1289348733 1289348804
1215472714 1215472716
1215472714 1233763020
1215472714 588172765
1215472716 828157299
1215472717 1233763018
1215472717 1233763017
1215472713 828157283
1215472713 1233782800
1262253055 1262253063
1262253055 1262253057
830358223 828104062
1233782719 1233782995
1233782716 1233782474
828149338 828149335
62861571 62861565
62861571 62861574
62861574 62938347
62861574 62718695
62861574 62861583
1234045161 1234045323
1233782472 1233783029
62616389 62616391
62616389 830545017
1233782679 1233782816
1233720239 1233720289
1233720239 1233720236
1233720238 1234833339
1233720238 333431996
1233720238 828149333
1233720238 828149332
1233720237 333432035
1233720236 831005166
1233720230 62652603
1233720233 1233720267
1214021263 1215150348
1214021263 1214021385
830491638 830491621
830491638 830491635
63071999 63071998
63071998 62882319
830389796 830389795
830389796 830389798
1291994229 827979242
1291994229 1291994232
830389795 62865843
830389795 62865839
830389790 830389782
62595820 62837998
62595820 62871571
62595820 62871553
1291994222 827979242
830389798 830389803
62856356 62605851
62856356 62856354
62856356 62871734
62856354 62856352
62856352 62882327
62856352 62882270
62856352 62856350
62856350 62882279
62856350 62882270
1224314033 1224314095
1224314033 1224314099
1224314034 1224314115
1224314034 1224314055
1224314037 1224314111
1224314037 1224314059
1224314037 1224314055
1262276857 333449244
1262276855 333449244
1262276854 1262209552
62569461 62569463
62569461 62569457
62569463 62569466
1262326460 1262326462
1233782494 1233782968
1233782496 1233782418
1233782496 1233782390
1262563829 1262563818
1262563829 1262563827
830544285 830544295
830544285 828459247
830544285 830544284
830544285 830544286
830544284 830544288
830544286 830544297
830544288 830544295
1262563823 1262239269
1262563823 1262563818
1262563827 1262563842
1224314108 1224314045
1262247023 1262244524
1262247023 1262244523
1262247023 1262247021
1262247021 633875210
1215150450 1215150375
1215150450 62744040
1215150450 1215150453
1224314106 1224314025
1215150453 1214021366
1224314101 1224314025
62556390 62556383
830544918 830544930
830544918 828425512
830544918 830544938
829172079 829172081
829172075 829172088
62573484 62573477
830544913 830545060
830544913 828425512
830544913 830545058
62770536 62770618
62770536 62649301
62770536 830140343
62871817 830491595
62871817 830491635
828425515 828425516
828425515 828425513
828425516 62986276
828425516 62986392
62837979 62916833
62837979 62837984
828425512 828425513
62837970 62759462
62837970 62715790
62837970 1235173180
62837977 62759462
62837977 62737308
62837977 62929777
62837977 62604122
1289378248 63046971
1289378248 1289378236
62615838 62615837
62615838 63029802
62615838 62949421
62759460 828157570
62759460 1233782392
62759460 831350996
62759460 62715792
62759462 62715792
1289378246 1289378267
1289378246 1289378209
62759467 62737308
62835426 63021537
62835426 62835423
62835426 62835428
62652603 1233720207
62652603 1233720249
62835423 63048505
62835428 62842199
1234825276 1234825270
1234825270 1234825268
62549202 62549212
830636427 830636428
830636420 830636423
830636423 830636432
1234027695 1234027665
1234027695 1233667292
830636428 830636430
1213955351 1213955071
1213955351 1213955581
62838899 62547464
62838899 62573462
62838899 1385118020
1213955595 1214021239
1213955595 1214061670
828425468 1291991096
828425468 1291991098
62991308 62991318
62991308 830557837
62991308 63048505
828425464 828425465
828425464 1291985676
828425465 828425466
828425460 828425461
828425463 1291985737
828425463 1291985676
62997661 63025260
62997661 62837988
62997661 62676306
1215486744 1215486789
1215486745 1215486781
1215486747 1215486791
1215486747 333449252
1215486747 1215486727
62549974 62549989
62549974 62549968
1233919952 1233919909
1233919952 1233919912
1233667261 1235340517
1233667261 1233667263
1233667261 1233667285
1233919954 1233919977
1233919954 1233919889
1233964914 1233965186
1233964914 1233965183
1233919886 1233789414
1233919886 270018178
62886081 62554824
1233919889 1254722659
62756774 62715818
62756774 62879412
62756774 62879414
62756778 62715818
1262232253 1262232123
333449244 62635612
333449244 1254722642
333449246 1215486791
62616391 827979392
62616391 62581155
334819683 62593603
1233720207 1233720289
62737308 62737310
1214021526 1215108182
830389716 830389717
830389716 830389713
659609752 1213955183
659609752 63025260
1233782807 1233782519
1233782803 1233782509
1350410511 1350410526
1350410511 828425481
62573452 62837817
62573452 62916359
62573452 63035583
62837817 62837813
62837813 62653049
63035583 62552993
1224314027 1224314095
831005014 831005013
831005016 831005015
831005016 831005017
831005011 1234027689
831005011 831005010
831005010 831005009
831005012 1234027689
62554827 62997239
62554827 62554824
1234045319 62837966
1262254848 1262254849
1262254848 1262254850
1262254849 1262254843
830544297 830544212
830544297 830544295
830544295 828459248
62729387 62938347
62729387 1293300647
62729387 62729383
830544298 830544225
830544298 830544304
1262254843 831005113
1262254843 1262254850
62729383 62729377
1262254845 1262254846
1262254845 1262254847
1262254846 1262254844
1262254847 831005118
1262254847 831005109
1224314113 830392061
1224314111 1224314042
1224314110 1224314115
1224314110 1224314116
1224314116 830392064
1224314116 830392062
1215150448 1215150348
1224314118 1224314042
1215486791 1215486796
62556383 830544186
62971992 62971985
62971992 63021537
1215486797 1215486755
1215486797 1262316166
1233809627 1233809714
62553061 63035742
62553061 62552993
830544387 830544452
62573477 62573456
62837968 62715784
62837968 1235173180
62837966 1292136728
62837966 1234045247
62837966 62715782
1233783041 828157394
1233783041 1233782786
1289378251 1289378236
1289378252 1289378296
1289378252 1289378216
1289378256 63046968
1233822276 1233822298
1233822272 1233822298
62728120 62728104
62728120 62715804
1234825266 1234825294
1234825266 1234825300
1233809684 1233809691
1233809684 1233931997
1233809684 1233809735
1233809685 1233809722
1350410517 1350410526
1350410517 1350410512
1350410515 1350410509
1350410515 1350410512
1233809689 1233809623
1233809689 1233809629
62649307 62649301
62649307 62649311
62549212 62554803
830636437 830636434
830636437 830636439
828130276 62991318
828130276 62882265
1289348804 1289348661
830636432 830636434
830636432 830636430
830636430 1289348661
1213955347 1213955042
1213955347 1213955718
1213955347 1213955343
828130278 828130277
1213955343 1213955062
1213955343 1213955588
1213955588 1213955042
1213955588 1213955298
62871821 62871728
1213955581 1213955717
62908350 830389709
1233782392 588172738
1233782392 62604116
1213955769 1213955068
1213955769 1213955057
830392055 830392046
830392054 830392057
830392054 830392056
830392054 830392053
830392056 830392046
830392056 830392059
830392051 830392052
830392050 830392059
830392050 830392058
830392050 830392049
830392052 830392060
62801172 62801205
62801172 62801170
62801172 830389782
1215486755 829173296
1215486753 1262316164
830491589 830491633
830491589 830491586
830491589 830491634
333432005 1234828857
333432005 1234828854
333432000 1234828848
333432000 1234828857
333432000 1234828850
1385118020 62592797
1385118020 333450726
62549963 62547447
62549963 62549968
1233667276 1233667275
1233667275 1235415297
1262239853 1262239857
1262239857 1262239874
62882281 62682005
62882281 62882317
1233919891 1233919931
1233919891 1233919933
1233919890 1233919931
1233919890 1233919817
1233919890 1233919809
1233919890 1233919935
63027510 62682008
63027510 1350410509
62715812 62879410
62715812 62715814
62715814 62715818
62715814 62879412
1262232265 1262232102
588172738 831350993
588172738 1233763038
1262232069 1262232096
333449252 1262302795
1214061665 1215108182
1214061665 1214021431
1214061665 1214061657
62859421 62859423
62859421 62871732
62859421 62871730
831004998 831004997
831004998 831005001
62737310 62744031
831004997 831005017
1262283529 1262283526
1262283529 1262283525
1262283527 591031993
1262283526 1262283523
1262283524 1262283520
1262283523 1262283522
828425555 828425580
62604122 62604119
62871736 830140340
62871736 830140355
1233782811 1233782420
1233782811 1233783029
852759939 1131839052
852759939 852759942
828157295 828157299
828157295 588172764
831005008 831005007
831005008 831005009
831005001 1234027649
1214021336 1214021239
1214021336 1214021384
62986390 62986392
62986390 62789410
62986392 830544988
1233931996 1233932025
1233931996 1233932028
1233931996 62917015
1233789431 1233789445
1233789431 1233789434
1233931990 1233935137
1233931990 270018184
1233931991 270018179
1233931991 1233919837
1233789434 270018181
1233789435 1233809724
1233789435 270018181
1262254850 1262253054
62681957 62681961
62681957 62681955
62681957 831005056
828426049 828426050
828426049 828426048
828426048 828426047
1215108183 1215108182
1215108183 1213955637
828426046 1350410527
828426046 828426045
828426045 828426050
828426045 830545017
1213954993 1213955395
62573462 63025260
830140370 830140368
830544938 830544942
830544930 830544948
62837998 62838001
62837998 62837988
62837998 62676306
830544339 830544340
830544339 62859427
62865852 830389762
62865852 62865847
830544330 830544317
830544330 830544327
830544330 830544343
1289378266 1289378213
1289378267 1289378216
830544335 830544317
830544335 828459244
1289378263 1289378209
1289378263 1289378300
1262239283 1262239273
1262239283 1269809987
1262239283 1262239281
1262239282 1262239263
1262239281 1262239264
62581156 63027256
62581156 62581155
62581155 63027508
62605850 830545012
62605850 62682008
62605851 62835416
831386622 62882257
62949404 830544179
62949404 828459279
62949404 62949436
828425482 62682004
828425482 62682005
828425482 1291985740
828425480 828425481
1233809748 1233809714
1233809748 1233789422
1233809741 1233809596
828130627 828130630
62555090 62892854
62555090 62681976
1233809691 270018182
1233809691 1233809613
1213955718 1213955451
1213955718 1213955183
830392046 830392045
830392047 830392048
62803940 62879403
62803940 62715806
62803940 62728117
62803940 62635610
830392048 830392064
830392048 830392063
62929777 62715798
831302957 831302961
831302957 831302952
831302957 831302956
830491595 62871575
830491595 830491586
62914683 62838007
1233667281 62609954
1233667281 1234825302
1233667285 62707283
1233919974 738200162
1233919977 1233919835
1233919972 738200161
1269809987 699766895
1233964930 270018175
1233964930 1233965017
62882298 62882265
62882298 62882300
1262232093 1262232075
62609954 62707283
62609954 62707287
62609954 62609960
63027508 63027256
1233965186 1233965156
62715802 62879401
62715802 62604119
62715802 62715804
830545072 830545048
830545072 830544988
1233965183 1233965156
62715804 62715806
62715804 62728117
1262254844 831005114
1262254844 831005116
62715808 62592797
62715808 62715806
1262232070 1262232105
1262232075 1262232101
1262232075 1262232231
1262232076 1262232128
831302961 831302960
831302960 62770616
1215492373 62681970
1215492373 1215492364
1215492373 62681968
62859432 62682000
62859432 62879416
270018681 1262316189
1214021503 1215150375
1214021503 62744040
62986257 830389721
62986257 830389710
1233782532 1233782420
1233782532 1233782777
830389740 830389742
830389743 830389742
830389743 830389745
830389745 62789410
830389745 62682909
63017199 1262244528
270018175 1233789422
830389749 830389748
830389749 830389750
830389748 62801201
270018179 1233789429
270018179 270018180
828157283 62604110
828157283 1233782774
1214021431 62744040
62569457 62914693
62547464 62547458
62861565 62729377
62547392 62871553
62547392 62547390
62547390 62547386
1233789420 270018188
1233789420 270018189
1233789420 1233789406
1233789425 270018180
1233789425 1233789445
1233789427 1233789414
1233789427 1233789411
831005109 1262253067
828426050 583128826
62681961 831351397
62681961 1215478911
62681961 1233782519
62681968 62879401
62681968 62604110
62681968 1233919913
1233782506 1233782755
1233782506 604108273
1233782506 604108272
62573456 62569951
830140367 830140368
830140367 830140360
62553005 62552993
62553005 62553020
62553005 62558010
827979387 827979388
830140362 830140361
830140362 830140355
830140360 830140359
830140361 62835416
62837986 62837988
62837986 62871548
62837986 62728108
62837986 62837984
62865843 62986268
62865843 830389805
62837988 62871553
62865845 830389804
62865845 62865847
1289378272 1289378221
1289378272 1289378224
1289378276 1289378259
1289378274 1289378229
1289378274 1289378212
1289378274 1289378292
1289378278 1289378221
1289378278 1289378292
830544327 62882300
62562474 63029800
62562474 62558010
62562475 471628470
62728108 62871553
62728108 62728104
1262239273 1262239269
1262239271 1269809991
1262239271 1262239263
1262239271 1262239264
830389678 62718695
830389678 830389721
830389678 830389701
1233931981 1233931984
1233931984 1233935138
1233931984 270018185
1262253062 1262253066
1262253062 1262253054
1262253061 1262253060
1262253061 1262253056
1233809598 1233809608
1233809598 1233809596
62871734 62871732
62871732 62882270
62871730 62871728
1262253067 1262253059
1262253067 1262253065
1233809597 1233809739
1233809597 1233809608
1262253065 1262253056
62949419 62949421
1262253068 1262253069
1262253068 1262253066
63074776 62838003
63074776 63071477
1289378259 1289378206
1289378259 1289378219
828130630 62682004
828130630 830544351
62916359 62882307
828157415 828157417
828157415 1233783022
63029800 62914720
63029802 62914720
758695663 758695668
758695663 758695850
758695663 758696047
62893486 63035742
62893486 62842514
831350996 831350993
1215478918 588172762
1215478918 1215478911
1215478918 831351398
1233919962 1233919905
1233667292 1234027649
1269809991 62806924
1262239876 1262562963
1262239876 1262239879
1262239877 1262239874
1262239877 1262239879
1262239872 1262239863
591031993 62807073
591031993 591032036
1233782752 1233782634
1233782752 1233783008
1233782750 1233782895
1233782750 1233782782
758696043 758696037
758696043 758696047
62609962 1262244528
62676306 62592813
62676306 62838001
828157430 828157432
828157432 828157407
1233782634 831351397
1233782634 1233782971
1215492366 1215492364
1215492366 1215492386
62986246 62861584
62986246 830389710
852759950 852759947
830389750 62801203
1233782526 1233782972
1233782526 831351395
1233782526 1233782737
830389759 830389760
1214021429 1214021292
1214021422 1214021292
1214021422 1214021353
270018188 270018185
270018182 1233932028
270018182 1233789442
62554824 62554810
270018184 1233932022
1214021353 62744040
1214021353 1214021366
828149333 1233720267
828149335 1234828858
62547380 62547382
62547382 62547386
830389786 62865839
831005118 831005116
62682909 830389774
831005111 1262253070
831005111 1262253064
830389782 62801211
831005114 831005113
62681970 1254722659
62681970 1215492382
62681970 62635610
62807073 1262244524
62681976 62879408
62681976 1293300647
830140359 830140358
62553033 62553024
62553033 62553037
830140357 830140356
830140355 830140356
62557022 471628470
830544952 62986276
830544952 830544945
827979238 827979241
827979238 827979235
62865839 62801214
1233783010 1233782518
1233783010 1233782775
1289378206 1289378229
1289378207 1289378224
830544318 830544340
830544318 828459246
830544317 828459243
830544317 828459246
62728117 62879401
62728117 1215492382
1233763042 1233763047
1233763042 1233763030
1233763041 1233763014
1233763047 1233763038
1233763044 1233763012
1350410527 828426047
62871728 62871753
1235415297 333448523
62949421 62773765
62729377 62892854
830544307 830544300
830544307 828459249
830544307 830544229
1213955042 1213955183
583128825 830124520
583128826 830124526
1215486785 1215486727
62971985 62649311
1215486781 1215486799
1233919912 1233919827
1233919913 1233919817
1233919913 1233919809
1262239863 1262239865
1262239865 1262562957
758696037 758696002
830392061 830392062
63027256 62682005
63027256 62789425
830545054 830544977
828157421 828157394
1233919820 1233919809
1233919827 1233809706
1215492391 1215492380
1215492391 1215492386
1214021292 1215108182
1214021292 62871548
62986276 62986441
852759947 852759942
830389764 830389762
830389762 830389774
830389762 830389760
1233782519 1233783008
63020281 63020284
1262209533 829173287
1262209533 829173289
828104062 62770618
62547447 62547458
1233782992 828157361
1233782992 1233783031
62593603 62553595
831005165 831005166
1215150375 1215150356
1215150375 1214021371
830140344 62770618
830140344 830140343
62553024 62553020
830140340 830140356
830140342 62770616
830544945 830544942
830544945 830544948
1233783008 1233782761
62653049 62653053
1234027659 1234027665
830544300 830544225
830544300 828459248
829172081 829172088
830544304 62976522
830544304 830544229
1289378212 1289378225
1289378219 1289378293
1233763037 1233763015
1233763034 1233763030
1233763032 1233763000
1233789406 829173588
1233789406 829173585
1262253058 1262253057
1262253058 1262253064
1262253059 1262253064
62871751 830491583
62871751 830491632
62949436 62878039
62949436 62752355
62744031 62916833
1233932028 1233931937
1233932028 62917015
1233932025 1262283520
828425581 828425580
828425581 827979388
828425581 827979389
828425580 827979390
829173287 1215486796
1289378296 1289378237
829173289 1215486799
1233763020 588172762
1233763020 1233763023
1289378293 1289378225
1233782934 1233782972
1233782934 1233782782
1215486799 829173294
1233809629 1233809731
1233809629 1233809635
1233809623 1233809737
1233809626 1233809607
1233809626 1233809728
1215486796 1215486727
62871575 830491583
62871575 62871571
829173591 1254722651
829173591 829173594
829173594 829173585
1254722651 829173588
1254722651 1254722642
1262244528 1262244523
1254722659 1233919837
830389810 830389811
830389810 830389809
830389813 830389811
1233782774 1233782565
1233782775 1233782953
1233782777 1233782971
1233919835 1233919940
1233782616 1233783031
1233782618 1233783027
1233782618 1233782968
1215492380 1215492382
831302952 831302959
831302952 831302953
831302954 831302953
831302954 62770618
831302956 62770616
831302959 62770618
62635611 62635610
1234828842 1234828858
1234828842 1234828850
1234828848 1234828858
1291985676 1291985740
62878039 62838007
62878039 62752353
471628470 62592813
830491583 830491586
1233782509 1233783027
830389770 830389771
830389771 830389772
830389772 830389773
830389772 830389774
830389774 830389728
830389775 830389728
830389775 830389776
62835416 62835397
830545048 830544977
830545048 830545030
828157412 828157409
828157417 828157394
1262302730 1262316189
1262302730 1262302795
63001783 62991338
62554803 62554810
62554803 62805760
1214021371 1214021553
1215150348 1213955071
831351397 604108273
831351397 1233782556
830544977 830544981
62789424 62897604
62789424 62789425
62789425 62897607
1224314099 1224314087
1224314097 1224314048
1224314097 1224314058
1224314092 1224314040
1224314092 1224314045
62653053 62838010
62653053 62752355
63071477 62592813
63035777 62914715
1233763028 1233763009
1233763024 1233763013
1233763024 1233763017
1262563844 1262563842
830544209 830544212
1233931936 1233931997
1233809703 1233789442
1233809703 1233809720
1233809706 1233809612
829173296 829173294
829173298 1262316166
829173298 1262316174
1262232128 699766895
1291991098 1291991092
1291991092 827979248
62558008 62558010
62558008 62550032
62882327 62882279
62882327 62882319
62682008 62682005
62682004 62682002
62682005 1293300647
62682000 62682002
62682002 62897604
62863628 828157570
62863628 62715784
62863628 604108273
62649311 722875841
1262232101 1262232102
830389809 830389807
62882257 62842199
62882257 62882307
830389803 830389804
830389807 830389805
830389805 830389804
62879401 62604116
62801214 62801211
62879403 62592797
62879408 62879410
1213955062 1213955077
1213955062 1213955527
1233919809 1233919931
1233919806 1233919933
1233919938 738200160
1233720288 1233720261
1234828850 1233720261
1233720284 1233720267
62991338 62991335
830389709 830389708
830389708 830389707
830389701 830389702
830389703 830389702
62835397 62682010
1233782657 1233782418
828157409 828157407
588172764 588172765
1214021384 1214021385
1214021385 1214021239
1233782889 1233782428
62838010 62838013
62861584 62861583
1233782403 1233782421
62976520 62976522
1233782977 1233782780
1292136728 62681955
1233809635 1233809731
1233809635 1233809735
62859423 62882265
62859423 62859427
1224314087 1224314040
1233783026 1233782428
333431996 1233720261
830544362 830544353
830544362 830544352
62789410 62801201
830544360 830544352
830544360 830544351
62897609 62897607
827979392 827979390
1233763012 1233763004
827979390 827979389
1233763015 1233763018
1262253070 1262253069
62986441 828425579
827979372 827979368
62555518 333450726
1233809735 1233809613
62604116 62604119
62604119 62715798
62914720 62914715
62842199 62882261
62882317 62882319
1233809607 1233809722
62682010 830545012
830557837 830557839
591032061 1233720269
1262316181 1262316183
1262316181 1262316192
1262316183 1262316164
1262316187 1262302795
1262316187 1262316189
1262232139 1262232123
62882265 62882263
62882263 62882261
62882261 62882300
62801201 62801203
62801203 62801205
588172759 1233763000
62879412 62879410
62879416 62879414
830491633 830491632
830491635 830491634
828157361 1233782428
62715784 604108272
62715784 62715790
62550032 62549989
828459279 830544191
1233782953 1233782565
62752357 830544191
62752357 62752355
62752355 62752353
62752353 62752344
830389717 830389720
830389712 830389713
830389712 830389710
1233965156 1233965017
830545023 830545014
62838003 62838007
62838003 62838001
62838007 62752344
62997239 62997237
830544179 830544180
830544353 62882279
830544353 830544352
830544352 830544351
830544191 830544192
1262253063 1262253060
62593587 62593582
62593587 62593589
829172237 829172236
62865907 62897604
830544229 830544225
1233782421 1233782786
830544225 830544222
830544222 828459248
1131839052 1131839054
1233809724 1233809720
830124526 830124520
830124526 830124523
830124523 830124521
830124520 830124521
62917015 604108276
62882300 828459241
1233809613 1233809612
1262316193 1262316198
588172761 588172760
63048505 63048506
62715798 62715792
62715792 62715790
828459243 828459242
828459243 828459245
828459243 828459244
828459242 828459241
828459241 828459245
828459247 830544341
828459246 830544343
1233720261 1234828858
62718695 62718691
830389721 830389720
830389729 830389728
830545012 830545014
830545017 830545014
62897607 62897604
604108273 604108272
270018669 270018668
1262562969 1262562963
830544981 830544988
1233935138 1233935137
830544340 830544343
830544183 830544186
