179378414 -106.48823699 31.76609397
179378417 -106.487389 31.76664098
1215723169 -106.48867042 31.76069393
179486998 -106.47372599 31.761079
179301308 -106.48475699 31.75687296
179565235 -106.48440596 31.76175701
179301303 -106.48534398 31.75674304
179565232 -106.48376399 31.76101898
179534695 -106.48192802 31.75284696
179301265 -106.47076299 31.76019596
179361448 -106.48346702 31.75615413
179506868 -106.47837904 31.75745098
179500434 -106.47455597 31.76302896
179325028 -106.48120902 31.759612
179325026 -106.48077299 31.75971501
179360834 -106.480027 31.75732198
179419720 -106.48717501 31.76337497
179325023 -106.479753 31.75995599
179505759 -106.48432801 31.75509398
179414159 -106.47356103 31.76581301
179414156 -106.47357604 31.76538604
179414153 -106.47358098 31.76442396
179326872 -106.48633103 31.76845298
179414151 -106.47357 31.76345602
179414150 -106.47357302 31.76304003
179381121 -106.47423402 31.761395
179381123 -106.47378299 31.76159298
315021709 -106.47648154 31.76222682
1215723188 -106.48705196 31.76173647
179290857 -106.47531302 31.758175
315021707 -106.47661599 31.76261331
315021704 -106.47690349 31.76295093
179381087 -106.48459103 31.75784501
179332120 -106.48801697 31.75829897
1064654772 -106.47385214 31.75112834
179381081 -106.48561698 31.757614
179360882 -106.48712798 31.75542004
179668374 -106.47369598 31.75287798
179360887 -106.48817698 31.75518099
179360885 -106.48759896 31.755313
179668371 -106.47372599 31.75283196
179640931 -106.47377201 31.75495602
179640920 -106.47525099 31.75959398
179429980 -106.48789501 31.75428002
179512609 -106.48274299 31.75546497
179429988 -106.48898298 31.754033
179361427 -106.48606901 31.75553898
179361424 -106.48665399 31.75540596
1215723119 -106.48714483 31.76183924
179474539 -106.47424299 31.75285501
179474533 -106.47504103 31.75541602
1064731788 -106.47362046 31.76146172
179474531 -106.47531403 31.75629
179474537 -106.47449604 31.75366101
179505248 -106.485477 31.75201397
179474535 -106.47476903 31.75454002
179332135 -106.48852198 31.75914798
179447193 -106.47522702 31.75247799
179428855 -106.481148 31.76838098
179511734 -106.47967899 31.75621297
179428851 -106.48357196 31.76682697
179428853 -106.48236002 31.76760297
179642921 -106.47975702 31.75728602
179534497 -106.47931798 31.76049503
179495240 -106.48870797 31.75315701
179534125 -106.47827996 31.76512997
179534122 -106.47796296 31.76475698
179487029 -106.47374996 31.760072
179505761 -106.48404403 31.75422302
179505763 -106.48370498 31.75335499
179282486 -106.47418096 31.75844004
179505766 -106.48358898 31.75244698
179505768 -106.48289102 31.75072902
179507141 -106.474676 31.752753
179507144 -106.47463501 31.75261696
179456701 -106.47910499 31.76174896
179456703 -106.47852798 31.76212003
179456707 -106.47788802 31.76252496
179271591 -106.48899304 31.76436797
179301291 -106.47075503 31.76015003
179307171 -106.47585399 31.76666302
179505243 -106.48713804 31.75683801
179505246 -106.48573399 31.75289197
179505244 -106.48636104 31.75463399
179505245 -106.48602501 31.75377199
179447196 -106.47497699 31.75168004
179601995 -106.47709099 31.75493699
179601993 -106.48118404 31.75397198
179386227 -106.48527701 31.752997
179511744 -106.47829597 31.75175799
179511742 -106.47833797 31.75189302
179511740 -106.47885798 31.75357602
179500447 -106.477078 31.76590002
179500442 -106.47675898 31.76553499
179500440 -106.47612104 31.76480802
179360846 -106.48103099 31.75700799
179325050 -106.486829 31.75828699
179360849 -106.48204 31.75671798
179341972 -106.485908 31.766457
179341973 -106.48506 31.767004
179505561 -106.48888198 31.75746799
179341977 -106.48300099 31.76832901
179341975 -106.48420798 31.767551
179361467 -106.48055498 31.75695602
179512644 -106.47099098 31.75825002
179592186 -106.48349602 31.75434799
179361460 -106.48199926 31.75658471
179361461 -106.48097801 31.75684002
179592189 -106.48247703 31.75459702
1215723154 -106.48630731 31.76237953
179603091 -106.47029997 31.75934797
179530377 -106.48632198 31.759382
179483897 -106.47074002 31.75924998
179483894 -106.47075201 31.758275
179530371 -106.48607103 31.75910397
179403346 -106.48207504 31.76211299
179403344 -106.48143298 31.76139097
179290893 -106.47445999 31.75555097
179403342 -106.48080099 31.76066099
179361512 -106.47612699 31.75889199
179455883 -106.47960397 31.75246701
179361517 -106.47437701 31.75930799
179361515 -106.47510498 31.75913498
179325024 -106.47997302 31.75990503
179325025 -106.48013999 31.75986404
179592212 -106.47429202 31.75653601
179592218 -106.47087396 31.75733296
1064733030 -106.48685976 31.75846946
179324999 -106.47350798 31.76253703
179512632 -106.474561 31.75740697
179602001 -106.47401802 31.75565398
179301314 -106.48328203 31.75721
179301312 -106.48375033 31.75707371
179301310 -106.484313 31.75697396
179552468 -106.48557004 31.75873399
179552501 -106.47974202 31.76248196
179534683 -106.486685 31.75172697
179534680 -106.48709999 31.75165003
179552462 -106.48564103 31.75871698
179534689 -106.48295103 31.752595
179506875 -106.47759097 31.75481998
179506878 -106.47731303 31.75394198
179386233 -106.48473 31.75124996
179271535 -106.48410396 31.76513902
179325012 -106.47741403 31.76079703
179325010 -106.47736198 31.76081799
179325017 -106.47870601 31.76022597
179419739 -106.48583197 31.764776
179507051 -106.48540701 31.75995901
179507055 -106.48608402 31.76066996
179319250 -106.47821199 31.75849603
179507072 -106.48739361 31.76211458
179505445 -106.48478197 31.75310798
179505447 -106.48447302 31.75224397
179505440 -106.48536099 31.75485703
179505443 -106.48507299 31.75399101
1215723194 -106.48723737 31.76177981
179325004 -106.47468102 31.76200998
179511736 -106.479408 31.75533899
179290905 -106.47396697 31.75378699
179511732 -106.47994201 31.75705401
179290900 -106.47411399 31.75469501
179456713 -106.47651096 31.76312703
1064654769 -106.47375952 31.75126639
179511738 -106.47913802 31.75445696
179448387 -106.47442404 31.75180602
179448384 -106.47599799 31.75144199
179448382 -106.47652597 31.75131601
179448380 -106.47804502 31.75096003
179609863 -106.48356199 31.76229303
179609861 -106.48292496 31.76157102
179221514 -106.48521297 31.76499301
179680035 -106.486786 31.75132598
179361454 -106.4829864 31.75631472
179361555 -106.46856802 31.762489
179361418 -106.48709596 31.75531401
179307167 -106.47555299 31.76631098
179361412 -106.48756602 31.75520798
179474528 -106.47558904 31.75716599
179474525 -106.47586396 31.75804802
1215723120 -106.48876178 31.76079929
179455858 -106.48070501 31.75597199
179603105 -106.46977501 31.75949398
179428843 -106.48610397 31.76517901
179403308 -106.48477996 31.76517498
179428848 -106.48442197 31.76627402
179584188 -106.48069898 31.76357898
179651442 -106.47629203 31.75237498
179651446 -106.47624903 31.75223701
179584185 -106.48038298 31.76320297
179534135 -106.47583697 31.76239102
179534137 -106.47583999 31.76242396
179486954 -106.47370202 31.75879703
179486950 -106.473742 31.75302701
179486959 -106.47365701 31.758865
179360812 -106.47617099 31.75901898
179199759 -106.47205699 31.76002296
179348379 -106.48843103 31.75228001
179505173 -106.48680101 31.75264798
179437402 -106.48452197 31.75411699
179348376 -106.48734097 31.75251898
179271576 -106.48832601 31.76420101
179498370 -106.48267501 31.75170996
179498377 -106.48165603 31.75196502
179301282 -106.47218498 31.75983504
179447181 -106.47579397 31.75429603
179447184 -106.47552098 31.75342196
179447187 -106.47526902 31.75261403
179601988 -106.48220202 31.75372002
179487034 -106.47373999 31.75884698
179381074 -106.48664099 31.757384
1215723090 -106.48875684 31.76063861
179381072 -106.48766803 31.75715099
179487032 -106.473756 31.75889602
179381070 -106.488712 31.75691202
179498391 -106.47654399 31.75318098
179419713 -106.48887301 31.762287
179381078 -106.486167 31.75749004
179325048 -106.48588696 31.75848798
179494066 -106.48726402 31.76347497
179494063 -106.48662272 31.76273577
179437408 -106.48424997 31.753227
179325040 -106.483391 31.75910196
179419065 -106.48603096 31.75188698
179360852 -106.48301213 31.7564169
179495232 -106.48762 31.75340604
179419061 -106.48657997 31.753645
179325046 -106.48484098 31.75873902
179419063 -106.48630597 31.75276097
179666549 -106.47998099 31.75996203
179534506 -106.480588 31.76193496
179312347 -106.473699 31.76636496
179312349 -106.47433804 31.76709201
179668377 -106.47369297 31.75291896
179592197 -106.48145897 31.75485099
1215723163 -106.48593608 31.76263862
179487043 -106.47367101 31.75762004
179487046 -106.47366899 31.756678
179487049 -106.47367603 31.75573696
179336002 -106.47908203 31.75776597
179290878 -106.47508503 31.75728703
179670721 -106.47338401 31.76545502
179336003 -106.47894096 31.75732097
179456698 -106.47994704 31.76120498
179360753 -106.46885703 31.76234299
179456691 -106.48248801 31.75957403
179456695 -106.48164404 31.76012002
179658856 -106.47153898 31.75342003
179661834 -106.48716 31.75883298
179468328 -106.47459897 31.75988097
179325060 -106.48793298 31.75802203
447794959 -106.48350993 31.7562563
179361457 -106.48247997 31.75645328
179428830 -106.48728296 31.76427502
179592438 -106.48240503 31.75084201
179360879 -106.48669204 31.75551903
179674484 -106.48210697 31.75691596
179592435 -106.48322202 31.75346798
179301323 -106.48228199 31.75747696
179301326 -106.48148503 31.75766899
179423702 -106.48272304 31.76283903
179423703 -106.48292203 31.76310096
179552456 -106.48572502 31.75874296
179486961 -106.47365198 31.75891202
179680157 -106.47283801 31.76806104
179325033 -106.48230596 31.759354
179511753 -106.48047099 31.75859896
179615283 -106.48159501 31.76647099
179310182 -106.48866799 31.76808904
179494023 -106.48369903 31.75937596
179505935 -106.48334397 31.75531904
1215723214 -106.48884921 31.76074263
179494029 -106.48374102 31.75946196
179505938 -106.48306201 31.75444296
179386223 -106.485823 31.75475804
179325006 -106.47529399 31.76173899
179325000 -106.473642 31.76246704
179386225 -106.48555001 31.75388104
179335974 -106.47947598 31.75907698
179507040 -106.48476797 31.75909701
179325008 -106.47602003 31.76141796
179534513 -106.48152401 31.76302201
179360814 -106.47718897 31.75878102
179456729 -106.47223996 31.76503601
179512598 -106.48377103 31.75522097
179307157 -106.47379799 31.76432103
179414136 -106.473612 31.76238297
179360810 -106.47514496 31.75926599
1064654759 -106.4735053 31.75124401
179319254 -106.47816697 31.75836804
179437411 -106.48397999 31.75235604
179381102 -106.48255197 31.75835899
179437413 -106.483708 31.75147996
179505167 -106.48804203 31.756708
179506240 -106.48088397 31.75116103
179505941 -106.48273796 31.75357904
179505944 -106.48263201 31.75267002
179448394 -106.47395096 31.751919
179360861 -106.4840421 31.75609571
179336016 -106.47727598 31.75199796
179336014 -106.47731797 31.752134
179336013 -106.477568 31.75294
179336011 -106.47784201 31.75381901
179419052 -106.48755999 31.75680398
179507046 -106.48479698 31.75924697
179419751 -106.483837 31.76560598
179419059 -106.48685197 31.75451899
179336018 -106.47702301 31.75119799
179428996 -106.48860202 31.76348603
179300121 -106.48591101 31.76193161
179437396 -106.48479999 31.75498804
179361406 -106.48814496 31.75507697
179221482 -106.48410396 31.76491003
179221480 -106.48446799 31.76466201
179639964 -106.48783198 31.759569
179448368 -106.479078 31.75075702
1215723140 -106.48715036 31.76167311
179301274 -106.46843701 31.76072696
179290849 -106.47567101 31.75900003
179414183 -106.473583 31.76584503
179534140 -106.47582901 31.76245397
179534142 -106.47581602 31.76246897
179474542 -106.47376488 31.75132573
179474540 -106.47420099 31.75271897
179534478 -106.48602903 31.76809499
179360807 -106.47444197 31.75942801
179486984 -106.47350898 31.76154
179312357 -106.47478798 31.76764597
179642891 -106.47930901 31.75723497
179428305 -106.48863899 31.75667297
179642894 -106.47790999 31.75756002
179498365 -106.483248 31.75158096
179282478 -106.47399203 31.75753899
179498362 -106.48426104 31.75135599
179618456 -106.48137599 31.751056
179552487 -106.48312797 31.76029797
179498388 -106.47706199 31.75305903
179498381 -106.48063503 31.75222201
179381105 -106.48152996 31.75861103
179498384 -106.47859101 31.75270397
179533615 -106.47947396 31.76432497
179325038 -106.48310601 31.759167
179533612 -106.47917398 31.76398098
179325035 -106.48281197 31.75923599
179325031 -106.48180698 31.75947101
179507137 -106.47521504 31.75443399
179507134 -106.47549197 31.75531401
179419715 -106.488022 31.76282797
179534512 -106.48122402 31.76265899
179680069 -106.48682104 31.751473
179381119 -106.474289 31.76137102
179666556 -106.47995601 31.76006001
179414168 -106.47350999 31.76762401
179448372 -106.47904196 31.750739
179414166 -106.47351703 31.76648398
179403313 -106.48526603 31.76573104
315021710 -106.47718646 31.76193496
315021712 -106.47776992 31.76257567
1215723173 -106.48587824 31.76228038
179487057 -106.47370101 31.75388003
179487054 -106.47368199 31.75393301
179381098 -106.48356802 31.75809697
179530387 -106.48696001 31.76011399
179668362 -106.480358 31.75128298
179609844 -106.48585502 31.76489897
179530404 -106.48823297 31.76156004
179640926 -106.47484003 31.75828296
179361439 -106.48451409 31.75589144
179498399 -106.47373102 31.75385103
179361535 -106.47084597 31.76042697
179361430 -106.48554598 31.75566496
179361436 -106.4850377 31.75576001
179487037 -106.47368701 31.75855797
179381142 -106.47364402 31.76144504
179428824 -106.48736201 31.76396598
179361445 -106.483982 31.75601549
179642913 -106.47962802 31.75722299
179498394 -106.47492804 31.75356001
179301336 -106.48023303 31.75797099
179534704 -106.47681699 31.75405698
179658836 -106.47291504 31.75154903
179534701 -106.48091498 31.75310102
179301333 -106.48032397 31.75794903
179301339 -106.479207 31.75819303
179267262 -106.47983698 31.76788401
179360867 -106.48455709 31.75597174
533902214 -106.47123866 31.7543915
179534119 -106.47732602 31.76403597
179447179 -106.47606697 31.755183
179455900 -106.47909996 31.75077999
179494035 -106.48398603 31.75975399
179282496 -106.47459704 31.75925501
179674498 -106.48041299 31.751429
179300112 -106.48846104 31.76027098
179386230 -106.48500602 31.75212302
179300115 -106.48759301 31.76083299
179325041 -106.48374002 31.75901403
179300118 -106.48674962 31.76140179
179533609 -106.47853603 31.76325704
179456715 -106.47516198 31.76371703
179419067 -106.48576299 31.75101099
179498359 -106.48524499 31.75113102
179506887 -106.47679796 31.75210902
179307160 -106.47491102 31.76558704
179506881 -106.47684297 31.75224498
179326867 -106.488023 31.76735998
179326865 -106.48887603 31.76681499
179378425 -106.484845 31.76827503
179378420 -106.48654301 31.76718203
179326869 -106.48718003 31.76790597
179378423 -106.48569904 31.76772501
179505170 -106.48709404 31.75352397
179290884 -106.47480902 31.75641204
1064731891 -106.48683839 31.7581046
179505176 -106.486541 31.75176603
179262537 -106.47361099 31.76146297
179199757 -106.47201097 31.75989497
179262535 -106.473396 31.76145903
179494041 -106.48461299 31.76047299
179336009 -106.47811299 31.75469802
179494043 -106.48526301 31.76120196
179336000 -106.47912301 31.75790502
179505958 -106.48191301 31.75094997
179512616 -106.48173297 31.75573
179360873 -106.48558203 31.755772
179360870 -106.48507199 31.7558476
179360876 -106.48610397 31.75565297
179325067 -106.48897996 31.75779103
179419766 -106.47934203 31.76846404
179419764 -106.48055397 31.76768503
179419762 -106.48174303 31.76691599
179419761 -106.48296603 31.76613102
179341961 -106.48845299 31.76482797
179666566 -106.47793404 31.76138603
179666562 -106.47994503 31.76007703
179341968 -106.48675197 31.765911
179680059 -106.48679204 31.75165003
1064733029 -106.48683302 31.75839662
179361474 -106.47998501 31.75719197
179552491 -106.48227997 31.76084699
179361479 -106.47977102 31.75730203
1215723236 -106.48614621 31.7621974
179221490 -106.48233387 31.76627419
179506228 -106.48168603 31.75385799
1064654766 -106.47369523 31.75126639
179506222 -106.48227201 31.75560302
179506224 -106.48197898 31.75472803
179361488 -106.47862798 31.75809504
179455872 -106.48043503 31.75509197
179483882 -106.47081202 31.757369
179455877 -106.47988401 31.753343
179455874 -106.48015399 31.75421598
179483888 -106.47075997 31.757455
179381118 -106.475626 31.76077096
179668333 -106.473756 31.75299096
179668336 -106.47376899 31.75297596
179360777 -106.47092099 31.760533
179381112 -106.48051097 31.75884698
179381115 -106.478301 31.75957897
179381116 -106.476964 31.76017903
179361509 -106.47715302 31.75865001
179455895 -106.47935301 31.75165497
179455896 -106.47931496 31.75151902
179392222 -106.488857 31.75881102
179447177 -106.47688697 31.757801
