179378414 179378417
179378414 179326865
179378417 179326867
179378417 179378420
179378417 179341968
1215723169 1215723090
179486998 179325000
179301308 179360867
179301308 179301310
179301308 179301303
179565235 179609863
179565235 179494043
179565235 179565232
179301303 179360870
179301303 179381081
179565232 179494041
179565232 179609861
179565232 179552487
179534695 179601988
179534695 179498377
179534695 179505944
179534695 179534701
179301265 179301291
179301265 179301274
179301265 179361535
179361448 179505935
179361448 447794959
179361448 179361445
179361448 179361454
179506868 179361488
179506868 179336003
179506868 179642894
179500434 179456715
179500434 179414151
179500434 179534142
179325028 179325026
179325028 179325031
179325028 179456695
179325026 179381112
179325026 179325025
179360834 179336000
179360834 179360846
179360834 179301336
179360834 179361474
179419720 179494066
179419720 179419715
179419720 179494063
179419720 179419739
179325023 179335974
179325023 179325024
179325023 179325017
179505759 179505761
179505759 179361439
179505759 179512598
179505759 179437396
179414159 179414156
179414159 179414166
179414159 179414183
179414156 179670721
179414156 179414153
179414153 179456729
179414153 179414151
179414153 179307157
179326872 179534478
179326872 179326869
179414151 179414150
179414150 179324999
179414150 179325000
179381121 179381142
179381121 179381123
179381121 179381119
315021709 315021710
315021709 315021707
1215723188 1215723119
1215723188 1215723236
1215723188 179300118
1215723188 1215723140
179290857 179474525
179290857 179290849
179290857 179640926
315021707 315021704
315021704 315021712
315021704 179456713
179381087 179381098
179381087 179325046
179381087 179301310
179381087 179381081
179332120 179332135
179332120 179661834
179332120 179325060
1064654772 1064654759
1064654772 1064654769
179381081 179325048
179381081 179381078
179360882 179419052
179360882 179360879
179360882 179360885
179360882 179361418
179668374 179668377
179668374 179668371
179360887 179428305
179360887 179361406
179360887 179360885
179360885 179505167
179360885 179361412
179668371 179474540
179640931 179602001
179640920 179360810
179429980 179429988
179429980 179361406
179429980 179495232
179512609 179505935
179512609 179506222
179512609 179592189
179512609 179361454
179429988 179495240
179361427 179386223
179361427 179361430
179361427 179360876
179361427 179361424
179361424 179360879
179361424 179505244
179361424 179361418
1215723119 1215723154
1215723119 1215723194
1215723119 179507072
179474539 179668336
179474539 179507141
179474539 179474537
179474539 179474540
179474533 179474531
179474533 179290893
179474533 179507134
179474533 179474535
1064731788 179414136
179474531 179290884
179474531 179474528
179474537 179290905
179474537 179498394
179474537 179474535
179505248 179498359
179505248 179505246
179505248 179386230
179505248 179419065
179474535 179507137
179474535 179290900
179332135 179392222
179332135 179639964
179447193 179447196
179447193 179447187
179447193 179651446
179447193 179507144
179428855 179419764
179428855 179428853
179511734 179511736
179511734 179511732
179511734 179455858
179428851 179419761
179428851 179428848
179428851 179428853
179428851 179341975
179428853 179341977
179428853 179419762
179642921 179361479
179642921 179642913
179534497 179456698
179534497 179666566
179534497 179666562
179495240 179348379
179495240 179495232
179534125 179534122
179534122 179534119
179534122 179500442
179534122 179533612
179487029 179487032
179505761 179505763
179505761 179592186
179505761 179437402
179505763 179592435
179505763 179437408
179505763 179505766
179282486 179282496
179282486 179487037
179282486 179282478
179282486 179640926
179505766 179498365
179505766 179437411
179505766 179534689
179505768 179592438
179505768 179498365
179507141 179447187
179507141 179498394
179507141 179507144
179507144 179448387
179507144 179474540
179456701 179456698
179456701 179456703
179456701 179552501
179456703 179666566
179456703 179456707
179456707 315021712
179456707 179533609
179271591 179271576
179301291 179483897
179301291 179301282
179307171 179307167
179505243 179360879
179505243 179419052
179505246 179419063
179505246 179386227
179505246 179505245
179505244 179386223
179505244 179419059
179505244 179505245
179505245 179386225
179505245 179419061
179447196 179448387
179447196 179448384
179601995 179534704
179601995 179447179
179601995 179506875
179601995 179642894
179601993 179592197
179601993 179455874
179601993 179534701
179601993 179506228
179386227 179505445
179386227 179386225
179386227 179386230
179511744 179336016
179511744 179455896
179511744 179511742
179511744 179448380
179511742 179336014
179511742 179455895
179511742 179498384
179511740 179455877
179511740 179498384
179511740 179336011
179511740 179511738
179500447 179500442
179500442 179307167
179500442 179500440
179500440 179307160
179500440 179456715
179500440 179534119
179360846 179360849
179360846 179361461
179325050 179325048
179325050 179325060
179325050 1064731891
179325050 1064733029
179360849 179360852
179360849 179361460
179360849 179674484
179341972 179341973
179341972 179403313
179341972 179378420
179341972 179341968
179341973 179378423
179341973 179428848
179341973 179341975
179505561 179325067
179505561 179381070
179341977 179341975
179341975 179378425
179361467 179361474
179361467 179511732
179361467 179361461
179512644 179483894
179592186 179505938
179592186 179512598
179592186 179592435
179361460 179512616
179361460 179361457
179361460 179361461
179361461 179455858
179592189 179601988
179592189 179505938
179592189 179506224
1215723154 1215723236
1215723154 1215723163
1215723154 179494063
179603091 179603105
179603091 179483897
179530377 179507051
179530377 179530387
179530377 179661834
179530377 179530371
179483897 179487037
179483897 179483894
179483894 179483888
179530371 179325048
179530371 179552456
179403346 179403344
179403346 179534512
179403346 179609861
179403346 179423702
179403344 179552491
179403344 179534506
179403344 179403342
179290893 179602001
179290893 179290884
179290893 179290900
179403342 179325025
179403342 179456698
179403342 179456695
179361512 179361509
179361512 179474525
179361512 179290849
179361512 179360812
179455883 179455895
179455883 179498381
179455883 179455877
179455883 179498384
179361517 179282496
179361517 179360807
179361517 179301282
179361515 179282496
179361515 179290849
179361515 179360810
179361515 179640926
179325024 179666549
179325024 179325025
179592212 179602001
179592212 179290884
179592212 179512632
179592212 179487046
179592218 179483882
1064733030 179661834
1064733030 1064733029
179324999 179486984
179324999 179325000
179512632 179640926
179512632 179282478
179512632 179290878
179602001 179487049
179301314 179360852
179301314 179301312
179301314 179381098
179301312 447794959
179301312 179301310
179301310 179360861
179552468 179552462
179552468 179507046
179552501 179533609
179552501 179534506
179552501 179584185
179534683 179680059
179534683 179505176
179534683 179534680
179534680 179680035
179534680 179348376
179552462 179552456
179534689 179498370
179534689 179592435
179534689 179505944
179506875 179506878
179506875 179336009
179506878 179498388
179506878 179534704
179506878 179336011
179386233 179498359
179386233 179386230
179386233 179498362
179271535 179271576
179271535 179221490
179325012 179666566
179325012 179325010
179325012 179325017
179325010 179325008
179325010 179381116
179325017 179381115
179419739 179221514
179507051 179507046
179507051 179507055
179507051 179494041
179507055 179530387
179507055 179494043
179507055 179300118
179319250 179360814
179319250 179336000
179319250 179319254
179507072 179530404
179507072 179419715
179507072 179494063
179505445 179505447
179505445 179437408
179505445 179505443
179505447 179437411
179505447 179498362
179505447 179386230
179505440 179386223
179505440 179361430
179505440 179437396
179505440 179505443
179505443 179437402
179505443 179386225
179325004 179381119
179325004 179325006
179325004 179325000
179511736 179455872
179511736 179511738
179290905 179498399
179290905 179486950
179290905 179290900
179511732 179642891
179511732 179361474
179456713 179456715
179456713 179534119
1064654769 179474542
179511738 179455874
179511738 179336009
179448387 179448394
179448384 179448382
179448384 179651446
179448382 179506887
179448382 179336018
179448380 179448372
179448380 179336018
179609863 179609861
179609863 179423702
179609861 179552491
179221514 179221490
179221514 179403308
179680035 179680069
179361454 179360852
179361454 179361457
179361555 179361535
179361418 179419059
179361418 179361412
179307167 179312349
179307167 179307160
179361412 179505170
179361412 179361406
179474528 179474525
179474528 179290878
179474525 179447177
1215723120 1215723214
179455858 179455872
179455858 179512616
179428843 179609844
179428843 179403313
179428843 179341968
179428843 179428830
179403308 179403313
179403308 179419751
179428848 179403313
179428848 179419751
179584188 179584185
179651442 179498391
179651442 179506881
179651442 179651446
179651442 179447187
179651446 179506887
179584185 179534512
179584185 179533612
179534135 179325006
179534135 179534137
179534137 179534140
179486954 179487034
179486954 179487037
179486954 179486959
179486950 179668377
179486950 179668333
179486959 179486961
179360812 179360814
179360812 179360810
179199759 179360807
179199759 179360777
179199759 179199757
179348379 179348376
179505173 179505170
179505173 179348376
179505173 179505176
179505173 179419063
179437402 179437396
179437402 179437408
179348376 179495232
179498370 179592438
179498370 179498365
179498370 179498377
179498377 179618456
179498377 179498381
179301282 179199757
179447181 179447179
179447181 179534704
179447181 179447184
179447181 179507137
179447184 179498391
179447184 179498394
179447184 179447187
179601988 179505941
179601988 179506228
179487034 179487032
179381074 179360876
179381074 1064731891
179381074 179381072
179381074 179381078
1215723090 1215723214
1215723090 179300112
179381072 179419052
179381072 179325060
179381072 179381070
179381070 179428305
179498391 179534704
179498391 179498388
179419713 179419715
179419713 179530404
179381078 179360873
179325048 179325046
179494066 179341961
179494066 179428824
179494063 179615283
179437408 179437411
179325040 179325041
179325040 179494029
179325040 179325038
179419065 179419067
179419065 179505176
179419065 179419063
179360852 447794959
179495232 179505170
179419061 179505170
179419061 179419063
179419061 179419059
179325046 179507040
179325046 179325041
179666549 179666556
179534506 179534512
179534506 179456698
179312347 179312349
179312347 179307160
179312347 179414166
179312347 179414183
179312349 179414168
179312349 179312357
179592197 179455872
179592197 179506224
179592197 179512616
179487043 179487037
179487043 179282478
179487043 179487046
179487046 179487049
179336002 179336000
179336002 179361488
179336002 179336003
179336002 179361479
179290878 179290884
179336003 179336009
179336003 179642891
179360753 179360777
179456691 179552487
179456691 179325038
179456691 179325033
179456691 179456695
179456695 179552491
179658856 179658836
179658856 533902214
179661834 179639964
179468328 179360807
179325060 179325067
447794959 179360861
179361457 179506222
179428830 179428824
179592438 179505958
179360879 179360876
179592435 179505941
179301323 179301326
179301323 179381102
179423702 179423703
179680157 179414168
179325033 179325035
179325033 179325031
179511753 179381112
179615283 179221482
179310182 179326867
179494023 179325041
179494023 179494029
179505935 179512598
179505935 179505938
179494029 179494035
179505938 179505941
179386223 179386225
179325006 179325008
179325000 179414136
179335974 179381112
179335974 179381115
179507040 179507046
179325008 179381118
179534513 179534512
179360814 179361509
179512598 179361445
179307157 179456715
179307157 179307160
179360810 179360807
1064654759 179658836
1064654759 1064654766
179319254 179361488
179319254 179361509
179319254 179642894
179437411 179437413
179381102 179325035
179381102 179381105
179381102 179381098
179437413 179498365
179437413 179498362
179506240 179618456
179506240 179668362
179505941 179505944
179448394 179474542
179448394 179474540
179360861 179360867
179360861 179361445
179336016 179336014
179336016 179506887
179336016 179336018
179336014 179336013
179336014 179506881
179336013 179498388
179336013 179498384
179336013 179336011
179336011 179336009
179507046 179494035
179419751 179419761
179428996 179419715
179428996 179221480
179300121 179494043
179300121 179300118
179300121 1215723236
179437396 179361436
179221482 179221480
179639964 179530387
179639964 179300112
179448368 179455900
179448368 179448372
179534140 179534142
179474542 1064654766
179486984 179262537
179642891 179642913
179642894 179447177
179618456 179505958
179552487 179494035
179552487 179552491
179498388 179506881
179498381 179534701
179381105 179381112
179381105 179325031
179533615 179533612
179325038 179325035
179533612 179533609
179507137 179507134
179507137 179498394
179507134 179447179
179680069 179680059
179381119 179381118
179666556 179666562
179414168 179414166
315021710 315021712
1215723173 1215723236
179487057 179498399
179487057 179487054
179381098 179325041
179530387 179300115
179668362 179674498
179668362 179455896
179530404 179300115
179361439 179361445
179361439 179360867
179361439 179361436
179361535 179360777
179361535 179199757
179361430 179360873
179361430 179361436
179361436 179360870
179381142 179262537
179301336 179301339
179301336 179301333
179534701 179455877
179301339 179336000
179267262 179221490
179360867 179360870
179534119 179533609
179447179 179447177
179455900 179455896
179494035 179494041
179300112 179300115
179300115 179300118
179419067 179498359
179506887 179506881
179326867 179326865
179326867 179326869
179378425 179378423
179378420 179326869
179378420 179378423
179262537 179262535
179494041 179494043
179512616 179506222
179360873 179360870
179360873 179360876
179419766 179419764
179419764 179419762
179419762 179419761
179341961 179341968
179361474 179361479
179506228 179506224
179506222 179506224
179455872 179455874
179483882 179483888
179455877 179455874
179381118 179381116
179668333 179668336
179381115 179381116
179361509 179447177
179455895 179455896
