308257817 -97.34426333 32.72047683
82552645 -97.33333501 32.72056501
82634987 -97.34636702 32.73290602
310715339 -97.34452938 32.7181739
82634988 -97.34637599 32.73234301
82634989 -97.34642201 32.731493
82557977 -97.33678802 32.731895
82676405 -97.33019297 32.72940197
82676407 -97.33240696 32.72939602
82676401 -97.34197801 32.72937699
82676400 -97.33940602 32.72939099
82676403 -97.34694504 32.729149
82740519 -97.33245097 32.73314398
82442939 -97.34026902 32.73314801
82439851 -97.32810898 32.73314298
82760072 -97.33539604 32.72749299
82439855 -97.32810797 32.73187597
82462068 -97.32637501 32.72608701
82604396 -97.34623602 32.72319701
82604397 -97.34711997 32.72321101
82462062 -97.326114 32.72951202
82462063 -97.32627904 32.72931404
308258443 -97.34395463 32.72125668
82441909 -97.33772 32.724748
82759084 -97.32633201 32.72337898
82706765 -97.32985803 32.73315798
82673891 -97.34701302 32.71579998
82762314 -97.33257603 32.71818497
82762310 -97.33252004 32.72054498
82697314 -97.32724103 32.73314097
82762318 -97.33244804 32.73185401
82628652 -97.32899997 32.73315102
82628656 -97.32894901 32.729408
82628654 -97.32897902 32.73187203
82628659 -97.32892303 32.72659797
82628658 -97.32898497 32.72667098
310715191 -97.34453197 32.71793561
82716610 -97.34197097 32.73315899
82716612 -97.34200399 32.73190296
82628595 -97.32984604 32.71928199
82628592 -97.32963901 32.71933002
82600299 -97.330731 32.71885602
82600298 -97.329825 32.71885602
82444932 -97.34371801 32.73013698
82600294 -97.33628301 32.71871596
82600296 -97.33726797 32.71871596
82600293 -97.33512698 32.71874496
82630015 -97.34525198 32.72773103
82630016 -97.34586797 32.72773598
82728189 -97.34605899 32.71841304
82586032 -97.34375698 32.72047097
82586031 -97.34261 32.72045797
82442961 -97.34025603 32.71657497
82442112 -97.34711603 32.72574402
82439819 -97.32810101 32.72231004
82439815 -97.32809699 32.72594301
82439814 -97.32810001 32.72660702
82439817 -97.32812004 32.72357403
82439816 -97.32810998 32.72482897
82439812 -97.32810303 32.72716199
82535722 -97.34711402 32.724691
82618126 -97.331565 32.73187899
82618127 -97.33154598 32.72939099
82618124 -97.33156098 32.73313996
82618128 -97.33154204 32.72712997
82618129 -97.33154497 32.72597997
82439881 -97.32809598 32.73065196
82439886 -97.32807897 32.729407
82439889 -97.32808299 32.72817804
82573591 -97.33909497 32.71871898
82573590 -97.33907804 32.72041598
82573593 -97.33903998 32.71657397
82573592 -97.33909497 32.71804097
82771606 -97.33041199 32.71810199
82484947 -97.34578096 32.73235097
82714379 -97.33824999 32.72632002
82484948 -97.34579203 32.73315698
82502628 -97.33334498 32.71937101
82502627 -97.33257603 32.71937101
82502624 -97.33158998 32.71936497
82621884 -97.32983003 32.71877698
82565495 -97.34111903 32.73066604
82565493 -97.34111803 32.73190698
82760074 -97.33810197 32.72778401
82539392 -97.33246497 32.72290398
82698909 -97.33940502 32.73315396
82708889 -97.33628301 32.71801004
82708888 -97.33626298 32.72071404
82672308 -97.34605899 32.72217501
82672309 -97.34711 32.72218004
82552156 -97.347412 32.73151798
82552658 -97.33337499 32.71818497
82634991 -97.346477 32.729149
82628976 -97.347125 32.72124797
82703483 -97.33069597 32.72232999
82703484 -97.33071701 32.71814004
82766836 -97.34606796 32.71691
82703489 -97.33075397 32.73315002
82503898 -97.33331003 32.72533297
82460488 -97.33510996 32.72122902
82503897 -97.33155201 32.72533297
82463458 -97.32978703 32.71570803
82565520 -97.34145003 32.71803502
82462078 -97.32638004 32.71663096
82462077 -97.32636998 32.71757904
82462076 -97.326373 32.71844296
82462073 -97.32633201 32.72363798
82462071 -97.32635297 32.725035
82462070 -97.32636998 32.72592096
82465882 -97.32978896 32.71759304
82441905 -97.33595997 32.72471699
82441907 -97.33682096 32.72472202
82441901 -97.33332001 32.72471799
82441903 -97.33512002 32.72470802
82484938 -97.34586998 32.73078699
82484939 -97.34588699 32.73146702
82462066 -97.32640703 32.72819397
82462067 -97.32638599 32.72650904
82706770 -97.32978703 32.73187597
82428772 -97.33417404 32.720564
82428773 -97.33421896 32.71820299
82428770 -97.33418602 32.72290398
82428771 -97.33417404 32.72123104
82428775 -97.33423598 32.71658796
308255060 -97.32879529 32.71782052
82557928 -97.33671602 32.71801901
82557929 -97.33667302 32.71658302
82472982 -97.33765001 32.72828701
82472980 -97.33590599 32.72828097
82472981 -97.33677897 32.72829204
82472986 -97.341113 32.72831903
82472987 -97.34126697 32.72832196
82472984 -97.33852601 32.72828801
82472985 -97.33939504 32.72829597
82472988 -97.34195798 32.72833202
82472989 -97.34251797 32.72832397
82628665 -97.32878104 32.72022202
82540603 -97.33784003 32.718708
82478969 -97.34710798 32.71933002
82552617 -97.33331003 32.72823697
82552616 -97.33331003 32.72939602
82552615 -97.33331799 32.73066604
82552613 -97.33330701 32.73313401
82628589 -97.32901196 32.72010602
82628588 -97.32898497 32.72021901
82628587 -97.329019 32.72233502
82628586 -97.32899997 32.72358199
82628585 -97.32899603 32.72594602
82552619 -97.33330701 32.725971
82552618 -97.333305 32.72709904
82730824 -97.33247796 32.72204199
82728190 -97.34708401 32.71841203
82730820 -97.32755502 32.72233803
82579180 -97.34146403 32.71658796
82442108 -97.34663902 32.725755
82618131 -97.33158504 32.72233301
82618130 -97.33157297 32.72363304
82618133 -97.33158001 32.72052603
82618132 -97.33157598 32.72123498
82618135 -97.33159099 32.71815496
82618136 -97.33158998 32.71626702
82714388 -97.34527101 32.72663301
82697281 -97.32727699 32.72593404
82442959 -97.34024698 32.71803502
82442956 -97.34018001 32.72224701
82442957 -97.34020498 32.72043601
82442954 -97.34013902 32.72533197
82442955 -97.34015603 32.724072
82656491 -97.33243404 32.72360999
82656492 -97.335979 32.72363304
82656493 -97.33770299 32.723641
82549923 -97.34684697 32.72868598
82549922 -97.34648504 32.72868598
82780106 -97.33811999 32.72662202
82706737 -97.329854 32.72233996
82706736 -97.32987001 32.72595902
310716199 -97.34543362 32.72093239
310716198 -97.3442148 32.72199379
82706731 -97.32988502 32.72717598
82573587 -97.33903596 32.72226796
310716197 -97.3454078 32.72200829
82706739 -97.32981 32.71814499
82676399 -97.33768002 32.72939702
82676398 -97.33588604 32.72934002
308258218 -97.34413459 32.72384904
82441892 -97.32727397 32.72482897
82441890 -97.32648901 32.72481396
82441897 -97.33155897 32.72470198
82441894 -97.32898597 32.72483701
82441895 -97.32983003 32.724835
82619495 -97.34372798 32.73235097
82573576 -97.33854302 32.727969
82619496 -97.34372798 32.73194101
82573573 -97.33854302 32.73066898
82573572 -97.33850497 32.73190296
82619493 -97.34372999 32.73316402
82573570 -97.33852299 32.73315396
82619499 -97.34369898 32.72938403
82619498 -97.34372999 32.73147397
82573578 -97.33865601 32.72777998
82573588 -97.33905298 32.721513
82595319 -97.34285802 32.73191796
82442948 -97.34007398 32.72830201
82595317 -97.34284403 32.73316703
82573589 -97.33906999 32.72070096
82553140 -97.32846998 32.71666198
82553142 -97.329796 32.71665603
82553143 -97.33132302 32.71663096
82553145 -97.33159099 32.71661102
82553147 -97.33515698 32.71658897
82698912 -97.33944299 32.72782801
82698911 -97.33938004 32.73191
308255059 -97.32881314 32.71855687
82657099 -97.34607399 32.72030299
82552666 -97.33333099 32.71658201
82540605 -97.337863 32.71657204
82540604 -97.33786702 32.71805203
82703493 -97.33070502 32.73187597
82557980 -97.33679104 32.72778904
82557981 -97.33680998 32.72751403
82557982 -97.33680998 32.726013
82557983 -97.33683102 32.72363002
82623906 -97.34711997 32.72414802
82623905 -97.34640097 32.72413402
82460493 -97.32899997 32.721224
82460492 -97.32831802 32.72122299
82622111 -97.34395102 32.721383
82759078 -97.32859303 32.71990401
82539389 -97.33901098 32.72273198
82539386 -97.33769603 32.72275503
82539385 -97.336857 32.72272301
82539382 -97.33600699 32.72272897
82759071 -97.32873896 32.71759798
82539381 -97.33513804 32.72269804
82616061 -97.33512899 32.72229001
82616060 -97.33512999 32.72364
82616063 -97.33512899 32.72071404
82565511 -97.34133101 32.72659797
82616065 -97.33515003 32.71819997
82616064 -97.33511901 32.72055696
82616066 -97.33517299 32.71800602
82565518 -97.341416 32.72044398
82565512 -97.34135699 32.72535401
82616062 -97.33511901 32.72149398
82565516 -97.34139102 32.722261
310715673 -97.3443241 32.71878008
82565515 -97.34135699 32.72407996
82549918 -97.34527302 32.72863301
82771621 -97.32869998 32.71815203
82771620 -97.32867501 32.718162
82771624 -97.32888103 32.71815898
82549916 -97.34524896 32.72858004
82706467 -97.33769201 32.72229101
82706466 -97.33769997 32.72609296
82706465 -97.33765999 32.72779097
82706464 -97.33766996 32.73190103
82706462 -97.33767097 32.73315002
82706469 -97.33726897 32.71802697
82706468 -97.33773199 32.72071404
82428765 -97.33418996 32.72597704
82428764 -97.33418602 32.72710901
82505695 -97.34266499 32.71658201
82428766 -97.334182 32.72472202
82428761 -97.33420396 32.72930599
82428763 -97.334168 32.72824803
82428768 -97.33417404 32.72362298
82590689 -97.33236296 32.730673
82590687 -97.33155796 32.73067602
82590684 -97.33019397 32.73066302
82590685 -97.33069303 32.73067199
82590682 -97.32895999 32.73065196
82590683 -97.329752 32.73066001
82590681 -97.32722703 32.73064098
82472995 -97.345241 32.72814996
82472994 -97.34368599 32.72814996
82472996 -97.32896502 32.72818902
82472991 -97.34279499 32.72832196
82472992 -97.34368699 32.72831903
82472999 -97.33019699 32.72819497
82472998 -97.32987404 32.72817502
310715891 -97.344134 32.71971056
82656479 -97.32650996 32.72372901
82656475 -97.33769704 32.72405004
82619503 -97.34370401 32.72662404
82619506 -97.34376897 32.71805396
82619505 -97.34374198 32.72229604
82619504 -97.34372698 32.72410804
82619508 -97.34377098 32.71658
310715253 -97.34427448 32.71901738
82660169 -97.32640703 32.73178
82657069 -97.32984202 32.72121
82657066 -97.33638803 32.72147403
82657067 -97.33773199 32.72151099
82660167 -97.32642899 32.73311398
82657100 -97.34712399 32.72029101
82583163 -97.32828399 32.72152801
310715805 -97.34431782 32.72048463
82472978 -97.33502899 32.728271
82552620 -97.33331799 32.72361301
82552621 -97.33333199 32.72203201
82552626 -97.33334498 32.72122902
82442941 -97.34025997 32.73190296
82442942 -97.34026902 32.73066898
82442944 -97.34026902 32.72937699
82442946 -97.34024304 32.72830503
82656487 -97.33070804 32.72361301
82656486 -97.32981704 32.72359297
82656485 -97.32728202 32.72357696
82656482 -97.32663703 32.72359096
82656480 -97.32654299 32.72366296
82616058 -97.33503402 32.72711103
82616059 -97.33509202 32.72597402
82600301 -97.33159803 32.71886801
82616053 -97.33505196 32.73314197
82616055 -97.33503302 32.73190296
82616056 -97.33505003 32.72931999
308258433 -97.3447525 32.71668561
82629050 -97.33235801 32.72824702
82441888 -97.32635297 32.72480801
82441885 -97.34371801 32.72499501
82441886 -97.34453399 32.72501496
82442096 -97.34370904 32.72582499
82590679 -97.32639898 32.73064299
82442098 -97.34528702 32.72581904
82595322 -97.34254102 32.72536097
82595323 -97.34255804 32.724086
82595320 -97.34280002 32.72937699
82595321 -97.34253197 32.72661297
82428758 -97.33420396 32.73066604
82428759 -97.33418804 32.72939602
82595324 -97.34258503 32.72228196
82492786 -97.34554602 32.72581401
82428757 -97.33417898 32.73314298
82538055 -97.33330098 32.72853301
82673663 -97.34710304 32.71759002
310715443 -97.34444648 32.72048463
82762306 -97.33236598 32.72054297
82698922 -97.33911701 32.72691497
82698921 -97.33916001 32.72784302
82708903 -97.33591898 32.72598198
82708900 -97.33588504 32.73190598
82708901 -97.33591898 32.72751101
82557975 -97.33677704 32.73314499
82539383 -97.33640396 32.72271698
82444934 -97.34645403 32.72998401
82557979 -97.33679104 32.72937104
82557978 -97.33681098 32.73066604
82703987 -97.34680297 32.73303996
82703985 -97.346694 32.73329997
82442951 -97.34011304 32.72658196
308257793 -97.34452083 32.72080172
82439879 -97.32809598 32.73178897
82538054 -97.33239003 32.72853301
82539391 -97.33158101 32.722921
82573574 -97.33852601 32.72939903
82539393 -97.33333199 32.72291496
82622106 -97.34420801 32.72282703
82539395 -97.33513804 32.72295704
82622109 -97.34400098 32.72229604
82473002 -97.33154497 32.72821601
82565503 -97.34111601 32.72937699
82505694 -97.34267002 32.71804097
310715660 -97.34437783 32.72047742
82771616 -97.32854601 32.71844296
82771617 -97.32857199 32.71843198
82573584 -97.33897301 32.72530196
82573585 -97.33897301 32.72405004
82573583 -97.33894904 32.72657098
82573580 -97.33887897 32.72763196
82771618 -97.32860996 32.71838999
82771619 -97.32864902 32.71820601
82730816 -97.32728202 32.72270701
82657075 -97.33247796 32.72123699
82596673 -97.33772 32.725295
82596675 -97.34371298 32.725395
82590691 -97.33502497 32.73065196
82590690 -97.332456 32.73067199
82590693 -97.33768002 32.730674
82590692 -97.335865 32.73066001
82590695 -97.34197499 32.730674
82590694 -97.33939797 32.73066898
82590697 -97.34372597 32.730687
82590696 -97.34281301 32.73068197
82590699 -97.34517101 32.730673
82697320 -97.32725302 32.73176902
310715499 -97.34441228 32.7183977
310715888 -97.34422327 32.7209396
82565488 -97.341157 32.733162
310715246 -97.34413752 32.72170503
82708898 -97.33592502 32.73314398
82708890 -97.33639901 32.722275
82657074 -97.33235902 32.72123498
82708892 -97.336411 32.72070599
82657071 -97.33068398 32.72122098
