590720032 590720028
590720032 590720055
153008848 153008846
153008848 152840972
153008848 152700495
153008848 152761107
153008846 152761100
153008846 152840969
153008846 152791988
1199379189 1199379315
1199379189 1199379581
1199379189 1199379419
1199379189 1199379108
1193695691 1193695755
1193695691 1193695641
152121796 1193695686
152121796 152419810
152121796 152121799
152121796 152736084
151461831 151461833
151461831 151461828
153273442 152478656
153273442 152828224
153273442 153273445
153273442 1199379109
1193695696 1193695639
1193695696 1193695673
1193695750 153352479
1193695750 152359196
152703747 152111527
152703747 152703743
1193695752 1193695688
1193695752 681484239
1193695752 151731846
1193695753 1193695725
1193695753 1193695666
1193695755 1193695726
152121799 152121802
152121799 152736088
152121799 152419813
153008790 153008787
153008790 151955305
153008790 151461824
153008790 152359215
151672778 151672784
151672778 151672774
1197441226 1197441013
1197441226 152198340
1197441226 1197440987
1202646427 1202646720
1202646427 927754925
1202646427 153336901
1202646427 927754923
1199379174 1199379612
1199379174 1199379503
1199379174 1199379214
1199379174 152121809
1193695666 1193695716
1199379503 152419824
1199379503 1199379117
1199379503 1199379146
151731840 151412328
151731840 1193695682
151731840 152502752
151731840 151731846
152327852 152327851
152327852 152327856
152327852 152473439
681484252 681484249
681484252 1193695745
151834169 151834173
151834169 151834159
152189434 152700480
152189434 152113849
152189434 152189431
152189434 1199379473
153384679 152463981
152700477 1199379613
152700477 153378749
152700477 1074292682
152700477 152370741
152189431 152189429
152189431 152736090
152189431 152113845
152387046 153336904
152387046 152478680
152387046 1192150423
152387046 1192150424
152781777 152676003
152781777 151757628
1001710026 152700505
1001710026 1209926976
1001710026 1001710022
1001710026 1001710023
1199379505 1199379214
1199379505 1199379611
1199379505 1199379243
1199379505 1199379538
1001710022 152700509
1001710022 1209926964
1001710022 1001710019
1001710023 1001710018
1001710023 1209926982
1001710023 152700498
151666509 151666495
151666509 152832599
565652341 565652340
565652341 565652343
565652340 565652191
565652343 565652326
151461833 152676003
151461833 152996193
153273438 1199379232
153273438 152370748
153273438 152156205
153273438 152828222
1193695626 1193695675
1193695626 1193695726
1199379214 1199379574
1199379214 1199379146
152894633 152542039
152894633 1197441155
152894633 152328105
153417102 151635251
153417102 151834195
151711878 151711876
151711878 1191996687
695647837 152700509
695647837 695647835
695647837 152996200
695647835 695647832
1199379528 1199379519
1199379528 1199379388
1199379528 1199379232
1199379528 1199379168
695647832 695647826
152327836 152327834
152327836 152105968
152327836 152346777
152327834 153065297
152327834 152327833
152327833 152419790
152327833 152327828
152189448 152736104
152189448 152113869
152189448 152189451
152189448 152189446
152700505 152700509
152700505 153276667
152700505 152700498
152189441 152189440
152189441 152189442
152189441 152113858
152189441 152736097
152189440 152736095
152189440 152113855
152189440 1199379200
152189442 152113863
152189442 152189444
152189442 152695507
152189444 152113865
152189444 152621097
152189444 152189446
152478665 152478662
152478665 152478671
152478665 152621099
152478665 152113865
152359215 152359209
152703743 151365886
1199379595 1199379367
1199379595 152478651
1199379595 1199379108
1199379595 1199379347
151731439 151731435
151731439 151731442
151890991 151890989
151731435 151731432
151731432 151731429
1197440987 1197441123
1197440987 1197441108
152996197 152791991
152996197 153093648
152996197 152996200
152996197 152546012
1001708221 1209926403
1001708221 1001708217
1001708221 1001708224
1001708221 152996205
151843681 151821579
151843681 1193695708
151843681 151577143
152736099 152121818
152736099 152736104
152736099 152621097
152736099 152189446
152736097 152121812
152736097 152736095
152736097 152695507
152736095 1199379612
152736095 152121809
1074292682 152542044
152736090 152736088
152736090 152121802
152736090 685162822
565652763 565653259
565652763 565652758
565652763 152106675
1001708225 1001708220
1001708225 1001708224
1001708225 152840982
1001708225 1209926406
152761112 153008853
152761112 1199379518
152761112 152761115
152761112 152781961
152840972 153276667
152840972 152840969
152840972 152700498
681504707 681504746
681504707 681504748
681504707 151825750
153336904 153336901
153336901 153336889
153336901 152478674
151973280 151973277
151973280 152230516
151973280 152675993
151973280 152792004
566578355 566578354
566578355 566578356
566578346 152359206
566578346 153281118
927754929 1202646720
152359204 152359206
152359204 153302839
152359204 152359201
152359204 152791979
151825666 151825655
152359206 152343616
152359206 152359209
152463287 152463288
152463287 152196348
152463287 152791988
152359201 152113833
152359201 152343635
152359201 151635315
152781947 152761100
152781947 152781942
152781947 152781950
152781947 153093645
152370762 152370758
152370762 152419833
152359209 152343621
152359209 566578316
152343635 152478641
152343635 152113838
152725857 152791999
152725857 152546010
152725857 152675993
152725857 152725858
1193695654 1193695716
1193695654 1193695629
151731458 151731454
151731458 151731467
152791988 151812934
152791988 152263384
1199379134 1199379256
1199379134 1199379243
1199379134 1199379498
1199379134 1199379473
681479978 153065297
681479972 681479971
681479971 681479967
1197441087 152248212
1197441087 152147500
151825712 151825728
152828233 152828231
152828233 152695527
152828233 152840982
152828233 152828237
152675993 151591008
152675993 152343526
152828237 152695530
152828237 153273450
152828237 152828242
152502752 152473386
152502752 152502753
152502753 152170595
151635295 151635315
151635295 151635289
151666495 152832570
152473435 152374643
152473435 152272502
152473435 152473439
1192150424 152485598
1192150424 153281153
1192150424 1192150422
681469657 681469658
681469657 681469675
152473439 152502762
151412328 151412321
151412328 1193695675
151412328 152502706
565652380 565652383
565652380 565652378
565652383 565652385
565652385 565652387
565652387 565652194
151731451 151731445
151731451 151731454
681462204 681462175
681462204 681462201
153065295 153065297
1193695662 151412321
1193695662 1193695641
1193695662 681484249
1193695664 152359234
1193695664 152146021
1193695664 1193695642
151903092 151903112
151672784 151672796
1193695667 153302823
1193695667 151899419
152830528 152725861
152830528 152830525
565652265 565652419
565652265 152695513
565652265 565652421
565652265 152695518
152343526 152676003
152343526 152546010
152343526 1193695742
1193695708 316223395
152830525 152230522
152830525 152725858
152830525 152792004
152343616 152343621
152343616 152791985
152346765 152189389
152346765 681462070
152346765 1193695740
1199379146 1199379611
1199379146 1199379389
316224333 151731920
316224333 151731928
152832584 152832587
152832584 152832580
152832587 151821618
152832587 151672771
153417149 151635251
153417149 151825655
152832580 152832570
152791999 151732001
152791999 152792004
151731445 151731442
151591008 151488629
151591008 152996193
152781942 152791985
152781942 152343621
152781942 152263384
152791991 152676003
152791991 152546010
152791991 152196348
681462070 681462069
681462070 681469658
681462070 681485253
152198336 152198338
152198336 153462847
152198336 1197441256
152198336 1197441015
152272507 152272502
152272507 152327856
152272507 152327857
152478624 153302820
152478624 152478622
152478624 152478632
152113849 1199379347
152113849 152478651
152113849 152113845
152478622 151899409
152113843 152113840
152113843 152478644
152113843 152189429
152113843 152113845
152113840 152113838
152113840 152189427
152113840 152478641
152113845 152478649
152248212 152147494
152248212 152248209
151781060 1188519220
151781060 152463981
151781060 590720055
565653389 565653259
565653389 565652758
565653389 152189451
565653389 1207411813
1199379367 152700482
1199379367 1199379309
1199379367 1199379535
681462201 681462202
1199379243 1199379291
1199379243 1199379574
151825440 565652758
151825440 152106675
151825440 152189455
152198340 152198338
152198340 1197441256
1191996646 566578316
1191996646 151731467
151920773 153418645
151672774 151672771
152023250 153281116
152023250 316222418
695648034 695648041
695648034 695648038
681462202 681462235
681504748 681504761
681504746 1074292674
681504746 681504761
153093648 152840969
153093648 153276667
695648038 695647826
152327848 152327851
152327848 152327845
152121818 152121819
152121818 152419831
152121818 152121816
152121819 152736104
152121819 152419833
152208732 152736104
152208732 565653259
152208732 152189451
152791961 152370730
152791961 1074292674
152700498 152700495
152121812 152419827
152121812 152121814
152121812 152121809
152700493 152700495
152700493 152761107
152700493 1199379585
152700493 152700490
152121816 152121814
152121816 152621097
152121816 152419830
152700490 152700489
152700490 1199379543
152700490 152781950
1199379568 1199379613
1199379568 1199379542
153212863 153212871
153212863 152196366
152147488 152147494
152147488 152463986
152147488 1197441108
1199379564 1199379519
1199379564 1199379166
1199379564 1199379542
1199379564 1199379112
1199379565 1199379484
1199379565 1229920484
1199379565 1210067471
152502762 152374640
152502762 152327845
152502764 152327845
565652425 565652426
565652425 565652421
565652426 565652430
152695522 152695520
152695522 152621107
152695522 152761115
152695522 152695524
152695520 152781964
152695520 152621104
152695520 152695518
152419819 1199379114
152419819 152419816
152419819 152370741
152419819 152121805
152695524 152828231
152695524 152621109
152695524 152695527
151731901 151731914
151731901 151732001
151731901 151937370
151731901 151731870
152419816 152370738
152419816 152121802
152419816 152419813
152419810 152791976
152419810 152359234
152419810 152419813
152419813 152370735
1209926957 1001710016
1209926957 1209926970
1209926957 1209926146
681485256 681485251
681485256 681485253
681485251 1193695675
681485251 1193695740
152196348 152840967
152196348 152196352
152485598 152781972
152485598 152485606
152485598 565652748
151731994 151732001
151731994 151731991
151731991 151731985
1189570761 1189569158
1189570761 1189567049
151903112 151903119
153414732 152855700
153414732 152170578
153414737 153284521
153414737 152327864
152121781 152359234
152121781 1193695639
152121781 153351880
152121781 152359196
151903119 1194460468
151903119 152328105
152359231 681502363
152359231 1193695725
152359231 152359228
152359231 152359234
681469752 152146021
681469752 681469747
681469751 681469749
681469751 681469747
681462127 152170611
681462127 681462126
681462126 152346773
1193695747 152189389
1193695747 152189415
1193695746 1193695660
1193695746 1193695634
1193695745 152113833
1193695745 1193695740
1193695742 151731914
1193695629 153465218
151672799 151672796
681462085 681462069
681462085 681462083
681462085 681469675
681462083 681462144
1199379108 1199379256
1199379108 1199379535
1199379109 1199379315
1199379109 1199379269
1199379109 1199379419
1199379498 1199379574
1199379498 1199379200
1199379498 1199379581
153418645 151577143
151590979 151488629
151590979 151412317
151590979 151707904
152473386 152855700
152473386 152170589
152473386 152428772
152700495 1001710018
316222418 151899409
151899419 153302839
151635267 151635259
151635267 151635282
1209926403 1209926148
1209926403 1209926964
1209926403 1209926405
1209926405 1209926976
1209926405 1001708224
1209926405 1209926406
1209926406 1209926408
1209926406 1209926982
1209926408 1199379340
1209926408 1001708220
1209926408 1209926990
1197441155 1197441015
681462235 681462229
152828222 152542053
152828222 152370750
152828222 152695503
151412317 152170595
151412317 151412321
1193695634 1193695734
1193695639 681495119
1193695639 1193695686
1193695734 1193695682
1193695735 151821618
1193695735 151821595
1193695735 151834159
1199379612 1199379574
1199379612 1199379200
1199379613 1199379168
1199379613 1199379333
1199379611 1199379114
1199379611 1199379605
1199379200 1199379312
152478680 1192150425
152478680 152113877
152478680 152478674
1001710016 152700517
1001710016 1001710019
316223395 153336881
1229920484 1229920456
1229920484 1199379110
1199379535 1199379577
1199379535 1199379419
1210067471 1199379166
1210067471 1199379603
1210067471 1199379484
1199379538 1199379114
1199379538 152121805
1199379538 1199379291
1199379386 1199379340
1199379386 1209926990
1199379386 1199379272
1199379386 1199379585
152170578 152170580
152170578 152374613
151790022 151672771
151790022 151843582
152792008 152230519
152700517 152546019
152700517 152725861
152478659 152478662
152478659 152478656
152478659 152828224
152478659 152113858
152478656 1199379315
152478656 152113855
152189451 152113875
152478651 152478649
152478651 152700482
152792004 152230519
1192150425 565652750
1192150425 1192150423
152156233 152696078
152156233 152156205
152156233 152463961
152156233 1188519220
153276667 152996200
1192150423 1192150422
1192150422 565652748
152327845 152105968
153302820 153302823
151890989 151890986
153093644 153336885
153093644 152791979
153093644 152478644
153093644 153093645
153093645 152791985
153093645 153281132
152370735 152370730
152370735 152370738
152370735 153093639
1199379333 1199379605
1199379333 152370741
1199379333 1199379114
316241254 316241250
151890986 565652753
152359196 152736084
152359196 566578347
316241250 1194460452
153277325 152327857
1074292674 1246184734
152736088 152736084
152736088 152189429
152370738 153378749
152370738 152370741
695648041 695648040
695648040 695647826
152840967 152840969
1189570310 1189565186
1189570310 1188519321
681495134 681495143
681495134 681495107
685162840 685162822
681495136 681495119
681495136 681495135
153336858 151488633
153336858 151635254
152370752 152370750
152370752 152695503
152370752 152419828
152370752 152370755
152370750 152419827
152370750 152370748
152370755 152370758
152370755 152419830
152370755 152621096
153281118 153281116
153281118 566578316
151488629 151488633
152542053 152156205
152542053 152463961
152542053 152542056
565652410 565652413
565652410 565652409
151731870 151577164
151731870 151731856
152542059 153109953
152542059 152542056
565652419 565652413
152419824 152419827
152419824 152370748
152419824 152121809
152419827 152419828
1209926964 1209926976
1209926964 1209926970
152419828 152121814
152419828 152419830
681495135 681495143
152170580 152327860
152170580 152170583
152828242 152996208
152828242 152996205
1188519321 1188519220
681495117 1193695673
681495117 681495114
152121814 152695507
151732001 316223774
681484234 153351880
681484234 152428776
681484234 152428772
152700509 152546019
565652391 565652389
565652391 565652395
1197440949 1197440966
1197440949 1197441013
565652397 565652395
565652397 565652401
152546019 1001710019
152546019 152546015
316239651 316239654
316239651 1197441048
1191996687 151937370
152346773 152346777
152170595 151753793
152170595 152170589
152170595 152374640
152170595 152502706
152170595 152170611
152832599 151899409
681484239 151843582
681484239 153352479
681469711 681469706
681469711 681469709
152463302 152196366
152463302 152263400
152170611 681469658
1209926148 1001708217
1209926148 1209926970
1209926148 1209926146
152370758 153109953
152370758 152419831
1199379473 1199379291
1199379473 1199379347
685354644 151812934
685354644 685354641
685354644 152263384
152374640 152374643
152374643 152170589
151635315 152478632
1209926146 1001708212
151635251 151635254
152189415 152113833
152189415 566578353
152189415 152189424
151635254 151635259
152113875 152113877
152113875 152113869
152419790 153271859
152419790 152146021
153018979 152248220
565652329 565652330
565652329 565652326
152248220 152147494
152248220 152463986
681502363 1246184734
681502363 681502366
681502366 152359228
1199379484 1199379542
151577164 151753791
151577164 151577157
1199379291 152700480
1199379270 1199379164
1199379270 1199379518
1199379270 1199379269
1199379270 152781961
1199379272 1199379577
1199379272 1199379164
1199379272 1199379543
152542056 152621096
152263373 152263370
152263373 152463288
152263370 685354632
152263370 151812934
681495107 1193695686
1199379500 1199379577
1199379500 1199379164
1199379500 1199379269
1199379500 1199379419
152189429 152189427
152327857 152327860
685354639 685354632
685354639 685354641
681462157 681469742
681462157 681462144
151577143 151731856
152781950 153281132
152781950 152761107
685354632 151955305
152700480 152121805
152700480 685162822
1001708220 153008853
1001708220 1199379518
152761115 152781964
152761115 152828231
152230516 152230519
1001708224 153273450
566578349 566578350
566578349 566578348
566578348 566578356
566578347 566578350
566578347 566578351
566578347 566578353
152700489 152700482
152700489 153281132
152700489 1199379309
152230519 152230522
152761118 152761122
152761118 152781967
152761118 152621107
152761118 153008855
152147494 152147500
1199379579 1199379168
1199379579 1199379605
1199379579 1199379388
1199379577 1199379309
152781972 152761122
152781972 152781967
152781972 153281140
151731454 153008787
1001710019 1209926970
152189389 1193695740
565652184 565652275
565652184 565652188
565652184 565652272
153271862 152327828
565652188 565652363
565652188 565652365
565652741 565652748
565652741 152485606
565652741 152106562
151825735 1194460461
151825735 151825728
152695513 152478662
152695513 152621099
152695513 152828224
152725858 152725861
152725858 152546012
153212860 152263400
153212860 153192125
1192051047 1229920456
1192051047 1199379110
152695518 152621101
152695518 152828228
153465218 153271859
153465218 459401744
152485606 152208781
153336889 153109957
153336885 152478649
153336885 152700482
153336885 153281132
151731985 151731474
153336881 153302839
152695527 152695530
152695527 152621111
681469742 681469744
681469744 681462226
681469744 681462224
681469746 681469749
681469746 681462144
1197441015 1197441221
1209926982 1209926976
1209926982 1209926990
152546012 152546010
152546012 152546015
152546015 152996200
152546015 152725861
565652442 565652443
565652442 565652440
565652443 565652445
565652440 565652437
565652445 565652363
1199379117 1199379232
1199379117 152370748
1199379117 1199379389
1199379112 1199379231
1199379112 1197441223
153281153 153281140
151412321 151731846
151577157 151731846
152113838 152113833
152113838 152189424
152621111 152840984
152621111 152621109
152621111 152621112
565652368 565652371
565652368 565652365
152621112 152695530
152111527 152111530
152111527 151365886
152111524 565653207
152111524 151400599
1189565186 1189570513
681469707 681469706
681469707 681469709
681462226 681462227
681462224 681462233
1193695642 459401744
1199379231 1199379602
1199379232 1199379602
1193695725 459401744
1199379603 1229920456
1199379603 1199379166
1199379602 1199379519
1199379602 152156205
1199379605 1199379389
1199379542 1199379519
1199379542 152542044
1199379542 1199379168
1199379543 1199379585
1199379543 1199379309
151731467 151731474
152327819 681479967
152327819 152359228
152478641 152478644
152478641 152791979
152478644 152478649
1197441165 1197441223
1189569158 1188519220
151635282 151635289
1246184734 152791976
152189455 565653207
153273445 1199379269
153273445 152781961
153273445 152828228
681462227 681469706
152263384 152761100
152327860 152327864
565652389 565652194
152791976 152370730
152113877 1207411813
152113877 565652750
681495113 681495111
681495113 681495114
681462175 681462196
152542044 152542039
152542044 153462847
565652407 565652404
565652407 565652409
565652404 565652401
152761122 152208781
153271859 152327828
681462229 681462233
152272502 153387083
152272502 152170583
152327828 681479967
1193695660 1193695688
1194460461 1194460452
1194460461 151825750
152419833 152419831
152419830 152419831
151937370 153192125
152633272 1197440882
152463288 152486317
152463288 151757628
153109959 153109957
153109959 152621101
153109959 152781967
153109959 153281135
153008853 152840982
153008853 152828231
153109957 152478671
153109957 152621099
1197441123 1197441009
153109953 152621096
153008855 152840984
153008855 152621109
1193695682 152428772
152370730 151825750
153273450 152840982
153273450 152996205
1193695686 681495111
151461824 151461828
151461824 153192125
151461828 151757628
1197441048 152328105
152170589 152170583
151834195 151834173
151834195 151707904
152542039 153378749
1199379164 1199379340
681469706 681462194
316223774 153418598
151753793 151753791
152546029 1001708217
152546029 152996205
152189427 152736084
152189427 152189424
151488633 151731425
152761100 152761107
152113863 152478662
152113863 152113858
152113863 152113865
1197441108 152541498
152113865 152113867
152113867 152478671
152113867 152113869
152113867 152189446
152113869 152478674
153462847 1197440966
565653207 565652750
565652330 565652331
565652331 565652334
565652334 565652336
565652336 565652339
1199379340 1199379518
565652339 565652191
153093639 153378749
153093639 1194460468
153093639 151825750
1199379347 1199379256
152541498 152248209
152541498 1197441223
566578353 566578352
566578353 566578354
152478671 152478674
566578351 566578352
1001708217 1001708212
153363889 152463986
153363889 152932798
152486317 152196352
1199379581 1199379312
1199379581 1199379256
151731429 151731425
1199379585 1001710018
152781967 152621104
152781961 152781964
565652194 565652191
151365886 151400599
152621109 152621107
152428776 152855700
151731928 153212871
152621101 152621099
152621101 152621104
459401744 1193695716
151731920 151731917
152695507 152621097
565652753 1207411813
565652753 565652758
565652753 565652750
152463986 152463981
927754931 1202646720
152208781 152208783
1197441221 1197440882
151973277 151731917
1209926990 1001710018
151821579 151821595
151821579 153418598
153281135 153281140
152781964 152828228
151731914 151731917
1194460452 1194460468
153417047 151707904
152828228 152828224
153281140 1202646720
152374613 153284521
1197440882 1197441256
152996208 152695537
565652378 565652376
565652376 565652372
565652371 565652372
565652275 565652274
565652274 565652272
681462194 681462196
152791979 152791985
1199379388 1199379389
152695503 152621096
152621107 152621104
152113858 152113855
152113855 1199379312
1199379312 1199379315
152121805 152121802
565652432 565652430
565652432 565652435
565652437 565652435
152695530 152695533
152695533 152695537
