1291105935 1291106028
1291105935 1291105568
180956211 180530491
180862254 180841935
180862254 180805945
180862254 180570511
180862254 180540628
181483043 181483037
181483043 180579254
1283518528 1283518612
1283518528 1283518540
1283518528 180493272
1283518525 181048906
1283518525 1283518654
1283518525 1283518600
1283518525 1283518616
1283518527 1283518638
1283518527 180485805
1283518527 1283518568
1283518527 1290822001
1283518526 1283518648
1283518526 1283518577
180451860 180649191
180451860 180451862
180451860 180649187
1283518523 1283518563
1283518523 1283518626
1283518523 1283518502
1283518522 1283518641
1283518522 1283518628
180505189 180841947
180505189 180530486
180505189 180505187
180846683 180846670
180846683 180846690
1291118950 1291118861
1291118950 1291118743
1291118950 1291118578
1290822163 1290821854
1290822163 1290822107
181505589 180804539
181505589 181505611
1291118956 1291105792
1291118591 1283229694
1291118591 1291105502
1291118591 1291118721
180451764 180912104
180451764 181048917
180451764 180451766
180892465 180370820
180892465 180541725
180892465 180579250
180862229 180493276
180862229 180862226
180862229 180579233
180862229 180540603
180892469 180541729
180892469 180892474
180892469 180497331
180559283 180532083
180559283 181262746
180559283 180452366
180559283 180559282
180862226 180862329
180862226 181002985
180541733 180738269
180541733 180525511
180541733 180541734
180541731 180541729
180541731 180912136
180541731 180525511
180541731 180738265
180533986 180533988
180533986 180938856
180533986 181116306
180533986 181047399
180541734 180649209
180541734 180649212
180541734 180511828
180541735 180541737
180541735 180511828
180846663 180846670
180846663 180530489
794594089 180417457
794594089 180485821
794594089 180541723
794594089 180541722
1290850677 180550033
1290850677 180559254
1290850677 1290850827
180716635 180579250
180716635 180541727
180716635 180497331
180519188 180849339
180519188 180998793
180519188 180519186
180540572 180559254
180540572 180596055
180540572 180862241
180540572 180533990
1283518590 1283518542
1283518590 1290821474
1283518592 1283518540
1283518592 1283518501
1283518593 1283518570
1283518593 1283518488
1283518593 1283518596
1283518595 1283518604
1283518595 1283518492
180519186 180912086
180519186 181342337
1283518597 1283518494
1283518597 1283518501
180540608 180540612
180540608 180563318
180540608 180563316
180540608 180540606
180603601 794568711
180603601 181437606
180938962 180938979
180938962 180938937
180938962 180540585
180938962 1283518573
180505119 180378536
180505119 180378524
180505119 180849186
180505119 180530474
1289479738 1289479758
1289479738 1289479742
180540603 180540599
180540603 180559269
180540603 180493278
180540606 181395039
180540606 180757311
180540606 180493278
180912092 180530478
180912092 180649184
180912092 180912100
180912092 180498189
1283229694 1291118825
1283229694 1291105631
180846670 181164454
1289479748 1289479750
1289479748 1289479742
1291106071 1291105623
180554838 180554835
180554838 181228679
180554838 180442515
180554838 180485817
180794246 180570512
180794246 181262746
180794246 180559282
181116306 181371853
181116306 180862241
181116306 181336463
180554835 180716411
180554835 180554833
180554833 181282370
180554833 180485815
180554833 180530464
180554831 180505203
180554831 180554867
180554831 180485809
180862265 180862268
180862265 181028347
180862265 180540648
180378536 180378537
180378536 180378534
180378536 180505121
180378537 1289479667
180378537 180849181
180378537 180849186
180378534 180530474
180378534 180498189
180378534 180530476
1283518603 1283518609
1283518603 1283518539
180849181 1289479684
180849181 1289479714
180849181 180505123
180849181 1289479674
180849186 1283518549
180849186 1283518653
180849186 1283518502
180849187 1283518598
180849187 181002985
180849187 180554867
180849187 180505205
180511832 180511834
180511832 180986923
180511832 180511828
1283518573 1283518620
1283518573 1283518514
180511834 180511838
180511834 180649231
180451862 1375366660
180451862 180511738
1290821519 1290821481
1290821519 1290821474
180511838 180511840
180511838 180842001
180559265 180559267
180559265 180540588
180559265 180559263
180559267 180550086
180559267 180540599
180559267 180559269
1291105418 1291118689
1291105418 1291105625
1291105418 1291118937
180559269 180550096
180559269 180559270
180559269 180550098
1291105413 1291105549
1291105413 1291106044
1290821733 1283518490
1290821733 1283518515
1290821733 1290821668
180804569 180804539
180804569 798554848
180525510 180738269
180525510 180525511
180525510 180738265
798569322 798569367
798569322 798569327
180603507 180603492
180603507 180547577
180603507 180603517
1289479746 1289479763
1289479746 1289479664
1289479746 1289479719
180998810 181081734
180998810 180559276
180998810 181016725
180998810 180998806
1290821829 1290821540
1290821829 1290821925
1291118780 1291118778
1291118780 1291118902
1291118782 1291118810
1291118782 1291118861
1291118782 1291118765
181164498 180841966
181164498 181164489
181164498 180458907
1291118627 1291118937
1291118627 1291118671
180540648 180495309
180540648 180540649
180540648 181228389
1289479675 1289479693
1289479675 1289479770
1289479675 1289479703
1289479674 1289479714
1289479674 1289479690
1289479677 1289479709
1289479677 1289479663
1289479671 1289479763
1289479671 1289479716
1289479671 1289479664
1289479671 1289479668
1289479670 1289479759
1289479670 1289479665
1289479673 1289479661
1289479673 1289479672
1289479672 1289479722
180533990 180533988
180533990 180533998
1289479770 1283518653
1289479770 1283518551
1291118767 1291118674
1291118767 1291118740
1291118765 1291118778
181336470 180547576
181336470 180573713
181336470 181004258
181336470 181006796
180550096 180550086
180550096 180550098
181336474 181006796
181336474 181336477
180550102 180550104
180550102 1291118663
180550102 180550098
180550102 180442776
180447432 180447435
180447432 180424314
180447432 180807138
180550098 180559270
180550098 1291118740
180550098 1291118860
180738265 180912121
180495309 180495301
180495309 180540641
180495309 180495315
1283518638 1290822001
1283518638 1283518568
1283518638 1283518539
180939144 180485805
180939144 180939169
1291118916 1291118693
1291118916 1291118927
180716411 181228679
180716411 180555276
180716411 181282370
180505121 180505123
180505121 180530476
1283518631 1283518554
1283518631 1283518628
180485811 180505203
180485811 180485813
180485811 180505201
180485811 180485809
180485813 180530462
180485813 180485815
180485813 180530464
1283518635 1283518618
1283518635 1283518654
1291118918 1291118810
1291118918 1291118735
180485817 181228669
180485817 180417457
180485817 180485815
181016725 181016717
180454851 180554842
180511761 180649203
180511761 180511758
180511761 180841966
180511761 180511763
181282366 181282370
181282366 181460236
181282366 181282363
180511763 180511765
180511763 180640563
180550064 180550071
180550064 180550056
180511765 180541536
180511765 180511773
181282363 180530466
181282363 181420337
180862329 180540599
180862329 180862326
180541676 180846813
180541676 180541674
180541676 180541678
180541674 180541672
180541674 180458907
180541672 181043862
180541672 180541669
180760748 181046124
180760748 180540656
180760748 181083280
180862323 180862326
180862326 180540590
180862326 180554862
180381591 180541729
180381591 180498202
180381591 180381588
1289479698 1289479687
1289479698 1289479710
180939009 180939058
180939009 180938979
1291118743 1291118672
180505117 180530470
180505117 180579235
180505117 180378524
1283518554 1283518640
1283518554 1283518560
1283518551 181048906
1283518551 1283518654
1283518553 1283518616
1283518553 1283518564
1283518558 1283518576
1283518558 1283518615
180540641 180858078
180540641 180540637
181509882 180485828
180841947 180846634
180841947 180841943
180841947 180511822
180540649 180540656
180540649 180862268
180841943 180841935
180841943 1289479751
180424314 180424331
180424314 180409557
180876989 180876986
1291118735 1291105568
1291118735 1291118578
1291118862 1291118907
1291118862 180550114
1291118862 180550106
180842001 180511773
180842001 180513912
180842001 797197914
180842001 180892482
180842001 180841993
1283518626 1283518564
1291118737 1291118575
1291118737 1291118828
180846833 180846823
180568769 181046216
180568769 180568771
180568769 181083300
180568769 180530496
180568764 181083281
180568764 180530496
180568764 181046147
180876986 181162612
1291105499 1291106007
180541737 180511773
180530494 180530493
180530494 181083300
180530494 181083295
180530494 180530496
180540588 180540590
180540588 180540585
181258072 181258095
181258072 180397914
180579233 180493272
180579233 1283518489
180579233 1283518625
180579233 1283518546
180858089 180841935
180858089 180495295
180858089 180858093
180579235 1283518598
180579235 1283518641
180579235 1283518549
180579235 1283518632
180579239 180530470
180579239 181420337
180579239 180579240
180530468 180530470
180530468 181420337
180530468 180530466
181371611 181228669
181371611 181392003
181371611 180485815
1290821779 1290821933
1290821779 1290822092
180532082 180532083
180532082 180532081
180532082 180559281
180532082 180550106
180532083 180452368
180532083 180550114
180532081 180559276
180532081 180550104
180532081 180442776
180532084 180559284
180532084 180495323
180532084 180516380
180532085 180550118
180532085 180559285
180532085 180516380
798569367 798562842
1291106007 1291105810
1290821573 1290821540
1290821573 180556070
1290821573 1290821924
181376671 180563318
181376671 181376668
181376671 181016717
181258095 181046115
180846906 180495295
180846906 181028349
180846906 180846912
1283518648 180939058
1283518648 1283518496
1283518648 1283518571
180804689 181234776
180804689 180804692
1291118663 1291118608
1291118663 180602814
1283518615 1283518499
181164450 181164454
181162775 180861008
181162775 181162787
181162775 181162773
181164459 181164454
181164459 180507792
181164459 180846690
181162773 798554858
181162773 181258124
181162773 180541721
181376668 180540612
181376668 180998806
180507762 181204643
180507762 180507756
180507762 180507776
1290821681 1290821434
1290821681 1290821925
180921210 794568711
181048920 180451766
181048920 180579246
181048920 181048917
181048920 180381588
1291118689 1291118575
1291118689 1291118757
180647458 180647461
180647458 180679806
180647458 180804698
1291118721 1291118860
181081734 180586201
180511758 180649195
180511758 1375366656
180511758 180841959
181262746 180858078
181262746 180540628
180807126 180527783
180807126 180556070
180807126 180807128
180757311 180862232
180757311 180563316
180547577 180547580
180547577 180547576
180442776 180559272
180912136 180649212
180912136 180892474
180495320 180858078
180495320 181228389
180495320 180495322
180495320 180495315
180807128 180807131
180807128 1290821540
181509932 181483037
181509932 181509942
180804539 181371926
180804539 180556070
181177316 180579246
181177316 181228685
181177316 180442517
180409571 180409560
181430038 181392011
181430038 181430035
1291118619 1291118894
1291118619 1291118695
181430035 181392016
180397914 180541678
180397914 180458907
1283518598 1283518546
180841935 180570509
180849267 180849262
180849267 180505201
180849267 180485809
180496488 180550118
180496488 1291118652
1283518510 1283518480
1283518510 1283518531
1283518513 1283518542
1283518513 1283518482
1283518513 180938856
1283518514 1283518620
1283518514 1283518588
1283518515 1283518579
1283518517 1290821663
1283518517 1283518500
180586197 180570512
180586197 180586201
180586197 180586194
1283518519 1283518639
1283518519 1283518483
180586194 180998806
180586194 180540617
180649209 180738269
180649209 180649206
1290821922 1290821971
1290821922 1290821663
1290821924 181505611
798554882 798554858
798554882 798554845
180550118 180495326
1289479739 180507750
1289479739 1289479720
1289479739 1289479747
1289479739 1289479728
1291105836 1291105720
1291105836 1291118903
180559284 180495322
180559284 180516378
180892474 180681896
180892474 180649231
1289479730 1289479735
1289479730 1289479765
1289479731 1289479717
1289479731 1289479755
1289479732 1289479743
1289479732 1289479721
1289479733 1289479725
1289479733 1289479706
180550114 180452371
180550114 181262756
1289479735 1289479743
1289479736 1289479764
1289479736 1289479719
1289479737 1289479725
1289479737 1289479764
180554848 180541723
180554848 180554850
181392003 181371926
181392003 180530460
181392003 180804777
180846651 180846641
180846651 180530489
180516380 180516378
180939058 180939088
180939058 180554862
1283518596 1283518538
1283518632 1283518560
1283518632 1283518479
1283518632 1283518531
180716623 180541728
180716623 180579248
180716623 180381588
1283518588 1290821933
1283518588 1283518497
1289479765 1289479663
1291105908 1291105871
1291105908 1291105711
180938870 180938856
180938870 180938909
180540619 180570512
180540619 180570511
180540619 180540617
180540619 180540628
180540612 181342328
180540612 180540614
180540617 180540614
180540614 180998806
180540614 180998799
180681896 180681892
180681896 180649249
180681896 180912160
180912086 1289479688
180912086 180563312
180912086 1289479679
180912086 1289479756
1291106044 1291105766
180899705 180899699
180899705 180899715
180602814 1291118740
1283518563 1283518518
181046222 180540994
181046222 180568771
181046222 181046220
181046220 180716407
181506870 181506865
181506870 181228685
180403674 180468356
180403674 180807131
180403674 180447435
180511845 180842029
180511845 181509893
180511845 180511842
180530462 180530460
180530462 180505201
180511840 797197914
180511840 180649249
180511840 180511842
181047420 181046124
181047420 181083280
181047420 181083281
181047420 181028349
180511842 180649252
180511842 180842026
181228679 180442517
181228679 181228685
1283518483 1283518479
180559276 180559272
180559276 180559280
181342328 181342337
181342328 180998799
180559272 181016717
180559272 180559271
180559270 181395039
180559270 180559271
180559271 180563318
180760681 180540656
180760681 180559285
180760681 181228389
1283518539 1290821474
1283518539 1290822001
181420337 181460236
180573711 180527783
180573711 180573713
180573711 180573709
180573711 181004258
181395039 180563318
1291105631 1291106017
1291105631 1291105911
181164489 180507794
180938856 180939191
1291118652 1291118637
180804777 180804758
180804777 798554845
1291118650 1291118825
1291118650 1291118575
1291118650 1291118674
181047399 180485807
181047399 180849262
181047399 181047396
1291105786 1291105720
1291105786 1291105982
400912754 180495326
181371853 181336467
181371853 180596059
1289479750 1289479745
1289479763 1289479694
180596055 180828471
180596055 180596059
180596055 180596051
1289479760 1289479752
1289479760 1289479667
1289479767 1289479749
1289479767 1289479680
1289479767 1289479755
1289479766 1289479771
1289479766 1289479703
180596051 180559254
180596051 181059151
180596051 1290850827
1289479764 1289479728
1289479756 1289479716
1289479756 1289479668
1289479769 1289479759
1289479769 1289479771
1289479768 1289479684
1289479768 1289479685
1289479768 180507750
180596059 180804504
180596059 181004256
1289479757 1289479711
1289479757 1289479694
180550086 180550071
180550086 1291118695
181164454 180841951
180647461 181261899
180647461 180679811
180647461 180647466
180547583 180547580
180547583 180867173
180547583 180547584
1291118922 1291118803
1291118922 1291118800
180547580 180603517
180547580 180828471
180550104 180550106
180550104 180465275
180547584 181059151
798554847 798554858
798554847 798554845
798554847 180861008
798554847 798554848
1291105871 1291118890
1291105871 1291105718
180912107 180912104
180912107 180912121
180912107 180451766
180912100 180912104
180912100 181048914
180912100 180649187
1283518649 1283518497
1283518649 1283518547
1283518604 1283518616
1283518600 1283518494
180804504 181336467
180804504 180573709
180804504 181004258
798554849 798554851
798554849 798554848
180649234 180649244
180649234 180649231
180498202 180899699
180498202 180902199
180498202 180451766
181460236 180579240
180649231 180649215
181046124 181046147
180902199 180902188
1283518639 1283518650
797197914 180842026
181028351 181083295
181028351 181028349
181028351 181028355
1290821481 1290821801
1283518549 1283518480
1375366660 181228688
1375366660 1375366656
180649195 180649203
180649195 180649191
1283518547 1283518609
1283518546 181002985
1283518545 1283518492
1283518545 1283518650
1291105625 1291118903
181204643 180507750
181204643 180511822
180938937 180938909
181028355 180530493
181028355 180846912
1291105623 1291105982
1291105810 1291105766
1291105810 1291105760
1291105582 1291105718
1291105582 1291105421
1291105583 1291105694
1291105583 1291118578
180603492 181006794
181509893 181509891
180841975 181043862
180841975 180841993
180841975 180541536
180892482 181043862
180892482 180846818
180483913 180483915
181046216 180716407
181046216 180530498
180483915 180744035
180483915 180596045
180554864 180485807
180554864 180554867
180554864 180554862
1291105982 1291118696
180554862 181002985
180867173 181059151
1290822107 1290821986
1291118928 1291118700
1291118928 1291118902
180563312 1289479743
180563312 180563314
180563312 181048906
180563314 180862232
180563314 181342337
180563314 180563316
795807080 181046115
795807080 795807076
180579244 180579246
180579244 181048917
180579244 181228685
180579244 180579242
180579246 180579248
180579241 181048914
180579241 180579240
180579241 181282370
180579241 180579242
180579242 180716393
180579249 180640542
180579249 180579248
180579249 180541726
180858093 180495297
180858093 180805945
1291118890 1291118894
180805945 180540637
181048985 180579256
181048985 180912164
181048985 181048981
180530478 180530480
180530478 180505123
180530478 180530476
1291106017 1291106028
181048981 180681892
181048981 180912160
181258124 180417457
181258124 180541722
180899699 180912121
1290821663 1283518578
180495323 180495326
180495323 180452368
180495323 180495322
1290821540 1290822097
1290821668 1290821697
180846912 180846634
180540599 180540590
181162787 180468356
181162787 181162612
181162787 180516999
180550056 180550048
180507776 180530486
180507776 180507790
180507776 180410763
180507776 180511823
180507776 180505187
181228688 181280271
181228688 180841957
181048917 181048914
180498189 181420342
181048914 180912104
181048914 180530470
181048914 180530474
1291118927 1291118803
180530493 180530491
180530493 181028357
180410765 180511823
180410765 180649184
180410765 180410763
180530491 180530489
180649244 180649249
1289479668 1289479679
1289479668 1289479711
180530496 180530498
180465281 180465275
180465281 180382477
180410763 180530480
180550048 180550043
180530498 181046147
798554845 181228669
798554845 798554855
180649249 180649252
180527783 180527781
180527781 180573709
180527781 180556070
180382477 1291118693
180382477 1291118902
1283518640 1283518576
1283518641 1283518489
181083300 180507800
181083300 181028357
1291118803 1291118700
180409560 180468356
180409560 180409557
1289479688 1289479690
1289479688 1289479679
1289479689 1289479751
1289479689 1289479747
181261899 181234776
181261899 180804698
180555278 180555276
180533999 180966144
180533999 180534000
180533999 180533998
180533998 180540585
1291118608 1291118828
180555276 180555274
180807123 181371926
180807123 180530460
180807123 180556178
1289479758 1289479667
180846641 180846637
1289479752 1289479734
1291118800 1291118903
1289479751 1289479682
1289479751 1289479683
1375366656 180649191
180394658 180388868
180394658 180394597
180394658 180409557
1283518502 1283518623
1283518502 1283518488
1283518501 1283518534
1283518500 1283518496
1290821933 1283518630
180939123 180939111
180939123 180485805
180559263 180966144
180559263 180534000
180679811 181426760
180679811 180679806
180679811 180679814
180679814 180647466
1290821801 1290821971
1289479684 1289479700
1289479685 1289479725
1289479685 1289479700
1289479685 1289479728
1289479686 1289479691
1289479686 1289479745
1289479687 1289479679
1289479687 1289479711
1289479680 1289479682
180892442 180541721
180892442 814887416
180892442 180804692
1289479729 1289479693
1289479729 1289479726
1289479683 1289479749
1289479727 1289479723
1289479727 1289479722
1289479726 1289479691
1289479724 1289479705
1289479724 1289479690
1289479724 1289479723
1289479721 1289479665
1289479720 180849339
1289479720 1289479664
1289479720 1289479749
1290821434 1290821986
814887450 814887437
814887450 180679806
1291105969 1291105914
1291105969 1291105911
180493278 180493276
181392016 181392011
181392016 181028357
181437606 794568710
181437606 180485828
181437606 794568705
181392011 180846690
1283518479 1283518493
180370738 180370757
180370738 794609981
1283518570 1283518480
1283518571 1283518621
1283518576 1283518625
1283518577 1283518490
180530470 180378526
1283518578 1283518568
1283518578 1283518621
1283518579 1283518496
180505199 180530460
180505199 180505201
180505199 180573705
180442515 180442517
180442515 180554840
180540628 180540637
794568710 794568705
794568710 180420849
1291105914 1291105421
180998793 180998799
180998793 180570511
180554855 180554856
180554855 180554850
180554855 181026238
180846813 181043862
180846813 180568775
180846813 180846818
180554856 180485821
180554856 180370820
180858078 180452366
180846818 180846823
180846818 180568777
1291118860 1291118755
180681879 180579252
181506865 180716389
798569327 798569231
180452371 180495326
180452371 180452368
181371816 180861008
1283518482 1283518630
1283518489 1283518499
181234776 181162612
180912164 180391955
180912164 180912160
180570509 180849339
180570509 180570511
180556136 180556146
180556136 180573707
180556136 180573705
794568705 814887416
180573707 181336467
180573707 180573709
180573705 180849262
180573705 181047396
180370757 180370769
1283518620 1283518490
180530474 180378526
180493272 180493276
180493272 181048906
1283518625 1283518534
1283518625 1283518650
1289479716 180849339
1289479717 1289479718
1289479717 1289479747
1289479714 1289479678
1289479714 1289479700
181028347 181083280
181028347 180495295
181028347 181028349
1289479710 1289479678
180493276 180862232
1289479718 1289479682
180939169 180939191
1291105502 1291105549
180640542 180541725
180640542 181258148
798554851 798554855
181046115 180397964
181046115 180541680
798554855 798554856
798554856 180804758
1283518612 1283518494
181043864 798569231
181043864 180541680
181043864 180568775
180716389 180716393
1283518618 1283518623
181083295 181083281
180495322 180452366
1291118839 1291118672
1291118839 181262756
180649203 180912104
180649203 181395334
180649203 180649206
180649203 180912121
1290822097 1290822122
181282421 181282442
181282421 180370820
1290822092 1290821697
180912160 180649252
180902180 180899723
180902180 180902188
180862241 180533988
1290850768 1290850723
1290850768 1290850827
1290850768 180596045
1291118671 1291118757
180442517 181258140
180556070 180556178
181047396 181336463
180649184 180530480
180649184 180649187
1283518538 1283518531
180649187 180511738
180846634 180846636
180417457 180554840
180846690 180846694
180516378 180559285
180649191 180912104
180846694 180507796
180939111 180939088
180507803 180507800
180507803 180568771
180507803 180397964
180507800 180458892
180993699 794609981
180841966 180841959
180841966 180541669
180862232 181048906
180541721 180541722
180744035 1290850723
180541723 180554846
180541723 180541724
180541722 180892456
180541725 180541724
180541725 180541726
180541724 180370820
180541724 181258140
180541727 180541728
180541727 180541726
180541726 180579250
180541729 180497336
180541728 180497336
1283518518 1283518493
180541680 180541678
180458892 795807072
180458892 180507798
180458895 180458907
1291105760 1291105711
180579256 180579254
180579256 181509943
180579254 180579252
180391955 180649252
180579252 180579250
180507794 180507796
180507794 180507792
180899715 180899723
180507792 180841955
180507792 180507790
180507790 180841955
180507790 180841951
180541536 180541669
180556178 180556170
180507798 180507796
180507798 181028357
1289479678 1289479699
180495297 180495301
180495297 180495295
180378524 180378526
180505203 180530464
180505203 180505205
180556170 180556146
180842029 180842026
180511822 180505187
180497331 180497336
180497331 180681892
180530486 180841951
180530486 180530489
180530480 180507750
180586201 180559280
180554846 180554842
180849339 1289479664
180397964 798563162
798569231 798569238
798569231 180568777
1289479706 1289479699
180505205 180530466
1283518653 1283518623
180485821 180485828
180485821 180892456
1291118755 1291118825
1283198602 180559254
1283198602 180534000
1283198602 1283198429
1283198429 180550033
1283198429 180550037
180447435 180807134
798563162 180540994
798563162 795807076
180559282 180559281
180559281 180570512
180559281 180559280
181006796 181006794
181006794 180547576
1289479662 1289479709
1289479662 1289479708
180550043 180550037
1289479661 1289479734
180862268 181083280
1291118696 1291118907
1291105792 1291105694
180497336 180381588
181336467 181336463
1289479728 180507750
1289479699 1289479700
180420849 180376534
180420849 794609981
180892456 180892452
180485807 180485805
180485807 180485809
180540585 180966144
181280271 180841955
181280271 180511738
180846637 180846636
180370820 180370769
180511773 181395334
814887416 814887437
180388868 180439782
180640567 180640563
180640563 181395334
180530466 180530464
1290822122 1290821854
180841959 180841957
180841955 180841957
1290850723 180550033
180554842 180554840
180554840 181258140
180568777 180568775
180568775 180541678
180452366 180452368
180570514 180550106
180570514 180465275
180570514 1291118693
181004256 180547576
181004256 181004258
181004256 180828471
181258148 180579248
181258148 181258140
180846823 180513912
180804698 180804692
180507750 180507756
1289479705 1289479708
180807134 180807131
180807134 180807138
181509942 181509943
180649215 180649212
