1291105935 -86.16513316 39.77681647
180956211 -86.15520102 39.77932299
180862254 -86.15857097 39.77801399
181483043 -86.14428996 39.769832
1283518528 -86.15740848 39.77199671
1283518525 -86.15712274 39.77210274
1283518527 -86.15755324 39.76850573
1283518526 -86.15826461 39.76884712
180451860 -86.151429 39.77536296
1283518523 -86.15689811 39.77203803
1283518522 -86.15686131 39.77153076
180505189 -86.154953 39.777929
180846683 -86.15220801 39.77902602
1291118950 -86.16541479 39.77747403
1290822163 -86.15434506 39.76517074
181505589 -86.15270598 39.76558698
1291118956 -86.1656059 39.7795374
1291118591 -86.16502101 39.77273306
180451764 -86.15060296 39.77324796
180892465 -86.14553501 39.77033701
180862229 -86.15883701 39.77133504
180892469 -86.14543602 39.77283197
180559283 -86.161295 39.77808801
180862226 -86.15889199 39.76993904
180541733 -86.14701702 39.77469501
180541731 -86.14705096 39.77383503
180533986 -86.15807602 39.76759504
180541734 -86.146999 39.77516297
180541735 -86.14695197 39.77626704
180846663 -86.15393703 39.77904304
794594089 -86.14727141 39.76825218
1290850677 -86.16319602 39.76719438
180716635 -86.14548103 39.77170099
180519188 -86.15845898 39.77552599
180540572 -86.15989103 39.76712104
1283518590 -86.15792346 39.76839517
1283518592 -86.15732801 39.77195136
1283518593 -86.15681152 39.7720268
1283518595 -86.15710656 39.77201188
180519186 -86.15842504 39.77412504
1283518597 -86.15719063 39.77202118
180540608 -86.15966204 39.77345801
180603601 -86.14241602 39.76690303
180938962 -86.15877599 39.76854102
180505119 -86.15515802 39.772651
1289479738 -86.15637742 39.77321401
180540603 -86.15974401 39.77135499
180540606 -86.15968802 39.77275996
180912092 -86.15329104 39.77400199
1283229694 -86.1650045 39.77287287
180846670 -86.15341199 39.77904002
1289479748 -86.15662368 39.77327176
1291106071 -86.16466654 39.77780797
180554838 -86.15076398 39.76905097
180794246 -86.16042203 39.77727898
181116306 -86.15809202 39.76708097
180554835 -86.15166797 39.76907503
180554833 -86.15257497 39.76909498
180554831 -86.156204 39.76917603
180862265 -86.15850601 39.77983303
180378536 -86.15513103 39.77334896
180378537 -86.15603703 39.77337302
180378534 -86.15422604 39.77332901
1283518603 -86.1576555 39.76828679
180849181 -86.15600904 39.77407098
180849186 -86.15606402 39.77267497
180849187 -86.15617299 39.76987399
180511832 -86.14613398 39.77615698
1283518573 -86.1585252 39.76853549
180511834 -86.14530099 39.77613703
180451862 -86.15136898 39.77666903
1290821519 -86.15773152 39.76844882
180511838 -86.14526503 39.77709701
180559265 -86.16163497 39.769301
180559267 -86.16160496 39.76999897
1291105418 -86.16484616 39.7772473
180559269 -86.16155501 39.77140402
1291105413 -86.165321 39.76977852
1290821733 -86.1582812 39.76864244
180804569 -86.15224297 39.76583098
180525510 -86.147862 39.77430902
180525511 -86.14703303 39.77429
798569322 -86.14429147 39.78075798
180603507 -86.15919198 39.76349897
1289479746 -86.15704353 39.77493071
180998810 -86.16070902 39.77558802
1290821829 -86.15261261 39.76421
1291118780 -86.16523223 39.77695636
1291118782 -86.16540004 39.77713599
181164498 -86.14874302 39.778433
1291118627 -86.16463159 39.77715661
180540648 -86.159439 39.77986698
1289479675 -86.15698218 39.77281813
1289479674 -86.1565666 39.77408363
1289479677 -86.15724897 39.77375221
1289479671 -86.15721016 39.77487656
1289479670 -86.15726683 39.77329297
1289479673 -86.15662863 39.77371148
1289479672 -86.15678126 39.7737145
180533990 -86.159886 39.76762999
1289479770 -86.15698503 39.77269542
1291118767 -86.16481942 39.7738212
1291118765 -86.16539333 39.77708863
181336470 -86.15728502 39.764224
180550096 -86.16336801 39.77143504
181336474 -86.15732299 39.76328699
180550102 -86.16326098 39.77423702
181336477 -86.157296 39.76328699
180447432 -86.15388397 39.76361799
180550098 -86.16330901 39.77284001
180738265 -86.14788002 39.77385003
180495309 -86.15946297 39.77930003
1283518638 -86.1575643 39.76844186
180939144 -86.15730899 39.76847698
1291118916 -86.1644264 39.77702359
180716411 -86.15164098 39.76977299
180505121 -86.15511896 39.77366404
1283518631 -86.15691487 39.77155968
180485811 -86.15532097 39.76845804
180485813 -86.15441497 39.768438
1283518635 -86.1570846 39.77212537
1291118918 -86.16531547 39.77726691
180485817 -86.15079097 39.76835301
181016725 -86.16067197 39.77550596
180454851 -86.14770098 39.76832099
180511761 -86.14865702 39.776577
181282366 -86.15320403 39.76980702
180511763 -86.14793701 39.776562
180550064 -86.16353297 39.76873799
180511765 -86.14725372 39.77654439
181282363 -86.15345398 39.76981398
180862329 -86.15918301 39.76994096
180541676 -86.14770299 39.77980403
180541674 -86.14771799 39.77941201
180541672 -86.147762 39.77828599
180760748 -86.15754896 39.781151
180862323 -86.15921201 39.769229
1283518628 -86.15689618 39.77153487
180862326 -86.15920204 39.76946797
180381591 -86.14880001 39.77290732
1289479698 -86.15691018 39.77461044
180939009 -86.15854699 39.76893597
1291118743 -86.16549802 39.77758333
180505117 -86.15521301 39.77125499
1283518554 -86.15691043 39.77185757
1283518551 -86.1570831 39.7726976
1283518553 -86.15705476 39.77206938
1283518558 -86.15710807 39.77156999
1291118861 -86.16538269 39.77734009
180540641 -86.159483 39.77869603
181509882 -86.14358102 39.76895701
180841947 -86.155858 39.77795398
180540649 -86.15941997 39.78046201
180841943 -86.15676299 39.77797803
180424314 -86.150912 39.76452902
180876989 -86.14842803 39.76336603
1291118735 -86.16508463 39.7773084
1291118862 -86.16314438 39.777627
180842001 -86.145245 39.77762801
1283518626 -86.15692292 39.77206117
1291118737 -86.16490249 39.77444171
180846833 -86.14350701 39.779697
180568769 -86.15213601 39.78059797
180568764 -86.15576001 39.78062898
180876986 -86.14916798 39.76343904
1291105499 -86.1655463 39.7693373
180541737 -86.14696103 39.776289
180530494 -86.15397098 39.78008902
180540588 -86.15982398 39.76926496
181258072 -86.14868703 39.78046503
180579233 -86.15793101 39.77130998
180858089 -86.15764804 39.77861104
180579235 -86.15612303 39.77127503
180579239 -86.153399 39.77120998
180530468 -86.15433199 39.77053197
181371611 -86.15262602 39.76771699
1290821779 -86.15834843 39.76845812
180532082 -86.16225004 39.77688696
180532083 -86.16221198 39.77810804
180532081 -86.16229899 39.775613
180532084 -86.162143 39.77993202
180532085 -86.16210101 39.78103098
798569367 -86.14477192 39.78086644
1291106007 -86.16553817 39.7694383
1290821573 -86.15307009 39.7643561
181376671 -86.16053904 39.774176
181258095 -86.14881301 39.78065496
180846906 -86.15671798 39.779194
1283518648 -86.15802313 39.76888694
180804689 -86.14628603 39.76502598
1291118663 -86.1648527 39.77427256
1283518615 -86.15713221 39.77154526
181164450 -86.15370301 39.778447
181162775 -86.14906304 39.76614597
181164459 -86.15221304 39.778432
181162773 -86.14903798 39.76687604
181376668 -86.16036201 39.77417097
180507762 -86.154737 39.77630098
1290821681 -86.1539481 39.76543049
180921210 -86.1425565 39.77369639
181048920 -86.14972303 39.77252502
1291118689 -86.16485362 39.77705091
180647458 -86.14490402 39.76489003
1291105568 -86.16509569 39.77681437
1291118721 -86.16470526 39.77272979
181081734 -86.16073501 39.77567301
180511758 -86.14956604 39.77659703
181262746 -86.16039696 39.778072
180807126 -86.15454296 39.764857
180757311 -86.15904404 39.77274203
180547577 -86.15915996 39.76426901
180442776 -86.16235498 39.77421699
1291118810 -86.16539057 39.77718754
180912136 -86.1462686 39.77381642
180495320 -86.16034701 39.77936499
180807128 -86.15456903 39.76417698
181509932 -86.14423699 39.76979604
180804539 -86.15270498 39.76560098
181177316 -86.149804 39.77042703
180409571 -86.15261479 39.76400339
181430038 -86.15265301 39.77921001
1291118619 -86.16572056 39.76997022
181430035 -86.15264404 39.77945702
180397914 -86.14867697 39.78025699
1283518598 -86.1561631 39.77015009
180841935 -86.15766899 39.77799396
180849267 -86.15625404 39.76778002
180496488 -86.16559056 39.78097348
1283518510 -86.15664598 39.77192798
181483037 -86.14426599 39.76980903
1283518513 -86.15804869 39.76824153
1283518514 -86.15852864 39.76851478
1283518515 -86.15817291 39.76864059
1283518517 -86.15789932 39.76862199
180586197 -86.16045899 39.77622999
1283518519 -86.15700062 39.7719092
180586194 -86.16016101 39.77622303
180649209 -86.14782797 39.77518301
1290821922 -86.15777041 39.76861059
1290821924 -86.15293447 39.76457277
1290821925 -86.15258042 39.76539336
798554882 -86.15038042 39.76694519
180550118 -86.16298999 39.78102804
1289479739 -86.15652352 39.77548056
1291105836 -86.16480333 39.7773442
180559284 -86.161238 39.77991199
180892474 -86.14538883 39.773802
1289479730 -86.1575047 39.77350218
1289479731 -86.15661656 39.7771748
1289479732 -86.1577404 39.77324637
1289479733 -86.15666081 39.77480113
180550114 -86.16311496 39.77812799
1289479735 -86.15773152 39.77350679
1289479736 -86.15675721 39.77493666
1289479737 -86.15669258 39.77488176
180554848 -86.14722497 39.76895701
181392003 -86.15265401 39.76698299
180846651 -86.15402999 39.77897598
180516380 -86.16212397 39.78041398
180939058 -86.15801801 39.76909003
1283518596 -86.1568023 39.77200811
1283518632 -86.15686198 39.77188414
180716623 -86.14883698 39.77200501
180938979 -86.15871304 39.768753
1283518588 -86.15850458 39.76840523
1289479765 -86.1575068 39.77344108
1291105908 -86.16566432 39.76968783
180938870 -86.15823603 39.76797398
180540619 -86.15952801 39.77682703
180540612 -86.15963497 39.77415597
180540617 -86.15955198 39.77621004
180540614 -86.15957403 39.77554804
180681896 -86.14465659 39.77380821
180912086 -86.15781903 39.77411197
1291106044 -86.16540951 39.76967752
180899705 -86.14778002 39.77352498
180602814 -86.16507298 39.77427701
1283518563 -86.15688587 39.77201289
181046222 -86.15036802 39.78107599
181046220 -86.15080698 39.78107498
1283518564 -86.15699986 39.77208204
181506870 -86.15155003 39.77047103
180403674 -86.15219502 39.76416902
180511845 -86.14278499 39.77704203
180530462 -86.15444104 39.76773996
180511840 -86.14454402 39.77708201
181047420 -86.15667104 39.78039697
180511842 -86.14401101 39.77706902
181228679 -86.15073598 39.76975304
1283518483 -86.15694471 39.77191867
180559276 -86.16138896 39.77559296
181342328 -86.15892904 39.77413803
180559272 -86.16144697 39.77419604
180559270 -86.16150103 39.77279601
180559271 -86.16147404 39.77349397
180760681 -86.16029102 39.78105403
1283518539 -86.1575876 39.7683888
181420337 -86.15342599 39.77051202
180573711 -86.15635898 39.76489699
180573713 -86.15638497 39.76420397
180998806 -86.16030602 39.775571
181395039 -86.16059503 39.77277597
1291105631 -86.16527121 39.7728779
181164489 -86.15166302 39.77851297
180938856 -86.15806202 39.76795504
1291118652 -86.16562928 39.78104212
180804777 -86.15165104 39.76699397
1291118650 -86.16497248 39.77387107
181047399 -86.15687598 39.76757701
1291105786 -86.1645673 39.77750697
180986923 -86.14613398 39.776261
400912754 -86.16486812 39.77944939
181371853 -86.15811801 39.766338
1289479750 -86.15662938 39.7731053
1289479763 -86.15709801 39.77487522
1291118778 -86.16536383 39.7770453
180596055 -86.15994199 39.76568002
1289479760 -86.15614449 39.77345952
1289479767 -86.15697371 39.77730782
1289479766 -86.15731418 39.77306582
180596051 -86.16177 39.76572
1289479764 -86.15672309 39.77490766
1289479756 -86.15779287 39.77471882
1289479769 -86.15704999 39.77312332
1289479768 -86.15598264 39.77484513
180596059 -86.158145 39.76564004
1289479757 -86.1571292 39.7747733
180550086 -86.16339702 39.77004297
181164454 -86.15343504 39.77845396
180647461 -86.14493797 39.76396198
180547583 -86.16091497 39.76430003
1291118922 -86.16453226 39.77718846
180547580 -86.16000503 39.76428402
180550104 -86.16320599 39.77563697
180547584 -86.16182197 39.764324
798554847 -86.1508504 39.76678023
1291105871 -86.1655168 39.76989402
180912107 -86.14966796 39.77392597
180912100 -86.15238504 39.77398599
1283518649 -86.15834088 39.76821924
1283518604 -86.15709273 39.77203988
1283518600 -86.15715023 39.77208547
180804504 -86.15723598 39.76562001
798554849 -86.15191473 39.76625251
798554848 -86.15192537 39.76614941
181505611 -86.15277597 39.76545698
180649234 -86.14532798 39.77519197
180498202 -86.14878803 39.773212
181460236 -86.15317696 39.77050498
180649231 -86.14534198 39.77517798
181046124 -86.15664003 39.78115796
180902199 -86.14778698 39.77320898
1283518639 -86.15705141 39.77192027
797197914 -86.14452223 39.77764888
181028351 -86.15578801 39.77977302
1290821481 -86.15771668 39.76847966
1283518549 -86.15609361 39.7719724
1375366660 -86.15047028 39.77665042
1283518542 -86.15792363 39.76825419
180649195 -86.14961599 39.77532198
1283518540 -86.15740312 39.7719864
1283518547 -86.15824097 39.76817297
1283518546 -86.15798138 39.77019561
1283518545 -86.15709324 39.77195187
1291105625 -86.16484088 39.77729684
181204643 -86.15592203 39.77632797
180938937 -86.15871698 39.76829803
181028355 -86.15579396 39.77962902
1291105623 -86.1645512 39.77766371
1291105810 -86.16548092 39.76951407
1291105582 -86.16536391 39.7699682
1291105583 -86.16517607 39.7776348
180540656 -86.15939901 39.78113298
180603492 -86.15822203 39.76346896
181509893 -86.14329403 39.77620803
180841975 -86.14649097 39.77776304
1291118578 -86.16508932 39.77734453
180892482 -86.14518398 39.778231
1291118575 -86.16495094 39.77444833
180483913 -86.16445498 39.76648301
181046216 -86.15212101 39.78107498
180483915 -86.16537104 39.76650304
180554864 -86.15680498 39.769415
180554867 -86.15619503 39.769401
1291105982 -86.16453779 39.77759364
180554862 -86.15800301 39.76944098
180841993 -86.14535597 39.77771501
180867173 -86.16088999 39.76500201
1290822107 -86.15426996 39.76527384
180563318 -86.16056896 39.77347796
1291118928 -86.16461407 39.77698964
180563312 -86.157844 39.773414
180563314 -86.15875302 39.77343798
795807080 -86.1493445 39.78107858
180563316 -86.15901797 39.77344502
180579244 -86.150682 39.77114896
180579246 -86.149776 39.77112901
180579241 -86.15249601 39.77119003
180579240 -86.15314997 39.77120797
180579242 -86.15159303 39.77117
181002985 -86.15799002 39.769919
180579249 -86.14759034 39.77107462
180858093 -86.15855102 39.77863098
1291118890 -86.16551412 39.76994758
180805945 -86.15855797 39.77841901
1291118894 -86.16554094 39.76996611
181048985 -86.143448 39.77239803
180530478 -86.15419603 39.77401298
1291106017 -86.16512788 39.77580637
181048981 -86.144195 39.77241304
181258124 -86.14901099 39.76760099
180899699 -86.14877596 39.77354996
1290821663 -86.15777158 39.76861922
180495323 -86.16216303 39.77940497
1290821540 -86.15320747 39.76423004
1290821668 -86.15834843 39.76858586
180846912 -86.15581198 39.77917396
180540599 -86.15979799 39.76995898
181162787 -86.1491 39.76528096
180550056 -86.16356298 39.76865702
180507776 -86.15412152 39.77672108
181228688 -86.15044999 39.77721604
181048917 -86.15062903 39.77255
180498189 -86.15332096 39.773313
181048914 -86.15244002 39.77258998
1291118927 -86.16445448 39.77705971
181228685 -86.15070899 39.770451
180530493 -86.15398699 39.77958401
180410765 -86.15320202 39.77606897
180530491 -86.15399797 39.77929601
180649244 -86.14523502 39.77523103
1289479668 -86.15721578 39.77470918
180530496 -86.15395396 39.780589
180465281 -86.16453402 39.77566899
180410763 -86.15411699 39.77608901
180550048 -86.16354202 39.76856197
180530498 -86.15393804 39.78104799
798554845 -86.15084394 39.76697
180649249 -86.14461401 39.77522198
180527783 -86.15514897 39.76487
181228669 -86.15081704 39.76765497
180527781 -86.15512399 39.76556896
180382477 -86.16447602 39.77693901
180540590 -86.15981702 39.76948096
1283518640 -86.15695376 39.77184173
1283518641 -86.15685779 39.77128919
181083300 -86.15215504 39.78009396
1291118803 -86.16452799 39.77709408
1283518609 -86.15794358 39.76814799
180409560 -86.15039199 39.76476396
1289479688 -86.15723699 39.77409881
1289479689 -86.15642009 39.77754813
181261899 -86.14576501 39.76397296
180555278 -86.150955 39.77008396
180533999 -86.16077901 39.76788497
180533998 -86.15987603 39.76786502
1291118608 -86.16485161 39.77438186
180555276 -86.15162899 39.77009804
180555274 -86.15231304 39.77011598
180807123 -86.15449803 39.76625804
1289479758 -86.15615304 39.77320949
1289479759 -86.15727253 39.77312776
180846641 -86.15409201 39.77894497
1289479752 -86.1563563 39.77346371
1291118800 -86.16461683 39.77726691
1289479751 -86.15678076 39.77755559
1375366656 -86.15047179 39.7766112
180394658 -86.14951399 39.76508197
1289479755 -86.15697732 39.77718083
1283518502 -86.15684279 39.77208028
1283518501 -86.15718862 39.77195119
1283518500 -86.15789656 39.76877873
180495315 -86.15952399 39.77933196
1290821933 -86.15828933 39.76839978
180939123 -86.15738199 39.76877504
180559263 -86.16166297 39.76860296
180679811 -86.14410078 39.76393499
180679814 -86.14411151 39.76360508
1290821801 -86.1577114 39.7685292
1289479684 -86.15598574 39.7746733
1289479685 -86.1565428 39.77485728
1289479686 -86.1568546 39.77304948
1289479687 -86.15705418 39.77465763
1289479680 -86.15697027 39.77742609
180892442 -86.14565403 39.76686397
1289479729 -86.1566816 39.77290832
1289479683 -86.15711763 39.77756263
1289479727 -86.1565718 39.77380066
1289479726 -86.15673391 39.77290941
1289479725 -86.1566842 39.77486039
1289479724 -86.15694463 39.77400887
1289479723 -86.15656501 39.77400132
1289479722 -86.15677833 39.77380494
1289479721 -86.1575125 39.77324184
1289479720 -86.15718862 39.7754954
1290821434 -86.15395346 39.76538523
814887450 -86.14403071 39.76643942
180716407 -86.15146504 39.78107104
1291105969 -86.16543088 39.77242972
180493278 -86.15971702 39.77205303
181392016 -86.152177 39.77944504
181437606 -86.14368202 39.76688601
181392011 -86.15218203 39.77921504
1283518492 -86.15710682 39.77198003
1283518479 -86.15692158 39.77193334
180370738 -86.14326 39.77013098
1283518570 -86.15664673 39.77202563
1283518571 -86.15783001 39.76885132
1283518576 -86.15709307 39.77185673
1283518577 -86.15841003 39.7687592
180530470 -86.15430299 39.77123404
1283518578 -86.15757293 39.76861486
1283518579 -86.15817568 39.76878284
1291105718 -86.1654417 39.76989402
180530476 -86.15421104 39.77363897
180505199 -86.15532097 39.76702096
180442515 -86.14985999 39.76903496
180540628 -86.15950002 39.77804299
794568710 -86.14366451 39.76665643
794568711 -86.14293997 39.7639272
1290821986 -86.15417877 39.76533569
1291105914 -86.16544438 39.77180921
1291105911 -86.16528613 39.77254723
180998793 -86.15865898 39.775528
1283518621 -86.15766304 39.76874939
180998799 -86.15895997 39.77553404
180554855 -86.14605201 39.76893002
180846813 -86.14640396 39.77977201
180554856 -86.14559201 39.76891804
180554850 -86.147215 39.76895299
180858078 -86.16037601 39.77872101
180846818 -86.145101 39.77973497
1291118860 -86.16470074 39.77286507
180681879 -86.14483697 39.76970501
1291105421 -86.16528881 39.77169169
181506865 -86.15158197 39.77048503
798569327 -86.14495163 39.78073442
180452371 -86.16307901 39.77878102
181371816 -86.15153377 39.76617816
1283518482 -86.15818297 39.76825452
181026238 -86.14607397 39.76831797
1283518480 -86.15655822 39.7719864
1290821474 -86.1577917 39.76839274
1283518488 -86.15683457 39.77207424
1283518489 -86.15717421 39.77129531
181234776 -86.14636901 39.76397296
180912164 -86.14338598 39.77379899
180570509 -86.15771199 39.77678202
181342337 -86.15872704 39.774132
180556136 -86.15628899 39.76676196
794568705 -86.14390599 39.76688467
180573707 -86.15630701 39.76629802
180573705 -86.15628002 39.76704602
180370757 -86.14346301 39.76983502
1291106028 -86.16515998 39.77580838
180573709 -86.156333 39.76559503
1290822001 -86.15756606 39.76843792
1283518620 -86.15851389 39.76860556
180530474 -86.15425102 39.77263097
180493272 -86.15789899 39.77201297
181162612 -86.14914904 39.76403398
1283518625 -86.15713816 39.77188556
1289479716 -86.15778583 39.7748836
1289479717 -86.15661321 39.7772934
1289479714 -86.1565526 39.7745355
181028347 -86.15760101 39.779813
1289479710 -86.15674983 39.77464891
1289479711 -86.15710388 39.77470742
180493276 -86.158806 39.77203703
1291118740 -86.16466251 39.77394299
181420342 -86.153327 39.77313698
1289479718 -86.1566096 39.77742014
1289479719 -86.15693574 39.77496851
798554858 -86.15032091 39.76690437
180938909 -86.15858304 39.76813902
180939169 -86.15740303 39.76824304
1291105502 -86.16514129 39.7699682
180640542 -86.14762202 39.770393
1291118937 -86.16464634 39.77719273
798554851 -86.1518771 39.76632258
181046115 -86.149027 39.78080902
1290821971 -86.15772213 39.76856113
798554855 -86.15153377 39.76662357
798554856 -86.15150703 39.76668132
181043862 -86.146468 39.77826302
1283518612 -86.15734143 39.77203803
1283518616 -86.15706876 39.7720584
181043864 -86.14636298 39.78074498
180716389 -86.15160401 39.77050699
180495326 -86.16305202 39.77942903
1283518618 -86.15698737 39.77214063
181083295 -86.15577502 39.780129
180495322 -86.16125301 39.77938896
180409557 -86.14996703 39.76492297
1291118839 -86.16537188 39.77798323
180649203 -86.14870304 39.77529298
180649206 -86.14856096 39.77520203
1290822097 -86.15444699 39.76427178
181282421 -86.14325899 39.769559
1290822092 -86.15836846 39.76851168
180912160 -86.14413624 39.77379999
180902180 -86.14771397 39.77327202
180862241 -86.15929801 39.76710402
1290850768 -86.16434987 39.76578019
1291118671 -86.16463293 39.77712358
180902188 -86.14774498 39.773227
180442517 -86.14983099 39.76973301
1290850827 -86.1632391 39.76575429
180556070 -86.15451899 39.76552102
181047396 -86.15689501 39.76705901
180649184 -86.15323002 39.77540303
181046147 -86.15574803 39.78108403
1283518538 -86.15680582 39.77195547
180649187 -86.152335 39.775383
1283518534 -86.15714898 39.7718921
180846634 -86.15581902 39.77898504
180394597 -86.14574598 39.76696396
1283518531 -86.15681798 39.77192739
180417457 -86.14898098 39.76830297
180846690 -86.15218798 39.77903499
181262756 -86.16535276 39.77819404
180516378 -86.16122099 39.78039403
180649191 -86.150523 39.77534201
180846694 -86.15216803 39.77904396
180939111 -86.15746104 39.76887001
180507803 -86.150394 39.78012598
180507800 -86.15040699 39.78011198
180993699 -86.142685 39.77601902
180424331 -86.15260104 39.76386098
180841966 -86.14870999 39.77778902
181028349 -86.15669401 39.779798
180862232 -86.15878001 39.77273599
180596045 -86.16539501 39.765805
180541721 -86.14733 39.766841
180744035 -86.16534396 39.76724199
180541723 -86.147244 39.76895701
180541722 -86.14730502 39.767575
180541725 -86.14719203 39.77038001
180541724 -86.14722204 39.76966402
180541727 -86.14713604 39.77174098
180541726 -86.14716202 39.77106498
180541729 -86.14709103 39.77287102
180541728 -86.14712699 39.77196997
1283518518 -86.15688486 39.77198288
180541680 -86.14766402 39.780777
180458892 -86.15071796 39.77979498
180458895 -86.1494792 39.77943791
1291105766 -86.16540406 39.76961558
1291105760 -86.16563482 39.76958473
180579256 -86.14350098 39.77099298
180579254 -86.14425199 39.77100798
180391955 -86.14328372 39.77518711
180579252 -86.14478198 39.77101603
180579250 -86.14550601 39.77103002
1289479682 -86.15678638 39.77742298
180468356 -86.15109003 39.76453899
180507794 -86.15185698 39.77863601
180899715 -86.14772797 39.77349699
180507792 -86.15221899 39.77826503
180507790 -86.15266902 39.77787603
1289479679 -86.15722207 39.77452888
180541536 -86.14723997 39.77778299
181509891 -86.14331054 39.77548811
180556178 -86.15450901 39.76582101
180861008 -86.15087001 39.76618201
180507798 -86.15090899 39.77960203
1289479678 -86.15672418 39.77467313
180495297 -86.15852998 39.77923004
180495295 -86.15762499 39.77921001
180378524 -86.15518803 39.77195304
180378526 -86.15427801 39.771932
180505203 -86.15529498 39.76916002
180505201 -86.15534301 39.76775999
181059151 -86.16179599 39.76502196
180516999 -86.14570198 39.76704904
180556170 -86.15477396 39.76583199
181371926 -86.15268402 39.76621303
181048906 -86.15786798 39.77271504
180738269 -86.14784699 39.77471001
180842029 -86.14244703 39.777599
180511828 -86.146956 39.77617702
180507796 -86.15143503 39.77906601
180842026 -86.14398998 39.77763697
180511823 -86.15319196 39.77668202
180511822 -86.15590502 39.77674204
180497331 -86.14545396 39.77242603
180530486 -86.15405103 39.77790897
180530480 -86.15414398 39.775427
180586201 -86.16071799 39.77623602
180550071 -86.16345502 39.76883204
1291105549 -86.16527272 39.76978883
180554846 -86.14727099 39.76897101
180849339 -86.15775901 39.77550797
180397964 -86.14983401 39.78069402
798569231 -86.14506898 39.78068287
1289479706 -86.15668512 39.7747101
1289479771 -86.15705208 39.77306054
798569238 -86.1449865 39.78062722
1291118757 -86.16464231 39.77710204
180603517 -86.16003403 39.76352696
180505205 -86.15527503 39.76985396
1283518653 -86.15686852 39.77269283
1283518650 -86.1570722 39.77193351
180485821 -86.14562503 39.768207
1291118755 -86.16469596 39.7730048
1283198602 -86.16169247 39.7678734
1283198429 -86.1634541 39.76792361
180447435 -86.15325701 39.76383399
798563162 -86.14947384 39.78108688
180451766 -86.14969403 39.77322298
180559285 -86.16119802 39.78104204
1291118637 -86.16562937 39.78109577
181426760 -86.14380197 39.763936
180559282 -86.16132601 39.77730002
180559281 -86.16134001 39.77686701
180559280 -86.16136197 39.77625002
180533988 -86.15927798 39.767617
181006796 -86.157311 39.76361598
181006794 -86.15821599 39.76363601
1289479749 -86.15712626 39.77730991
1289479667 -86.15614734 39.77337469
1289479664 -86.15720371 39.77506088
1289479665 -86.15751057 39.77329792
1289479662 -86.15709718 39.77381374
1289479663 -86.1572597 39.77343613
180550043 -86.16347597 39.768481
1289479661 -86.15663911 39.77340269
180862268 -86.15848304 39.78044097
1291118696 -86.16434199 39.77760797
1289479743 -86.1577347 39.77341208
1289479742 -86.15637558 39.77326682
1289479745 -86.15685251 39.77310983
1289479747 -86.15643308 39.77728938
1291105792 -86.16503928 39.7779399
180497336 -86.14710796 39.77245696
180485828 -86.14361698 39.76815101
181336467 -86.157211 39.76631797
180505123 -86.15510396 39.77404198
181336463 -86.15718502 39.76706597
1289479728 -86.1565371 39.77503783
1289479734 -86.15635856 39.77339707
1291118907 -86.16430444 39.77763278
1289479699 -86.15669652 39.77469929
180420849 -86.14335899 39.76432903
1291118902 -86.16472798 39.77694371
1291118903 -86.16482563 39.77731603
1289479693 -86.15668487 39.77281218
1283518623 -86.1568888 39.77211548
1289479691 -86.15672929 39.77304688
1289479690 -86.15695016 39.77409227
180679806 -86.1440686 39.76485868
180892456 -86.14564004 39.76764399
1289479694 -86.15711151 39.77486139
180485807 -86.15684002 39.76849098
180495301 -86.15934797 39.77925804
180485805 -86.15730698 39.76850799
181016717 -86.16071799 39.77418204
1283518630 -86.158189 39.76839727
1291118700 -86.16453897 39.77705561
180649252 -86.14408 39.77520899
181282370 -86.15254698 39.769789
180485809 -86.15622596 39.76847799
180540585 -86.15984904 39.768567
181280271 -86.15226199 39.77725602
180846637 -86.15411297 39.77894598
180846636 -86.15412303 39.77894103
180370820 -86.14556502 39.76962103
180485815 -86.15260297 39.76839702
180381588 -86.14881879 39.77249292
1291105720 -86.16461817 39.77744109
180511773 -86.14707301 39.77639402
814887416 -86.14415426 39.76688249
180388868 -86.14677998 39.76537199
180912121 -86.14876297 39.773888
1283518560 -86.15687698 39.77186972
180640567 -86.14749898 39.77644599
1291105711 -86.165667 39.76964659
180640563 -86.14795403 39.77614298
181395334 -86.14796803 39.77578801
1283518568 -86.15755609 39.76853867
180530460 -86.15446803 39.76699598
180530466 -86.15435998 39.76983401
180530464 -86.15438697 39.76913999
1290822122 -86.15440407 39.76510058
180966144 -86.16075102 39.76858301
180841959 -86.14952002 39.77780797
180892452 -86.14563803 39.76744098
180540637 -86.15949197 39.77844398
180841955 -86.15223701 39.77786899
180841957 -86.15042501 39.777828
1290850723 -86.16430654 39.76721827
180841951 -86.153457 39.77789598
180912104 -86.15057597 39.77394198
180899723 -86.14770903 39.773457
795807072 -86.15039048 39.77962751
1290821697 -86.15836578 39.76855703
180681892 -86.14473203 39.772421
795807076 -86.14940728 39.78121672
180530489 -86.15401004 39.77899903
798562842 -86.14488994 39.78103952
180554842 -86.14765999 39.768983
180554840 -86.14895399 39.76901501
181028357 -86.15217298 39.77959398
180568771 -86.15038302 39.78060802
180568777 -86.14508599 39.78016797
180568775 -86.14638603 39.78020402
180939088 -86.15774401 39.76904301
794609981 -86.14301969 39.77214633
1283518494 -86.15718292 39.77203351
1283518497 -86.15847977 39.76835133
1283518496 -86.15802539 39.76879734
180452366 -86.16127204 39.77874104
1283518490 -86.1584941 39.76864588
1283518493 -86.15690842 39.77194164
180458907 -86.14870999 39.77943297
180452368 -86.162186 39.77876099
1283518499 -86.15716968 39.77154526
181228389 -86.16032304 39.77989196
180570512 -86.16043502 39.77684698
180570511 -86.15861698 39.776807
180570514 -86.16361897 39.77691999
180465275 -86.16367001 39.77564996
180556146 -86.15595204 39.76672801
180540994 -86.15013299 39.781079
181004256 -86.15816998 39.76493697
180534000 -86.16169096 39.767905
180828471 -86.15998198 39.76498701
181258148 -86.14890697 39.77041597
180376534 -86.143361 39.76429299
180849262 -86.15626301 39.76756402
180370769 -86.14375696 39.76967903
181004258 -86.15726096 39.76491702
181258140 -86.14893002 39.76971298
180846823 -86.14446196 39.77972197
180804698 -86.14572897 39.76490503
1291118672 -86.1655168 39.77779774
1283518654 -86.15709743 39.77211758
1291118674 -86.16487843 39.77386244
180541669 -86.14778203 39.77779103
180804758 -86.15151801 39.76686204
180804692 -86.14572604 39.76501299
180547576 -86.15819303 39.76424797
180507750 -86.15595497 39.77546799
180647466 -86.14494903 39.763634
180507756 -86.15573998 39.77552499
180439782 -86.14566242 39.76531642
1289479705 -86.15729348 39.77401591
180550106 -86.16315704 39.77690699
1290821854 -86.15434506 39.76510477
1291105694 -86.16506619 39.77780998
1289479700 -86.15654758 39.77469392
1289479703 -86.15732248 39.77282501
814887437 -86.14414873 39.76665383
1291118693 -86.16442631 39.77693784
181282442 -86.14257201 39.76982404
1289479709 -86.15709944 39.7737492
1289479708 -86.15730019 39.77381768
1291118695 -86.16571361 39.77011028
180939191 -86.15767896 39.76802897
180807134 -86.15459602 39.76344298
180541678 -86.14768598 39.78023604
180807131 -86.15459401 39.76349201
181509942 -86.143965 39.76984298
181509943 -86.14353702 39.77011003
180807138 -86.15459803 39.76339302
180505187 -86.15499902 39.77673098
1291118825 -86.16500458 39.77301142
180716393 -86.15161097 39.77052099
180513912 -86.14451703 39.77812304
181083280 -86.15757603 39.78042102
181083281 -86.15576697 39.78037702
1291118828 -86.16490794 39.77438597
180579248 -86.14885902 39.77109926
180550033 -86.16349399 39.767201
180649215 -86.14548204 39.775125
180550037 -86.16343901 39.76835402
180649212 -86.14617103 39.77514403
180559254 -86.16172097 39.76716203
180511738 -86.15228404 39.77669803
