1316933778 1316933761
1316933778 1316933867
1316933779 1316933883
1316933779 1316933759
1316933779 1316933764
1316933774 1316933785
1316933774 1316933795
1316933774 1316938431
1316933775 1316933815
1316933775 1316933848
1316933776 1316933844
1316933776 1316933881
1316933777 1316933806
1316933777 1316933820
1316933777 1316938403
1316933770 1316933760
1316933770 1316933848
1316933771 1316933810
1316933771 1316933859
1316933771 1316933865
1316933772 1316933763
1316933772 1316933835
96619416 96619407
96619416 96619419
96772835 96646583
96772835 96764801
96772835 96772831
96772835 96581592
96772831 96764797
96772831 96699371
96772831 96581590
602122773 96700660
602122773 602122782
602122773 602122796
96865488 96700656
96865488 96811829
96865488 96585902
96865488 96719009
1316925653 1316925628
1316925653 1316925645
96602221 96602222
96602221 96920993
96602221 96581601
96602221 96631871
1316925654 96719007
1316925654 96719005
1316925654 1316925598
96602223 96602222
96602223 96602225
96602225 96917134
96602225 96708476
602122954 602122935
602122708 602122848
602122708 602122711
602122708 602122973
96656053 96656052
96656053 96688697
96656053 96688701
96656052 96660726
96656052 96656050
96656050 602159268
96656050 96811851
1316925614 1316925638
1316925614 1316925594
1316925614 1316925624
1316925615 1316925596
1316925615 1316925617
1316925615 1316925612
1316925616 1316925631
1316925616 1316925598
1316925617 1316925601
1316925617 1316925591
1316925612 1316925597
1316925612 1316933857
1316925612 1316925599
1316925598 1316925635
1316925597 1316925595
1316925597 1316925604
1316925596 1316925601
1316925596 1316925599
1316925595 1316925603
1316925595 1316925626
1316925594 1316925621
1316925594 96719005
1316925592 1316925609
1316925592 1316925666
1316925592 1316925606
1316925591 1316925641
1316916009 1316916068
1316916009 1316915841
1316916009 1316938375
1316916008 1316915977
1316916008 1316915909
1316916006 1316915938
1316916006 1316933783
96719015 96565442
96719015 96719017
96719015 96708454
96719017 96719020
1316915958 1316915950
1316915958 1316916044
1316915954 1316915850
1316915954 1316916157
1316915950 1316915862
96575635 96647304
96575635 96707374
96575635 96575633
96575631 96699206
96575631 96699201
96575631 96575632
96575633 96832479
96575633 96575632
96575632 96785957
96575632 96685727
96756847 96756834
96756847 96735449
96756847 96673491
96646527 96646542
96646527 96646524
1316916092 1316916020
1316916092 1316916074
1316916093 1316915989
1316916093 1316916080
602122924 602159780
602122924 602122937
602122924 602122927
602122927 602122929
1316916097 1316916167
1316916097 1316915976
602122929 602122932
96619419 96619420
96733046 96656008
96733046 96690306
96617451 96662876
96617451 96617454
96617451 96617445
96617451 96612458
96617454 96646549
96617454 96646545
96617454 96617457
602123130 602122947
602123130 602123132
1316933881 1316933835
1316916070 1316915942
1316916070 1316916015
1316916076 1316916143
1316916076 1316938429
1316916077 1316916114
1316916077 1316916081
1316916074 1316916015
96934392 96934399
96934392 96690858
96934392 96612458
96583941 96685761
96583941 96583933
96583941 96675869
96583941 96938708
96565442 602122832
96565442 602122444
96662881 96662877
96662881 96612467
96662881 96624286
96581601 96581599
1316938407 1316938378
96581593 96646583
96581593 96581592
96581593 96581598
96581592 96581590
96581590 96581589
96581599 96888390
96581599 96581598
96581598 96764859
1316933785 1316933886
1316933785 1316933888
1316933785 1316933864
1316933786 1316933875
1316933786 1316933842
1316933786 1316933791
1316933781 1316933860
1316933781 1316933813
1316933781 1316933867
1316933780 1316933851
1316933780 1316933765
1316933783 1316933886
1316933783 1316933870
1316933782 1316933817
1316933782 1316933798
1316933782 1316933866
1316933825 1316933827
1316933825 1316933766
1316933827 1316933842
96920985 96920993
96920985 96624291
1316933829 1316933862
1316933829 1316933813
1316933829 1316933867
96699198 96785954
96699198 974096064
96699198 96699200
1316915914 1316915860
1316915914 1316916096
96612486 96700660
96612486 96612484
96612486 96662916
1316925651 1316925633
1316925651 1316925645
1316925651 1316925605
1316925652 1316925642
1316925652 1316925605
1316925652 1316925657
96656014 96624302
96656014 96907625
96656014 96895861
96656013 96656008
96656013 96624302
96656013 96662910
1316925657 1316925629
1316925657 1316925608
96712897 96582595
96712897 96712895
96712897 96637721
96895861 96764735
96895861 96735448
96895861 96624300
1316915911 1316915843
1316915911 1316915863
96674065 96832479
96674065 96739649
96674065 96674066
96674065 96674064
96646580 96764851
96646580 96646578
96646580 96646583
96690645 96731507
96690645 96690642
96818764 96719007
96818764 96811817
96818764 96883921
96818764 96640556
602122485 602122647
602122485 602122477
602122485 602122909
1316933844 1316933801
96618910 96618911
96618910 96673449
96582618 96565576
96582618 602123132
96699366 96907601
96699366 96624282
96699366 96907597
96699366 96699370
96582591 96712895
96582591 96582589
96582591 96759573
96582591 96582595
602122968 96696043
96708468 96791235
96708468 96624295
96708468 96708469
96582595 96582598
96582595 96759578
602107415 602122419
602107415 602122458
602107415 602122690
96582598 96585899
96582598 96637721
96582598 96582600
96582617 96712906
96582617 96565576
96582617 96759589
96582617 96582616
96582616 96708450
96582616 96708446
96914621 96708469
602122848 602122830
1316916082 1316916107
1316916082 1316939510
1316916082 1316916088
974096064 974096041
974096064 974096057
1316916081 1316939511
1316916081 1316915923
96619426 96619428
96619426 96619425
1316916137 1316916165
1316916137 1316916107
1316916137 1316916088
96612484 1316933855
96612484 96662913
96612484 96612467
602122444 602122426
602122444 602122440
1316916080 1316916068
1316916133 1316916153
1316916133 1316915966
602122440 602122419
1316916034 1316916163
1316916034 1316938431
1316916032 1316916166
1316916032 1316916031
96791212 96564219
96791212 96708452
96791212 602122830
96791212 96759589
1316916031 1316915962
602122458 96566882
602122458 602122470
96731507 96582584
96731507 96731511
96731507 96832476
1316915860 1316915863
1316915862 1316915977
96712906 96712908
96712906 96696042
96712906 96708446
96712904 96696038
96712904 96700649
96712904 96637721
96712904 96582600
96612458 96612459
96612458 96608734
96662119 96662121
96662119 96700653
96662119 96619444
96712908 96696043
96712908 96565576
96712908 96603247
96708469 96708474
96907625 96869076
96907625 674527692
96907625 674527691
674527692 96764735
674527692 96764738
674527691 674527688
1316938358 1316933833
1316938358 1316938411
1316938358 1316938416
96759573 96811817
96759573 96640554
96759573 96759578
96662876 96660072
96662876 96624281
96662876 96646549
96662877 96646549
96662877 96624282
1316939511 1316939513
1316939511 1316933857
602123008 602122977
602123008 602123010
602123004 602122977
602123004 96603245
96743462 96603240
96743462 96737385
96743462 96743461
96743462 96756912
96743461 96737381
96743461 96708441
96743461 96791203
1316916148 1316916143
1316916148 1316915941
96764738 96881119
96764738 96890968
96764738 96764742
602123164 96603245
96624288 96764859
96624288 96662841
96624288 96624291
96624287 96624286
96624287 96646646
96624286 96907601
96624286 96624282
1316916140 1316916157
1316916140 1316915892
1316916146 1316915907
1316916146 1316939513
1316916146 1316916165
96624282 96624281
96624281 96907597
96624281 96621834
1316933860 1316933803
1316933860 1316933761
1316933860 1316933887
1316933862 1316933858
1316933862 1316933764
1316933863 1316933854
1316933863 1316933838
1316933863 1316933841
1316933863 1316933874
1316933864 1316933876
1316933864 1316933889
1316933864 1316933872
1316933865 1316915936
1316933865 1316933769
1316933866 1316933762
1316933866 96719008
1316933868 1316933768
1316933868 1316933801
1316933868 96719009
1316933869 1316933873
1316933869 1316933767
1316933869 1316933854
96603245 96603240
96603245 96756912
96603246 96603247
96938707 96675869
96938707 96938708
96739649 96739667
96739649 96707368
96739649 96832476
96585905 1316933801
96585905 1316938403
96585905 96585902
96585901 96811818
96585901 96585899
96585901 96811829
96585901 96585902
96585902 96883921
1316933763 1316933791
602159268 96564219
602159268 602159780
1316933760 1316933877
1316933760 1316933806
1316933767 1316933813
1316933767 1316933858
1316933766 1316933878
1316933765 1316933758
1316933765 1316933830
1316933765 1316933800
1316933764 1316933819
1316933883 1316933756
1316933883 1316933798
1316933880 1316933876
1316933880 1316933810
1316933880 1316933870
96619402 96662842
96619402 96619405
96619402 96662844
96619405 96624294
96619405 96624295
96619405 96619407
1316933887 1316933790
96772827 96764789
96772827 96707392
96772827 96581588
96772827 96699371
602122782 602122790
602122782 96619448
96617445 96660072
96617445 96685744
96617445 96608734
1316938431 1316938360
1316938431 1316938402
602123097 602123095
602123097 602123102
602123095 602122491
602122662 602122508
602122662 602122658
602122668 602122508
602122668 602122690
602122540 602122515
602122540 96568018
602122540 602122873
96637715 96798467
96735448 96756834
96735448 96624297
96735448 96735449
96735449 96764735
96735449 96673492
96673450 96820775
96673450 96673449
96811851 96688701
96759589 96708450
96759589 602122947
96759582 96700651
96759582 96585899
96759582 96811829
96759582 96582600
96737381 96737385
1316925609 1316925631
1316925609 1316925625
1316925608 1316925663
96737385 96603238
96699201 96785957
96699201 96674067
96699200 96739667
96699200 96674067
1316925603 96640560
1316925603 1316925637
1316925601 1316925641
602122711 602122873
602122711 96564337
1316925606 1316925647
1316925606 1316925625
1316925605 1316925632
1316925605 1316925663
1316925604 96690858
1316925604 96640560
96811829 96700653
96624302 96624300
96624300 96624297
96624300 96662910
96690306 96820706
1316916134 1316916163
1316916134 1316915845
1316925599 1316925647
1316925599 1316925667
602122985 602122984
602122984 602122983
602122983 602122979
96685733 96647305
96685733 96685727
1316915942 1316915937
1316915941 1316915961
96675869 96675865
96675869 96621840
96798467 96696038
96798467 96700647
1316925619 1316925623
602122932 602122935
96917134 96631871
602122937 602122941
602107423 602122690
602122935 602122949
1316915892 1316915873
96696038 96696040
96585899 96759578
1316925661 1316925647
1316925661 1316933857
1316925661 1316933809
96619424 96619420
96619424 96619425
96696037 96696036
96696036 96640551
96696036 96712895
96621840 96660075
96621840 96621834
96685744 96660075
96685744 96608738
96662121 96700656
96662121 96619448
96646565 96662913
96646565 96646574
96881119 96820744
96881119 96890969
1316938360 1316938386
96619444 96708452
96619444 96619448
96619442 96619439
96619442 96700649
96619442 96708446
96619448 96708453
96662909 96662907
96662909 96624297
96662909 96662910
96624326 96624295
96624326 96662844
96624326 96624327
602122508 602122500
602122500 602122499
96820694 96820688
96820694 96890968
96820694 96764742
1316933838 1316933819
1316933838 1316933845
1316933838 1316933849
96612459 96612465
96612459 96646524
1316933833 1316933762
1316933832 1316933797
1316933832 1316933794
1316933830 1316933851
1316933830 1316933843
1316933837 1316933757
1316933837 1316933840
1316933835 1316933815
1316933834 1316925628
1316933834 1316939510
1316933834 1316925626
96832479 96785957
96832479 96707374
96764845 96791235
96764845 96708474
96883921 96811818
96883921 96719008
96883920 96719005
96883920 96811808
96883920 96674064
96883920 96640556
602122796 602122790
602122796 96708456
1316933758 1316933845
96811817 96811818
96811817 96640555
96662907 96624296
96811818 96759578
1316933757 1316933818
96619430 96619431
96619430 96619428
96619434 96708441
96619434 96619436
96619434 96700645
96619436 96619439
96619436 96708442
96619436 96700647
96619439 96696040
96619439 96696041
1316925647 1316925621
1316925645 1316925632
1316925642 1316925629
1316925642 1316925626
96756834 96791235
96756834 96624296
1316915909 1316916112
1316915907 1316915873
96564337 602122515
96564337 602122647
96707392 96583933
96707392 96581587
96707392 96685761
96647305 96647304
96647305 96608738
96647304 96608734
96708474 96708476
96699371 96581589
96699371 96699370
96708476 96772849
602122977 602122979
96582589 96582585
96582589 96640553
96582589 96640554
602122973 602132562
602122973 602123012
1316925632 1316925628
1316925633 1316925663
96700649 96582602
96700649 96696040
602122873 602122943
1316925637 96690864
1316925637 1316925663
1316925635 1316925620
1316925635 1316925631
1316925638 1316925623
96700647 96696040
96700647 96700645
602122473 602122470
602122473 602122477
1316916020 1316916112
1316915976 1316916165
1316915974 1316938429
1316915974 1316915989
96612467 96690864
96612467 96612465
96612465 96640560
96759562 96582584
96759562 96707368
96759562 96759564
96759562 96832476
96759564 96582585
96759564 96640554
96759564 96811808
96907597 96675865
96907597 96764789
96707368 96674064
96707368 96811808
1316916096 1316915845
602123012 602123010
1316916153 1316916166
1316916154 1316915961
1316916154 1316915841
1316933877 1316933884
1316933875 1316933802
1316933875 1316933812
1316933874 1316933855
1316933874 1316933873
1316933873 1316933803
1316933872 1316933810
1316933870 1316933888
1316933879 1316933841
1316933878 1316938378
1316933878 1316933884
1316933878 1316933791
96708452 96708453
96708452 96708450
96756912 96791203
602122658 602122656
1316938429 1316938423
602122651 602122647
602122651 602122656
1316938423 1316938386
602122499 602122491
602122491 602122909
96764797 96764801
96764797 96907601
96764797 96699370
1316933802 1316933842
1316933802 1316933794
1316933803 96719009
1316933800 1316933845
1316933800 1316933843
1316933800 1316933841
1316933809 1316939513
1316933809 1316925625
974096057 96701273
96673449 96890969
96570090 96603238
1316938390 1316938411
1316938390 1316938374
602122832 96708453
602122832 602122830
96603240 96603238
96690858 1316925667
96624317 96820683
96624317 96662885
1316915936 1316916044
1316915937 1316915962
1316933759 1316933798
96716168 96624294
1316915930 1316933795
1316915930 1316915966
96640551 96640553
96640553 96712892
96640553 96712895
96640555 96640554
96640555 96811808
96640555 96640556
1316915938 1316933795
96785954 96739667
96785954 96731511
96785954 96832476
96785957 96674066
96708441 96708442
96708442 96696041
96708442 96791203
96708446 96696041
602122909 96656008
96739667 96674066
1316933756 1316933817
974096041 96731512
96696041 96696042
602122426 602122419
602122426 602122914
602122426 602123103
96696043 96696042
1316916114 1316939510
1316916114 1316915923
1316915843 1316933889
96646574 96646578
96646574 96646646
96646578 96764801
96700653 96700651
96700653 96700656
1316938375 1316938416
1316938374 1316938402
96764801 96646646
96791203 96696042
96820688 96869076
96820688 96820683
1316933889 1316933769
1316933889 1316933859
96674066 96674067
96674064 96707374
602122515 96708456
96820683 96831734
1316933840 1316933768
1316933841 1316933855
96890969 96820775
96890968 96869076
1316933768 1316933797
96701273 96731511
96820775 96820744
96662913 96662916
96662916 96662841
602122943 602122941
1316925621 1316925667
1316925620 1316925666
96700656 96700660
96700651 96582602
96624327 96791235
96624327 96662845
96564219 602122918
96719007 96719008
96719005 96707374
96719008 1316938403
96907601 96646646
96660072 96660075
96660072 96621834
1316916167 1316915850
96675865 96583933
96675865 96621834
96646542 96646545
96690864 1316933817
96764859 96764851
96581587 96581588
96581587 96685762
96581588 96581589
96712892 96582585
96712892 96690642
96764789 96583933
96764789 96699370
1316933799 1316933790
1316933799 1316933852
1316933797 1316933812
1316933794 1316933812
1316933814 1316933819
1316933814 1316933854
1316933814 1316933858
1316933818 1316933828
96700660 96719009
96624297 96624296
96582585 96582584
96582584 96690642
602122918 602122914
96708453 96708454
96708456 96662844
96708456 96708454
96582604 96582602
96582602 96582600
602123102 602123103
96685761 96685762
96673492 96673491
96608734 96608738
96662842 96662841
96662842 96624293
96662845 96662844
96624294 96624293
96624291 96624293
