123241917 73909229
123241917 20400252
123241917 122888824
250745156 122840581
250745156 69196873
250745156 807656180
122840582 122840581
122840582 122420468
123302806 123066917
123302806 69092000
123302806 123015312
123302806 123250167
123058846 123302811
123058846 122986160
123058846 73919129
123302803 123250167
123302809 123015322
123302809 123153134
123302809 122989550
123302809 21748265
123688076 72017839
123688076 123308400
123688076 123254953
123120142 123165379
123120142 122840579
123120142 73919113
123120142 69196873
122868262 72027686
122868262 123360986
123254956 123459651
123254956 122648652
123254956 122665557
123254956 123548609
123459651 122648656
123459651 123322120
123459651 123459552
473888537 26666273
473888537 26666275
473888537 122884543
69196786 69196777
69196786 21748268
69196786 21748270
69196786 122665554
123254953 123674633
123254953 122807275
123254953 21302771
71987020 26666271
71987020 72027616
71987020 71987036
71987020 479311849
123066917 122989550
123066917 250729569
123066917 123015319
72017798 69070509
72017798 479312098
72017798 123292024
72017798 72027653
269980487 122639869
269980487 73909258
269980487 269980454
269980487 122888824
123153134 122989548
123153134 122807269
123153134 21748266
122627121 122986173
122627121 67619074
122627121 122627118
250745152 660529417
250745152 540998208
123015319 122989552
123015319 123066919
123015319 123015312
72027642 123740435
72027642 123384120
72027642 72027653
72027642 123308403
122726048 277328790
122726048 122855842
122726048 123241924
277328783 277328790
277328783 122807293
123015312 123106305
123015312 123015310
123015310 123106303
123015310 123250167
123015310 122886634
72017921 71987057
72017921 26666273
72017921 122641660
72017905 26666271
72017905 479311772
72017905 72017753
72017905 122641660
69070537 72791992
69070537 123111602
69070537 123066907
69070537 71987008
69070537 72027616
72027577 122751426
72027577 71986882
72027577 122627106
72027577 72027559
69070509 123137985
69070509 123012990
69070509 479312122
122807286 122807284
122807286 123292031
122807286 123292033
122807286 1376475640
122807284 123281085
122807284 122807281
122807284 69196947
69238335 69091979
69238335 26666267
69238335 122641651
69238335 21098551
123286797 71986882
123286797 122795322
123286797 67619127
69196873 660529417
69196873 73919129
1376475647 1376467697
1376475647 1376475633
1376475647 1376475648
1376475646 1376475629
1376475646 1376475635
1376475646 1376475640
1376475645 277328761
1376475645 123292033
1376475645 1376475635
123384120 479312098
123384120 26666275
123384120 71987036
72092079 122840581
72092079 277328922
72092079 72092084
73919096 73919107
73919096 122648652
73919096 123165382
73919096 123067102
1376475640 1376475638
1376475640 277328772
122958109 69091973
122958109 71986969
122958109 122958110
122986158 122607557
122986158 122986160
122986158 122648646
122986158 73919129
122840579 122840581
122840579 123546084
122840579 72092084
1376475648 1376467700
1376475648 1376475629
122868256 122627113
122868256 122986173
122868256 122868253
71986991 122718678
71986991 122591596
71986991 69238346
73909258 122888799
73909258 122452712
122868253 123153877
122868253 122868251
250729569 69092008
122868251 122986169
122868251 122868250
122868250 123015322
122868250 122607566
122868250 21748265
277328772 1376475629
277328772 1376467696
277328772 122807293
69196798 73919107
69196798 122648652
69196798 122648646
69196798 123548609
71987036 72027628
71987036 26666273
123740435 72027628
123740435 123308400
122783478 122639869
122783478 122888799
122783478 123241924
123165385 123459654
123165385 123165387
123165385 123067102
123165385 123165382
123165387 60957905
122625837 122625841
122625837 21748271
122625837 21748270
123165382 123165379
123165382 123254958
540998208 21063610
540998208 540998108
72017839 123308403
72017839 123281085
72017839 72017846
122886634 26666265
122886634 122958110
122886634 69091989
72027653 123292026
72027653 123281084
123142803 123066933
1376467696 1376467703
122790423 122704149
122807293 122855842
123292031 1376475638
123292031 123281085
123292031 123292029
123241924 73909229
123241924 122855839
122648660 122648656
122648660 60957905
122648660 123281089
72791983 123111600
72791983 69092000
72791983 69091989
72791983 123250167
122718681 26666267
122718681 122641651
122718681 26666269
122958110 69091979
122958110 69238333
540998108 123015326
540998108 122840584
123546084 123165379
123546084 123254958
123546084 72092095
122704151 122704149
122704151 123292033
122704151 122704154
123066933 123066929
1376467709 277328761
1376467709 1376467703
1376475633 1376475629
1376475633 277328761
1376475633 1376475635
123111600 72791992
123111600 123111602
122807269 69196777
122807269 123120136
122807269 122989546
71987008 72791992
71987008 26666269
71987008 479311849
1376475638 122855842
1376467702 1376467695
1376467702 1376467693
122627113 122627112
122627113 122627118
122627112 123153877
122627112 122627111
122627112 123286802
122627111 122989553
122627111 122989555
122627111 122627109
122704149 122704147
72791992 26666267
123717844 123066929
123001016 67619074
123001016 122607575
123254958 72092109
123254958 123459654
277328922 69196905
277328922 67666122
122648652 122648656
72027628 123674632
72027628 21302771
72027616 123674632
72027616 69070528
72027704 72027686
72027704 122607575
72027666 123292026
72027666 73909206
72027666 122855835
72027666 122855839
122620327 122620330
122620327 123120125
72027559 122795324
72027559 122751428
72027559 122719535
122639874 122452712
69092008 122989548
69092008 123066907
69092008 69092000
73919129 73919113
72092095 72092109
72092095 72092084
72092095 72092213
123308396 123674633
123308396 123674632
123308396 21302771
123308396 69070528
123250169 122719532
123250169 123459492
123250169 71986836
122704147 123281089
122704147 69196947
69092000 123111602
122613044 67619085
122613044 122613012
122613044 122751428
479312122 479312098
479312122 26666275
479311849 479311807
122627100 26666265
122627100 122627103
122627100 71986952
122627100 67619127
122627103 123153873
122627103 71986882
122627103 122627106
123120136 21748268
123120136 21748269
122627106 122627109
122627106 72027591
123286802 21748262
123286802 122795328
123286802 122989555
72017753 122591596
122807275 69196777
122807275 122625841
122807275 21748270
122986189 67619074
69238346 122641651
69238346 479311772
69238346 26666269
122989552 123015322
122989552 122989553
122989552 122989550
122989553 123066919
122989553 123153877
122989550 122989548
21748266 21748269
21748266 122607557
21748266 122868247
122648646 21098547
122648646 73919113
21748265 122607565
21748265 122868247
123674633 69070533
122989548 122989546
21748268 21748269
122613012 122613014
122613012 122795328
122749751 122749753
122613014 122719537
122613014 122719535
122613014 122613016
71986836 122987868
71986836 71986818
122613016 71986818
122613016 122989533
123358096 123153887
122719532 122719662
122719532 122719535
122855835 123292024
122855835 20400252
69196905 21098546
122719537 122795328
122719537 72027678
123067102 122648656
123067102 60957905
122719535 71986818
123153873 26666265
123153873 123106303
123153873 72027591
122620330 69091949
122620330 123111591
21302771 123308400
123153877 123015322
21302777 63785441
21302777 277328931
122855839 123292029
122855839 122855842
250729567 122795322
250729567 67619127
250729567 122795320
26666271 122749753
26666271 479311807
122795324 250729573
122795324 122719662
348127157 38724173
348127157 122420468
348127157 807656180
122795322 250729573
122795322 122719655
122641660 122749345
122795320 122719651
123250175 72791951
123066919 72027591
123066919 122627109
123281089 123322120
73909206 73909229
69091962 69091949
69091962 69091973
69091962 250649833
69091962 123111591
123548609 21098547
123548609 122665554
123292033 69196947
123360986 72027678
122719651 122719655
123281084 123308403
123281084 123281085
123281084 123292029
122719655 122719662
122719655 123459492
72027686 21748262
72027686 72027678
123106305 72027591
123106305 123106303
21748270 122665557
122840584 122420468
122607549 21098547
122607549 122607557
122607549 21098548
21098546 63785441
21098546 67666122
72017846 123459633
72017846 122625841
72017846 122807281
123153865 71986969
123153865 250649833
122986173 122986169
73909229 122639869
122591596 479311772
21748271 123459633
21748271 123459552
21098548 21748269
21098548 122665554
69091979 69091973
69091979 69091989
21748262 122627118
21748262 122607575
123066907 69070528
123066907 21098549
73919107 123165379
73919107 73919113
26666269 479311807
269980451 269980454
69091973 123111593
26666265 69238333
122607557 122607563
72791951 123066926
72791951 122987857
123292026 123292024
123292026 123292029
123292024 123012990
69238331 71986952
69238331 67619127
122868247 122607563
123459633 123322116
123459633 123459552
71986952 69238333
122989555 67619085
122641651 122718678
72092084 67666122
122986169 122986165
122807281 123322116
122986162 123302811
122986162 122607565
122986162 122986160
122986162 122986165
122751426 67619085
122751426 122751428
122986160 122607563
69070533 69196777
69070533 69070528
69070533 122989546
122986165 122607566
122986165 123015326
122987860 123066926
122987860 122987857
122987860 71986818
26666273 122749753
277328931 72092109
277328931 72092213
26666275 71987057
122987868 122987857
479311772 479311807
71986882 250729573
123120125 123111591
123120125 21098551
71986969 69238333
122665554 122665557
1376467700 1376467692
1376467697 1376467693
122607565 122607566
122607565 122607563
1376467695 1376467692
67666122 72092213
1376467693 1376467692
69091989 26666267
63785441 72092213
123322116 69196947
123322116 123322120
123153887 123015326
123066929 123066926
21098551 123111593
21098551 122718678
123302811 123302813
123302811 123015326
21098549 122989546
123111593 123111591
123111593 123111596
122989533 72027678
123308403 123308400
