123241917 -118.26225741 34.04681972
250745156 -118.26251247 34.031811
122840582 -118.26149348 34.03113659
123302806 -118.25333001 34.0400914
123058846 -118.26099769 34.03273619
123302803 -118.25124266 34.04171036
123302809 -118.25730697 34.036312
123688076 -118.26033728 34.04051167
123120142 -118.26318051 34.03290484
122868262 -118.2483784 34.03037728
123254956 -118.26340699 34.03611201
123459651 -118.26430703 34.03661199
473888537 -118.25502282 34.04624112
69196786 -118.26118369 34.03712974
123254953 -118.25982288 34.04017312
71987020 -118.25470498 34.04373258
123066917 -118.25499591 34.03889773
72017798 -118.25793972 34.04583971
269980487 -118.26440426 34.04690521
123153134 -118.2583387 34.0369398
122627121 -118.25641891 34.03123659
250745152 -118.25786378 34.03056226
123015319 -118.25402613 34.0383048
72027642 -118.25822387 34.04371456
122726048 -118.26518537 34.04373023
277328783 -118.26556943 34.04166141
123015312 -118.25273003 34.03948027
123015310 -118.25114594 34.04084451
72017921 -118.25310211 34.04736614
72017905 -118.25202126 34.04664227
69070537 -118.25491813 34.041676
72027577 -118.25035033 34.03729821
69070509 -118.25663114 34.04728944
122807286 -118.26431634 34.04085767
122807284 -118.26327531 34.04013658
69238335 -118.24992117 34.04526898
123286797 -118.24799426 34.03952788
69196873 -118.26211433 34.03234183
1376475647 -118.2664492 34.04034227
1376475646 -118.26577336 34.04097913
1376475645 -118.26670862 34.03997581
123384120 -118.25691076 34.04514787
72092079 -118.26345803 34.03060124
73919096 -118.2645222 34.03470091
1376475640 -118.26529627 34.04149227
122958109 -118.2465861 34.0453808
122986158 -118.26099434 34.03370799
122840579 -118.2637141 34.03218802
122888824 -118.26372927 34.04760192
1376475648 -118.26583011 34.04101073
122868256 -118.25573084 34.03374848
71986991 -118.24962236 34.04736974
73909258 -118.26470853 34.04700923
122868253 -118.2561864 34.03400412
250729569 -118.25531811 34.03905271
122868251 -118.2564832 34.03415248
122868250 -118.257211 34.03456831
277328772 -118.26533767 34.04151909
69196798 -118.263035 34.03485397
71987036 -118.25582237 34.04444362
123740435 -118.25765717 34.04335917
122783478 -118.26514321 34.04523319
123165385 -118.26597 34.03449103
123165387 -118.26683887 34.03493024
122625837 -118.26272478 34.03797078
123165382 -118.26510583 34.03398962
123137985 -118.2559621 34.04799017
540998208 -118.2641119 34.03301397
277328790 -118.26679679 34.0419174
72017839 -118.26089443 34.04087108
122886634 -118.249288 34.04243129
72027653 -118.25930203 34.04440783
123142803 -118.24516117 34.034471
1376467696 -118.26434819 34.04257982
122790423 -118.26592801 34.03764556
122807293 -118.2654406 34.04158313
123292031 -118.26305117 34.04225418
123241924 -118.26390889 34.04498182
122648660 -118.26585903 34.03646203
72791983 -118.25228797 34.04193684
122718681 -118.25186402 34.04421622
122958110 -118.2479189 34.04395252
540998108 -118.25976496 34.03139936
123546084 -118.2647387 34.03273184
122704151 -118.26596699 34.03903369
123066933 -118.24596659 34.03358344
122704154 -118.26657358 34.03930719
1376467709 -118.26679998 34.04002024
1376475633 -118.26643227 34.04033229
123111600 -118.25269433 34.04232392
122807269 -118.25937529 34.03759217
71987008 -118.25367367 34.04307921
1376475635 -118.2663927 34.04031318
21063610 -118.26609154 34.0341405
1376475638 -118.26403093 34.0428669
1376467702 -118.2665134 34.04033489
122627113 -118.25510622 34.03341597
122627112 -118.25436652 34.0343715
122627111 -118.25317453 34.03586038
122704149 -118.26526903 34.03870268
72791992 -118.25319339 34.0427809
123250167 -118.2516657 34.04137148
123717844 -118.24647378 34.03360288
123001016 -118.25509348 34.03121203
122840581 -118.2626584 34.03164026
123254958 -118.26569684 34.03326207
277328922 -118.26351402 34.03053343
122648652 -118.2639705 34.03540801
72027628 -118.25712391 34.04301299
72027616 -118.25605899 34.04232836
72027704 -118.25106078 34.03051968
72027666 -118.26144143 34.04580861
122620327 -118.24720703 34.04814448
72027559 -118.24929471 34.03632189
122639874 -118.26652036 34.04785966
69092008 -118.25586663 34.03960433
73919129 -118.26156523 34.03302571
72092095 -118.26563808 34.03158276
123308396 -118.2579367 34.04127978
123250169 -118.24690218 34.03661601
122704147 -118.26458808 34.03841602
69092000 -118.25412042 34.04073144
122613044 -118.25033398 34.03487626
479312122 -118.25607131 34.0469172
479311849 -118.25417742 34.04339831
122627100 -118.24746938 34.04110821
122627103 -118.24960702 34.03941196
123120136 -118.26015799 34.03659371
122627106 -118.25117452 34.03807153
123286802 -118.25330621 34.03373976
1376475629 -118.26581603 34.0410031
72017753 -118.25069499 34.04808698
122807275 -118.26114781 34.03874107
122986189 -118.25549749 34.03060803
69238346 -118.25096103 34.04594884
122989552 -118.25510697 34.03721196
122989553 -118.25417449 34.03650009
122989550 -118.25613401 34.03779216
21748266 -118.25932869 34.03573876
122648646 -118.26200704 34.03431199
21748265 -118.25825664 34.03514742
123674633 -118.25931494 34.03982871
122989548 -118.25711486 34.03843656
21748268 -118.26079653 34.036873
122613012 -118.25047371 34.03463662
122749751 -118.25303497 34.04647807
122613014 -118.24962613 34.03421988
71986836 -118.2467565 34.03651073
122613016 -118.24873002 34.0337437
123358096 -118.2574612 34.03072529
122719532 -118.24751808 34.03712387
122855835 -118.26011893 34.04726631
69196905 -118.26357806 34.03047316
122719537 -118.25084268 34.03245641
123067102 -118.26540699 34.03521204
122719535 -118.24855459 34.03566357
123153873 -118.25038637 34.04015166
122620330 -118.24667838 34.04776763
21302771 -118.25843819 34.04161917
123153877 -118.25530697 34.03501196
21302777 -118.26676243 34.03193128
122855839 -118.26275093 34.04439492
250729567 -118.24595016 34.04008411
26666271 -118.25337192 34.04520277
122795324 -118.24826256 34.03773256
348127157 -118.26555091 34.03359643
122795322 -118.24714987 34.03894366
122641660 -118.25258687 34.04701007
122795320 -118.2458816 34.04004136
123250175 -118.24548564 34.03545168
123066919 -118.25311812 34.03760876
277328761 -118.2667553 34.03999693
122795328 -118.25177047 34.03295169
123281089 -118.26538067 34.03720484
73909206 -118.26198047 34.04617322
660529417 -118.2580025 34.03070719
69091962 -118.24696873 34.04671226
123548609 -118.2624486 34.03558269
123292033 -118.26563481 34.03949117
122627109 -118.2522578 34.036916
69091949 -118.24617103 34.04728776
123360986 -118.24778639 34.03122787
122719651 -118.24516059 34.0395506
123281084 -118.26061112 34.04301802
123281085 -118.26196924 34.04155647
122719655 -118.2464022 34.03840798
72027686 -118.25050514 34.03130146
123106305 -118.25245066 34.03922471
123106303 -118.25079834 34.04053178
21748270 -118.26215381 34.03765721
122840584 -118.26025204 34.03079302
122884543 -118.25420701 34.047112
122607549 -118.26120699 34.03531204
21098547 -118.2614773 34.03500417
21098546 -118.26466821 34.03097817
72027591 -118.2519299 34.03875482
72017846 -118.26221206 34.03942872
123153865 -118.24521893 34.04553662
122986173 -118.25730697 34.03171201
73909229 -118.26277222 34.04621958
122591596 -118.25015 34.04773863
21748271 -118.26295579 34.0380955
21098548 -118.26089753 34.03568294
69091979 -118.24896287 34.04458603
21748262 -118.25398648 34.03278632
123066907 -118.25672678 34.04044847
73919107 -118.26360513 34.03416866
26666269 -118.25233282 34.04452434
269980451 -118.2662974 34.04773972
69091973 -118.24757147 34.04604599
26666265 -118.2485509 34.04189057
269980454 -118.2657623 34.0477885
122607557 -118.2601745 34.0347398
72791951 -118.24561723 34.03554204
123292026 -118.26037483 34.04510981
123292024 -118.25902493 34.04654873
69238331 -118.24523116 34.04226759
38724173 -118.2664217 34.03409884
122868247 -118.25880599 34.03547104
122719662 -118.24762998 34.03723183
122607575 -118.25442997 34.03218341
123292029 -118.26169339 34.04371414
122749345 -118.25278217 34.0467913
123111602 -118.25453482 34.0412041
123459633 -118.26328277 34.03828283
71986952 -118.24615762 34.04289121
807656180 -118.25913138 34.03085479
122989555 -118.25220223 34.03525638
122625841 -118.26168207 34.0390906
122641651 -118.25040699 34.04561197
479312098 -118.25742901 34.04549747
72092084 -118.26454801 34.03111329
122986169 -118.25801181 34.03208819
122807281 -118.26274901 34.03977833
123674632 -118.25661228 34.04269549
122986162 -118.2598974 34.03312654
122751426 -118.25101023 34.03666831
122986160 -118.26040702 34.03341203
69070533 -118.25899408 34.03962738
122986165 -118.25887447 34.03255171
122987860 -118.24701324 34.03438533
123165379 -118.26417292 34.03344564
26666273 -118.25446358 34.04589444
277328931 -118.26671951 34.0319954
26666275 -118.25555247 34.04658
73919113 -118.26261297 34.03360506
122987868 -118.24613004 34.03600413
479311772 -118.25150569 34.04630239
71986882 -118.24907033 34.03851091
122749753 -118.25390191 34.04554533
123120125 -118.24766334 34.04765489
71986969 -118.24582251 34.04487529
122665554 -118.26188282 34.03624301
122665557 -118.26285688 34.03679614
1376467700 -118.26580387 34.04103914
1376467697 -118.26647451 34.04031486
122607565 -118.25909433 34.03411602
122607566 -118.25803083 34.03354848
123012990 -118.2576891 34.04797751
1376467695 -118.2658333 34.04106521
122607563 -118.25960797 34.03442196
250649833 -118.24642961 34.046135
122420468 -118.26061556 34.03092897
67666122 -118.26460811 34.03104934
1376467693 -118.26649597 34.04032157
122855842 -118.2641549 34.04294451
69091989 -118.25042283 34.04324081
21748269 -118.26035648 34.03635097
1376467692 -118.26581578 34.04105297
63785441 -118.26573246 34.03146189
69070528 -118.25743027 34.04092188
123322116 -118.26384184 34.0386192
123153887 -118.25843006 34.0312505
1376467703 -118.26440653 34.04257412
26666267 -118.25138708 34.04391262
67619085 -118.25170526 34.03593263
250729573 -118.24835552 34.03783231
122627118 -118.2549022 34.03328823
123066929 -118.2463183 34.0338276
21098551 -118.24852693 34.0466872
123302811 -118.26045781 34.03241601
69238333 -118.2471243 34.04349789
123302813 -118.26082393 34.031969
122718678 -118.24906798 34.0470358
123459492 -118.24560701 34.03791202
69196947 -118.26429773 34.03888181
60957905 -118.26632799 34.03574211
71987057 -118.2541791 34.04803753
123322120 -118.26505864 34.03705028
479311807 -118.25283296 34.04485919
72092213 -118.26568963 34.03152593
123459552 -118.26365107 34.03733082
20400252 -118.26120749 34.04796636
69196777 -118.26026687 34.03817982
71986818 -118.24784389 34.03501054
123066926 -118.2466467 34.03408417
67619127 -118.24680847 34.04066732
123459654 -118.26652078 34.03373146
21098549 -118.2573866 34.04005636
122639869 -118.26413277 34.0467763
123111593 -118.24805067 34.04638344
123015322 -118.25630701 34.03561203
122888799 -118.26576247 34.0454005
122989546 -118.25813837 34.03908901
123015326 -118.25940228 34.03185107
122452712 -118.26576088 34.04748843
122989533 -118.2493419 34.03290802
122987857 -118.2460292 34.03589533
123111591 -118.24733477 34.04717469
67619074 -118.25542398 34.03074147
122751428 -118.24980701 34.03561203
72092109 -118.2666766 34.03205231
122648656 -118.26485404 34.03594898
123111596 -118.24857839 34.04581993
123308403 -118.25954167 34.04232769
123308400 -118.25900582 34.041979
72027678 -118.24992972 34.03209129
