203781664 203781667
203781664 203781662
628920488 203873136
363583668 363583676
363583668 363583666
351755917 203794189
351755917 203829440
351755917 363583653
351755917 363583676
452618762 621048574
452618762 628908263
203814730 203649900
203814730 203637900
203814730 420446826
203999386 203829440
203999386 203627011
203763911 203763907
203696160 203696154
203696160 203853059
203696160 203696165
203696165 203820734
203696165 203642346
203642358 203642355
203642358 203642340
203642355 203820748
203804486 203892311
203804486 203804404
203804486 203804490
459094789 630068062
459094789 630068073
203644241 203881807
203644241 203725457
203794740 203892313
203794740 203794737
203892308 203804401
203892308 203892311
203892308 203794753
203914641 203826820
203726142 203781644
203726142 203781632
203726142 203726144
203726142 203726138
203726144 203751513
203726144 203726147
203726147 203751495
203623341 203649943
203826876 203734519
203826876 203826816
203826876 203813090
629767770 629767764
629767770 629767665
203847685 203847687
203847685 203781611
203847685 203731120
203847685 203697740
203726134 203683955
203726134 203825089
203726134 203726138
203726134 203882470
203794189 203854131
203794189 203794198
203890530 203890532
203890532 203877528
203890532 203882472
203781630 203781632
203781630 203847689
203781630 203734509
203781630 203751491
203781632 203847706
203781632 203751495
203801623 203801616
203801623 203814707
203927246 203781685
203881819 203881824
203673388 203881865
203673388 203649309
203649951 203640252
203649951 203649948
203649951 203649956
203763896 203881855
203763896 203763897
203763896 203814707
203781648 203781644
203781648 203751520
203781648 203781658
203781648 203847709
203781644 203751515
203781644 203825091
203725464 203847939
203725464 203725460
203725464 203627679
629767758 629767745
629767758 629767761
203725460 203725457
203725460 203881874
459079229 459079227
459079229 459079234
459079227 459079224
203825089 203683960
203825089 203870852
203825089 203825091
459079224 459079220
459079220 459079215
203662158 203649902
203662158 203713577
203870888 629767665
363606564 363606566
363606564 363606559
363606566 363606572
203751520 203751528
203751520 203751518
203751520 203870859
203751528 203820742
203763898 203763897
203763898 203763899
203763898 203814722
203877143 203804401
203877143 203734513
203877143 203877146
203877143 203781624
203877146 203734519
203877146 203877149
203877146 203804404
203813098 203813093
203813098 203730577
203877149 203649914
203877149 203734522
203877149 203804490
203813093 203813090
203813093 203931564
203813093 203954721
203813090 203734515
203683949 203683955
203683949 203854131
203683949 203888878
363583653 363606572
203734406 203649920
203734406 203877152
459079738 203619301
459079738 621081189
203781598 203847717
203781598 203781602
203873136 203873133
203873133 203697721
203847717 203881807
203847717 203668730
203620775 203620780
203731128 203731124
203731128 203847702
203731128 203888878
203881855 203881833
203881855 203801648
203731124 203847687
203731124 203877139
203731124 203731120
203731120 203888875
621081352 459083938
621081352 630068374
630046286 630046298
630046286 459089670
203865918 203825096
203865918 203813082
203865918 203870859
629767745 629767720
203697755 203814707
203697755 203697750
203697755 203794753
203781685 203781683
203697750 203801630
203697750 203801633
203697750 203697746
203804421 203649911
203804421 203877152
203804421 203911392
203649309 203649305
203755756 203825087
203755756 203629321
203755756 203726186
203755762 203862489
203755762 203755760
203755762 203829464
203755762 203755766
203755760 203755758
203755766 203798027
203755766 203711413
203755766 203798031
203881824 203763905
203726081 420448915
203726081 203726128
203649900 203649902
203649902 203649905
203649905 459149366
203649905 203713577
203649905 203649911
621081189 459079749
203881835 203881833
203881835 203880697
203732159 203730577
203732159 203732168
203798027 203862489
203798027 203798024
459082463 630068321
459082463 621081252
203751518 203762241
203751518 203751515
203814722 203814719
203814722 203814725
363606550 363608034
363606550 363606548
203751513 203751515
203751513 203877528
363606559 363608034
203730612 203730608
203730612 203813076
203730612 203732177
203733001 203910922
203733001 203730597
203733001 203733008
630068073 459093830
203733008 203718668
203733008 203931564
203696152 203707839
203696152 203668599
203696152 203696147
203668608 203668605
203668608 203668613
203668605 203707839
203668605 203668599
203668605 203707843
203794756 203662148
203794756 203794737
203794756 203794753
203829440 203854130
203829440 621091866
363583665 363608321
363583665 363583666
203726138 203847706
203726138 203825091
459078748 459078746
459078748 203619301
459078748 203625381
459078746 459078744
459078744 459078741
459078741 630068217
459074922 459074894
629767705 629767700
629767705 629767711
630068217 630068205
459092380 630068374
459092380 630068187
459092380 459078077
629767700 629767695
203668730 203668734
203668734 203668740
629767665 203707843
203881852 203781602
203881852 203801616
203881852 203903320
203794198 203826881
203794198 203726128
420448912 420448915
420448912 203826881
628908263 630046246
628908263 459083933
459094539 203649939
459094539 630068062
459094539 630068080
203781624 203847687
203781624 203781611
203781624 203734509
203881865 203881870
621081265 630046246
621081265 621081269
630068321 630068205
630068321 459079241
203649948 203649946
203649946 203649943
203649943 203649939
203697721 203873125
203697721 203697734
203759525 203798031
203759525 203683974
459079234 459079238
459079238 459079241
203649939 203649935
203813082 203870864
203813082 203813076
203877152 203649914
203649930 203619417
203649930 203649926
203649930 203649935
203798031 203620780
203781683 203781667
203781683 203820743
203734509 203734513
203616193 203616190
203616190 203781658
203616190 203781662
203683974 203683966
203814719 203814709
459083933 459083938
203903311 203697746
203826824 203826820
203826820 203734522
203826820 203696144
203880697 203763897
203880697 203881839
203847709 203870852
203847709 203825091
203847706 203847702
203847706 203882470
203847702 203847689
459093830 630068104
459093830 630068080
630068080 203625381
630068080 630068187
363608321 363606572
363608321 363606544
203847689 203847687
203668587 203718670
203668587 203668599
203847683 203697740
203825087 203683960
203825087 363583676
203825087 203829462
629767691 629767695
203804418 203649911
203881839 203881843
203755758 203629321
203755758 203829463
203755750 363608034
203755750 203726186
203732168 203732173
203820734 203642343
203730600 203730597
203730600 203730604
203888875 203697738
203888875 203877139
363606544 363606548
203730604 203730608
203696140 203734519
203696140 203734522
203696140 203696144
630068104 630068374
203696144 203696145
203696144 203826816
203696145 203619301
203696145 203931535
203696145 203696147
203696147 203718668
203629321 203862485
203637901 203637900
203931535 203931564
203931535 203826816
203820748 203853041
203820748 203820751
203820743 203820742
621081252 628911349
203804490 203892313
203804490 203804494
630046575 630046246
203726128 203683955
629767711 629767715
203882472 203751495
203882472 203954721
203882470 203888878
203794737 203892311
203853059 203820751
203853059 203853046
203623094 628911349
203801648 203801616
203781611 203697742
203881874 203881870
203697738 203668740
203697738 203697734
203697738 203697740
203697734 621048582
203707843 203696154
203763907 203763905
203763905 203763901
459079241 459074894
203877528 203825093
203763901 203763899
203763901 203971918
203877139 203854130
203877139 203888878
628911349 630046309
203649923 203649920
203649923 459070599
203649923 203649926
203649920 203649917
203718670 203718668
203718670 203825099
203625188 203627011
203683966 203888880
203683966 203829464
203683966 203683961
203683960 203683955
203683960 203683961
203683961 203829463
203814709 203763897
203814709 203814707
459074894 459079749
203668740 203847939
203910917 203910922
203642346 203642343
203642343 203642340
203642340 203820751
203751495 203751491
203751491 203954721
203734519 203734515
203892313 203892311
203734513 203954721
203734513 203734515
203730594 203730597
203730594 203730590
630046309 630046298
203730590 203730577
203668599 203696154
203825096 203813076
203825096 203825093
629767764 629767761
203825093 203762241
203825093 203751515
203825099 203910922
203825099 203813076
203825099 203870864
203804401 203804404
203881807 203847939
203762241 203870859
629767715 629767720
203870852 203888880
203870859 203853041
203732173 203732177
459079212 203625381
459079212 459079215
203620780 203829464
203763899 203881843
203862489 203862485
203734522 203649917
203829464 203829463
203829463 203829462
203854131 203854130
203853041 203853046
203781602 203697742
203853046 203870864
203697746 203697742
203697740 203697742
203649917 203649914
203649914 203649911
