203781664 -90.0305105 35.16400889
628920488 -90.03851849 35.15348717
363583668 -90.03769958 35.15932718
351755917 -90.03740781 35.15663961
452618762 -90.03805941 35.15107453
203814730 -90.0187315 35.14827288
203999386 -90.03806788 35.15418019
203763911 -90.02362351 35.1479889
203696160 -90.02239054 35.16242991
203696165 -90.02223949 35.1633629
203642358 -90.02440253 35.16437887
203642355 -90.02719253 35.16464089
203804486 -90.0252465 35.15341291
459094789 -90.01967438 35.15855127
203644241 -90.0352835 35.14819191
203794740 -90.0226295 35.15105692
203892308 -90.02890453 35.15313186
203914641 -90.02182149 35.1566759
203726142 -90.03031051 35.15974393
203726144 -90.0293885 35.15965089
203726147 -90.02916052 35.15961686
203623341 -90.01965854 35.16008692
203826876 -90.02485549 35.15619394
629767770 -90.02045616 35.16138276
203847685 -90.03218353 35.1538289
203726134 -90.03276649 35.15997192
203794189 -90.03590233 35.15654439
203890530 -90.02866347 35.1589769
203890532 -90.02795847 35.15893088
203781630 -90.03077646 35.15700087
203781632 -90.03052853 35.15824592
203801623 -90.03067353 35.1497579
203927246 -90.03016048 35.16500592
203881819 -90.02459649 35.1474869
203673388 -90.03896449 35.14878493
203649951 -90.01847652 35.16186287
203649956 -90.01818148 35.16389389
621048574 -90.0389665 35.15103413
203763896 -90.02963049 35.14887788
203781648 -90.02995152 35.16212087
203781644 -90.03015553 35.16083986
203725464 -90.03563948 35.14981087
629767758 -90.02026313 35.16161519
203725460 -90.03585447 35.14887193
459079229 -90.02110081 35.15893239
459079227 -90.0214184 35.15898847
203825089 -90.03261151 35.16104287
459079224 -90.02175309 35.1588412
459079220 -90.02192484 35.15858153
203662158 -90.01853251 35.14979687
203870888 -90.02026053 35.16141888
363606564 -90.03858949 35.1576213
363606566 -90.0385122 35.15758626
203751520 -90.02904853 35.16204786
203751528 -90.0288265 35.16368686
203763898 -90.02597346 35.14851587
203877143 -90.02864251 35.15505392
203877146 -90.02505447 35.15473893
203813098 -90.02677653 35.15770989
203877149 -90.02214654 35.15448387
203813093 -90.0268135 35.15712986
203813090 -90.02689749 35.15636988
203683949 -90.03472182 35.15676567
363583653 -90.03842503 35.15680331
203734406 -90.01749953 35.15541694
459079738 -90.02201922 35.15749389
203781598 -90.03228948 35.14784389
203873136 -90.0377295 35.15309289
203873133 -90.03754753 35.15288493
203847717 -90.03343646 35.14797792
203620775 -90.03577954 35.16337891
203731128 -90.03250749 35.15696692
203881855 -90.02967751 35.14801689
203731124 -90.03269349 35.15544393
203731120 -90.0329265 35.15389093
621081352 -90.02168302 35.15132179
630046286 -90.02180632 35.14835234
203865918 -90.02684552 35.16183689
629767745 -90.0203596 35.16133892
203697755 -90.02929152 35.15104192
203781685 -90.02964449 35.16494892
203697750 -90.03047446 35.15117586
203804421 -90.01788753 35.15275392
203649309 -90.03825446 35.14823993
203755756 -90.03882351 35.1601699
203755762 -90.0383335 35.16222388
203755760 -90.03830852 35.16167386
203755766 -90.03841053 35.16321789
203881824 -90.02390649 35.14742588
203649305 -90.03836552 35.14797691
203726081 -90.03579747 35.15949591
203649900 -90.02042749 35.14844194
203649902 -90.02023253 35.14996392
203649905 -90.01998049 35.15147887
621081189 -90.02136283 35.15712668
203881835 -90.0290145 35.1477019
203732159 -90.02715749 35.15842789
203798027 -90.03866149 35.16322493
459082463 -90.02226774 35.15085676
203798024 -90.03935048 35.16326793
203751518 -90.02909849 35.16157789
203814722 -90.02583349 35.14953192
363606550 -90.03852939 35.15851958
203751513 -90.02930552 35.16027693
363606559 -90.03865813 35.15774769
203730612 -90.02649851 35.15926289
203733001 -90.02519453 35.15873894
630068073 -90.01984302 35.15891823
203733008 -90.02522848 35.15837994
203696152 -90.02290049 35.15922794
203668608 -90.02114046 35.16085889
203668605 -90.02142352 35.16088487
203794756 -90.02559854 35.15104888
203794753 -90.02923252 35.15137686
203829440 -90.0375451 35.15569228
363583665 -90.03804299 35.15903247
363583666 -90.03790561 35.15923599
203726138 -90.03153352 35.1598539
459078748 -90.02193498 35.15772993
459078746 -90.0221136 35.15824474
459078744 -90.02207068 35.15858848
459078741 -90.02183892 35.15896751
459089670 -90.02163994 35.14742119
459074922 -90.02221661 35.1478656
629767705 -90.01926526 35.16113281
630068217 -90.02077643 35.15979531
459092380 -90.02078289 35.15469802
629767700 -90.01923307 35.16114161
203668730 -90.03314552 35.15008286
203668734 -90.03320151 35.15012687
629767665 -90.02043009 35.16143431
203881852 -90.03154047 35.14821789
203794198 -90.03571148 35.15752591
420448912 -90.03654522 35.15777712
420448915 -90.03628773 35.15915242
628908263 -90.02726201 35.1499796
203801630 -90.03059147 35.15042392
203801633 -90.03036952 35.15197893
459094539 -90.01920952 35.15833627
203781624 -90.03111048 35.15527989
203881865 -90.03828849 35.14944693
621081265 -90.02400212 35.14924057
621081269 -90.02336736 35.14872072
630068321 -90.01985367 35.16165039
203649948 -90.01854048 35.16144587
203649946 -90.01866151 35.16068287
203649943 -90.01875447 35.15998591
203725457 -90.03596947 35.14827388
203697721 -90.03720697 35.1516372
203759525 -90.03517151 35.1642829
459079234 -90.0209206 35.15882712
459079238 -90.02074031 35.15861656
203713577 -90.01828047 35.15130092
203649939 -90.01898447 35.15838187
203813082 -90.02615653 35.16176388
203877152 -90.01767446 35.15408489
203649930 -90.0192065 35.15691487
203798031 -90.03666752 35.16372693
203781683 -90.0297035 35.16450393
203734509 -90.03088048 35.15629888
203616193 -90.03046248 35.1630759
203616190 -90.03016048 35.16321487
203683974 -90.03352254 35.16486888
203814719 -90.02595653 35.1496009
459083933 -90.0247943 35.14970333
459083938 -90.02237134 35.15047748
203903311 -90.03088451 35.15225688
203826824 -90.02134347 35.15627692
203826820 -90.02187253 35.15632688
203711413 -90.0382175 35.16460887
203880697 -90.02786953 35.14759294
203847709 -90.03116253 35.16223394
203847706 -90.0317615 35.15835589
203847702 -90.0319625 35.15697589
203781667 -90.03039148 35.16415993
459093830 -90.01985912 35.15930849
203781662 -90.03049751 35.1638369
630068080 -90.01998778 35.15817257
363608321 -90.03812362 35.1587215
203847689 -90.03177952 35.15697388
203847687 -90.03196351 35.15537687
203668587 -90.02373449 35.16103793
203847683 -90.0330125 35.15066993
203825087 -90.03605547 35.16049193
629767691 -90.01902386 35.16075118
459149366 -90.02089437 35.15157182
629767695 -90.01913651 35.16076878
203804418 -90.02079177 35.1530027
203640252 -90.01750548 35.16177688
203881839 -90.02676446 35.14748389
203755758 -90.03840751 35.16136993
203881833 -90.02966251 35.14777591
203755750 -90.03943338 35.15814131
203732168 -90.02720451 35.15891588
203820734 -90.0233625 35.16347589
203911392 -90.01793053 35.15241286
203730600 -90.02613951 35.15897791
203888875 -90.03371248 35.15396092
363606544 -90.03835773 35.15870197
203730604 -90.02621746 35.15911587
203730608 -90.02631846 35.15920791
363606548 -90.03846074 35.15863877
203696140 -90.02338446 35.15564694
630068104 -90.01885589 35.16401417
203696144 -90.0232765 35.15646493
203696145 -90.02313049 35.15749087
203696147 -90.02304751 35.15817794
630068062 -90.01948361 35.15840936
203627679 -90.03555348 35.15032686
203629321 -90.03847247 35.16117891
203637901 -90.0175955 35.14867286
203637900 -90.01766348 35.1481769
203931535 -90.02472247 35.15718594
203820748 -90.02735153 35.16355493
203820743 -90.02926747 35.16383891
203820742 -90.0291285 35.16374989
203619417 -90.0199245 35.15697187
621081252 -90.02429541 35.14986988
203649935 -90.01906854 35.15778692
203804490 -90.02230848 35.15314687
630046575 -90.02350147 35.14860673
459078077 -90.0210822 35.15262442
363583676 -90.03695292 35.15927111
203726128 -90.03536748 35.15955492
203668613 -90.02086252 35.16092586
630068205 -90.01963909 35.16226881
629767711 -90.01919552 35.16083022
203882472 -90.02810347 35.15798893
203882470 -90.03300454 35.15848287
630046246 -90.0242597 35.14933671
203794737 -90.0255625 35.15132791
203707839 -90.02172049 35.15934889
203853059 -90.0246275 35.16263191
203623094 -90.03791776 35.15123814
203801648 -90.0306965 35.14812192
203781611 -90.03129446 35.15376889
203881874 -90.03792254 35.14951088
203881870 -90.03814449 35.14950191
203697738 -90.03401246 35.15156789
203697734 -90.0352892 35.1517579
203707843 -90.02132553 35.16151586
203763907 -90.02370851 35.14802687
203763905 -90.02382149 35.14803491
459079241 -90.02067761 35.15823032
203877528 -90.02782352 35.16013293
203763901 -90.02494961 35.14816341
203877139 -90.03348147 35.15550294
628911349 -90.02834739 35.15019283
203971918 -90.02488097 35.14875291
203649923 -90.0193205 35.15612689
203649920 -90.01937246 35.15560394
203718670 -90.02386349 35.16027886
203649926 -90.01923047 35.1567039
203625188 -90.0394493 35.15268771
420446826 -90.01861147 35.14853967
203683966 -90.03381147 35.16297792
203683960 -90.03410249 35.16079292
203683961 -90.0339475 35.16187687
203814709 -90.02760349 35.14979293
363608034 -90.03861413 35.15803402
203814707 -90.02950149 35.14970987
459074894 -90.02113509 35.15566228
203826816 -90.02479447 35.15659686
203903320 -90.03141273 35.14915289
203668740 -90.0342055 35.15030289
203931564 -90.0254195 35.15719491
203910917 -90.02565847 35.15967293
203642346 -90.02219147 35.1637229
203804494 -90.02190254 35.15311292
203642343 -90.02332353 35.16385492
203642340 -90.02444754 35.16395592
203751495 -90.02934651 35.15812689
203751491 -90.02952354 35.15704387
203734519 -90.02490846 35.1557699
203892313 -90.02239448 35.15257589
203892311 -90.02533351 35.15281394
203734513 -90.02848753 35.15608389
203734515 -90.0269435 35.15595992
203730594 -90.02622953 35.1582429
630046309 -90.0243115 35.15014631
203730597 -90.02611646 35.15881186
203730590 -90.02637546 35.15809588
203668599 -90.02264048 35.1609759
630068374 -90.01932259 35.16269863
203826881 -90.03666249 35.15757587
203814725 -90.0249735 35.14936194
203825096 -90.02702648 35.16055588
629767764 -90.02040788 35.1613696
203825093 -90.02776149 35.16061389
629767761 -90.02031669 35.16161963
203825091 -90.03136546 35.1609469
203825099 -90.02497652 35.16037986
203804401 -90.02876849 35.15399294
203804404 -90.02521247 35.15365288
203751515 -90.02922154 35.16074288
203801616 -90.03094251 35.14816986
203881807 -90.03452351 35.14808487
203762241 -90.02764951 35.16143992
629767715 -90.01923307 35.16083022
203781658 -90.02995747 35.16282688
203870852 -90.0323935 35.1623559
203870859 -90.02757952 35.16191786
203732173 -90.02713151 35.15905686
203732177 -90.02692649 35.15920589
459079212 -90.02165008 35.15806227
459079215 -90.02186474 35.15827978
203763897 -90.0277205 35.14867688
203620780 -90.03643349 35.16320289
363606572 -90.03831263 35.15757117
621048582 -90.03543412 35.1512513
203763899 -90.02599651 35.14824094
621091866 -90.03822621 35.155658
203696154 -90.02252146 35.16165986
203730577 -90.02685851 35.15797593
203662148 -90.02569451 35.15040791
203847939 -90.0343055 35.14962286
203862489 -90.03899148 35.16242186
203734522 -90.02198351 35.15552993
203627011 -90.03919323 35.1529649
203862485 -90.03937554 35.16142593
203888880 -90.03226249 35.1632759
203820751 -90.02456053 35.16329392
203683955 -90.03425847 35.15972691
203829464 -90.03616452 35.16257089
203829463 -90.03600149 35.1615369
203829462 -90.03591951 35.16095889
203625381 -90.0212625 35.15787594
203854131 -90.03539213 35.15662544
203854130 -90.03533069 35.15545374
629767720 -90.01932427 35.16117229
459079749 -90.02110936 35.15660273
203910922 -90.02507149 35.15963991
203873125 -90.03739741 35.15152983
203888878 -90.03322247 35.1569929
203853041 -90.02747047 35.1627449
203781602 -90.0322075 35.14827489
203853046 -90.02465046 35.16247593
203881843 -90.02612249 35.14741993
630046298 -90.02273436 35.1495103
203726186 -90.0391815 35.15916591
203813076 -90.02633154 35.16049688
630068187 -90.01996104 35.15787443
459070599 -90.02014813 35.15619528
203697746 -90.03106053 35.15123286
203697740 -90.03285249 35.15142388
203697742 -90.03165748 35.15129992
203954721 -90.02825946 35.15707689
203619301 -90.02256253 35.15757587
203718668 -90.02417152 35.15828891
203649917 -90.01944254 35.15531686
203870864 -90.02477351 35.16165794
203649914 -90.01959953 35.15425387
203649911 -90.01978552 35.1529079
