42436793 42436796
42436793 42440553
42449023 42434148
42449023 42449021
42449023 42430914
42449023 1251868303
42436796 1260078121
42436796 42439542
42436796 42452396
42453783 42430244
42453788 42429676
42438362 42438463
42438362 685164636
42439323 42455452
42439323 42431470
42439323 685164631
42439323 42446889
42452396 42433587
42452396 42440553
685164634 42438463
685164634 685164636
685164634 387184987
685164634 42438454
42457325 42432308
42457325 42431738
42457325 42458313
42457325 42437612
685164631 247405192
685164631 387184985
685164631 685164633
685164633 247405189
685164633 42437289
685164633 387184986
42437618 42431168
42437618 42431737
42437618 42445520
42437618 42442843
886930971 886930980
886930971 886931007
886930971 886702744
42451604 42455039
42451604 42447435
42451604 42432071
1251612246 1251612280
1251612246 1251612317
1251612247 1251612257
1251612247 1251612242
1251612244 1251612309
1251612244 1251612295
1251612244 1251612258
886931007 886702893
42458313 42442230
42458313 42437608
42458313 42432305
1251857008 1251868263
1251857008 1251857036
42430898 42430889
42430898 42442857
42430898 42442862
42430898 42430903
42431482 42440754
1251605753 1251605868
1251605753 1251605756
1251605753 245510515
1251857001 1251857027
1251857001 1251868134
1251857001 1251868293
1251857001 1251857036
1251605756 1251605738
1251612249 1251612294
1251612249 1251612305
1251612249 1251612278
591995960 886702544
42438463 42439181
1251857015 1251857069
1251857015 1251856985
1251857015 1251868180
42429657 42428174
42429657 42439272
42428460 42428464
42428460 42428458
42428460 42449580
42428460 42445534
42442255 42428441
42442255 42458267
42442255 42442247
1260078230 1260078128
1260078230 1260078161
1260078230 42433298
1260078230 1260078170
42430942 42449038
42430942 42421828
42437339 42437343
42437339 42437333
42437339 42453601
42437339 42455867
42437333 775996460
42437333 42431168
42437333 42442848
42432165 42430044
42432165 42427327
245510572 245510516
245510572 245510573
245510573 245510522
886506134 1260078181
886506134 562073834
886506134 562073842
886506132 562073828
886506132 562073834
42432171 42427327
245510518 245510519
245510518 245510517
42437529 42434360
42437529 1251830468
42437529 42439170
595403438 42437021
595403438 595403443
595403438 42437018
42453166 42444827
42453166 42453175
42453166 42455867
42453166 42442850
42453160 42444835
42453160 42451722
42453160 42453158
42453604 42437343
42453604 42455039
42453604 42453607
42453604 42453601
42455026 42449067
42455026 42446521
42455026 42430861
42455026 42428483
42453607 42440401
42453607 42437346
42453607 42453610
42453601 42443513
42453601 42442843
42448707 42442889
42448707 42448711
42448707 42436598
42448707 387184869
42455175 42437349
42455175 42455083
42455175 42453158
42455175 42455396
1260078121 1260078130
1260078121 562073823
42454994 42442862
42454994 42454997
42454994 42430903
42454994 42446547
42454997 42446552
42454997 42430914
42454997 42455007
1260078124 1260078133
1260078124 1260078228
1251830376 1251830322
1251830376 1251830404
1260078128 1260078164
1260078128 42450489
1260078128 562073790
42454673 42449014
1251605800 42431491
1251605800 245510174
1251605800 1251605868
1251605800 1251605762
42455092 42455181
42455092 1251868238
42455092 42434226
42455092 42449027
387185118 42438998
387185118 42440595
42434233 42455181
42434233 42434226
42434233 42444833
42434233 42434237
42434237 42444835
42434237 42455412
42428441 42428444
42428444 42449576
42428444 42458267
42428444 42428447
42445505 42445511
42445505 42435485
42445505 42453327
42445505 42445498
42455396 42451722
42455396 42437354
42428447 42428452
42428447 42457319
42428447 42448552
245511454 245511456
245511454 1251605719
245511454 245511463
1251856956 1251856998
1251856956 42449027
1251856956 1251856947
245511457 245511456
245511457 245511458
1251856950 1251856920
1251856950 1251856995
42455412 42455181
42455412 42449038
1251856952 1251856887
1251856952 1251857022
42455007 42455013
42455007 42430924
42455007 42446562
1251868277 42434148
1251868277 1251868223
1251868277 1251857022
1251868277 1251868192
245511458 245511460
1251868271 1251868165
1251868271 1251868134
886930920 886930883
886930920 886931036
42446528 42436939
42446528 42446533
42446528 42428489
42446528 42453104
886930924 886931055
886930924 886930904
886930927 886931048
886930927 886930945
886930927 886930904
1251868223 1251868112
42446521 42428489
42446521 42436935
42446521 42439070
246670216 42440721
246670216 245511549
246670216 42431452
734505873 734505849
734505873 734505884
42442842 42442838
42442842 42443513
42442842 42434919
42442842 42442843
42442843 775996460
42442848 42437626
42442848 42455867
42442848 42442850
42421927 42431746
42421927 42421932
42421927 42445520
42421927 42421923
42446875 42446879
42446875 42434355
42446875 42437283
42446875 42449890
42446879 1251612259
42446879 42455465
685164636 42438377
42437113 42432083
42437113 42437111
42437113 42431712
1251605891 1251605745
1251605891 42428493
1251605891 42440721
42437111 42432054
42437111 42429646
42440330 42442889
42440330 387184869
42440330 390519593
42440330 42440326
42432068 42455039
42432068 42432066
42432068 42432071
886702767 886702758
886702767 886702777
1251605894 1251605818
1251605894 246670219
1251605894 1251605775
1251605750 1251605811
1251605750 42437021
1251605750 595403443
1251605750 595403442
42432066 42440697
42432066 42432063
42432060 42432057
42432060 805771586
42432060 42432063
42432063 42456331
1251605795 42440721
1251605795 1251605719
42444835 42444833
1251830449 1251830442
1251830449 42438174
1251830449 1251830320
1251830449 1251830362
42444833 42453158
42444833 42444832
42444832 42434226
42444832 42453177
42444832 42444829
42456331 42440697
42456331 42437959
42443296 42434140
42443296 42449017
42443296 42443298
42437018 1251605884
42437018 42434354
42437018 42431452
42438427 42438390
42438427 42438439
42438784 42431491
42438784 42428493
42438784 1251605889
42438784 42436935
42438784 42440710
42438785 42428170
42438785 42431491
42438785 42449333
42438785 1251605762
42431168 42437626
42431168 42431165
1251857075 42430924
1251857075 1251856947
1251857075 42430914
392324556 886424451
392324556 392324555
392324556 42440553
42431165 42429676
42431165 42445520
42431165 42445534
886702661 886702544
886702661 42440545
886702661 42428458
886702661 42429676
42430861 42449045
42430861 42428480
42430861 42430857
42456206 42433295
42456206 42449817
42456206 42449582
42456206 42456205
42456205 42433587
42456205 42449580
392324555 42431751
1251830442 1251830446
1251830446 1251830322
1251830446 1251830329
1251830446 1251830468
1251857072 1251868263
1251857072 1251856998
1251830448 1251830470
1251830448 1251830359
886931036 886931048
886931036 886930867
42436942 42436943
42436942 42436941
42436942 42442870
42436942 42440737
42436943 42446547
42436943 42440743
42436943 42436944
42436941 42440729
42436941 42446533
42436941 42436939
42436947 42436957
42436947 42446562
42436947 42436944
42436947 42439001
42436944 42439006
42436944 42446552
886931000 886930968
886931000 886930885
886931000 886930941
1251612243 1251612311
1251612243 1251612240
1251612240 1251612277
1251868114 1251857062
1251868114 1251868243
1251868114 1251868132
42438998 387185086
42438998 247405051
1260078161 1260078181
1260078161 1260078170
1260078161 1260078241
886930980 886930867
1251868112 1251868151
1251612283 1251612289
1251612283 1251612292
1251612280 1251612308
1251612280 1251612286
1251612281 1251612290
1251612281 1251612267
1251612286 42446885
1251612286 42442877
1260078241 42433587
1260078241 1260078130
1260078241 1260078170
1251612284 1251612263
1251612284 1251612296
42430914 42430903
42431714 42431712
1251612289 1251612276
387184872 387184876
387184872 387184869
387184877 387184880
387184877 387184876
886930867 886930963
42449038 42449029
886930868 886930885
886930868 886930941
245511548 245511549
245511548 245511460
245511548 245511536
245511549 245509617
245511549 245509615
42430041 42430038
42430041 42430044
42430041 42427327
42430041 42442247
42445548 595407648
42445548 42445558
42445548 42428476
42445548 42445543
42444827 42434205
42444827 42444829
42444827 42442851
1251605886 1251605738
1251605886 1251605889
1251605886 1251605858
42428491 42436939
42428491 42428493
42428491 42428489
42428491 42436935
42445543 42439249
42445543 42428473
42445543 42439236
42451035 589100228
1251868239 1251868240
1251868239 1251868291
42453156 42453158
1251830405 1251830465
1251830405 1251830341
595403442 595403441
589100228 42448714
42449045 42456303
42449045 42421877
42449045 42428476
1251830329 1251830321
1260078164 1260078174
1260078164 1260078133
1251830322 1251830317
1251830321 42434360
1251830321 1251830403
1251830321 1251830400
1251830320 1251830467
1251830320 1251830404
1251830320 1251830372
1251830327 1251830409
1251830327 1251830351
247405051 247405052
42432054 42432083
42432054 42451665
42432054 42429647
42442881 42437287
42442881 42449893
42442881 42439178
42442881 42455887
42432057 805771544
42432057 42429647
42433298 42433295
42433298 42449817
42433298 42433356
42433298 42450489
42433295 42456211
42433295 42433292
42442889 42436590
562073807 1241288738
562073807 562073798
42433292 42428468
42433292 42449589
42433292 42449582
42430038 42430034
42430038 428627792
42456961 42448711
42456961 42455897
42456961 1266105912
42430030 42430034
42430030 42442230
562073842 562073849
42430034 42432302
42432305 42435477
42432305 428833478
42432305 42432302
42446249 42437878
42446249 42440401
42439178 42439181
42439178 390519593
42439178 42439170
42439070 42449067
42439070 42429373
42439070 42430249
42451722 638807401
42439170 390519635
42439170 42449893
42428493 1251605769
42445498 42435477
42445498 42445494
42445498 42458267
1251856985 1251857027
42455465 42431461
42455465 42449890
42455465 1251612278
245511460 245511462
245511463 245511462
1251868303 1251868136
1251868303 1251868195
42438174 42437530
42438174 42438173
42438173 1251830454
42448554 42448552
42455867 42455051
42448552 42431750
42448552 42449576
886930916 886930902
886930916 886930982
886930916 886930945
428833475 42435485
428833475 428833476
428833475 428833477
42438377 42438390
42443799 42434197
42443799 42444825
42443799 42442851
42434197 42434196
42434197 42434201
42434196 42434140
42434196 42434194
42434196 42444825
42434194 42439243
42434194 595407624
42457319 42445511
42457319 42453327
42457319 42431748
42453327 42458267
1251605818 1251605812
1251605818 245510523
886930968 886930902
886930968 886930982
247405192 42439308
42457046 42450333
886930963 886931057
886930963 886930908
1251612255 1251612242
1251612255 1251612264
1251612254 1251612256
1251612254 1251612237
1251612257 1251612245
1251612256 1251612312
42431712 42437114
1251612319 1251612316
1251612319 1251612253
1251857036 42434226
1251857036 1251856938
42430886 42430889
42430886 42449017
42430886 42430872
42430886 42449886
42430889 42443298
1251605745 1251605769
1251605745 245511456
1251605745 1251605719
1251612317 1251612293
42437354 42437349
42431490 42430255
42431490 42431491
42431490 42449333
42431490 42440710
1251612312 1251612250
42437605 42437114
42437605 42442230
42429649 42451665
42429649 42429647
42429649 42437959
1251830380 1251830308
1251830380 1251830372
42438454 42438442
1251605811 1251605831
1251605811 1251605884
42429647 42429646
42449817 42433587
42449817 1260078170
42437287 42442877
42437287 42437283
42437287 42437289
42437283 42434357
42437283 42449893
42437280 42428174
42437280 42434357
42437280 42456543
42437280 42437021
42430044 42442247
42437289 42455887
42437289 42446889
1260078181 1260078130
1251830317 1251830400
42439181 42451787
42439181 42455887
42453610 42437349
42453610 42427358
1251868165 1251868138
1251868165 1251868130
1251830365 1251830357
1251830365 1251830470
1251830362 1251830460
1251830409 1251830421
1251830409 1251830400
42430255 42430253
42435485 42435491
42435485 428628885
1251830403 1251830460
1251830400 1251830383
42430253 42440710
42430253 42429374
387184983 387184982
387184983 595655123
42432302 428627790
42432302 42442230
387184987 387184986
387184985 387184984
387184984 595655124
42432308 42435491
42432308 428628885
42432308 42431742
42449580 42440545
42449580 42449582
562073849 562073790
42434226 274306324
775996477 775996476
775996477 775996474
775996476 775996460
775996476 775996475
775996475 775996474
1251605812 1251605884
1251605812 245510175
1251605812 42431452
1251830383 1251830308
245510519 245510520
1251605816 1251605867
1251605816 1251605762
42453177 42455083
42453177 42453175
42428452 42431750
42428452 42428454
42428452 42431748
42445511 42435491
42445511 42431746
42449589 42456211
42449589 42428473
42440743 42439006
42440743 42431470
42440743 42440737
42428454 42429672
42428454 42428458
42428458 42440545
1251856947 1251868136
1251856947 1251857062
42449582 42428464
42453104 42430872
42453104 42449886
1251868263 1251868269
1251868136 1251868178
1251868269 1251868238
274306324 42434215
274306324 1251857069
42451787 390519593
42451787 387184869
42442857 42449021
42442857 42443298
42442857 42434142
42442851 42434201
42442851 42442850
42442850 595407628
42443513 42455039
42443513 42437959
42421932 42429672
42439006 595655124
42439006 42439001
42439001 42440754
42439001 595655123
42440326 390519635
42436590 42436598
42440737 42440729
42440737 42431464
42436598 42455897
1251868195 1251868192
595407628 42437626
595407628 595407624
595407628 595407625
805771586 42437959
595407627 42444825
595407627 595407625
595407627 595407624
595407625 42444825
428833476 428833478
428833476 428628885
42435477 428833477
42435477 42435472
42435472 42442247
42435472 428627792
42435472 428627790
387185086 42439010
387185086 42440619
42430857 42449067
42430857 42430241
42430857 42421877
42428174 42428170
42428174 42428179
595655124 42439010
595655124 595655123
428833477 428833478
42428170 1251605831
42428170 595403441
42428170 42439272
595655123 247405052
42428179 42456543
42437951 42437949
42437951 42450333
1251857069 1251856995
1251857069 1251856938
1251830454 1251830460
1251830454 42438849
1251857062 1251868130
42436957 42440754
42436957 42446571
1251605775 1251605858
42429672 42429676
42429672 42445520
42438849 42434360
42438849 42439203
42431459 42431461
42431459 42431453
42431459 42440729
42431459 42449890
1251612290 1251612309
42430924 42449027
42430924 42430938
42431751 42431750
42431751 42440548
1251612295 1251612300
1251612294 1251612277
245510516 245510517
245510516 245510515
886702544 886931057
1251612299 1251612236
1251612299 1251612313
42456303 42437949
42456303 42433356
42456303 42456211
42431453 42434354
42431453 42431452
42431453 42434352
42431452 246670219
42455181 42449029
42449021 42430903
42449021 42434145
42449027 42449029
42449029 42430938
42445558 595407648
42445558 42449014
42445558 42439249
1251612237 1251612302
1251605858 1251605769
1251868151 42434215
1251868151 1251856920
42446562 42446552
42446562 42446571
42455051 42437343
42455051 42455083
42455051 42453175
1251868293 1251868291
1251830359 1251830421
1251830357 1251830324
886424451 42433587
886424451 42440548
42449333 42439272
1251830351 1251830332
1251856887 1251856920
886931018 886930982
886931018 886930908
886931018 886930945
734505924 42437824
42434355 42434354
42434355 42434357
42434355 42437021
42434354 42449890
42434357 42434358
245510174 245509434
245510174 245510175
245510174 245510515
245510175 245509435
245510175 245510524
42434352 42440721
42434352 42440729
42434215 42434148
42434215 42434205
42434215 42444829
42434358 42456543
42434358 42434360
42434358 42449893
562073795 562073798
562073795 562073790
595403441 42437021
1241288738 1260078228
1241288738 886506120
1251830324 1251830467
247405189 42439304
1251868257 1251868296
1251868257 1251868132
886930908 886931048
42431461 1251612251
886930902 886930885
42440697 42455039
886930904 886930883
42434148 42434145
42439304 42440611
42439304 387185036
42439308 42440608
42439308 387185036
1251857022 1251868132
1251612258 1251612253
42440592 42440603
42440592 42440587
42440592 42438390
42440595 42440599
42440595 42440619
42440599 42437823
42440599 42440587
387184880 387184881
387184881 387184885
42440603 42440611
42440603 42438439
42440608 42440611
42440608 387185046
245509435 1251605884
245509435 245509434
245509434 1251605762
886702777 886702791
1251612302 1251612274
42437349 42437346
1251612300 1251612261
42431464 1251612268
42431464 1251612251
42431464 1251612266
1251612306 1251612316
1251612306 1251612279
1251612305 1251612250
42431467 1251612268
42431467 42455452
42431467 42431470
42437343 42437346
1251612309 1251612265
1251612309 1251612266
1251612308 1251612265
42437346 42455083
42437613 42431737
42437613 42434919
42437613 42437612
42437612 42432082
42437612 42442836
42438442 42438439
390519635 42437530
390519635 640554843
1251612274 1251612264
1251612274 1251612235
42450333 42433281
42434919 42434921
1251612310 1251612263
1251612310 1251612279
1251612310 1251612292
1251868180 1251868291
1251830308 1251830460
886931057 886702750
886931055 886930883
1251868178 1251868296
42431744 42435491
42431744 42431746
42431744 42431742
1251612268 1251612267
1251612269 1251612293
1251612269 1251612292
42430249 42430247
42430249 42429374
42434140 42434142
42434140 595407639
1251612261 1251612297
1251612262 1251612260
1251612262 1251612278
42430244 42430247
42430244 42430241
1251612264 1251612238
1251612264 1251612266
42434145 42434142
42434145 42434205
1251612266 42442877
42455013 42430938
42455013 42446571
42455013 42421833
42446889 42446885
42446885 42455452
42421837 42421833
42421837 42446571
245510524 245510523
245510523 245510522
42421833 42421828
245510521 245510522
245510521 245510520
1251605867 1251605831
42445494 42442247
42428464 42428468
42428468 42428471
1266105912 370909370
245509617 245511536
245509615 245509614
245509614 245511536
245511536 246670219
42449067 42430247
42442862 42442870
42442862 42449886
42445534 42437626
42445534 42439236
42432083 42443127
42432083 42432082
42432082 42437608
42440721 42436939
886702744 886702750
886702744 886702791
42433354 42437949
42433354 42433356
42433354 42450489
595407639 42439249
595407639 42439243
42451665 42443127
42439236 42428471
42439236 42439243
1251612245 1251612260
1251612245 1251612259
42437823 734505884
42437823 42437824
42437824 42440587
42440545 886702893
42440545 42431750
42440545 42440548
42456543 42439203
42437949 42421877
1251830465 1251830467
1251612236 1251612278
1251612235 1251612271
42431737 42431738
42431738 42431742
1251612238 1251612272
1251830468 42437530
1251856920 1251868291
595407648 42430872
246670219 1251605769
42430938 42421828
1260078228 1260078133
1260078228 1260078174
42439249 42439243
1251868138 1251856998
42431746 42431748
42446547 42446552
42446547 42442870
42449017 42449014
42449017 42443298
42437959 805771544
886506120 562073815
42453175 42444829
42436935 42429373
42448711 42448714
1260078133 42433281
1251830341 1251830332
562073823 562073828
562073823 562073819
42434205 42434201
42434201 42434142
1251868240 1251868243
42433281 42450489
42446533 42442870
42446533 42449886
42442836 42442838
42442836 42443127
42442838 42443127
42440619 387185046
42437608 42437114
1251612251 1251612313
42430872 42428480
42437878 42427358
1251612259 42442877
1251612311 1251612271
1251612313 1251612272
42447435 42440401
1251612276 1251612267
428627792 428627793
428627793 428627790
42428471 42428473
42428473 42428476
42428476 42428480
1251612292 42455452
562073819 562073815
1251612297 1251612296
886702758 886702750
42429374 42429373
42429373 42440710
42428489 42428483
42428480 42428483
