42436793 -73.99860498 40.72968497
42449023 -73.98265699 40.72726101
42436796 -73.99807198 40.73028796
42453783 -73.99877304 40.73510203
42453788 -73.99388136 40.72791069
42438362 -73.97539423 40.73308316
42439323 -73.98158259 40.73264093
42452396 -73.99736002 40.72994104
685164634 -73.97778316 40.73396318
42457325 -73.99345799 40.72443304
685164631 -73.98143499 40.73257254
685164633 -73.98057752 40.73375086
42437618 -73.99206098 40.72564196
886930971 -73.99564642 40.72749469
42451604 -73.98551572 40.7219856
1251612246 -73.98311539 40.73392076
1251612247 -73.9839426 40.73422838
1251612244 -73.98365133 40.73352422
886931007 -73.99556436 40.72759871
42458313 -73.99415302 40.72272296
1251857008 -73.98131672 40.72579334
42430898 -73.98681198 40.72977901
42431482 -73.97523699 40.72916403
1251605753 -73.99123008 40.73537662
1251857001 -73.9816815 40.72600062
1251605756 -73.99118448 40.73518149
1251612249 -73.9845342 40.73391364
591995960 -73.99142454 40.73188388
42438463 -73.97772197 40.73404096
1251857015 -73.98208651 40.72592133
42429657 -73.99179804 40.73850399
42428460 -73.99425201 40.72841201
42442255 -73.99798003 40.72266303
1260078230 -73.99598958 40.73069063
42430942 -73.97516398 40.72487703
42437339 -73.98750198 40.72458399
42437333 -73.98987003 40.72558203
42432165 -73.99819603 40.72106301
245510572 -73.99075139 40.73532406
245510573 -73.99069993 40.73531107
886506134 -73.99728366 40.73077981
886506132 -73.99744082 40.73068543
42432171 -73.99734904 40.72070502
245510518 -73.99070839 40.7354347
42437529 -73.98538697 40.73733203
595403438 -73.98915816 40.73639167
42453166 -73.98662297 40.72579602
42453160 -73.97734596 40.72188502
42453604 -73.985752 40.72300904
42455026 -73.99332204 40.73330402
42453607 -73.98344396 40.72201896
42453601 -73.98796801 40.72394202
42448707 -73.97851406 40.73687262
42455175 -73.98016999 40.72228383
1260078121 -73.99788347 40.73049014
42454994 -73.98400899 40.72938096
42454997 -73.98178996 40.72844604
1260078124 -73.99884269 40.73149881
1251830376 -73.9855738 40.73784618
1260078128 -73.99708836 40.73128147
42454673 -73.98989602 40.73063397
1251605800 -73.99108147 40.73582907
42455092 -73.98076804 40.72568504
387185118 -73.97791761 40.7309954
42434233 -73.9788677 40.72408603
42434237 -73.97647701 40.72307802
42428441 -73.99881202 40.72302102
42428444 -73.99778498 40.72423497
42445505 -73.99588204 40.72440303
42455396 -73.97778802 40.721277
42428447 -73.99677203 40.72543199
245511454 -73.99022777 40.73475828
1251856956 -73.9806579 40.72641804
245511457 -73.99038234 40.7348494
1251856950 -73.98266319 40.72605963
42455412 -73.97603 40.72368898
1251856952 -73.98278858 40.72644838
42455007 -73.97946901 40.72746804
1251868277 -73.9828527 40.72656573
245511458 -73.99035652 40.73486893
1251868271 -73.98144278 40.72626691
886930920 -73.99616367 40.72735891
42446528 -73.99002703 40.73275602
886930924 -73.9961195 40.72703377
886930927 -73.99581599 40.72719429
1251868223 -73.98297977 40.7264162
42446521 -73.99279196 40.73392202
246670216 -73.98998311 40.73478636
734505873 -73.9760295 40.73044336
42442842 -73.99082004 40.72427504
42442843 -73.99034428 40.72492899
42442848 -73.98942898 40.72618804
42421927 -73.99440297 40.72626297
42446875 -73.98578838 40.73520563
42421923 -73.99384498 40.72603499
42446879 -73.98434703 40.73459802
685164636 -73.97543547 40.73298819
42437113 -73.992237 40.721248
1251605891 -73.99057118 40.73475912
42437111 -73.99150601 40.72102797
42440330 -73.98139199 40.73722198
42432068 -73.98695003 40.72098296
886702767 -73.99555967 40.72804187
1251605894 -73.99051661 40.73503723
1251605750 -73.98918808 40.73651371
42432066 -73.98776903 40.721234
42432060 -73.98903863 40.72161328
42432063 -73.98852298 40.72146199
1251605795 -73.98999886 40.73456374
42444835 -73.976893 40.72249799
1251830449 -73.9857515 40.73812119
42444833 -73.97928612 40.72350709
42444832 -73.98163699 40.72449397
42456331 -73.98786441 40.72269807
42443296 -73.98966417 40.72988446
42437018 -73.98945496 40.73598699
42438427 -73.97743699 40.73268703
42438784 -73.99169201 40.73520403
42438785 -73.99073756 40.73652578
42431168 -73.99179402 40.72639097
1251857075 -73.98100533 40.72732999
392324556 -73.99722163 40.72898273
42431165 -73.99363996 40.727289
886702661 -73.99475509 40.72782083
42430861 -73.99381397 40.73273104
42456206 -73.99530796 40.729776
42456205 -73.99581196 40.72917996
392324555 -73.99830298 40.72774699
1251830442 -73.9851843 40.73787878
1251830446 -73.98532654 40.73768768
1251857072 -73.98113173 40.72600062
1251830448 -73.9859872 40.73793452
886931036 -73.99608119 40.72745907
42436942 -73.98544397 40.73165799
42436943 -73.983077 40.73065903
42436941 -73.98768328 40.73260414
42436947 -73.97853602 40.72874603
42436944 -73.98085798 40.72972504
886931000 -73.99584323 40.72672113
1251612243 -73.98449262 40.73377023
1251612240 -73.9845347 40.73380199
1251868114 -73.98218726 40.72658509
42438998 -73.97796052 40.73066372
1260078161 -73.99699717 40.73063313
886930980 -73.99593719 40.72763199
1251868112 -73.98301908 40.72631226
1251612283 -73.98360347 40.73299473
1251612280 -73.98320156 40.733976
1251612281 -73.98407537 40.73306413
1251612286 -73.9831304 40.73408321
1260078241 -73.99666239 40.72987817
1251612284 -73.98339912 40.73349413
42430914 -73.982228 40.72784598
42431714 -73.99246004 40.72195602
1251612289 -73.98367103 40.73295173
387184872 -73.97814082 40.73587978
387184877 -73.97711076 40.73486524
387184876 -73.97724806 40.73487831
886930867 -73.99603107 40.72751783
42449038 -73.975598 40.724283
886930868 -73.99613257 40.7267648
245511548 -73.99021922 40.73488837
245511549 -73.99005804 40.73483582
42430041 -73.99739899 40.721449
42445548 -73.99064603 40.73061503
42444827 -73.98617596 40.72640899
1251605886 -73.99104501 40.73503313
42428491 -73.99094501 40.73397801
42445543 -73.99106538 40.73004263
42451035 -73.97515032 40.73654229
1251868239 -73.982559 40.72624051
42453156 -73.981437 40.72363399
1251830405 -73.98581772 40.73793829
595403443 -73.98917174 40.73649091
595403442 -73.98922002 40.73658043
589100228 -73.97523372 40.73593712
42453158 -73.97973061 40.72289194
42449045 -73.99429702 40.73216501
1251830329 -73.98549359 40.73746673
1260078164 -73.99762162 40.73146797
1251830322 -73.985578 40.7377917
1251830321 -73.98606289 40.73771391
1251830320 -73.98584211 40.73800518
1251830327 -73.98590288 40.73786428
247405051 -73.97772021 40.72992872
42432054 -73.990914 40.72218099
42442881 -73.98269504 40.73543102
42432057 -73.98922999 40.72167698
42433298 -73.99556302 40.73071502
42433295 -73.99482198 40.73034999
42442889 -73.98090224 40.73788968
562073807 -73.99771533 40.73099506
42433292 -73.994064 40.729978
42430038 -73.99657497 40.72117298
42456961 -73.97537403 40.73723304
42430030 -73.994969 40.72062698
562073842 -73.99725441 40.73084586
42430034 -73.99575203 40.72089302
42432305 -73.99490898 40.72303603
42446249 -73.98300291 40.72122319
42439178 -73.98226698 40.73602001
42439070 -73.99458502 40.73467203
42451722 -73.97736398 40.72186097
42439170 -73.9845088 40.73696231
42428493 -73.99075399 40.734839
42445498 -73.99647598 40.72368604
1251856985 -73.98193631 40.72590297
42455465 -73.984773 40.73401196
245511460 -73.99024504 40.73485593
245511463 -73.99018494 40.73477128
1251868303 -73.98244149 40.72717006
42438174 -73.98567497 40.738219
1251605868 -73.99117644 40.73568549
42438173 -73.98619164 40.73841916
42448554 -73.99836098 40.72616801
42455867 -73.98705296 40.725203
42448552 -73.99760997 40.72579702
886930916 -73.9959698 40.72694878
428833475 -73.99550108 40.72379593
42438377 -73.975526 40.73285802
42443799 -73.99023196 40.72811697
42434197 -73.98980499 40.72869599
42434196 -73.99036624 40.72893236
42434194 -73.99092003 40.729173
42457319 -73.99584599 40.72520803
42453327 -73.99630096 40.72466203
1251605818 -73.99044327 40.73508509
886930968 -73.99579621 40.7267829
247405192 -73.98045833 40.73219887
42457046 -73.99746496 40.73225897
886930963 -73.99541877 40.72722882
1251612255 -73.98392106 40.73410852
1251612254 -73.9842933 40.73389612
1251612257 -73.9839882 40.73428529
1251612256 -73.98432599 40.7339325
42431712 -73.99273103 40.72139502
1251612319 -73.98363264 40.73342078
1251857036 -73.98153859 40.7257189
42430886 -73.98905288 40.73072382
42430889 -73.98735898 40.730007
1251605745 -73.99047227 40.73478511
1251612317 -73.98306946 40.7338636
42437354 -73.97823101 40.720674
42431490 -73.99312003 40.73669098
1251612312 -73.98436547 40.73395228
42437605 -73.99379503 40.72093703
42429649 -73.98939771 40.72316326
1251830380 -73.98620639 40.73807358
42438454 -73.97792297 40.73370099
1251605811 -73.98943568 40.7364578
42429647 -73.99004102 40.72192098
42429646 -73.99062901 40.72076604
42449817 -73.996063 40.73015503
42437287 -73.98312201 40.73484596
42437283 -73.98536233 40.7357906
42437280 -73.98857796 40.73714696
42430044 -73.99776101 40.72157598
42437289 -73.98071096 40.73381297
42432071 -73.98615802 40.720745
1260078181 -73.99713044 40.73070128
1251830317 -73.98562703 40.73776269
42439181 -73.97986397 40.73497504
1251605738 -73.9911362 40.73510429
42453610 -73.98108144 40.72102269
1251868165 -73.9814624 40.72645827
1251830365 -73.98596851 40.73796956
1251830362 -73.9863721 40.73838354
1251830409 -73.9859411 40.73787141
42430255 -73.99633701 40.73804399
1251830404 -73.98560834 40.73788867
42435485 -73.99535096 40.72407203
1251830403 -73.98667418 40.73797643
1251830400 -73.98595719 40.73785062
42430253 -73.99684 40.73736103
387184983 -73.97583194 40.72866037
387184982 -73.97572892 40.72867344
42432302 -73.99546403 40.72161898
387184987 -73.97972014 40.73476767
387184986 -73.97986598 40.7347287
387184985 -73.98226069 40.73143771
387184984 -73.98220059 40.73133361
42432308 -73.99418001 40.72469296
42449580 -73.99506103 40.72880998
562073849 -73.99726103 40.73092683
42434226 -73.98121102 40.725073
775996477 -73.99132949 40.72567808
775996476 -73.99061602 40.72537717
775996475 -73.99049801 40.72556426
775996474 -73.99120611 40.7258448
1251605812 -73.9900738 40.73541978
1251830383 -73.98623857 40.73801063
245510519 -73.99064838 40.7354347
1251605816 -73.99037982 40.73652083
42453177 -73.98208299 40.72388201
42428452 -73.99584398 40.726526
42445511 -73.995329 40.72508398
42449589 -73.99324333 40.73095424
42440743 -73.98252673 40.73135967
42428454 -73.99526999 40.72721097
42428458 -73.99475098 40.72781899
1251856947 -73.98148536 40.72676689
42449582 -73.99454697 40.72940602
42453104 -73.99021201 40.73199603
1251868263 -73.98115763 40.72596131
1251868136 -73.98220319 40.72706956
1251868269 -73.98115269 40.72592594
274306324 -73.98235867 40.72556459
1251868238 -73.98111287 40.7258583
734505849 -73.97578567 40.7302158
42451787 -73.97941746 40.73556613
42442857 -73.98723904 40.72919203
42442851 -73.98853899 40.72740199
42442850 -73.98898398 40.72679204
42431491 -73.99120611 40.73587693
42443513 -73.98845098 40.723277
42421932 -73.99503002 40.72657998
42439006 -73.98033797 40.73044797
42439001 -73.97800101 40.72942899
42440326 -73.98363264 40.73816519
42436590 -73.98041801 40.73855001
42440737 -73.98494097 40.73234698
42436598 -73.97805197 40.73755398
1251868195 -73.98241106 40.7270637
595407628 -73.99126386 40.72772277
805771586 -73.98861023 40.72282103
595407627 -73.99103378 40.72847479
595407625 -73.99101014 40.72806466
595407624 -73.9910637 40.72868677
428833476 -73.99467848 40.72355989
42435477 -73.99570501 40.72336602
42435472 -73.99626802 40.72195199
387185086 -73.97881883 40.73108651
42430857 -73.99548901 40.73343696
42428174 -73.990123 40.73779597
595655124 -73.98024551 40.73053959
428833477 -73.99562983 40.72352922
42428170 -73.99032299 40.73710002
595655123 -73.97790202 40.72953787
42440553 -73.99788598 40.72930996
42428179 -73.98995201 40.73848798
42437951 -73.99798698 40.73294603
1251857069 -73.98221987 40.72574648
1251830454 -73.98663814 40.7382263
1251857062 -73.98158762 40.72664703
42436957 -73.9762113 40.72776199
1251605775 -73.99073069 40.73494864
428628885 -73.9945675 40.72381227
42429672 -73.99473003 40.72693998
42438849 -73.98683503 40.73794098
42429676 -73.99418998 40.72756401
42431459 -73.98668181 40.73397919
1251612290 -73.98407814 40.73312968
42430924 -73.97990596 40.72686597
42431751 -73.99740402 40.72730401
1251612295 -73.9836163 40.73356001
1251612294 -73.98455549 40.73386704
245510516 -73.99077712 40.73535667
886702544 -73.99521123 40.7272807
1251612299 -73.98494567 40.73342967
42456303 -73.9947861 40.73159998
42431453 -73.98828602 40.73465896
42431452 -73.98991597 40.73534904
42455181 -73.97842589 40.7246974
42449021 -73.98487501 40.728194
42449027 -73.98033302 40.726281
42449029 -73.97799397 40.72529512
387184869 -73.97897088 40.73617617
245510517 -73.99075994 40.73540218
42445558 -73.99054411 40.73057094
1251612237 -73.98428349 40.733861
1251605858 -73.9909565 40.73498837
1251868151 -73.98301699 40.72611948
42446562 -73.97899803 40.72810599
1251830372 -73.98604814 40.73807769
42455051 -73.98483704 40.724269
1251868293 -73.98201141 40.72617748
42430903 -73.98444803 40.72878098
1251830359 -73.98598452 40.73791206
1251830357 -73.98593758 40.73798783
886424451 -73.99708073 40.72891333
42449333 -73.992654 40.73733002
1251830351 -73.98584773 40.7378792
1251856887 -73.98279403 40.72632877
886931018 -73.99556193 40.72706303
734505924 -73.9751494 40.73139102
42458267 -73.99695199 40.72388
562073834 -73.99734024 40.73072667
42434355 -73.98738698 40.73587903
42434354 -73.98781697 40.73529196
42434357 -73.98696101 40.73646501
245510174 -73.99077268 40.73570988
245510175 -73.99031017 40.73552003
247405052 -73.97777981 40.7297014
42434352 -73.98877896 40.73396603
42434215 -73.98353499 40.72605301
42434358 -73.98653504 40.73704998
42433587 -73.99651831 40.72955312
562073795 -73.99744786 40.73106497
562073790 -73.99732842 40.731014
595403441 -73.98931138 40.73666148
562073798 -73.9976103 40.73105583
1241288738 -73.99773678 40.73096438
1251830324 -73.98588611 40.73799244
247405189 -73.97964294 40.73323303
1251868257 -73.98220042 40.72666648
886930908 -73.99547099 40.72716587
42431461 -73.98524197 40.733372
886930902 -73.99601992 40.72688709
42440697 -73.98713234 40.72247603
886930904 -73.9959392 40.72725263
42434148 -73.98309 40.72666598
42439304 -73.97957412 40.73284914
42449893 -73.98493544 40.73637658
42449890 -73.98621561 40.73461906
42439308 -73.98006337 40.73228319
1251857022 -73.98275522 40.72652449
1251612258 -73.98366122 40.73349731
42440592 -73.97718981 40.73189947
42440595 -73.97768593 40.73123612
42440599 -73.97711311 40.73130519
387184880 -73.97640702 40.7351514
387184881 -73.97626972 40.73513187
387184885 -73.97536842 40.73423442
42440603 -73.97790051 40.73223122
42440608 -73.97871758 40.7319775
245509435 -73.98985872 40.73616963
245509434 -73.99024504 40.73633869
387185036 -73.97973723 40.73254337
886702777 -73.9956802 40.7279044
1251857027 -73.98174864 40.72595393
1251612302 -73.98429573 40.73381473
42437349 -73.98060761 40.72167832
1251612300 -73.98357732 40.73357761
42431464 -73.98444099 40.73303304
1251612306 -73.98352778 40.73338407
1251612305 -73.98450201 40.73393988
42431467 -73.98364597 40.73269902
42437343 -73.98528597 40.72364899
1251612309 -73.98376072 40.7335709
1251612308 -73.98341739 40.73399033
42437346 -73.98296402 40.72267099
42437613 -73.99232601 40.72490896
42437612 -73.99260396 40.72413598
428833478 -73.99480371 40.72328748
42438442 -73.97794502 40.73320302
390519635 -73.9840861 40.73754267
42439272 -73.99222501 40.737917
1251868132 -73.98224183 40.72664293
1251612274 -73.98430571 40.73380359
42450333 -73.998278 40.73261201
42442230 -73.99470597 40.72130801
1251612250 -73.98444761 40.73395857
42434919 -73.991634 40.72461601
1251612310 -73.9834179 40.73343193
1251868180 -73.98245942 40.72608402
1251830308 -73.98623883 40.73805464
640554843 -73.98429598 40.7376378
886931057 -73.99532498 40.7273429
886931055 -73.99629342 40.72711608
1251868178 -73.98215634 40.72692338
42431744 -73.994466 40.72584597
1251612268 -73.98402114 40.7328566
1251612269 -73.983048 40.73374298
1251830470 -73.98598284 40.73795003
42430249 -73.99780501 40.736032
42434140 -73.98990197 40.72955798
1251612261 -73.98348554 40.73357811
1251612262 -73.98437167 40.73430767
42430244 -73.99855603 40.73500203
1251612264 -73.98418568 40.73375229
42434145 -73.98530701 40.72759897
1251612266 -73.98398183 40.73366528
42455013 -73.97713532 40.72648342
42446889 -73.98112704 40.733242
886930883 -73.99611296 40.72733494
42446885 -73.98275296 40.73392303
886930885 -73.99606812 40.72683319
42421837 -73.975339 40.72654402
245510524 -73.9904338 40.73536966
245510523 -73.99059691 40.73526564
42421833 -73.975785 40.72591999
245510521 -73.99061401 40.73535021
245510520 -73.99060538 40.73540218
1251605867 -73.99054612 40.73659811
42445494 -73.99666097 40.72346702
42428464 -73.993747 40.72900796
42440754 -73.97569598 40.72847496
42445520 -73.99412896 40.72663999
42428468 -73.99326202 40.72958003
1266105912 -73.97529809 40.73720027
245509617 -73.9900287 40.73520646
245509615 -73.99000071 40.73455502
245509614 -73.99061451 40.73482308
245511536 -73.99037312 40.73496171
42449067 -73.99504997 40.734034
245511462 -73.99017631 40.73480388
886930945 -73.99577986 40.72717719
886930941 -73.99590006 40.72665324
42442862 -73.98639079 40.73036097
42434360 -73.98611997 40.73763998
42439010 -73.97969801 40.73098299
245511456 -73.9903737 40.73482341
42445534 -73.99314702 40.72786702
42432083 -73.99164901 40.72240202
42432082 -73.99308902 40.72281902
42440721 -73.98993801 40.73447296
886702744 -73.99555322 40.72745069
42440729 -73.98718179 40.73329271
42433354 -73.99663901 40.73185597
42433356 -73.99511903 40.73120897
595407639 -73.99036607 40.72974993
42451665 -73.99027262 40.72342872
42439236 -73.99141658 40.72988957
42438390 -73.97631599 40.73241102
1251612245 -73.98407403 40.73434019
42437823 -73.97604559 40.7306426
42437824 -73.97564561 40.73118776
42440545 -73.99559303 40.728194
42456543 -73.98815904 40.73773202
42437949 -73.996351 40.73225503
42440548 -73.99634497 40.72855098
1251612242 -73.98391838 40.73415931
1251830465 -73.98582702 40.73795958
1251830467 -73.98585837 40.73798439
1251830460 -73.98652398 40.73817718
1251612236 -73.98494843 40.73349471
1251612235 -73.98432247 40.73378506
42431737 -73.992209 40.72523099
42431738 -73.993042 40.72545202
1251612238 -73.98447628 40.7333606
1251830468 -73.98518128 40.73762758
1251856920 -73.98270082 40.72616734
595407648 -73.99044361 40.73095148
42437626 -73.99154801 40.72708901
1251605762 -73.99045576 40.73641773
246670219 -73.99044654 40.73499449
1251605769 -73.99066598 40.73487957
42430938 -73.97756456 40.72588931
1251868134 -73.98147774 40.72617538
1251856938 -73.98181829 40.72566518
1260078228 -73.99818882 40.73118282
1251868130 -73.98146961 40.72649247
42439249 -73.99072096 40.72989837
1251868138 -73.9811604 40.72626574
42442247 -73.99712298 40.72230102
42431746 -73.99464797 40.72593097
42431742 -73.99375798 40.72564699
42446547 -73.98354304 40.730021
42431748 -73.99506002 40.72613699
42449017 -73.98948287 40.7301334
42449014 -73.99008796 40.73038897
42421877 -73.99591397 40.73284696
42437959 -73.98864929 40.7229362
886506120 -73.9977574 40.7309348
42437530 -73.98497048 40.73793058
390519593 -73.98184931 40.73659392
42453175 -73.98440302 40.72486303
42436935 -73.992266 40.73453197
42436939 -73.98986802 40.73352799
42448711 -73.97634483 40.7359486
1260078133 -73.99849367 40.73192637
1260078130 -73.99749086 40.73029341
1251830341 -73.98581864 40.73791583
42448714 -73.9751271 40.73543001
562073823 -73.99766956 40.73071938
42449576 -73.99858503 40.72463202
562073828 -73.99753042 40.73067873
42455083 -73.98252397 40.72327801
42434205 -73.98575301 40.72698801
42434201 -73.98811897 40.72798604
42446571 -73.97668354 40.72710854
1251605831 -73.99036909 40.73685619
370909370 -73.97524613 40.73727973
42437021 -73.989045 40.73654598
1251868240 -73.98255163 40.72632232
1251868243 -73.98224627 40.72656782
1251612293 -73.98304532 40.7337942
42433281 -73.99861202 40.73221496
42455887 -73.98027502 40.73441002
886702893 -73.99594599 40.72777943
42446533 -73.98814982 40.73196367
245510515 -73.99088869 40.73536321
42449886 -73.98862599 40.73130989
42442836 -73.99125422 40.72372653
42442838 -73.99103503 40.72402802
42440587 -73.97699509 40.73147191
42443127 -73.99101877 40.72365511
886930982 -73.99574608 40.72684459
42440611 -73.97861456 40.73217272
1251605889 -73.99154926 40.73524653
1251605884 -73.98968421 40.73609293
42440619 -73.97838968 40.73147669
387185046 -73.97869872 40.73183451
886702791 -73.99531617 40.72772117
42444825 -73.99079489 40.72835476
42431470 -73.98202197 40.73201204
42437608 -73.993259 40.72235298
1251612251 -73.98488037 40.73321903
42438439 -73.97791601 40.73310898
42439203 -73.98772603 40.73831699
42435491 -73.99490798 40.72495104
1251612253 -73.9836541 40.73344928
42430872 -73.99038996 40.73128901
42456211 -73.99403039 40.73128373
42434921 -73.99139504 40.725074
42437878 -73.98216673 40.72096947
42446552 -73.98132502 40.729086
1251612316 -73.98356542 40.73338768
638807401 -73.97529566 40.72099059
886931048 -73.99573343 40.72729437
42437114 -73.99352303 40.72163197
1251830332 -73.98582853 40.7378963
1251868192 -73.98246471 40.72682993
1251612259 -73.98398753 40.73444623
1251612311 -73.98444879 40.73375656
1251612260 -73.98428861 40.73435436
1251605719 -73.99022928 40.73467178
1251868296 -73.9821643 40.72673027
1251612313 -73.98479999 40.73332414
42434142 -73.98767196 40.72859499
1251868291 -73.98253377 40.72618754
1251612263 -73.98340323 40.73345758
1260078174 -73.99805907 40.73134442
1260078170 -73.99631664 40.73028478
1251612265 -73.98350113 40.73394323
1251830421 -73.98596474 40.73788499
42447435 -73.98467736 40.72173121
42430241 -73.99871403 40.73478402
1251612279 -73.98344916 40.73340528
1251612278 -73.98462129 40.73394951
1251612277 -73.98455163 40.73383133
1251612276 -73.98376809 40.7329353
1251612267 -73.98394872 40.73296389
1251612272 -73.98454342 40.73331794
1251612271 -73.98437117 40.73376101
42421828 -73.97621197 40.72532596
42450489 -73.99697403 40.73140896
42455897 -73.97760303 40.73817198
42444829 -73.98395803 40.72547298
428627792 -73.9963868 40.72165058
428627793 -73.99598346 40.72151597
428627790 -73.99585471 40.72178268
42428471 -73.992841 40.730079
42428473 -73.99239969 40.73060111
42427358 -73.981308 40.72070904
42428476 -73.991921 40.73116597
42455039 -73.98629549 40.72222206
1251856998 -73.98113324 40.72621662
42440401 -73.98382433 40.72147238
42443298 -73.98891299 40.729906
42431750 -73.99665904 40.72693101
42439542 -73.99884202 40.73066901
1251612292 -73.98330994 40.73339086
42430247 -73.99827398 40.73539103
562073819 -73.99774274 40.73078694
1251612297 -73.98344774 40.73356202
734505884 -73.97605632 40.73058158
42442877 -73.98354899 40.73426099
1251612296 -73.98341622 40.73353411
562073815 -73.99776973 40.73088266
42442870 -73.985909 40.73101903
42439243 -73.99074326 40.72979997
42455452 -73.98317599 40.73333998
886702758 -73.99501426 40.72776744
42427327 -73.99765498 40.72083603
886702750 -73.99536839 40.72736352
42429374 -73.99734099 40.73666802
42429373 -73.99411798 40.735313
42428489 -73.99111399 40.733214
805771544 -73.9887979 40.7228942
42428480 -73.99146 40.73173803
42440710 -73.993617 40.73600501
42428483 -73.99128096 40.73244597
775996460 -73.99016038 40.72518221
1251856995 -73.98255858 40.7259417
245510522 -73.99064838 40.73531761
