109860154 109860168
109860154 110338914
109860154 110161146
109860154 109860144
109860409 110167797
109860409 109860385
109860409 109860436
109860409 110167785
110047832 110047821
110047832 110256258
110047832 110047842
360556599 360556646
360556599 360557269
360556599 360556595
109805459 109805466
109805459 109912014
109805459 110137348
109805459 109805448
110391517 549670775
110350600 110236984
110350600 110045924
110350600 110137248
110350600 109911687
110177103 110198980
110177103 110137380
110177103 110255875
110177103 967450231
109985226 110167251
109985226 109911558
109985226 109985234
110375967 110375976
110375967 110167235
110375967 110344284
110375967 109899298
110128802 110128794
110128802 110128917
110128802 109863993
110237727 110237736
109782242 109782255
109782242 110161355
109782242 109860144
775897144 110413480
110137176 109984419
110137176 110137165
110137176 110137187
110034096 109988556
110034096 110034085
110034096 110023786
109835696 110000866
109835696 109849587
109835696 109835704
109868318 109868306
109868318 109911558
109868318 109911564
109820456 109820471
109860120 110137117
109860120 109860534
109860120 109860113
634340628 634340627
634340628 634340630
634340627 634340626
634340627 634340625
634340626 634340619
634340626 634340664
634340625 634340630
634340625 318626845
634340625 634340622
110047889 110047904
110047889 110129149
110047889 109864013
634340622 634340619
110034156 110034161
110034156 110034149
110034156 110045863
110034156 110023918
110256285 110137294
110256285 109772320
110256285 109736832
110256285 110047863
110167754 110167766
110167754 110151417
110167754 109837676
110167754 110167109
110161332 110016033
109864013 109736776
109864013 109864005
109864013 109864020
110186407 110045932
110186407 110186412
110186407 110065300
110167186 110167806
110167186 110359573
110167186 110167198
110167186 110167171
109860360 110359661
109860360 110338911
109860360 109860351
110161503 110256201
110161503 110161355
110161503 110137138
110046332 110237597
110046332 109849626
110046332 110046326
109911740 109911732
109911740 109911749
109911740 110258559
110431874 110361072
110431874 110297117
110431874 110137285
110359573 110283017
110359573 110359635
110359573 110379101
109988473 110318120
109988473 109988484
109988473 109988464
109988473 110379206
110046339 110046346
110046339 110318172
110046339 109849626
110046339 110034085
109988579 110247853
109988579 109988586
109988579 109988573
109911951 109910553
109911951 109879466
109911951 109805771
110137304 110137324
110137304 110428148
110137304 110129362
110137304 110256299
109911732 109911725
109911732 110420643
109911732 110344334
110431970 110045816
110431970 110161065
110431970 109860113
360556329 360556330
360556329 538704022
360556329 360556283
109813297 109813304
109813297 110423619
109813297 110046326
109813297 109813292
110024078 110024089
110024078 109911984
110024078 110034280
110024078 110016162
109813292 109813286
109813292 110034058
109813292 110413480
360555190 360555178
360555190 360556283
360555190 360555054
110256215 110137201
110256215 110256221
110256215 109914283
110256215 110047544
110255883 110198980
110255883 109986634
110255883 110047985
110255883 110137412
360556283 360555062
109864005 109736770
109864005 110129372
109864005 109863993
110137235 110137223
110137235 110256236
110137235 109911695
110137235 110330282
110256197 110247791
110256197 110047789
110256197 109839577
110256197 109860541
110344284 109868297
110344284 110344294
360555130 360555178
360555130 360555054
360555130 360555055
109839766 109839751
109839766 110338907
110139326 110151567
110139326 109784778
110139326 110143354
110377327 110377346
110377327 109849567
109849587 110000857
109849587 109849596
109849587 109849577
109911687 109911678
109911687 109911695
109911687 110330282
110167235 110167242
110167235 110167227
740277659 110418137
740277659 740277658
740277658 110418171
740277658 634340617
109849596 109849604
109849596 110015982
109849596 109835668
110256155 109847596
110256155 109988586
110256155 549670772
110256155 109849663
634340528 110338915
634340528 634340531
634340528 634340526
634340528 634340530
109863981 110129347
109863981 109863970
109863981 110128794
109863981 109863993
109775193 634340570
109775193 110359714
109775193 110282878
110407763 110047530
110407763 110407773
110407763 109899386
110407763 110359702
634340522 634340535
634340522 634340524
634340522 634340553
634340524 634340535
634340524 634340526
110318161 110000866
110318161 110213984
110318161 109849577
110318161 110318153
110330286 109911725
110330286 110047569
110330286 110256236
110023798 109837836
110023798 110016004
110023798 110023814
110151450 110151442
110151450 110151459
110151450 110359562
110151450 110167806
110023828 109924608
110023828 110023839
110023828 110023814
110236919 110016105
110236919 109911614
110236919 110236931
110282854 109782304
110282854 110161146
110282854 110282863
110282854 110359702
649998442 110047684
649998442 109813337
649998442 110256140
110312121 110177138
110312121 110391505
110151459 110167819
110151459 110151467
110409881 110236848
110304246 109839667
110304246 110151426
110236857 110449851
110236857 110572484
110236857 110236877
110236857 109914192
110047878 110321220
110047878 109736776
110047878 110256291
110047878 109736839
110137273 110361072
110137273 110256274
110137273 110137265
110137273 110137285
109860565 110359562
109860565 110338895
110024009 110236952
110024009 109911666
110024009 110024019
110024009 109727448
110137394 110198980
110137394 110137380
110137394 110137404
110391250 534960909
110391250 967979768
110391250 637791907
110391250 534960802
109750912 110199165
109750912 110046007
109750912 109750919
109847596 110247853
109847596 109847603
110378923 110137069
110378923 110378921
109796768 740245041
109796768 740247420
109796768 109763991
109796768 634340653
110378921 110280474
110338901 109839751
110338901 109762361
110338901 110167151
110338901 110338907
775895212 775895213
775895212 534962239
109908712 110000919
109908712 109908700
109908712 110016043
109899298 110312359
109899298 109899305
109899298 109899291
110338907 110338909
110045845 110045854
110045845 110034140
110045845 110045836
110167242 110167247
110167242 110151497
110167242 109868297
109854136 110045799
109854136 110431953
109854136 109854125
109899291 109899289
109899291 110167227
109899291 110167198
109772332 109772340
109772332 109772320
109772332 110047853
109772332 110047863
110425696 110425703
110425696 110179199
110425696 109814471
110137056 110213964
110137056 110137045
110137056 109988573
538704022 360555817
538704022 360556518
538704022 360555739
110278692 109899416
110278692 110391325
109805562 109805549
109813314 109813322
109813314 110136170
109813314 109813304
110016004 109837826
110016004 110016010
110344318 110256230
110344318 110047561
110344318 110047569
109863913 109863903
109863913 110377786
109863913 110129052
109863913 109863923
110256188 109839577
110256188 110256177
110256188 110047776
110425703 110540235
110425703 534961121
110053336 110423619
110053336 109813304
110023956 110023965
110023956 110034167
110023956 110016082
110023956 109899332
110151436 109839684
110151436 110167785
110151436 109860382
110151436 110338895
110023892 110282933
110023892 110023907
110023892 110023882
109805703 109805682
109985234 109985239
109985234 110156377
634340558 634340559
634340558 109839609
634340558 634340596
109736770 110256291
109736770 109736808
109736770 109736776
110237005 110350611
110237005 110047842
110237005 109753135
109835561 109835567
109835561 110047708
109835561 109849673
109727448 110034229
109727448 109727439
110280481 110137081
110280481 110280474
110280481 110311300
110377746 110311518
110377746 109837643
110377746 109988501
110047698 110047691
110047698 110443583
110047698 109849673
109912030 110177159
109912030 109805484
109912030 109912024
110137138 110137152
110137138 110137127
110296988 110296998
110296988 109834063
110296988 110236832
109835651 109835641
110047691 110047684
110047691 110237618
110331269 110331266
110331269 110311483
634340557 634340555
634340557 634340554
634340557 634340548
110521948 110521938
110054335 110391759
110054335 110045983
110054335 110327435
110045932 110045924
110045932 110236974
110045932 110045942
110344311 110330282
110344311 110376114
110344311 110045905
110344311 110137223
109849604 109835672
109849604 110023763
109849604 109849614
109813304 775898705
634340663 634340662
634340663 634340602
634340662 634340661
634340661 634340660
634340660 419877092
109849567 109849559
109849567 109849577
109849567 110318153
110045836 109782337
110045836 110045826
110391319 110407773
110391319 109899405
110391319 109820471
110449851 109914200
110449851 110297003
109899343 109899348
109899343 110312514
109899343 110431861
109899343 109892074
109838004 109837998
109838004 110318202
109838004 110311327
110137152 109782348
110137152 110137165
360557667 360556408
360557667 360557666
360557667 360557665
360557667 360557690
360557666 360557256
360557666 360557664
360557666 360557677
360557665 360557664
360557665 360557686
360557665 360557277
360557664 360557683
360557664 360557257
110000883 110311526
110000883 110311518
110000883 110000894
110000883 109837643
109839751 110357488
110218228 967450223
110218228 109911704
419877092 109988639
419877092 109988588
419877092 634340659
109727507 109924811
109727507 110024052
109727507 109727514
109911704 109911695
109911704 109911712
109860453 109860436
109860453 110167161
109860453 109762354
109860453 110167151
109805783 109911979
109805783 110016154
109805783 109805771
110311300 109838217
110311300 110431953
110311300 109854125
110161065 110137127
110161065 109782337
109798154 110247813
109798154 110137187
109798154 109798167
109798154 109899351
360556080 110034103
360556080 360555059
360556080 360555977
360556080 360556537
110137348 110391759
110137348 110255869
110137348 110137334
110019790 110001009
110019790 109762391
110019790 110236892
110161185 109860168
110161185 110161219
110161185 634340535
110161185 110161146
110161185 110282863
109782371 109984419
109782371 109782380
109782371 110359672
110333626 110016139
110333626 110024052
110333626 110333636
110318202 109835574
110318202 110318197
110256258 110236995
110256258 110256247
110137187 109899348
110137187 109984427
110237752 110000857
110237618 110453046
110237618 110443583
110179199 110438798
110179199 109750950
109839720 110167775
109839720 109839699
109839720 110167785
109988484 110379429
109988484 109988492
110407773 109899393
110407773 110359714
109918267 109763991
109753135 110361047
109753135 110297140
109753135 109753125
109860113 110338912
109849614 109835678
109849614 110034076
109849614 109849626
634340562 634340560
634340562 634340563
109911558 110167247
109911558 109911543
109924699 110023907
109924699 110034149
109924699 109924687
110129512 110129524
110129512 110151535
110129512 110129644
110129041 109863903
110129041 110297007
110129041 110129052
110129041 110129022
967979905 967979904
967979905 967979796
109863864 109863870
634340567 109899416
634340567 634340568
634340560 634340599
634340560 634340559
775896071 637791980
775896071 967979764
109988509 109988518
109988509 110000874
109988509 109837643
109988509 109988501
634340563 634340579
634340568 634340570
109860338 109762361
109860338 110359635
109860338 109860351
109986536 110203065
109727439 109911672
109727439 109911666
360556408 360555817
360556408 360556406
360556408 360556335
110503734 110000947
110443583 109835574
110151497 110151503
110151497 110151488
110151497 110304306
634340657 634340656
634340657 634340659
360556406 360556331
110024042 110016131
110024042 110024052
110024042 110034250
110024042 109863957
109839592 109839598
109839592 110047789
109839592 110047776
109839592 109839577
110034058 110023745
110034058 110034076
110034058 110046326
109988501 110213984
109988501 109988492
110333657 110255114
110333657 110023907
110333657 109860269
110376087 109762334
110407800 110151467
110407800 110407751
110407800 109899277
110137294 110128917
110137294 110297117
110137294 110137285
109736839 109736850
109736839 109736832
109736839 110047863
110361047 109772340
110361047 110047853
110015982 109813276
110015982 110000851
109911678 109911672
109911678 110045924
109911678 110045917
110379101 110312359
110379101 110312341
109911672 110034212
109911672 110034194
110045883 110431861
110045883 109899338
110045883 110045890
110045799 109839902
110045799 110034107
109914283 109914278
109914283 109899356
109899393 109899386
109899393 110503698
109899393 109899405
110129347 110428148
110129347 110129362
110129347 110045959
109924608 109924618
109924608 109924600
110047745 110047735
110047745 110256173
110047745 110311316
110047745 110047760
967979911 967979886
967979911 967979795
110000874 110015997
110000874 110000866
110000874 110213984
110418171 110418137
110418171 110311334
109813322 109813337
109813322 110256140
360557691 360555470
360557691 360557690
110318153 110318120
110318153 109988492
110016043 110255114
110016043 110016033
110016043 110016054
110151402 109988451
110151402 110151394
110312307 110312294
110312307 109899319
110312307 110312320
110312307 110407619
109860534 110137127
109860534 109860541
534960916 775895183
534960916 109813265
534960916 110000851
110236964 110034229
110236964 110297086
110236964 110236974
110023853 109924618
110023853 109839883
110023853 110023839
110304274 110129593
110304274 109834121
110282863 110359714
110282863 110282878
110453046 110047684
110001019 109908935
110001019 110001013
110001019 109762401
110001019 110001029
109988573 109988566
109988573 649985890
110391759 110045990
110391759 109805448
109762334 110000947
109762334 109762339
110391325 109782210
110391325 110503698
110391325 109899405
534962239 775895153
534962239 110377356
110572484 110572465
110416543 110438798
110416543 110168810
109762339 110016085
109762339 110000989
110167849 110167859
110167849 110167089
110297117 110128794
110297117 110065311
110045974 110045983
110045974 110045967
110045974 110327435
360555530 360555056
360555530 360555057
360555530 360555578
110338909 110311510
110338909 110338911
110338909 109860351
110047530 110047521
110047530 109899378
110016139 110016131
110016139 110001050
110016139 110016154
110151544 110151535
110151544 109784778
110151544 110151556
110019714 110001029
110019714 109762401
110019714 109863923
110045873 110034161
110045873 109899338
110045873 110045869
109914211 110297003
109914211 110167254
109914211 109914200
109899305 109899310
109899305 110359635
110331303 110137093
109837668 109988451
109837668 110151417
109837668 109837676
110318172 110213964
110318172 110137045
110318172 109835641
110016033 110016025
109908926 109910524
109908926 109908935
109908926 109908894
109911749 109782222
967979808 967979765
967979808 967979794
109911712 110256247
109911712 109911718
109911712 110256236
967979806 967979807
967979806 967979805
634340583 634340578
634340583 634340531
634340583 634340585
109863880 109863891
109863880 109863870
109863880 110128985
109863880 110129644
634340581 634340571
634340581 634340578
109925843 109925861
109925843 110167099
109925843 109849552
967979803 967979805
967979803 967979802
967979800 967979799
967979800 967979802
634340585 634340554
110047821 110350611
110047821 110256247
110047821 109911718
110034194 110023993
110034194 110045917
110034194 110034186
109860144 110047789
109814471 109814478
109814471 110167089
110161219 634340546
110161219 634340548
110161219 110282878
110161219 634340553
110161146 109782255
110420643 109911725
110420643 110350611
360555918 360555683
360555918 360555058
360555918 360555977
109912008 109750892
109912008 109912014
109912008 109912001
109912008 109805448
109805448 109805439
109911936 109805540
109911936 109911944
109911936 109911924
109782337 109782348
110375976 110344294
110375976 109899310
110045863 110045854
110045863 110045869
110034229 110034212
110034229 110034240
109868306 109868297
109868306 110167247
109868306 110330293
109839598 110338914
109839598 109839609
109839598 110311327
775895206 109750950
775895206 775895204
775895207 109814493
775895207 109814478
775895204 775895203
109835668 109835672
109835668 110015989
110045905 110034186
110045905 110045917
110045905 110045890
109849637 109849653
109849637 110237736
109849637 109849626
109849637 109835641
109899378 110047544
109899378 109899386
109899378 109899367
110156535 110167797
110156535 109860436
110156535 110167161
109910493 109910498
109910493 109910530
109910493 110016117
109837729 650375870
109837729 109837737
109837729 110256165
110255095 110255114
110255095 110023867
110255095 110016025
109899277 109834146
109899277 109899280
110213964 109988566
110213964 110046346
110203065 110199141
110203065 110137412
110327516 110391768
110327516 110428155
110137034 110136197
110137034 109849653
110137034 110237736
360555056 360555603
360555057 360555683
360555055 360555218
360555058 360555830
360555059 360555830
110255869 109805466
110255869 110054330
110255869 110047945
110046326 110431904
110168795 110438830
110168795 109750950
110168795 110168810
109988464 110167099
109988464 109837682
109988464 109988458
110311460 110331266
110311460 109837799
110311460 110311483
110311460 110167121
110431961 110431953
110431961 109839910
110431961 110137104
110024031 110034244
110024031 110024019
110024031 109863957
360556332 360556331
360556332 360556335
109782348 110359672
360556330 360556331
109813265 534960909
109813265 109813276
967979797 967979768
967979797 967979770
967979794 967979807
967979794 967979793
360556335 360557283
110256201 109782316
110256201 110256205
360555906 360557685
360555906 360557684
360555906 360555977
967979799 967979798
110256205 110247813
110256205 109798167
110256205 110359687
109860385 110131171
109860385 109860382
110256165 110256173
110256165 110247774
110256165 110047735
109860382 110151442
110167109 109837792
110167109 110167121
109863963 109863970
109863963 109863957
109863963 110034244
109863963 110034250
318626818 318626803
318626818 634340617
318626818 318626813
110330282 110045917
109910405 109910397
109910405 109908885
110065300 110236984
110065300 110065311
110054330 109782420
110054330 110047937
110048561 109986637
110016025 110016017
110016025 109908700
110024066 109805403
110024066 110024052
110024066 109727514
110024066 110333636
110350539 110001001
110350539 110019697
109899310 110359643
109899310 109899312
110000933 110000919
110000933 109908856
110000933 109879319
110000933 109899317
110418137 636397307
110311518 110311510
110311518 109839959
634340559 634340571
110143202 110143214
110143202 110139988
110167089 110167094
109863993 110129362
634340555 634340554
634340555 634340553
110311510 110311483
110311510 109988492
109908856 110407619
109908856 110312294
110161355 109860541
110236848 110236839
110236848 110156377
110023763 110023745
110023763 110034076
110001050 110001040
110001050 110001079
110001050 110377786
110151442 110131171
110047569 110047561
110023814 109924600
110023814 110016010
110137093 110137081
110137093 110137104
360556537 360556518
360556537 360555061
634340533 110338915
634340533 109839609
634340533 634340530
109910530 109910524
109910530 109908935
109736808 110321220
109736808 109736776
109736808 109864020
109805549 110377792
109805549 109911944
109805549 109805540
360557257 360555578
360557257 360556270
110034161 109899336
110034161 110023925
110024019 110297078
110024019 110034240
110034167 110034176
110034167 109899336
110357488 110331266
110357488 110167139
360555977 360557263
360555977 360555830
360555977 360557269
109805540 110377302
109805540 109805530
109814478 361011461
110391713 110377302
110391713 110167289
110391713 110428116
360555470 360555178
360555470 360557674
110151503 110167247
110151503 110139428
110151503 109911543
110019697 110329618
110137201 109914278
110137201 110431861
110137201 110137211
109910498 110001029
110129335 110001040
110167251 109914192
110167251 110167254
110167251 110156377
110428148 110045967
110428148 110327435
360555578 360557256
360555578 360556094
360555578 360556199
110167254 110151526
110167254 110129022
109839883 110023867
109839883 109839895
110137045 110247853
110137045 109849653
110247813 110137165
360557256 360556178
110143299 110129572
110016077 109899326
110016077 110016082
110016077 110000947
110023965 110034176
110023965 110016085
110023965 110023983
109839966 109839959
109839966 110000894
109839966 110000903
361011464 110540235
361011464 361011461
110047916 110391508
110047916 110047929
110047916 110256299
110047916 110047904
110045942 110045947
110045942 110186412
110045942 110297098
740247420 740245041
110283017 110166879
110283017 109762354
360557248 360556178
360557248 360555178
110023882 109924687
110023882 109860293
110449830 110001013
110177159 110177138
110177159 110199117
110139998 109784768
110139998 110151535
110139998 110143329
110139998 110129583
110256140 110256144
109988644 109988639
109988644 109796791
109805682 110151579
109805682 110151567
110137104 109839988
110391768 110047945
110391768 109805484
109924821 109924811
109924821 110034271
109924821 109727514
109839988 110137117
109839988 109839999
110045947 109863970
110045947 110128794
110572465 109985349
110034262 109924811
110034262 110034271
110034262 110034250
110034262 110428125
110428136 110391731
110428136 110045967
110428136 110428125
109910397 109908878
109910397 109911590
110167819 110167829
110167819 110167806
110167819 110156517
110045826 110045816
110045826 110034135
109849577 110377720
109805403 109911984
109805403 109805412
109899336 109899338
109899336 109899332
110000894 110016017
110377701 110377711
110377701 110377356
110377701 775895187
360557677 360557676
109863970 110045959
649985890 109838233
649985890 649985889
967979815 967979814
967979815 967979798
967450237 967450234
967450237 967450196
109988586 650375870
109988586 109988588
775895213 534962336
110128985 110151526
110128985 110128963
110128985 110129022
110167171 110167161
110167171 110166879
110151394 110167099
110151394 109849542
109911718 109911725
110034285 110024089
110034285 110034280
110034285 110177031
110034119 110045808
110034119 110023867
110034119 109860070
110034119 109839895
109838225 109838217
109838225 109838233
109838225 110280474
110177125 110177138
110177125 110391505
110177125 110047957
110344303 109899312
110344303 110330296
110344303 110344294
110344303 110000989
110422870 110167797
110422870 110422873
109782304 109782316
109782304 109782255
110256247 110137248
110137211 110137223
110137211 110376114
110137211 110256221
360556270 360557263
360556270 360556199
109835567 109835574
109835567 110318197
109805439 110045990
109805439 109912001
109984427 109984419
109984427 110312514
634340609 318626845
634340609 634340617
634340609 634340607
110247774 110247788
110034212 110045924
110377786 110377792
110377786 110377311
109837792 109837799
109837792 109837682
110001013 110001009
634340602 318626845
634340607 634340655
109820471 634340570
110034130 110034135
110034130 109860070
110034130 109924687
109835672 109835678
109835672 110023775
109736850 110321220
109736850 110297132
110034135 110034140
109911564 109985349
109911564 109911572
109911564 110330293
110167775 110167766
110167775 110131124
109899405 109899416
110129052 110297009
318626803 318626806
109988458 109988451
109988458 109837676
318626806 318626808
109988518 109988529
109988518 110311526
110151488 110167227
110151488 110304295
110151488 109899280
318626808 318626812
110136170 110136197
110136170 110247837
109860081 110045808
109860081 110045816
109860081 109860070
110258559 110344337
110258559 109782210
109924600 110034103
967979768 967979767
775895184 775895183
775895184 775895187
634340572 634340571
634340572 634340574
967979763 967979814
967979763 967979813
967979763 967979764
110377720 110377711
967979766 967979769
967979766 967979767
967979766 967979765
967979765 967979811
967979764 637791907
110129593 109834113
110129593 110129644
110256230 110137223
110256230 110256221
110256230 110256236
109988539 109988529
109988539 109837836
109988539 109988556
109988539 110023786
110166855 110166879
110344334 110047561
110344334 110453054
110344334 110344337
109839667 109839684
109864020 110129158
110236984 110431866
110236984 110137258
109879327 109899312
109879327 109879319
109879327 109899317
110377346 110377356
109911666 109911655
109911666 110023993
110047760 110256177
110047760 110047776
109910363 110312320
109910363 109910354
360556595 967459962
360556595 360556518
110247853 109849658
110297140 110297132
109899386 110453054
110137081 110137069
110137081 110247788
110129479 110129158
110129479 110428155
110129572 110129560
110129572 110129583
634340579 634340578
534961122 109750941
534961122 110402209
110331266 110331262
110001009 110001001
110001009 109908894
109908878 109911584
109908878 109908885
109911572 110330296
109911572 109911578
109911572 109985356
110023925 110023938
110023925 110023918
109914192 109914200
109899332 109899326
109899332 110023938
110001001 109985324
110304306 110139413
110304306 110304295
110236974 110297098
109985245 109985239
109985245 109911543
109985245 110151513
110151430 109839684
110151430 110151426
110151430 110131124
110167289 110167278
110167289 110151567
110167289 109805530
110236877 110236892
110236877 110297007
110236877 109985349
110247791 110137117
110247791 109839999
967979906 967979796
967979906 967979908
109834141 110407751
109834141 109834146
967979904 967979903
967979903 967979902
967979902 967979901
110391725 110034271
110391725 110391731
110391725 110428125
109834061 110139973
109834061 109834063
109834061 109834055
109834061 110236832
109834063 110139988
967979908 967979795
110045983 110045990
110167859 110167094
109772320 110256274
109762354 109762361
109911614 109911636
109911614 109911590
110151556 110167278
110151556 110151567
110521938 110402230
109849673 634340653
109849673 109849663
109854115 109854125
109854115 109988566
109854115 109988562
110413480 110402240
109911584 109985324
109911584 110000995
109911584 109911578
110045869 109892072
110000903 110000910
110000903 110338911
110000903 109908700
110047929 109782420
110047929 110047937
109750941 534961121
109796791 740245041
110359643 110359661
110359643 110359635
110359643 109860351
109863938 110016131
109863938 110016125
109863938 109863929
109863938 109863957
109839910 109839902
109839910 110338912
110449900 110137265
110407751 110359562
110047853 109753125
110047853 110256267
109892072 109892067
109892072 109892074
109892072 109782380
110000995 110016097
110000995 110330279
110000995 110000989
109988562 110046346
109988562 109988556
109849559 109925861
109849559 109849552
109849559 775895155
110131124 109839699
110297078 110016117
110297078 110236942
110047521 109782316
110047521 110359687
110047521 110359702
109805475 109805466
109805475 110047945
109805475 109805484
109805475 109912024
109912019 109912014
109912019 110255875
109912019 109805466
109912019 109912024
109912014 110137365
110137258 110236995
110137258 110137265
110137258 110137248
360555062 360555739
110167829 110151479
110167829 109899283
109911996 110177063
109911996 109912001
109911996 109911993
110402230 534960802
110402230 110402209
109782222 109782210
360555061 360555739
110402234 110397103
110402234 110402240
110402234 109813286
360555817 360557277
110503698 110453054
110503698 110344337
109835678 110034085
634340598 634340599
634340598 634340596
109814493 110540235
109814493 534962336
110296998 110151526
110296998 109985450
109837682 109837676
549670772 110047708
110016105 109910524
110016105 109911590
110016105 110016117
109899367 109899356
109899367 110359687
549670775 110318197
110139428 109911523
110139428 110139413
110255875 110137365
360557676 360557674
109784778 109784768
109892074 109899338
109988556 109837841
110129158 110129149
110312341 110312350
110312341 110407636
110311327 110311334
110311327 110311316
110143329 110143317
109911979 109911984
109911979 109910553
109911979 110016162
360557685 360557686
109860479 109860269
110137324 110137334
110137324 109782407
109813276 110397103
109813276 109813286
110256274 110256267
110128917 110128938
110034085 110023775
109984410 109984419
109984410 110137165
109984410 110359672
110019680 110000910
110256177 110256173
110016131 110001040
110359672 109892067
110167139 110167151
110167139 110167121
110428155 110391508
110034250 110045959
110330293 110344294
110330293 110330296
109911531 109834055
109911531 109911535
109911531 110236832
110034103 109837841
110034103 110034107
967450199 967450196
110034107 110034111
109813286 110023745
109988529 110015997
109988529 109837826
110151479 110151467
110151479 109899280
967450234 967450231
110167094 109849552
110129022 109863891
634340548 634340546
109911636 109911655
109911636 110236931
634340546 634340589
110167099 110318120
109839684 109839699
110034240 110034244
110034240 110297086
110151535 110167267
110236839 109985239
110236839 110151513
110311316 109837998
110023775 110015989
110023775 110023786
109985324 109985312
967979792 967979796
967979792 967979769
967979792 967979770
534960802 534960904
110236832 109985450
109911984 109911989
740245041 109988639
775895153 775895154
110128963 109863870
110128963 110139988
109860281 109860293
109860281 109860269
110034280 109911989
110453054 110047544
110047972 110198980
110047972 110047985
110047972 110047957
109879319 109879311
109863923 109863929
109985450 109911535
109985450 110151513
109879311 110000919
109879311 110359661
967979767 967979770
109911655 110236952
110438830 110402209
110139973 109911523
110139973 110139988
109879466 109911944
110151513 110151526
110167267 110167278
110167267 110428116
110167267 110129524
109988588 110047708
109988588 650375871
109762391 110297009
109762391 109762401
109839959 110338911
110016068 109899326
110016068 110023938
110016068 110016061
109839895 110034111
109839895 109839902
110167797 110131171
110167797 110167806
109863929 110001029
109863929 110001040
110000866 110015989
967979795 967979793
110016061 110016054
110016061 109910354
360556646 967459933
110236942 110236952
110236942 110236931
110136197 110431904
110377302 110377792
110377302 110377311
110379206 110379429
110379206 109837799
109908885 109908894
109985356 110236892
109985356 109985349
634340578 634340577
360557283 360555178
109834113 109834121
109834113 110129583
109782380 110312514
110137117 110338912
109834055 109911523
360557684 360557683
637791907 110397103
110297132 109772340
110297132 110047863
110330279 109911578
109849663 110256144
109849663 109849658
109914278 109899348
360555683 360556199
109849542 109849552
110046007 110177063
110046007 110045996
110046007 110177089
110045959 110045967
109899326 109899319
360555603 360555218
360555603 360556094
110199165 110177089
110016117 110016125
109925861 110318120
110047957 967450231
110047957 109912024
110047904 110129372
110137412 110137404
109838217 109988566
109750898 109750892
109750898 110045996
109750898 110177089
360557277 967459933
110391505 110047985
110137365 109750892
110137365 110137380
110391508 110129149
110167785 110167151
110015989 110015997
110237736 110431904
110047789 110338914
110137404 110199141
110156517 109899289
110156517 110167198
967459962 967459933
109899356 109899351
109899356 109798167
110034140 110034149
110256299 110129372
110256299 109782407
110167766 110167121
110167766 110151426
110023918 110023907
110023918 110016054
110143317 110129560
110186412 110065311
110256291 110128938
109805771 110001079
318626812 318626813
110128767 110034244
967450196 967450238
110431866 110361072
110431866 110137265
110431861 110376114
110167198 110407636
109912001 110045996
109782407 109782420
110219470 110151579
110129583 109863870
110023867 109860293
110256173 110247788
110236995 110256267
110236995 110047842
109911695 110137248
775895203 534961121
360555218 360555178
110129362 110129372
109911535 109911543
360556178 360556094
110000857 110000851
110000919 110000910
110001079 110377792
110001079 110016154
110397103 637791980
110023839 110016017
634340532 634340531
634340532 634340530
110023786 110015997
109839999 110247788
650375870 650375871
650375871 110047735
110177063 110177031
110137380 110177089
110327435 110137334
110143354 110213880
110016082 110016085
110016085 110016089
110034149 110045854
110016089 110016097
110016089 110023983
110016089 110000989
110397113 637791980
110047985 109986637
110391731 110045990
109899289 109899283
110311526 110016010
110128938 109736832
110338915 109860168
110338915 110338914
110338915 109839609
110338912 110045808
109899283 109899280
110247837 110256144
110247837 109849658
110129081 110016125
109911590 110016097
110016017 110016010
109839902 110045808
110311483 110379429
110047937 110047945
109753125 110047842
775898705 110431904
110034271 109805412
110297009 110236892
110297009 110297007
110359714 110359702
110297007 110297003
109839609 634340571
109986637 109986634
634340656 634340655
109837826 109837836
634340653 634340665
110407619 109910354
109899351 109899348
109892067 110045854
110311334 634340596
110047561 110047544
110000947 109899317
634340664 634340665
109805412 109911989
110333636 110016154
110376114 110045890
775895154 775895155
109899319 109899317
109837836 109837841
110016097 110023993
110297098 110297086
110359661 109899312
110034111 109924618
967979769 967979793
634340577 634340576
634340576 634340575
634340575 634340574
110129524 109863891
110034176 110034186
109911989 109911993
110318197 110047708
110312350 110312359
109911993 110177031
110034186 110023983
110023993 110023983
110137069 109838233
110199141 110177089
110151426 110151417
534960904 534960909
110377311 109863903
110377311 110428116
967979886 967979887
967979887 967979817
109849658 109849653
967979888 967979817
109863903 109863891
967979811 967979813
