1308513604 -112.07633391 33.4484706
1300941487 -112.07759186 33.44877168
1300941484 -112.07504863 33.44752839
1308513978 -112.07269691 33.45102231
1300941488 -112.07778833 33.44903898
1301147442 -112.07378782 33.45386964
1308514200 -112.07413097 33.44897838
1256400657 -112.08602372 33.44915733
42354407 -112.08590118 33.44708818
1295670227 -112.07394448 33.44760802
1256291734 -112.07249273 33.45453927
1256291738 -112.07320067 33.45445051
1312382224 -112.07629141 33.44834362
1256400659 -112.08752517 33.44829844
1311411424 -112.06882791 33.45072131
1301147599 -112.07746932 33.45120327
1311411427 -112.06914676 33.45086808
41548384 -112.07379268 33.43910726
41548387 -112.0725126 33.43909033
1256224190 -112.06732227 33.44812393
1256224191 -112.06655181 33.45078678
1301147597 -112.07187758 33.45469157
1301147595 -112.07373283 33.45350679
1256224197 -112.06662557 33.45038486
1308514416 -112.07648436 33.44856507
267794088 -112.0679629 33.44587071
267794089 -112.06809961 33.44587917
42023642 -112.06868601 33.43801904
1312382146 -112.07639476 33.4484245
1308513850 -112.07268049 33.45060941
1311509160 -112.06920292 33.45073489
1311433518 -112.0711155 33.45022301
1263051737 -112.06726863 33.45153327
1301147293 -112.07499339 33.45349371
1256782385 -112.0686358 33.45553336
1257247479 -112.08672537 33.45147879
1257247477 -112.08667173 33.45177752
1315870001 -112.077947 33.44868057
41618217 -112.08694221 33.44293939
41618216 -112.08667609 33.44294659
339563628 -112.07673146 33.4475807
1311422959 -112.06893797 33.45118458
339563626 -112.07688812 33.44766326
339563627 -112.07679567 33.4476418
430975023 -112.0665218 33.44943033
1311422955 -112.06894626 33.45051839
1311422952 -112.0689383 33.45119632
1311422953 -112.0694791 33.45120143
430975027 -112.06647939 33.45026911
1311422951 -112.06933921 33.45113278
1311433600 -112.07091978 33.44939949
1311433603 -112.07013616 33.44799233
1311433604 -112.07075692 33.44712523
1263051887 -112.06735471 33.45120746
1264727228 -112.06842407 33.4518439
1264727227 -112.06836423 33.45249794
1313270385 -112.06723569 33.45062601
329598585 -112.07120142 33.44424998
1256304663 -112.077097 33.45141014
1256304665 -112.06626741 33.45549958
1256288493 -112.08717741 33.44752412
1278936162 -112.07028326 33.4463121
1256288491 -112.08598768 33.44830741
1256288490 -112.08713969 33.44761498
1256288496 -112.08679226 33.44761917
1256288495 -112.08603152 33.44805989
1256288494 -112.08177259 33.44811379
42217186 -112.08129943 33.45140427
1313270708 -112.06688708 33.45080387
1313270709 -112.07358339 33.44889791
41634718 -112.0712792 33.4493134
329681321 -112.08690298 33.4408999
329593731 -112.06989619 33.43809766
1264727310 -112.06899798 33.45169051
1260494201 -112.06610572 33.45020876
1256304590 -112.07710228 33.4547282
1256304593 -112.07709741 33.45225696
42354857 -112.06745454 33.45351408
1311411426 -112.06894618 33.45110696
1256371974 -112.07373258 33.44730594
1313270412 -112.07508349 33.45458302
1311411421 -112.06883219 33.45102558
1256264562 -112.07664454 33.44920419
1256264564 -112.07715022 33.44920226
1256264567 -112.07377969 33.44986267
430973639 -112.07551592 33.44758807
430973636 -112.07595312 33.44785697
430973637 -112.07537854 33.44794598
430973634 -112.07610206 33.44794598
430973635 -112.07552363 33.44785697
430973633 -112.07595312 33.44794598
1300763592 -112.07457161 33.44780843
339762765 -112.08597393 33.44714232
1300763596 -112.07350979 33.44769092
1300763597 -112.07393928 33.44666363
1300763594 -112.07453398 33.44780843
339762761 -112.08596069 33.44814882
1300763598 -112.07495131 33.44720083
1300763599 -112.07491493 33.44813533
317522163 -112.07517461 33.44504467
317522164 -112.07516597 33.44434998
331927568 -112.06869959 33.44632551
41823834 -112.07893531 33.44607799
41823831 -112.07770058 33.4460852
41823830 -112.07640507 33.44607179
331927566 -112.06994732 33.44636222
1256282059 -112.06978714 33.454794
1146691923 -112.07778817 33.45463533
42203712 -112.07126713 33.45142799
1146691924 -112.07881822 33.44449289
1146691926 -112.07883364 33.44712799
1256282053 -112.06866069 33.45516766
267794087 -112.06796684 33.446195
1256310601 -112.06744532 33.45147761
329677366 -112.08628499 33.44410791
1259254954 -112.07125724 33.4535606
1255440102 -112.07371087 33.4543863
1259254956 -112.06784656 33.45330914
1158509261 -112.07626467 33.44699933
1256281973 -112.06850513 33.45462611
1256281972 -112.06880553 33.45538249
1256281971 -112.0693983 33.45542499
1256281977 -112.06895029 33.45531761
41611968 -112.06990239 33.4431921
1308513613 -112.07440758 33.44902909
329604112 -112.07475434 33.44422861
1259255152 -112.06786131 33.45421087
430973742 -112.07782161 33.44836868
1300763591 -112.0739521 33.44720066
1256288530 -112.08691019 33.4479179
1158509317 -112.07817541 33.45036089
401892847 -112.07870246 33.44437328
401892844 -112.07870121 33.44422098
401892842 -112.0783117 33.44422333
1295309467 -112.07656701 33.45461261
42557052 -112.06641778 33.44094231
1158509190 -112.06847554 33.44467712
1158509192 -112.0794477 33.4502163
1255456779 -112.06710543 33.45470641
1255456770 -112.0666435 33.45470372
1255456771 -112.07369621 33.44920662
1255456772 -112.06676454 33.44836684
1255456773 -112.06845617 33.45526992
1255456774 -112.06790967 33.45445453
1255456775 -112.06676437 33.4484038
1255456776 -112.06745538 33.45525089
1255456777 -112.073043 33.44920947
41500739 -112.08254942 33.45334409
430974507 -112.07110804 33.44811236
1311509104 -112.06759636 33.45140402
1256288539 -112.08730456 33.44860497
1308513678 -112.07655762 33.44852274
1311411546 -112.06896856 33.45104611
1311411545 -112.0698448 33.45127041
1311411544 -112.06893294 33.45055032
1311411542 -112.06902396 33.45106782
1311411541 -112.06893151 33.45107226
1311411540 -112.06982997 33.45129053
1311411548 -112.07857296 33.44914904
1256372061 -112.06954264 33.45301888
1256372062 -112.06957901 33.45314301
430974131 -112.07911628 33.44949596
1300941491 -112.07782161 33.44870664
1300941490 -112.07558808 33.4487949
1300941492 -112.07558683 33.44872441
1300941495 -112.07501476 33.44761699
1300941494 -112.07503379 33.44802351
1300941497 -112.07786796 33.44900202
1300941498 -112.07741869 33.44923168
1158463112 -112.067577 33.44333769
1301147470 -112.07700622 33.45193912
1256291727 -112.0719272 33.45556136
41570875 -112.0846677 33.43885698
1311411439 -112.06893143 33.45090253
1311411438 -112.06897962 33.45090211
1256291723 -112.07319966 33.45438479
41570871 -112.08470198 33.44091968
41570873 -112.08469041 33.43989349
1311411431 -112.06921306 33.45075451
1311411430 -112.07874756 33.44915021
1311411434 -112.07894529 33.44846951
1256224183 -112.0726115 33.45352749
1311514893 -112.07752933 33.44730544
1308514390 -112.07497956 33.4493362
1256400689 -112.08708328 33.44912431
42026828 -112.07939523 33.44114382
1308513707 -112.0741754 33.44904661
41673724 -112.07895618 33.45473423
41673720 -112.07893381 33.45035687
41673722 -112.07896482 33.4514114
1256782375 -112.06627252 33.45474689
1256400620 -112.08697641 33.44873757
329644718 -112.08726843 33.44367708
1308514089 -112.07416769 33.44880764
1311509315 -112.06943644 33.45052241
1311509116 -112.06787279 33.45082768
1311509113 -112.0692517 33.45075367
1278936280 -112.07125422 33.44753686
1263051728 -112.06617646 33.451229
1308514262 -112.07497369 33.44923621
1308514265 -112.07267747 33.45049844
1308514068 -112.0743256 33.4488721
1257247443 -112.08640879 33.45175732
1311509283 -112.06792426 33.45085274
1311509280 -112.06924952 33.45073992
1257247447 -112.08726709 33.45180434
1257247449 -112.08676787 33.45174156
1308514060 -112.0742158 33.44904527
1278935950 -112.06850228 33.44427563
1278935956 -112.07171497 33.44745547
42674699 -112.08153236 33.44012667
1256288553 -112.08689829 33.44793701
430975039 -112.06716871 33.44681032
1256288556 -112.08732074 33.44834647
1256288557 -112.08590428 33.44805989
1256288554 -112.08256879 33.44808219
1256288555 -112.08702184 33.44747182
1311422944 -112.06771111 33.45049936
1311422947 -112.06920971 33.45098727
1301147301 -112.07673523 33.45140813
1311422943 -112.06890721 33.45119967
1311422942 -112.06784497 33.450668
1301171801 -112.07202117 33.44715959
41496939 -112.07120921 33.44114859
41496936 -112.07120703 33.44220379
41639648 -112.07424539 33.44017688
41496932 -112.07122421 33.44320652
1313270393 -112.06736041 33.45103111
1307391599 -112.06651627 33.4542102
1256304614 -112.06993441 33.4544495
1311509166 -112.06807212 33.45085819
1313270713 -112.06689857 33.45079248
1313270711 -112.0710052 33.45372899
41599801 -112.07834171 33.44012441
41599802 -112.07834171 33.43910014
1313270714 -112.06806273 33.45227188
1278936114 -112.06993742 33.44514894
1278936115 -112.07246658 33.44725213
1313270575 -112.06934256 33.4527525
430974999 -112.06679471 33.4491943
1278936022 -112.06760994 33.44822242
1313270405 -112.07047579 33.45361181
1256264555 -112.07619804 33.44884092
1313270889 -112.07526957 33.45460817
1256264557 -112.07655896 33.44915281
1301147439 -112.07671981 33.45063657
1313270881 -112.06659682 33.45121199
1256282113 -112.06983273 33.45535122
1256264558 -112.07714863 33.44919396
1300763581 -112.07444546 33.44780818
1300763583 -112.07488501 33.44799443
1300763582 -112.07384834 33.44728247
1300763585 -112.07426559 33.4476185
41545999 -112.08590478 33.4481997
329378570 -112.06640068 33.44321272
42037498 -112.07892316 33.44713109
1259255012 -112.06749586 33.4514984
1158509320 -112.07616099 33.44771489
1259255016 -112.06828359 33.45282391
331927573 -112.06760248 33.44638376
1259255019 -112.06619298 33.45023994
331927574 -112.06740668 33.44648401
1146691914 -112.07759513 33.4450336
1146691915 -112.07628596 33.4493124
1146691916 -112.0763505 33.45140679
1146691910 -112.07902198 33.44607757
329636182 -112.08351762 33.44391336
1146691913 -112.07903271 33.44503746
1146691918 -112.08142298 33.44833297
1295673537 -112.07556629 33.4484178
1256282062 -112.0692776 33.45480741
1257247571 -112.08666896 33.45169906
1295673536 -112.07622846 33.44882533
1311422958 -112.06765537 33.45074948
331927685 -112.06742386 33.44652692
1311422956 -112.06984413 33.450293
1311422957 -112.06892347 33.45051076
986255669 -112.07891771 33.44986116
1256281905 -112.0694009 33.45544292
317300572 -112.07983302 33.44213213
430975025 -112.06647939 33.44970132
1257247562 -112.08662303 33.45175723
430975024 -112.06649422 33.44954827
339761108 -112.08558468 33.44862844
1146691865 -112.07632913 33.45463533
401892859 -112.07939707 33.444325
1257247561 -112.08651121 33.45158758
401892852 -112.07909667 33.44437093
401892856 -112.07909633 33.44432676
1295309454 -112.07621371 33.45109691
1295309455 -112.07765062 33.4541019
42557042 -112.06641778 33.44245349
1295309452 -112.07628219 33.45067178
339761102 -112.08559331 33.44911542
42557048 -112.06643496 33.44220278
1255456769 -112.06711557 33.45489902
1255456768 -112.07369168 33.44889381
1255456767 -112.06666538 33.45540931
1255456766 -112.06634561 33.45541233
1255456765 -112.0673812 33.45539632
1255456763 -112.06710811 33.45504487
1255456762 -112.06716997 33.4549126
1255456761 -112.06711289 33.45539883
1255456760 -112.06633463 33.45459249
329604033 -112.07639576 33.44412811
430974514 -112.07092641 33.44811404
430974515 -112.07026566 33.44811848
1259255232 -112.06773533 33.45330009
1158509146 -112.07957343 33.4498615
1259255237 -112.06608971 33.44986837
1301147681 -112.07670481 33.45121132
1256372281 -112.07463112 33.44795042
430973661 -112.0748975 33.4497553
1256372076 -112.06962729 33.45295853
1300941390 -112.0773316 33.44923311
41318465 -112.0813203 33.4425741
1311411574 -112.06878382 33.45075057
1256224086 -112.06728388 33.44945539
1256224087 -112.06678927 33.44842568
1311411575 -112.06913452 33.45081402
1311411598 -112.0699816 33.45127033
1158463108 -112.08570798 33.44841872
1256224081 -112.0674563 33.45136119
1158463105 -112.08590386 33.44849064
1311411572 -112.06915414 33.45077236
1311411590 -112.0691284 33.45094368
1311411593 -112.06888541 33.45083254
41929197 -112.06992804 33.4411558
329598589 -112.07252391 33.44426431
41929191 -112.07249097 33.44116678
1311411570 -112.07813057 33.44871309
1256224144 -112.06736368 33.44885676
41570864 -112.08471916 33.44296093
1256372252 -112.06957658 33.45305961
1256372251 -112.06943099 33.45277253
1255439899 -112.06733878 33.45357418
1256224176 -112.06617839 33.45093229
329377247 -112.06663244 33.44320551
1255439896 -112.07192343 33.45437482
1256400693 -112.08703206 33.44873321
42026839 -112.08151736 33.44109126
1308513711 -112.07496028 33.44825913
1312382165 -112.07656064 33.44855107
1256288391 -112.08702972 33.44840246
317301816 -112.07438268 33.44011242
1158463037 -112.08478546 33.4484929
1311422876 -112.06891936 33.45053121
1300763525 -112.07495047 33.44800943
1256372499 -112.07374868 33.44764608
1300763529 -112.07449274 33.44793031
1308513955 -112.07427053 33.44902297
1256782499 -112.06744657 33.45552523
1311433576 -112.07038636 33.4491104
1278936294 -112.06670318 33.44646314
1311509107 -112.0681121 33.45090303
1308513827 -112.07412419 33.44902959
1278936293 -112.06795863 33.44587288
1311509102 -112.06782619 33.4508887
1308514275 -112.07423667 33.44898794
1311509109 -112.06958782 33.45045871
1311509108 -112.06807161 33.45086858
1311433578 -112.07080814 33.44704551
41191280 -112.07834171 33.43811887
1257247453 -112.08662227 33.45173829
41191287 -112.08045889 33.43810286
41191284 -112.07943479 33.438112
1295670203 -112.07514108 33.44814673
1278935927 -112.06748572 33.44662768
1278935924 -112.06758362 33.44619131
1308514072 -112.07657732 33.44845283
1311422970 -112.06994782 33.45045661
1256288540 -112.08662068 33.44795042
1311422972 -112.06975763 33.45105558
1256288542 -112.08730062 33.44829953
1311422975 -112.07009148 33.45044798
1256288547 -112.08730196 33.4483499
1311422977 -112.06878257 33.45050221
1256288549 -112.08681129 33.44760459
1256288548 -112.08700583 33.44779477
430975005 -112.06661769 33.44943209
430975004 -112.06677619 33.4492404
430975003 -112.06673939 33.44937132
430975002 -112.06675037 33.44918508
1301147317 -112.07322137 33.45469316
430975000 -112.0668352 33.44906337
41496927 -112.0712124 33.4450476
1256224220 -112.07374306 33.45448504
1256224226 -112.06732076 33.44828939
1311411493 -112.069189 33.45080044
1312382206 -112.07635201 33.44839031
1308514119 -112.07421429 33.44897167
1300941464 -112.07688359 33.44923922
1259255140 -112.06753023 33.45149278
41601190 -112.07770552 33.45036206
430975342 -112.0710233 33.45295618
1307391584 -112.07357701 33.45429276
1307391583 -112.072826 33.45430617
1307391580 -112.070597 33.45476893
1300941503 -112.07754291 33.4487716
42345818 -112.08254741 33.4401172
1313270506 -112.0731751 33.44913772
1313270502 -112.0739687 33.45434196
1313270503 -112.06765419 33.45216937
1256281914 -112.06907367 33.45463734
1256281910 -112.06909253 33.45529297
1256304739 -112.0699075 33.4514865
1278936161 -112.06859431 33.44639491
41191269 -112.07508014 33.43811166
1315690232 -112.07419987 33.44900973
1278936030 -112.06607664 33.44494518
41191267 -112.07377684 33.43809951
1256224083 -112.06646698 33.45086104
1278936165 -112.0672532 33.44636549
1256281919 -112.06916621 33.45480187
1256281918 -112.06988093 33.45479618
1256288371 -112.08680173 33.44757667
1313270185 -112.07317049 33.44894963
1256224282 -112.06609709 33.44943033
1259255136 -112.06758907 33.45221153
329621902 -112.08544017 33.44091968
1146691909 -112.07780032 33.44940376
1146691908 -112.07780954 33.44608461
1158509334 -112.07655938 33.44715062
1146691903 -112.07759941 33.45036399
1158509338 -112.07655728 33.44702012
1146691907 -112.08143782 33.4470176
339761106 -112.08558468 33.44858552
339761105 -112.08490667 33.44859256
339761104 -112.08491522 33.44911542
1256282071 -112.06866597 33.45513858
1256282075 -112.06898792 33.45540043
1256282079 -112.06877871 33.45539154
1158509208 -112.07948047 33.45023977
1158509203 -112.0761169 33.44787574
1158509202 -112.07644413 33.44815419
1256281915 -112.06886178 33.45510496
1257227692 -112.08692637 33.45217339
1259254999 -112.06984824 33.45148557
1256281912 -112.06849699 33.45478503
1259254990 -112.06617194 33.44975413
1259254991 -112.06759376 33.45281763
1259255134 -112.06662917 33.44938884
430974344 -112.07415553 33.45418472
430974343 -112.0762013 33.45154567
430974341 -112.0762013 33.4525168
1259255138 -112.06814739 33.44993752
1295309448 -112.07770887 33.4541019
1295309446 -112.07620022 33.4506784
42557032 -112.06745638 33.44412224
330513500 -112.08129943 33.45474186
42557038 -112.06691558 33.44372829
329626626 -112.08694221 33.44324021
1301147674 -112.07192519 33.45469224
1259255221 -112.06985679 33.45434741
1301147678 -112.07672098 33.45083271
1301147679 -112.0774772 33.45130084
1259255225 -112.06790892 33.45290966
1259255224 -112.0661452 33.44912339
1259255227 -112.06870612 33.45231446
341648598 -112.07743898 33.44841101
1300941388 -112.07812034 33.44877043
1300941385 -112.0782138 33.44864377
1300941384 -112.07588388 33.44919899
41607956 -112.07256792 33.4544474
41607957 -112.07254462 33.45556488
1256372002 -112.07408563 33.44792042
1256372003 -112.0696749 33.45298342
41607952 -112.07255367 33.45141517
41607953 -112.07257898 33.45240683
41318453 -112.07817893 33.44365562
317298375 -112.06747021 33.44693831
1311411582 -112.06873596 33.4509286
1158463132 -112.08491094 33.4484214
1158463134 -112.06847017 33.44406742
1311411586 -112.06917023 33.45076683
1301147410 -112.07228168 33.45501218
41570852 -112.08474188 33.44601697
41570855 -112.08475646 33.44508339
1311411459 -112.06979334 33.45224078
1257247526 -112.08707272 33.45208748
1311411455 -112.0697811 33.45255561
1311411454 -112.06850479 33.45086883
1311411451 -112.0687254 33.45086951
1311411450 -112.06954716 33.45305509
42290362 -112.08145517 33.45036097
1308513728 -112.07307066 33.45049224
1256264465 -112.07386803 33.44984842
1278935910 -112.06761539 33.44838184
1256372537 -112.06940341 33.45289021
1256372535 -112.07373527 33.44738423
1158463004 -112.08570839 33.44849508
1301147522 -112.07661847 33.45128508
1256291674 -112.07129697 33.45550998
1256291677 -112.07321307 33.45460666
1256288513 -112.08686049 33.44772604
1256782484 -112.06622357 33.45529507
1256224302 -112.06736569 33.44956293
1308513926 -112.07421681 33.44901316
1256400759 -112.08604786 33.44832208
1308513584 -112.07647682 33.44836541
1158509124 -112.07957712 33.4502241
1311433567 -112.07089162 33.4469482
1311433566 -112.07042668 33.44910863
317519562 -112.08017307 33.44438158
1311433569 -112.07096547 33.44735313
1311433568 -112.07108147 33.44745874
41191294 -112.08254456 33.4381244
331908815 -112.07387273 33.45350536
1278935938 -112.07007413 33.44515288
1278935934 -112.06755009 33.44677989
1308514041 -112.0744142 33.44922774
430975010 -112.06671198 33.44970132
430975011 -112.0670859 33.44916479
430975012 -112.0670859 33.44970132
430975013 -112.0668979 33.44907997
430975014 -112.06687476 33.44916479
1311422962 -112.06909907 33.4504681
430975016 -112.06660847 33.45021379
430975017 -112.06728321 33.45021379
430975018 -112.06728321 33.44970132
1311422969 -112.06774229 33.45120461
331915940 -112.07125766 33.44698944
1256224230 -112.06736896 33.45031437
1308514445 -112.07350418 33.45048972
1313270375 -112.06791001 33.45224389
1315869999 -112.07797517 33.44854294
1311422982 -112.06936796 33.45099121
1307391572 -112.07338918 33.45429502
1158509151 -112.06847713 33.44490628
1307391571 -112.07357014 33.45407642
1307391577 -112.07185613 33.45428639
1307391574 -112.07191631 33.4545557
1307391575 -112.06721222 33.45466198
1158509152 -112.07839426 33.45024413
430973638 -112.07552363 33.44794598
1256288379 -112.08724027 33.44840472
1256288374 -112.08602749 33.44708784
1158462970 -112.08491169 33.44857974
1256288372 -112.08715243 33.4475548
1278936135 -112.06726762 33.44639256
1278936137 -112.06810749 33.4460023
1311509138 -112.0678282 33.45085232
1311509133 -112.06756258 33.45029568
1263051707 -112.06737323 33.45053976
1313270516 -112.06715941 33.45055929
41514412 -112.07894571 33.44437437
41634707 -112.0662514 33.44938038
1146691888 -112.07892601 33.44702028
1307391487 -112.07059331 33.45443248
1307391485 -112.06623472 33.45429142
1307391482 -112.0718552 33.45443408
1307391483 -112.0662312 33.4545386
1307391481 -112.06701792 33.4536616
339567256 -112.08606647 33.44843423
339567255 -112.08606647 33.44915038
339567254 -112.08682176 33.44915038
339567252 -112.08682176 33.44910738
339567251 -112.08688186 33.44910738
1307391489 -112.07257026 33.45453868
1313270176 -112.07304041 33.44902163
1313270174 -112.06695623 33.45085744
1278936009 -112.06612642 33.44703478
1315690220 -112.07420683 33.4490042
41191273 -112.07726019 33.43811887
41191270 -112.07620449 33.43811887
1257247481 -112.08662613 33.4518356
1313270179 -112.06806047 33.45216216
41607950 -112.07255367 33.45039827
1300763595 -112.07375689 33.44728356
1300941380 -112.07403802 33.44789569
1129096185 -112.07530846 33.44886589
1129096186 -112.07531961 33.44920469
1300941383 -112.07655234 33.44924409
1129096182 -112.07622997 33.44885776
1313270191 -112.06934868 33.4527235
1313270195 -112.06717668 33.45056172
1256400802 -112.0860404 33.44840623
1256264442 -112.07369227 33.44895349
1259255035 -112.06626607 33.45024178
1158509306 -112.07609804 33.44787792
1256264446 -112.07450179 33.44948029
331927557 -112.07255652 33.44710704
339761110 -112.08571007 33.44863263
339761111 -112.08571594 33.44906522
339761112 -112.08559331 33.4490653
331932707 -112.0751658 33.4502868
331932708 -112.07513999 33.4493414
42557066 -112.06667527 33.43928781
1158509233 -112.07626828 33.4471549
41611976 -112.06618267 33.44320702
1158509236 -112.07829837 33.4502448
1256264539 -112.07647171 33.44853766
1158509238 -112.07834171 33.45024447
1256264537 -112.07377893 33.44895374
1256264535 -112.07283564 33.45048394
1256264532 -112.07620231 33.4488213
1256264530 -112.07624757 33.44882826
430974358 -112.07479952 33.45448588
430974359 -112.07479952 33.45418832
1259254985 -112.06997213 33.4535606
1259255101 -112.06614378 33.44929731
430974352 -112.07581549 33.45154567
430974353 -112.07468653 33.45402529
430974354 -112.07426919 33.45402227
430974355 -112.07426626 33.45418472
430974357 -112.07415478 33.45448169
1301323285 -112.07255082 33.44776602
1257227593 -112.08692914 33.45175706
1295309438 -112.07643633 33.45109867
401892835 -112.07983377 33.44408863
1295309430 -112.07733823 33.44831696
1295309431 -112.0762904 33.45127946
41803783 -112.08367821 33.44710251
330513518 -112.08144519 33.45140704
42557022 -112.06870093 33.44420824
329677449 -112.08639663 33.4441587
41803789 -112.08364318 33.44604572
1255456781 -112.0673703 33.45458277
1255456780 -112.06717182 33.45504428
430974539 -112.06854871 33.45075643
1256288423 -112.08695093 33.4477703
1257227573 -112.08690743 33.4517341
430974536 -112.06773961 33.45098249
1257227576 -112.08704179 33.45228747
1256288420 -112.0871381 33.44772436
1301147661 -112.07643717 33.45097378
1158509164 -112.07809478 33.44878149
1259255216 -112.06785326 33.45024656
1158509167 -112.07834062 33.44985488
1301171796 -112.07180516 33.4476838
1259255213 -112.06785528 33.4515108
1255440063 -112.07370987 33.45403862
41607948 -112.0725452 33.44933117
341648586 -112.07724292 33.44841319
1256281922 -112.06925883 33.45528182
1300941358 -112.07386141 33.44757324
1300941359 -112.07688359 33.44920327
1300941352 -112.07779437 33.44870781
1300941351 -112.07723228 33.44919514
1300941357 -112.07771231 33.44907704
1313270613 -112.07128289 33.44955682
41570849 -112.08476979 33.44710578
1301147403 -112.07635536 33.45210173
41570847 -112.08478102 33.44820942
1301147409 -112.07321869 33.45535558
331929862 -112.07384457 33.44720041
1146691848 -112.08018631 33.44705322
1311411466 -112.06871023 33.45118978
1311411467 -112.06894492 33.4511327
1311411468 -112.06873596 33.4508162
1256224155 -112.06721004 33.45058888
1256224156 -112.06689102 33.44900453
1308513736 -112.0763365 33.44844437
1311411480 -112.06933627 33.45284864
1311411481 -112.06899446 33.45126589
1256372525 -112.0684457 33.45336119
1158463016 -112.08491128 33.44849743
1311411484 -112.07835051 33.44860061
1311411485 -112.06919026 33.45076574
41673717 -112.07894571 33.44823457
1301147530 -112.07653013 33.45097386
41823838 -112.08142021 33.4460743
1301147535 -112.06921432 33.45553571
41673718 -112.07893347 33.44931433
1301171793 -112.07292691 33.44765203
1308513934 -112.07493178 33.44949814
330560659 -112.08266954 33.45158239
1308513844 -112.07636953 33.44853799
331901576 -112.06995352 33.44828922
331901577 -112.07124911 33.44831428
331901574 -112.06747918 33.44828981
331901579 -112.0725452 33.44832149
329648726 -112.08129457 33.44419994
1308513848 -112.07378187 33.44924358
1278935902 -112.06823967 33.44600264
1256288563 -112.08747228 33.44853791
1256288562 -112.08691262 33.44804497
1256288561 -112.08607628 33.44804891
1256288567 -112.08742568 33.44853707
1256288566 -112.08743197 33.44849433
1256288564 -112.08682989 33.4478889
1301147333 -112.07516547 33.4538517
1301147331 -112.0775948 33.4504795
41496944 -112.07120938 33.43810487
41496941 -112.0712186 33.43910131
42026811 -112.07620424 33.44115723
42026813 -112.07643348 33.44115949
1255440060 -112.07272541 33.45544376
1256224201 -112.0661053 33.45004883
41610859 -112.08704036 33.45107553
1313270346 -112.07515843 33.45459023
1313270347 -112.07358339 33.44894091
1307391561 -112.070699 33.45476801
1307391560 -112.06710811 33.45466274
1307391562 -112.06664409 33.45466567
1307391567 -112.07337744 33.45407064
1307391566 -112.0679722 33.45453256
339563480 -112.07678368 33.44775211
1313270741 -112.06765713 33.45224447
1278936129 -112.07168539 33.4474978
1313270749 -112.0672408 33.45061578
1146691879 -112.07495676 33.44836491
1311433559 -112.07110058 33.44760408
41559946 -112.07380768 33.44322077
1311433550 -112.07038317 33.44863757
1311433551 -112.07028527 33.44920402
1311509125 -112.06905498 33.45051059
1311433553 -112.07088139 33.44712062
41559948 -112.07380299 33.4411708
1311509121 -112.06938372 33.45050808
1146691878 -112.07778842 33.44893689
41599884 -112.07508651 33.44716688
1263051917 -112.06618292 33.45137284
1256304712 -112.06791848 33.45445621
430975253 -112.0710067 33.45370737
1256371934 -112.06905523 33.45333798
430975256 -112.07053749 33.45367392
1301171773 -112.07180139 33.44723427
1301171770 -112.07017078 33.44699262
1307391492 -112.06722831 33.45421439
339567248 -112.08681321 33.44843423
339567249 -112.08681321 33.44847723
430975259 -112.07079171 33.45391591
1301171779 -112.07201899 33.44721449
1278936010 -112.06743157 33.44625686
1257247495 -112.08671858 33.45158691
1257247499 -112.08666913 33.45173938
1257247498 -112.08676887 33.45167073
41706261 -112.0674905 33.45038964
42604678 -112.08021733 33.45037187
1313270231 -112.07295843 33.44901543
621056082 -112.07517771 33.45207784
1301147391 -112.07643206 33.45203979
329604848 -112.08432437 33.44348371
621056080 -112.07575103 33.45265519
1256264451 -112.07442359 33.4498496
1256264450 -112.07450322 33.45038394
1146691969 -112.07780032 33.44834412
1301147397 -112.0767012 33.45097411
1146691965 -112.07758817 33.44824253
1146691967 -112.07764878 33.45141324
1146691961 -112.07884353 33.44922347
1146691960 -112.07764869 33.45464421
1146691963 -112.07884119 33.44724861
1312382261 -112.07636349 33.44840129
1256282010 -112.06977096 33.45538467
329639602 -112.08250676 33.44136384
1158509227 -112.07667782 33.44773107
1158509225 -112.07627096 33.44728213
1256264528 -112.07638026 33.4484934
317522054 -112.08104563 33.44254552
41500744 -112.08634073 33.45333001
1256264527 -112.07658629 33.44886263
1256264522 -112.07648981 33.44842761
1259255118 -112.06817773 33.45016157
1259255116 -112.06669899 33.44840221
1259255113 -112.06609608 33.44863942
1158509220 -112.07816996 33.45025302
41500742 -112.08523591 33.45333689
1257227587 -112.08677893 33.4522024
1313270838 -112.0753575 33.45464128
42557019 -112.06992829 33.44420824
430974360 -112.07468443 33.45418706
42557012 -112.07252274 33.44421419
42557016 -112.07120091 33.44421419
1308514309 -112.07635101 33.44841361
1313270355 -112.07378237 33.45439007
1259255027 -112.06789459 33.4528209
1158509315 -112.07654672 33.44698399
1300385401 -112.06811729 33.45553261
1257227567 -112.08715167 33.45234338
1257227566 -112.08710876 33.45230759
1158509173 -112.07839032 33.4498439
1301147655 -112.07340292 33.45469677
1158509171 -112.07616317 33.44773551
1259255200 -112.06878391 33.45223609
1259255207 -112.06777548 33.45018169
1259255205 -112.06736778 33.45276189
1301147658 -112.07748633 33.45141232
1301147659 -112.0762013 33.45210173
1301171804 -112.07017623 33.44683152
1256372022 -112.06654803 33.45351693
1256372025 -112.0690958 33.45325734
1256372026 -112.07467538 33.44804933
341648579 -112.07723312 33.44837949
1256281938 -112.0688109 33.45504679
1256281933 -112.06911658 33.45486113
1256281931 -112.06926419 33.45542281
1256281930 -112.06909253 33.45486113
1301147438 -112.07282608 33.45469987
1300941348 -112.07587894 33.44886087
1301171802 -112.07150124 33.44744466
1311514902 -112.07784173 33.44949336
1256372284 -112.07498249 33.4480153
1311411476 -112.0788499 33.44853112
1311411475 -112.06893453 33.45069642
1311411472 -112.06875893 33.45096799
1301171808 -112.070065 33.44673991
1256224147 -112.06670033 33.44835871
331925161 -112.06723502 33.44663438
1311411478 -112.06960332 33.45300018
1158463066 -112.06760918 33.44401361
1311411490 -112.06868869 33.45126371
1256372516 -112.0687938 33.4533596
1256372517 -112.07399259 33.4481453
1311411495 -112.0691823 33.4508664
1311411494 -112.06919973 33.45086867
431002819 -112.07092129 33.44904267
1278935878 -112.06759083 33.44812317
1300941501 -112.0786567 33.44913043
1308514281 -112.07653381 33.4483872
41913385 -112.07126579 33.45555767
1278935871 -112.06860152 33.44647102
1311514878 -112.0774979 33.44807992
1256291656 -112.07321793 33.45556639
1257227966 -112.08699518 33.45208564
1311433563 -112.07079808 33.44687293
1256372358 -112.06905707 33.45348902
1256400771 -112.086964 33.44881426
1308513909 -112.07394557 33.44924107
1307391603 -112.0668274 33.45365959
1256400778 -112.08689293 33.44843833
1311509242 -112.06958782 33.45050439
1311509240 -112.06854947 33.45089767
42023781 -112.06870612 33.44506202
1255440126 -112.06654736 33.45356722
42557058 -112.06645206 33.43953851
1311509248 -112.06792828 33.45088292
1278935915 -112.0685291 33.44460462
1308514020 -112.07394071 33.44935456
1256288519 -112.08752727 33.4483924
1256288514 -112.08710172 33.44804413
1256288515 -112.0873717 33.44857261
1308513695 -112.07394506 33.44890563
1256288511 -112.08687323 33.44764029
1278936332 -112.06742813 33.44619324
41882907 -112.07727201 33.4411553
1256224210 -112.0661711 33.45029861
42023812 -112.06868022 33.44219943
42026865 -112.08612682 33.44091968
41882908 -112.07726312 33.44010831
41191290 -112.08152323 33.43811007
1313270683 -112.06934851 33.4527385
1307391556 -112.06631519 33.45351626
1307391550 -112.06664987 33.45365766
1307391551 -112.07059331 33.45453508
1307391553 -112.06722831 33.45366386
1308514334 -112.07274033 33.45053088
339563723 -112.07702969 33.44744893
339563722 -112.07697328 33.44740183
1313270755 -112.06926939 33.45269156
1256288421 -112.08707532 33.44786199
1313270753 -112.06736678 33.45112842
339563726 -112.07703162 33.44759302
1256288429 -112.08731001 33.44836558
1256288470 -112.08621299 33.44764834
1278936242 -112.06659271 33.44654486
1278936240 -112.06824747 33.44623599
1278936183 -112.07170483 33.44739303
1311433549 -112.07095977 33.44685072
1311433547 -112.07105884 33.44755698
1308513871 -112.07306471 33.45044597
1308513872 -112.07394532 33.44881083
1256288472 -112.08734354 33.44835661
1311433540 -112.07029642 33.44910771
1311422967 -112.0693097 33.45101812
1311422966 -112.06943166 33.45100353
1263051905 -112.06734373 33.45163846
1311422964 -112.06892673 33.4512052
1263051902 -112.06736309 33.45140109
1256288570 -112.08736231 33.4483924
430975015 -112.06660847 33.45026911
1301171765 -112.071993 33.44784984
1301171767 -112.07231101 33.44727006
430975264 -112.07046792 33.4539201
430975263 -112.07017438 33.45392069
430975262 -112.07016357 33.45370812
430975261 -112.07028351 33.45361751
430975260 -112.07100964 33.45391893
1311422960 -112.06894224 33.45053188
1301171769 -112.07292951 33.44758061
431002801 -112.070755 33.4486053
329635418 -112.08695202 33.44235919
1278936065 -112.06985947 33.44650681
339762335 -112.08715302 33.44763593
339762334 -112.08712209 33.44761213
1313270351 -112.06677108 33.45075576
1264727295 -112.06837286 33.451588
339762331 -112.08701136 33.44751758
1264727293 -112.06841753 33.45146412
339762333 -112.08709024 33.44754994
1264727291 -112.06842139 33.45149463
1313270227 -112.07398018 33.45457883
1313270225 -112.06668541 33.45049081
1256282029 -112.06912472 33.45521686
1256264466 -112.07140074 33.44886296
1263051839 -112.06619658 33.45038897
1307391608 -112.06745479 33.45454237
1307391604 -112.07303521 33.45430617
1158509245 -112.07616082 33.44776258
1307391606 -112.06999233 33.45452762
1307391607 -112.06702589 33.45421372
1307391601 -112.07145514 33.45428178
1263051836 -112.06659908 33.45070371
1256400829 -112.08697398 33.44830154
1256400820 -112.08697398 33.44832124
1256400822 -112.08695864 33.44870463
430974508 -112.07110217 33.44734559
1313270535 -112.07057009 33.45364844
1146691951 -112.08240157 33.44721432
1146691952 -112.07884688 33.44823298
1146691953 -112.07777752 33.44408109
1146691954 -112.07780971 33.44702632
1256264462 -112.0765018 33.44844764
1146691958 -112.0790328 33.44724123
1146691959 -112.0781993 33.44862131
41966200 -112.07252224 33.44504341
1256282025 -112.06939562 33.45465519
1256264469 -112.07650381 33.44846306
1256264581 -112.07278258 33.4503961
1256400656 -112.08683626 33.44844621
1256264510 -112.07331039 33.44894242
986261570 -112.07949992 33.44930963
986261573 -112.080205 33.44982302
1256304505 -112.07661353 33.45225512
986261576 -112.08144276 33.44984859
1256264519 -112.07254923 33.44983761
430974339 -112.07581549 33.4525168
329598861 -112.07421354 33.44425308
1300763571 -112.07451772 33.4479951
341648628 -112.0762345 33.44872432
1313270821 -112.06931163 33.45268788
341648622 -112.07530553 33.44872441
1313270824 -112.07479993 33.45438949
1158509369 -112.0762889 33.44842593
1259255057 -112.06667309 33.44843833
1158509361 -112.07827088 33.44859692
331932987 -112.07517444 33.45141106
1301147648 -112.07669014 33.45204741
41754070 -112.07126579 33.45239971
331932983 -112.07515717 33.45471956
1301147643 -112.07339789 33.45535516
331909967 -112.0737983 33.44831428
1301147647 -112.06920334 33.45528551
1259255272 -112.06777682 33.4532565
1259255273 -112.0725385 33.45340637
1255439988 -112.07141524 33.45419637
1256264418 -112.07640607 33.44852274
1259255279 -112.06744507 33.45150963
341648561 -112.07693028 33.44845208
329641136 -112.082376 33.44151413
1295670232 -112.07396602 33.44812502
430975236 -112.06717207 33.4474175
1301171790 -112.07199853 33.4482489
1308513944 -112.07394071 33.44955422
1300941379 -112.07606552 33.44872441
1300941375 -112.0740345 33.44787541
317300711 -112.08087153 33.44117961
1300941377 -112.07442401 33.4481422
1300941370 -112.07839359 33.44864947
41723609 -112.08522727 33.45138189
431002829 -112.0708881 33.44936789
431002828 -112.07072968 33.44923512
431002825 -112.07103788 33.44936839
431002824 -112.07083823 33.44916278
1260494204 -112.06603783 33.45020767
1256372290 -112.06898164 33.45385397
1259255306 -112.06794924 33.45282073
1259255307 -112.06985679 33.45357183
431002823 -112.07077084 33.44916362
42482209 -112.07513152 33.45037992
42290358 -112.08144494 33.44928717
1158463118 -112.06843539 33.44328849
1256224139 -112.06669841 33.44842392
42290355 -112.0814208 33.44824119
1256264512 -112.0725452 33.44895357
42556971 -112.08323431 33.44395636
1308514102 -112.07429953 33.44921986
329644723 -112.08745719 33.44377741
1308514108 -112.07400223 33.4491772
1278935869 -112.07142588 33.44699916
329648092 -112.08551737 33.4440209
1256782453 -112.06744381 33.4555363
1256400761 -112.08691304 33.44882549
1256400760 -112.0868366 33.44840288
1256224043 -112.06773324 33.4483857
1308513915 -112.07268501 33.45095123
1256224041 -112.0673294 33.44822091
1256224047 -112.06740131 33.45031588
1256224044 -112.06737659 33.45038897
1255439966 -112.07274201 33.45404767
1308513919 -112.07656131 33.44841411
1256372346 -112.0690968 33.45333789
1311509251 -112.06943359 33.45053314
1311509252 -112.0692284 33.45089172
1311509255 -112.06785452 33.45091317
1308514035 -112.07643499 33.44856641
1256288508 -112.08616202 33.44801874
1308513689 -112.07440707 33.44893303
1256288505 -112.08681648 33.4477703
1256288506 -112.08692469 33.44819434
1256288501 -112.0874696 33.44850212
1256288500 -112.08710214 33.44805453
1308513680 -112.07347283 33.44834563
1301147352 -112.07751961 33.45082843
41882910 -112.07726882 33.43910014
1278936321 -112.06720886 33.44664628
1313270543 -112.07527611 33.45463767
1256224260 -112.06738346 33.45044521
1311509320 -112.06808092 33.45089222
42205597 -112.08014072 33.45474848
1313270672 -112.07136528 33.4501065
1307391542 -112.0712642 33.45454338
1307391541 -112.07024571 33.45477162
1307391546 -112.07369193 33.45445176
1278948995 -112.06671618 33.44800851
1278948990 -112.06712421 33.44783417
1308514324 -112.07416962 33.44906999
1311422880 -112.0694211 33.45110026
1257247543 -112.08726324 33.45209217
1256288432 -112.08737572 33.44839802
1257247545 -112.0867656 33.45169906
1256288434 -112.08703508 33.44744692
1311422886 -112.06792317 33.45053792
1256288436 -112.08687583 33.44761808
1311422888 -112.06893872 33.45051076
1311422889 -112.06891592 33.45051897
1278936253 -112.06881609 33.44646213
1278936252 -112.06811126 33.44521423
1311422868 -112.06891651 33.4512052
1311422869 -112.06784488 33.45074579
1313270788 -112.07102246 33.4537362
329678506 -112.08510909 33.44368596
1263051933 -112.06731146 33.45124024
1311422866 -112.06894702 33.45052291
1311422864 -112.06891542 33.4505235
1311422865 -112.06891919 33.45051369
41913628 -112.0674532 33.455528
1256224065 -112.06634662 33.45032024
339563025 -112.08709652 33.44912171
339563026 -112.08709652 33.44882088
339563027 -112.08750849 33.44882088
1278936077 -112.06834226 33.44600289
1264727289 -112.06884124 33.4518864
1278936070 -112.06845668 33.44460462
339762328 -112.08686962 33.44772897
339762329 -112.0868169 33.44758103
1264727285 -112.06841712 33.45162958
339762327 -112.08687113 33.44775881
339762324 -112.08700482 33.44776703
339762325 -112.08695101 33.44776007
339762323 -112.08706249 33.44776988
1264727283 -112.0682872 33.45176176
339762321 -112.08713843 33.44775898
1295673544 -112.07622528 33.44879767
1295673545 -112.07702357 33.44767742
1295673546 -112.07673657 33.44769084
1295673540 -112.07727813 33.44811119
1295673541 -112.07607289 33.44842191
1295673542 -112.07607256 33.44835208
1295673543 -112.07525993 33.44725003
1313270519 -112.07498794 33.4534104
329639599 -112.08267641 33.44157858
1307391615 -112.06669723 33.45441698
331932699 -112.07506531 33.44933469
331932698 -112.07508852 33.45029392
1263051800 -112.06672414 33.45046818
1256400833 -112.08757949 33.44874159
41549031 -112.08695939 33.44192241
1146708399 -112.07949933 33.44940426
430974874 -112.06731121 33.45100579
430974877 -112.06731833 33.45065728
42326900 -112.07621312 33.43910726
430974879 -112.06712144 33.45049986
430974878 -112.0672791 33.45066029
1146691947 -112.07771013 33.44834286
1146691946 -112.07903699 33.4470176
317521341 -112.07514024 33.44115731
1146691944 -112.07883959 33.44503738
1146691941 -112.07526236 33.44728901
1256282038 -112.06980046 33.45472912
1256282035 -112.06939294 33.45462837
329531529 -112.0679199 33.43869328
1256282032 -112.06874652 33.45514084
1146691949 -112.07506279 33.44837807
1146691948 -112.07505902 33.44730477
41711797 -112.06999526 33.45553487
41711792 -112.0699697 33.45345951
1257227673 -112.08688077 33.45177048
42026825 -112.07890598 33.44117961
329530148 -112.06639213 33.44336309
1146708390 -112.07641907 33.4494041
41611970 -112.06869221 33.44319931
1256264504 -112.07330972 33.44889741
1146708394 -112.07934091 33.44949596
1256264508 -112.07658897 33.44906128
430974651 -112.06923636 33.45098308
430974650 -112.06956653 33.4509783
430974653 -112.06925748 33.45077219
430974652 -112.06925748 33.45052417
430974654 -112.06923896 33.45077219
430974657 -112.06949972 33.45076574
430974656 -112.06952336 33.45076574
430974659 -112.06938397 33.45053532
430974658 -112.06950467 33.45052233
430974634 -112.06903511 33.45172153
1146691837 -112.07883959 33.44607858
1146691836 -112.0788297 33.44702489
1300763518 -112.07395504 33.44781598
1300763519 -112.07397599 33.44827581
1300763512 -112.07488501 33.44802209
1300763513 -112.073949 33.44769654
1300763516 -112.0738672 33.44779192
1300763514 -112.07477362 33.44797507
1313270813 -112.07377659 33.44873899
41698380 -112.06619993 33.44707443
1256264470 -112.07653734 33.44847991
1259255041 -112.06932949 33.45193828
1158509372 -112.07626828 33.44706161
1300385394 -112.06816272 33.45480841
1300385396 -112.0681162 33.4549235
1300385397 -112.06811201 33.45526414
1256310599 -112.06745177 33.45445101
331932990 -112.0751658 33.45045862
1301147633 -112.07192528 33.45473608
1259255265 -112.06846472 33.45204138
1259255264 -112.06609332 33.44845677
1259255267 -112.0698702 33.45474907
331932986 -112.0751793 33.45241077
1255439993 -112.07271661 33.45459752
1259255260 -112.06813959 33.44874142
339567250 -112.08687331 33.44847723
1259255269 -112.06775268 33.45326882
1301147728 -112.07759203 33.45096481
1301147371 -112.07671679 33.45128868
1301147641 -112.07661847 33.45097403
1300941362 -112.0746706 33.44826399
1259255374 -112.06869648 33.45155154
1300941366 -112.07588447 33.44923864
1278936304 -112.06718414 33.44660538
1301171771 -112.0715066 33.4471761
1259255313 -112.06941163 33.45219913
430975007 -112.06673897 33.44960434
42221224 -112.06993659 33.44505221
41769125 -112.08256426 33.45514084
1256400962 -112.08602389 33.44918022
1256224121 -112.06626749 33.45032158
1256372198 -112.07376209 33.44738196
42556967 -112.08506249 33.4440209
42556960 -112.08568912 33.4440209
1308514492 -112.07273882 33.45060573
1256372196 -112.07271292 33.44729571
1158463042 -112.0868765 33.44871217
1308514133 -112.07419593 33.44899439
1308514139 -112.07426752 33.44898483
1146708400 -112.08010266 33.44940426
1278935896 -112.07206433 33.44812049
1278935895 -112.06734641 33.44687159
1278935898 -112.06728204 33.44641964
329648559 -112.08525133 33.44406382
1256782446 -112.06653362 33.45474463
1256782449 -112.06653362 33.45530202
1255444442 -112.07699381 33.44763049
1295670235 -112.07386301 33.44810457
1256224056 -112.06747968 33.44839131
1311509266 -112.06923502 33.45089272
1256291697 -112.07250673 33.45551668
1256400637 -112.0869516 33.44874067
1311509262 -112.06791898 33.45089926
1308514001 -112.07412108 33.44900369
1256372407 -112.06879698 33.45314008
1300941419 -112.07681578 33.44843381
1256288532 -112.08726944 33.44840229
1256288533 -112.08368182 33.44807557
1256288535 -112.08717992 33.4476102
1256288537 -112.08747362 33.44795151
1256288538 -112.08739307 33.44840916
1301147361 -112.07661369 33.45203979
1300941413 -112.0750581 33.44802737
1308514121 -112.07419778 33.44907444
1300941417 -112.07587793 33.44879398
41882961 -112.07767862 33.44115806
1256224277 -112.0661716 33.45032468
1256224276 -112.06610589 33.45029828
1256224271 -112.06648727 33.44936931
42026847 -112.08176639 33.44105539
1311509316 -112.06910317 33.450768
1256224272 -112.06616808 33.44948062
1255440028 -112.07370501 33.45461999
1308514488 -112.07634531 33.44850908
1307391538 -112.06669522 33.45421263
1307391539 -112.06627453 33.45453399
42663015 -112.08143958 33.4471129
1307391534 -112.06744892 33.4545422
1307391532 -112.07185529 33.45437482
415169117 -112.08080934 33.45550042
41621508 -112.06745487 33.45363143
1308514312 -112.07506497 33.44923738
1311422897 -112.06980449 33.45117301
1311422896 -112.06948329 33.45103647
1256288406 -112.08692779 33.44830179
1311422892 -112.067923 33.45049894
1308513780 -112.0742671 33.44903689
41191309 -112.0846677 33.438155
1308513788 -112.07420876 33.4489472
1311422898 -112.06930032 33.45110202
330560577 -112.0848153 33.45138189
401892862 -112.07939691 33.44429499
1278936260 -112.06721641 33.44708223
1256264584 -112.07644446 33.44842367
331901521 -112.0712497 33.4482448
331901520 -112.06995427 33.44822183
331901522 -112.07254537 33.44825192
1311422879 -112.06894484 33.4505157
1311422878 -112.06941783 33.45114343
41599887 -112.0750353 33.44607799
1256288398 -112.0870661 33.44775923
1313270796 -112.07068677 33.45382572
329642384 -112.08472771 33.44402576
1313270794 -112.06924324 33.45274026
1311422871 -112.06997548 33.45112398
1311422873 -112.06893512 33.45120067
1311422872 -112.06765671 33.45120486
1263051922 -112.06759837 33.45127611
1311422877 -112.06781831 33.45050053
1256288393 -112.08714178 33.44763308
1256304741 -112.06753106 33.45145071
1307391440 -112.07321131 33.4545329
1307391441 -112.07303948 33.45406963
1307391446 -112.06669522 33.4543521
42037502 -112.07894512 33.4450378
1256304749 -112.06742319 33.45550503
1295670201 -112.0745717 33.44762856
1295670205 -112.07265442 33.44759009
1278936048 -112.06834067 33.44521423
1278936040 -112.06763592 33.44653153
42557074 -112.06733618 33.43918748
1313270329 -112.0692486 33.45275242
1299653380 -112.07494679 33.44810088
1313270331 -112.07050463 33.45346253
329635473 -112.08491664 33.44296093
1257247445 -112.08692788 33.45180543
1313270245 -112.06731498 33.450983
1313270246 -112.06799056 33.45221019
1313270243 -112.06926603 33.45276801
1311509281 -112.06755747 33.45038981
1256371989 -112.07275894 33.44753192
1256288571 -112.08616563 33.44804849
329639581 -112.08240182 33.4437272
329639586 -112.08256476 33.4437272
1264727257 -112.06802048 33.45140276
41549026 -112.08470198 33.44192962
1256304696 -112.06748354 33.45361273
339563479 -112.07678368 33.44798839
339563478 -112.07747887 33.44798839
339563477 -112.07747887 33.44775211
1256288414 -112.08682453 33.44762931
41966227 -112.07247974 33.43811208
1259255039 -112.06985537 33.45443299
41711786 -112.06998688 33.45139706
1311422949 -112.06917576 33.45081268
1308514356 -112.07644782 33.44836407
1259255034 -112.06606867 33.44975387
430974646 -112.06952336 33.45083162
430974644 -112.06955127 33.45083221
1146691849 -112.07905727 33.44823633
1146691844 -112.08236938 33.44701743
1146691843 -112.07903271 33.44713084
1146691840 -112.07759496 33.44702062
1158509297 -112.07657321 33.44754759
1158462904 -112.06847294 33.44408972
1259255030 -112.0678251 33.45326774
1158462908 -112.08565458 33.44849533
1313270803 -112.06800649 33.45223726
1313270801 -112.06734448 33.45102926
431002826 -112.0710886 33.44928524
1256281896 -112.06987557 33.45527294
431002821 -112.0707291 33.4491057
341648604 -112.07743638 33.44846482
41610856 -112.08480667 33.45110261
1158509341 -112.07668813 33.44812871
1311433597 -112.07022266 33.44800197
1259255074 -112.06759309 33.45276306
1259255076 -112.06786793 33.45287689
1259255077 -112.06797673 33.45285593
1308513885 -112.07306924 33.45046851
431002822 -112.07077067 33.44910914
1311433592 -112.07075567 33.44680051
1301147624 -112.07282608 33.45537117
41500741 -112.08478957 33.45333689
1259255255 -112.06745487 33.45435386
1301147623 -112.07191849 33.45501067
1301147622 -112.07671998 33.45055074
1259255098 -112.07369771 33.45356529
1146691970 -112.07801632 33.44834538
1259255092 -112.06839507 33.45254832
1259255091 -112.06985981 33.45298937
1259255096 -112.0679686 33.45289399
1259255097 -112.06615484 33.44937979
1259255094 -112.0677956 33.45326212
1259255095 -112.06771521 33.44880739
1295309508 -112.0770716 33.44923763
1295309509 -112.07582697 33.45048821
1295309501 -112.07706917 33.4492026
430974487 -112.07026717 33.44807733
1257227627 -112.08692109 33.45208379
430974488 -112.07006483 33.44658023
430974489 -112.07109823 33.44688978
41599897 -112.07510369 33.44011242
1256224132 -112.07000976 33.45446266
1256288381 -112.08733281 33.44838008
431002803 -112.07040069 33.44846499
431002802 -112.07083622 33.44860103
1301147753 -112.07751869 33.45055191
431002807 -112.07091987 33.44865241
1259255329 -112.06759443 33.45150653
431002805 -112.07091299 33.448725
431002804 -112.07074988 33.44846147
431002809 -112.0709176 33.44881803
431002808 -112.07092381 33.44871049
1259255320 -112.06997372 33.45297646
1259255323 -112.06997028 33.45338273
1256224110 -112.06617479 33.44986443
1256224112 -112.0661732 33.45004959
1256224119 -112.0674853 33.45038034
1256372560 -112.0735341 33.44758556
1158463051 -112.0684783 33.44336678
1301147285 -112.07669022 33.45194457
1278935887 -112.06737659 33.44812376
1278935886 -112.07206157 33.4477713
41599799 -112.07833953 33.44115094
1300763553 -112.07404917 33.44785428
42338373 -112.06991949 33.44218937
1256400707 -112.08697867 33.44915331
1256400706 -112.08755962 33.44878291
1256372363 -112.07399007 33.4475812
1311411533 -112.06892162 33.45116614
1256224067 -112.06731766 33.44841176
1256224061 -112.06679111 33.44836047
1256224062 -112.07262223 33.45245327
1256224068 -112.06745663 33.45042568
1255439942 -112.07141524 33.45437473
41701845 -112.0801843 33.44607179
1256288527 -112.08691514 33.44805637
1256288526 -112.08711027 33.44758112
1256288525 -112.08686049 33.44764474
1256288524 -112.08709937 33.44789561
1256288522 -112.08671322 33.44751289
1256288520 -112.08726978 33.44835208
1300941424 -112.07459642 33.44765052
1300941426 -112.07657656 33.44921584
1300941427 -112.07742137 33.44931349
1300941422 -112.0760656 33.448797
1300941423 -112.0773316 33.44931282
1257227847 -112.08687281 33.4521666
331908924 -112.07378028 33.45471563
331908925 -112.07377181 33.45556773
41601191 -112.07773008 33.45141366
331908923 -112.07378111 33.45451597
331908920 -112.07379193 33.4535062
1256224240 -112.06999903 33.45349606
41546001 -112.08590118 33.44927242
41546003 -112.08590981 33.45109137
1308514497 -112.07417691 33.44897302
1256224246 -112.06685951 33.44840916
41546007 -112.08592247 33.45137468
431002799 -112.07017254 33.4487804
431002798 -112.07039818 33.44863707
42026853 -112.08251028 33.44093921
431002793 -112.07013147 33.44882114
431002791 -112.07023347 33.44894753
431002790 -112.07016692 33.44898358
431002797 -112.07016667 33.44860371
431002796 -112.07024236 33.44881988
431002795 -112.07023699 33.44878333
431002794 -112.07013222 33.44894779
41997895 -112.07644136 33.45037296
1307391529 -112.06683822 33.45421313
1307391528 -112.06742763 33.45454279
41997893 -112.07641689 33.44930829
331930548 -112.07512289 33.44726462
331930547 -112.07514334 33.44825661
1307391524 -112.06721901 33.45539783
1307391527 -112.06867276 33.45441371
1307391520 -112.06722169 33.45552817
1307391523 -112.06624151 33.45420659
1257247569 -112.08662068 33.45169906
431002820 -112.07098483 33.4490394
1256288412 -112.0847796 33.44806886
1256288411 -112.08616697 33.44805939
1257247564 -112.08667114 33.45183359
1278936273 -112.06788579 33.44624504
1278936270 -112.07247999 33.44776912
1256288541 -112.08717841 33.44777231
1311433594 -112.07074787 33.44707996
1311509279 -112.0695651 33.45094821
41929202 -112.06874577 33.44094081
1311433590 -112.0709145 33.44871167
1308513887 -112.07419753 33.44902817
1255440112 -112.07275182 33.45439108
1311509270 -112.06783608 33.45090203
1311433598 -112.07088827 33.44939647
1256288383 -112.08735963 33.44837119
1256288382 -112.08727916 33.44837228
41599895 -112.07502859 33.44115572
1256288380 -112.08700759 33.44784431
41599892 -112.07502859 33.44321842
1256288385 -112.08739718 33.44849433
1256288384 -112.08602246 33.4483085
1256288389 -112.08726843 33.4483857
41599899 -112.07509732 33.43911447
1295670219 -112.07254721 33.448093
1307391453 -112.06632591 33.45420768
1307391454 -112.06810807 33.45454078
1295670211 -112.07642938 33.44812468
1263051795 -112.06619708 33.45048872
1295670212 -112.07789797 33.44813843
1295670215 -112.07198881 33.44813558
1295670217 -112.07125037 33.44812879
1313270495 -112.06697073 33.45084964
1301147765 -112.07759547 33.45120193
1313270497 -112.06930258 33.45277513
1278936057 -112.06858358 33.44319872
1278936053 -112.06607488 33.44641226
1312382218 -112.07651646 33.44851788
1313270653 -112.07386242 33.45438999
1313270302 -112.07358238 33.44895273
1313270304 -112.07128289 33.45014112
1311422961 -112.06890444 33.45119497
1313270654 -112.06723502 33.45102692
1313270655 -112.07296069 33.44889624
1259254988 -112.0698495 33.45151089
1259255008 -112.06735169 33.45153226
1256371990 -112.07497176 33.4473372
1129096179 -112.07623181 33.44919547
1256295455 -112.07881269 33.44921492
1259255071 -112.06843128 33.45261319
1256295456 -112.07849878 33.44920478
1256295451 -112.07848998 33.44922414
1256295452 -112.07881478 33.44923093
1264727241 -112.06898952 33.45169713
1313337458 -112.07192528 33.45473356
1264727245 -112.06818259 33.45165673
1264727247 -112.06827571 33.45159831
1311411534 -112.06925916 33.45075333
41769109 -112.08256241 33.44929387
329637404 -112.08265931 33.44194387
329637406 -112.08264213 33.44297518
1158463078 -112.06852918 33.44337131
986261571 -112.07950537 33.44982931
42576867 -112.07640188 33.44503746
1313270271 -112.07051402 33.45359128
1158509116 -112.0794477 33.44986493
331927675 -112.06994732 33.4464338
1308513911 -112.07423667 33.44902783
1146691855 -112.07894722 33.44833331
1146691857 -112.07781683 33.45036282
41609721 -112.07253112 33.44607799
1146691853 -112.07759513 33.44413481
1146691852 -112.07514292 33.44837807
1158462911 -112.08687792 33.44881066
1158509284 -112.07814188 33.44869289
1158509281 -112.07611908 33.44771196
341648610 -112.07623668 33.44841973
329643810 -112.08547454 33.44398503
1300763538 -112.07395462 33.4472766
41610829 -112.07126378 33.45444003
341648616 -112.07754191 33.44846499
41545924 -112.08585701 33.45514243
1300763537 -112.07452928 33.44768421
1300763530 -112.07495223 33.44803776
41545923 -112.08586564 33.45423291
1313270878 -112.07497143 33.45438949
1158509357 -112.07668922 33.4482479
1158509355 -112.0762754 33.44792142
1256264419 -112.07443876 33.45038428
1256372347 -112.06892472 33.45387903
1259255060 -112.06748186 33.44880731
1256264415 -112.0725452 33.44879917
1263051862 -112.06749661 33.45124443
1259255069 -112.07125791 33.45339573
1158509358 -112.07834171 33.45035997
1263051866 -112.06749091 33.45044991
1255440131 -112.06654904 33.45343613
1301147615 -112.07508844 33.45387408
1259255249 -112.06999149 33.4543718
415169118 -112.08016896 33.45550109
430974075 -112.07786218 33.44949596
430974074 -112.07786218 33.45025302
415169115 -112.07954778 33.45474127
430974071 -112.07805429 33.44949596
430974070 -112.07805429 33.44945841
430974073 -112.07795262 33.44945841
1158509130 -112.07673951 33.44854579
1259255089 -112.06985847 33.45338156
1259255088 -112.07254001 33.45356253
329615617 -112.08616973 33.445087
329615613 -112.08616973 33.44431452
1259255080 -112.07050848 33.45355859
1259255083 -112.06771371 33.44875198
1259255082 -112.06612198 33.44912221
341648531 -112.07666223 33.44872634
1259255084 -112.07012099 33.45436761
1259255087 -112.06891399 33.45215772
1257227752 -112.08691598 33.45147594
1295309511 -112.07635863 33.45109422
1313270907 -112.07085114 33.45392429
1313270905 -112.06933904 33.45270422
1257227631 -112.08662068 33.45229418
1146691902 -112.07782044 33.44725908
1256372080 -112.0691833 33.45325173
431002814 -112.07091434 33.4489845
1315869989 -112.07794759 33.44872709
431002816 -112.07102959 33.44894108
431002817 -112.07084141 33.44911559
1301147760 -112.07700882 33.45204356
1259255336 -112.06667443 33.44840363
431002812 -112.07091802 33.44878157
431002813 -112.07098424 33.4489845
331925123 -112.06700971 33.44661376
331925122 -112.067175 33.44656272
1315869984 -112.07799436 33.44868024
1315869985 -112.07794591 33.44859952
1315869987 -112.07794499 33.44853288
1256224107 -112.06728262 33.449056
1256224108 -112.06642557 33.4494196
430974589 -112.06832609 33.45092114
430974588 -112.0682452 33.45091996
430974585 -112.06811394 33.4509146
42557637 -112.08659889 33.44294659
430974587 -112.06813959 33.45093991
430974586 -112.06824503 33.45094117
41701778 -112.08046333 33.43909796
1301147544 -112.07701192 33.45216862
41701777 -112.08047893 33.4401172
1278949020 -112.06728028 33.44655157
1256782467 -112.06626883 33.45529741
1256400731 -112.08754747 33.44877202
1256400734 -112.087035 33.44915113
1311509146 -112.06850739 33.45089867
1256372316 -112.06914274 33.4542221
1311411523 -112.06981849 33.45228504
1311411525 -112.06892221 33.45030389
1311411524 -112.07875577 33.44858493
1311411527 -112.07814281 33.44866263
430974535 -112.06774237 33.45121191
1311411528 -112.06897862 33.45083162
1256288502 -112.08686074 33.44748598
41701809 -112.08013342 33.4411724
42338388 -112.06989619 33.43800462
1256372421 -112.07410407 33.44759981
1295670239 -112.07398546 33.4481593
41706257 -112.0699453 33.45039677
1301147383 -112.06935379 33.45553546
41706255 -112.07128289 33.45040884
331908918 -112.07375823 33.45239929
1300941437 -112.07713706 33.44831763
1300941436 -112.07505944 33.44809459
1308513652 -112.07301241 33.45049341
1300941434 -112.07402813 33.44783148
331908912 -112.07378313 33.44935624
331908910 -112.07377248 33.44835007
331908916 -112.07375538 33.45140813
331908914 -112.07378313 33.45038671
41882944 -112.07768884 33.44714869
1256224258 -112.06738438 33.45042099
1256224256 -112.06661593 33.45049483
430973869 -112.07238352 33.44919312
430973709 -112.07878964 33.44864344
431002788 -112.0702297 33.44904393
431002789 -112.07023599 33.44898626
431002784 -112.07018318 33.44934844
431002785 -112.07022627 33.4491171
431002786 -112.07031528 33.44910931
41769107 -112.08257247 33.44823734
1256400609 -112.08691841 33.4491321
1308514151 -112.074149 33.44896078
1307391513 -112.06669363 33.4543003
1307391514 -112.0661167 33.45420559
1307391515 -112.06649489 33.45351676
1307391517 -112.06623262 33.45434322
41701842 -112.0801864 33.44712732
1301147669 -112.0738682 33.45387852
1295670199 -112.0737434 33.44809367
1308514372 -112.07273882 33.45095743
1256288468 -112.08725234 33.44846398
1256288469 -112.0871526 33.44772487
1295670192 -112.07112548 33.44813843
1278936197 -112.07165119 33.44735514
1257247514 -112.08642488 33.45324762
1256288465 -112.08738913 33.44843833
1278936192 -112.06720853 33.44687519
1257247513 -112.08672562 33.45183133
1256288460 -112.08625992 33.44796501
1257247511 -112.08707003 33.45180493
329639833 -112.08235027 33.44366283
1158463088 -112.06751539 33.44334004
1311433583 -112.07033163 33.44921508
1311433582 -112.07076078 33.4470798
1311433580 -112.07114006 33.45022343
1311509193 -112.06789408 33.45083019
1311433585 -112.07037454 33.4486017
1278936201 -112.0672579 33.44670596
1311509209 -112.06955286 33.45094821
1311509201 -112.06784513 33.4507473
430974696 -112.06914416 33.45428681
430975222 -112.06642197 33.44791857
430975221 -112.0664824 33.4480614
430975227 -112.06657762 33.44805587
430975226 -112.06671391 33.44807733
430975225 -112.06729972 33.44806936
1295670224 -112.07770737 33.44811756
1295670225 -112.07495031 33.4481339
430975229 -112.06727156 33.4475636
430975228 -112.0665648 33.4480303
1295670220 -112.07759304 33.44810188
1307391469 -112.07068903 33.4544345
1308514204 -112.07417657 33.44900939
1313270481 -112.0744339 33.44884687
1313270480 -112.07076178 33.45362137
430974072 -112.07795262 33.44949596
41549124 -112.08009051 33.44201042
1313270317 -112.07496489 33.45459082
1313270640 -112.07443239 33.44884569
1313270314 -112.07016751 33.45387861
329635451 -112.0847231 33.44318288
1307391549 -112.06867821 33.45453969
1153891299 -112.07813191 33.44884469
1264727277 -112.06835718 33.45195119
1264727270 -112.06828736 33.45172932
1264727272 -112.06833028 33.45176461
1264727273 -112.06815594 33.45151282
1146708384 -112.07934008 33.44940024
1146708386 -112.07905769 33.44931416
1146708388 -112.07901276 33.45025478
1146708389 -112.0765085 33.4493953
41769119 -112.08255889 33.45423232
41769111 -112.08255663 33.45035368
41769115 -112.08257507 33.45140343
1311509177 -112.06792929 33.4508664
1158462854 -112.06853463 33.44370482
1158462856 -112.085655 33.44858141
331932955 -112.07508249 33.45472669
41812050 -112.08697163 33.4408999
41812053 -112.08693727 33.43988293
41812057 -112.08691648 33.43884256
1311422978 -112.06764942 33.45050112
41621512 -112.06863932 33.45553621
41723644 -112.08479812 33.44927644
1295673539 -112.07727528 33.44798839
1295673538 -112.07556671 33.44836541
1313270265 -112.07136528 33.4496118
1313270264 -112.07017539 33.45389303
1311422979 -112.06981731 33.45110587
1146691860 -112.07906079 33.44833867
331927667 -112.07201513 33.44707653
1146691862 -112.07769471 33.44701609
1146691863 -112.0802019 33.44835116
1146691864 -112.07883976 33.44834664
331927663 -112.07255752 33.44717342
1146691866 -112.07760058 33.44938809
1146691867 -112.0777989 33.44811848
1146691868 -112.07759522 33.44931483
331927669 -112.07129454 33.44686329
1158462924 -112.06792568 33.4440696
430973660 -112.07409099 33.44906899
430973663 -112.07423952 33.44913076
430973662 -112.0748975 33.44948029
430973665 -112.0744743 33.44948029
430973664 -112.07415981 33.44913596
1158462922 -112.06757968 33.44329302
430973666 -112.0744743 33.45023047
430973668 -112.07492441 33.44975538
1300763521 -112.07495031 33.44731566
1300763520 -112.07462886 33.44783081
1300763527 -112.07350971 33.44765186
1300763526 -112.07401438 33.44785428
41610839 -112.06622927 33.45442402
1300763524 -112.07497193 33.4470352
41610837 -112.06744909 33.45441111
41610835 -112.06788478 33.45441103
1300763528 -112.07404917 33.4478744
330513571 -112.08012353 33.4514186
41610831 -112.06999467 33.45442578
1256264420 -112.07664454 33.44922363
1256264423 -112.07713773 33.44881988
1256264424 -112.07450447 33.45023047
41862007 -112.06618267 33.44219717
1301147606 -112.07232208 33.45469459
1301147600 -112.07187172 33.45504814
1256288433 -112.08688857 33.44749093
1311422884 -112.06876924 33.45048662
341648525 -112.07665879 33.44882147
1256304810 -112.06742989 33.45452058
1313270918 -112.0673366 33.4510016
1256281988 -112.06897451 33.45531988
1313270911 -112.06794312 33.4522547
1313270913 -112.07055794 33.45385279
329530247 -112.0662462 33.4436925
1256281983 -112.06927458 33.45465067
339563635 -112.0768882 33.44738121
317522158 -112.07516597 33.4460774
1158509322 -112.06809634 33.44490167
1256372097 -112.07418051 33.44757667
339563636 -112.07705441 33.44752261
1301147773 -112.07358062 33.45535609
1313270601 -112.06731858 33.45098241
1256372099 -112.07399284 33.44734617
1301147774 -112.07658738 33.45064722
1301323782 -112.07206291 33.44824932
430974443 -112.06606867 33.44984582
430974444 -112.06606867 33.44969864
1311422925 -112.06982259 33.45113001
1259255340 -112.06608301 33.44966922
1315869998 -112.07798732 33.44855803
1315869997 -112.07784759 33.44875911
430973713 -112.07863239 33.44909011
1311422924 -112.06765067 33.45066901
1315869993 -112.07799411 33.4485986
1315869992 -112.07796377 33.44872642
1315869990 -112.07784768 33.44875291
1311411602 -112.06934047 33.45281243
1256224212 -112.06662288 33.4504432
1311411605 -112.06907308 33.45100571
1311411607 -112.07020422 33.45127477
42217181 -112.08019352 33.45142087
1146691881 -112.0775803 33.44725271
1311411492 -112.06897912 33.45086632
1256372169 -112.06892808 33.45385707
430974590 -112.06832709 33.45098132
42339153 -112.08702561 33.44925096
1146691851 -112.0763505 33.45037346
1301147553 -112.07642778 33.45209729
1256278078 -112.06711163 33.4545852
1256278079 -112.06664476 33.45458956
1301147791 -112.07671989 33.45068737
329648564 -112.0835519 33.44412828
329648567 -112.08047918 33.44414261
329648560 -112.0847314 33.44406558
1256400722 -112.08708739 33.44881317
1311411514 -112.06942361 33.45126907
42556884 -112.0678769 33.44420103
1311411513 -112.06888592 33.4508685
41716551 -112.0674304 33.44217512
1311411518 -112.06897309 33.451286
41716554 -112.06745839 33.44094081
1256282069 -112.06976828 33.45463734
1308513649 -112.07382981 33.44834488
42604859 -112.07621488 33.44010329
1313337891 -112.0722743 33.45473348
1308513647 -112.07427389 33.44900914
41706264 -112.0662685 33.45038302
1300941446 -112.07498098 33.44791773
1300941443 -112.07403106 33.44785428
1300941440 -112.07394448 33.44757307
430973870 -112.07238226 33.44882826
430973875 -112.07139948 33.4488405
430973876 -112.07140074 33.44919723
41882956 -112.07768113 33.4438132
41882950 -112.07770116 33.44503327
41882953 -112.07768113 33.44391336
1256282061 -112.06977096 33.45472007
431002771 -112.07111458 33.45026701
431002770 -112.07113126 33.44948289
431002773 -112.07000624 33.44953318
431002772 -112.07000624 33.45028118
431002775 -112.06960148 33.45028923
431002774 -112.06960148 33.44953318
431002777 -112.06814739 33.4485385
431002776 -112.06814739 33.45028923
431002779 -112.06960148 33.44943637
431002778 -112.06960148 33.4485385
1256282063 -112.06907367 33.45475368
1295670226 -112.07368699 33.4481272
1301171809 -112.07297461 33.44766284
41607955 -112.07253783 33.45348667
1308514366 -112.07417414 33.44894946
1278935970 -112.06857738 33.44307149
1256288475 -112.08742937 33.4485043
1256288474 -112.08623713 33.44753753
1256288477 -112.08726978 33.44840916
1256288471 -112.08606563 33.44725674
1257247500 -112.08633813 33.45324502
1256288473 -112.08727514 33.44853338
1300763539 -112.07495508 33.44713579
1158463090 -112.08570881 33.44857697
1158463096 -112.08565819 33.44863238
1158463095 -112.06859087 33.443707
1158463094 -112.06784472 33.44469556
1311509184 -112.06787279 33.45091703
1278936216 -112.06881467 33.4463939
1311509181 -112.06765579 33.45087269
1311509180 -112.06922949 33.4508343
1311509219 -112.06855014 33.45083941
1311509216 -112.06920904 33.45076909
331901518 -112.06747843 33.44822242
1311509210 -112.06850462 33.45083992
1311509212 -112.06791143 33.45083858
431002767 -112.07027698 33.44943637
1307391470 -112.0728125 33.45406896
1307391477 -112.06610857 33.45351567
1307391476 -112.0706975 33.45453893
430975234 -112.0671641 33.44720946
430975235 -112.06727156 33.4473745
1295670231 -112.07506019 33.44813776
1295670230 -112.07528039 33.44814899
430975230 -112.06727156 33.44756846
430975231 -112.06717073 33.44762018
430975232 -112.06727156 33.44776661
430975233 -112.06727156 33.44715859
1308514213 -112.07425478 33.44905273
1301171799 -112.07042894 33.44656733
1308514216 -112.07394071 33.44836181
1257247432 -112.08676862 33.45158683
1257247434 -112.08676988 33.4517776
1257247437 -112.0862264 33.4514865
1257247438 -112.08662378 33.45177752
329529808 -112.06870118 33.44425107
1311422913 -112.0689176 33.4512363
1311422910 -112.06890368 33.45118986
1311422911 -112.06984967 33.45039651
1311422917 -112.06893126 33.45117821
1311422914 -112.06943661 33.45107327
1259255063 -112.06891659 33.45163461
1311422919 -112.06894543 33.45052811
401892838 -112.07831069 33.44409768
41698372 -112.06728153 33.44655467
1313270451 -112.0744525 33.44933796
1256372524 -112.07374331 33.44752747
1264727263 -112.0690155 33.45168716
1264727261 -112.06833866 33.45160049
1146708398 -112.07933932 33.4493129
329617646 -112.08700231 33.44522413
1264727265 -112.068109 33.45140251
1146708393 -112.07771449 33.44940368
1146708392 -112.07652996 33.45037321
1264727269 -112.06812911 33.45145967
1264727268 -112.06829759 33.45176813
1146708397 -112.07653013 33.45140704
1146708396 -112.07651747 33.44930678
1256400870 -112.08750707 33.44881208
1313270584 -112.07397951 33.45471688
41913629 -112.06622248 33.45552909
1256264412 -112.07449919 33.44934467
41769122 -112.08256426 33.45475586
1300941450 -112.07790216 33.44834144
1146708401 -112.07655611 33.44877462
41723589 -112.0847863 33.45421816
1146708407 -112.079011 33.44940778
1146708406 -112.07656223 33.45463197
1146708404 -112.07651521 33.44924467
1146708408 -112.0757916 33.44941022
1158462849 -112.06843799 33.44333552
1259255251 -112.06935254 33.45159613
1259255247 -112.06986081 33.45322851
1313270296 -112.06715581 33.45098124
415169116 -112.08080917 33.45474471
1278936179 -112.0687057 33.44514668
1146691877 -112.0775927 33.44714283
1146691876 -112.07778833 33.4450336
1146691874 -112.07885116 33.44841269
1146691873 -112.07760578 33.44608419
1313270328 -112.06651467 33.45123898
1158462933 -112.08695478 33.44880739
1158462930 -112.06761731 33.44407413
1158462937 -112.06783927 33.44407086
1158462935 -112.06792568 33.44409198
1259255242 -112.06746996 33.45276247
1313270858 -112.07358556 33.44912992
1256281909 -112.06848627 33.4548007
1313270856 -112.07056942 33.4538227
1300763556 -112.07477286 33.44799594
1257227725 -112.08726282 33.45233567
41545947 -112.08633293 33.45137778
1313288328 -112.07413273 33.44874142
1257227721 -112.08726198 33.45216049
1300763551 -112.07467613 33.44808596
1313288325 -112.07420298 33.44874226
1313288324 -112.07402176 33.4491912
1313288326 -112.07443691 33.44905927
1313288321 -112.07401421 33.4491316
1313288323 -112.074438 33.44899967
1313288322 -112.07413709 33.44873413
1256264436 -112.07657388 33.4490565
1256264435 -112.07126478 33.44879817
1256264434 -112.07658947 33.4491492
1256264432 -112.07279523 33.45043666
1256264431 -112.07638026 33.44844127
1256264430 -112.07643608 33.44853573
41534055 -112.08368232 33.44820942
430974721 -112.06962553 33.45387492
430974720 -112.06977054 33.45387802
430974723 -112.06970952 33.4534715
430974722 -112.06962822 33.45347343
430974725 -112.06952554 33.45331518
430974724 -112.06970751 33.45331643
430974726 -112.0695185 33.45315609
430974729 -112.06977834 33.45297973
341648512 -112.07659408 33.44922984
341648518 -112.0765852 33.44882147
341648537 -112.07662317 33.44870211
1256281997 -112.06851854 33.45484102
1256288375 -112.08737706 33.44841143
430974619 -112.06770943 33.45278913
430974618 -112.06806281 33.45270866
430974615 -112.06816147 33.45262174
430974614 -112.06816138 33.4523609
430974617 -112.06811436 33.45270883
430974616 -112.06811218 33.45262367
430974611 -112.06776333 33.45227188
430974613 -112.06811436 33.4523609
430974612 -112.06811436 33.45227188
430974127 -112.0794477 33.44949596
430974126 -112.0794477 33.45025302
1259255356 -112.06608703 33.4497553
430974123 -112.0782765 33.44983124
430974122 -112.0782765 33.45025302
1259255257 -112.0690896 33.45282232
1301147360 -112.07751844 33.45068284
430973703 -112.0787784 33.4489218
430973700 -112.07873784 33.44855467
1259255358 -112.06876178 33.45149387
430974129 -112.07902592 33.45025302
430974128 -112.07902592 33.44983124
1146691899 -112.07644513 33.44833767
1146691898 -112.07628898 33.44923646
1146691891 -112.07669584 33.44834027
1146691890 -112.07780988 33.44714702
1146691892 -112.0749343 33.44726797
1146691895 -112.07900061 33.44512849
1146691894 -112.07779898 33.44824128
1146691897 -112.07901134 33.44446598
1146691896 -112.07769094 33.447259
1315870000 -112.0779745 33.4487208
331932957 -112.0750985 33.4524106
1256372152 -112.07417532 33.44761037
1256278080 -112.06664493 33.4545842
1153891305 -112.0784148 33.4486307
331932959 -112.07509967 33.45141123
42557659 -112.08685152 33.43815684
1315690229 -112.0742298 33.44898014
430974549 -112.06832927 33.45082458
430974548 -112.06824671 33.45082592
329639590 -112.08260776 33.44366283
430974541 -112.06864561 33.45098207
430974540 -112.06855081 33.45097696
430974543 -112.06784488 33.45075149
430974542 -112.06865114 33.45120813
430974545 -112.06864477 33.45052937
430974544 -112.06784513 33.45053884
430974547 -112.06824503 33.45080371
430974546 -112.06864737 33.45075643
1311411501 -112.06978303 33.45224137
1311411500 -112.06967172 33.45295953
1146692829 -112.07529128 33.44879348
1146692828 -112.07527971 33.44825167
1301147498 -112.07358556 33.45469777
1301147499 -112.07192259 33.45484529
1146692825 -112.0752886 33.44837421
1146692824 -112.07528994 33.4492399
1146692826 -112.07630063 33.44879398
1308513980 -112.07347576 33.45046097
1308513633 -112.07356847 33.45038872
1300941457 -112.07443339 33.44847354
1300941451 -112.07497688 33.44765823
1158463157 -112.06859364 33.44406742
1311411487 -112.06893151 33.45083204
1301171819 -112.07020841 33.4467643
1256400668 -112.0875178 33.44872592
1301171812 -112.07146369 33.44769092
1301171811 -112.07032844 33.44666321
1301171817 -112.0726597 33.44770433
1301171815 -112.07198663 33.44800683
1301171814 -112.0729762 33.44771774
1256372208 -112.07283396 33.44755664
1256372209 -112.0689808 33.45352908
1256372205 -112.07463272 33.44764658
431002768 -112.07092397 33.44943997
431002769 -112.07093822 33.44948264
1256372200 -112.07275718 33.44756628
1256372202 -112.07270798 33.44753192
1256372203 -112.07377013 33.44752747
1308514029 -112.07415453 33.44902289
1308514424 -112.07413667 33.44904963
1256288440 -112.08737706 33.44856138
1256288441 -112.08730062 33.44853012
1256288443 -112.08725234 33.44841931
1308513744 -112.07423458 33.44906631
1278935909 -112.06736032 33.44666548
1256288448 -112.0873717 33.4486017
1256288449 -112.08742526 33.44856473
1278936221 -112.0675863 33.4458702
331908806 -112.07384976 33.44836441
1278936224 -112.0687 33.44624546
1278936225 -112.0679577 33.44619349
1278936226 -112.06756669 33.44625686
331908809 -112.07386393 33.44935598
431002806 -112.07097862 33.44872072
430975286 -112.07103294 33.45330327
1311509225 -112.06810958 33.45083673
1311509159 -112.06933208 33.4505349
41559938 -112.07382713 33.44607791
1301171782 -112.07015468 33.44676883
1301171780 -112.07161364 33.44717166
1301171787 -112.07230556 33.44773124
1301171785 -112.06994841 33.44671753
1301171784 -112.07146084 33.44785437
1295670242 -112.0745841 33.44800792
1308514220 -112.07421831 33.44880697
329529811 -112.06992988 33.44425132
1278936082 -112.07140199 33.44753242
431002815 -112.07091819 33.44894779
1278935996 -112.06860026 33.44645828
1313270660 -112.07397658 33.45483121
1278935991 -112.06994639 33.44625233
430975288 -112.07015703 33.45295299
1311422900 -112.06985084 33.45045913
1259255239 -112.06609508 33.44855132
1311422909 -112.06885901 33.45123739
1311422908 -112.0698531 33.45113018
431002811 -112.07098231 33.44878057
42326887 -112.08153463 33.43911447
42326885 -112.08253878 33.43910726
1313270440 -112.07072951 33.44919857
1263051854 -112.06734867 33.45114024
1256304490 -112.06627411 33.45451521
1256400880 -112.08576774 33.44916119
1256304493 -112.07661571 33.45186636
1256304496 -112.07578808 33.45472401
41966219 -112.07249449 33.44218937
1313270595 -112.0725452 33.44925029
431002818 -112.07092632 33.44911333
1313270593 -112.0679546 33.45227188
1158509147 -112.07829443 33.44984457
1259255354 -112.06813213 33.45021077
41723591 -112.08479477 33.45514126
1256224204 -112.06603867 33.4502303
41812035 -112.0870096 33.44508909
41812032 -112.08699921 33.4459956
41812031 -112.08701262 33.44708499
41549116 -112.07641689 33.44219658
41549113 -112.07510369 33.44220379
41549111 -112.07380768 33.44219658
1311422874 -112.06955638 33.45103932
41549119 -112.07767862 33.44221812
1256371944 -112.07371381 33.4475745
1313270288 -112.07396652 33.45439368
1256371948 -112.07491812 33.44728348
1158509255 -112.07952884 33.45024204
1256264590 -112.07657237 33.4488669
1256264591 -112.07637439 33.44846549
1158509258 -112.07665678 33.44876439
331927679 -112.06870017 33.4463929
1256264595 -112.07126688 33.44886187
1256264596 -112.07646601 33.44841897
1256264597 -112.07305608 33.45039358
430973647 -112.07493363 33.44839223
329657730 -112.08564134 33.4440727
430973645 -112.0744458 33.44920511
1301171788 -112.07199988 33.44767977
430973643 -112.07610349 33.44747869
430973642 -112.07551592 33.4476558
430973641 -112.07595697 33.4476558
430973640 -112.07537854 33.44758807
1313270847 -112.06704341 33.45088862
329643821 -112.08618197 33.44367884
341648641 -112.07529958 33.44841947
430973649 -112.07424136 33.44920461
430973648 -112.07494662 33.44920377
1313288310 -112.07398563 33.44916278
1313288313 -112.07419308 33.44873413
1313288314 -112.07444672 33.44903001
1300763540 -112.07464244 33.44783081
1313288317 -112.07444672 33.44900797
1313288318 -112.0741635 33.44873413
1313288319 -112.07405151 33.4491637
1300763549 -112.07426844 33.44771556
1256282080 -112.06875507 33.45508217
430974732 -112.06944138 33.4519247
1259255295 -112.06983667 33.45151097
430974731 -112.06979803 33.45168842
1259255291 -112.06864309 33.45239266
1259255293 -112.06614344 33.44898659
41823844 -112.08589196 33.44602418
1259255299 -112.06794446 33.45291628
341648506 -112.07754434 33.44919916
430974584 -112.06813791 33.45091426
42203723 -112.07125724 33.45346672
1313270937 -112.06722781 33.45104368
1259255182 -112.06610723 33.4499221
1259255186 -112.07044017 33.45149873
430974604 -112.06806399 33.45278678
41611965 -112.07251159 33.44322077
42345782 -112.08254523 33.4470953
430974130 -112.07911628 33.44944332
1256281943 -112.06919093 33.45480389
430974132 -112.07922181 33.44949596
430974133 -112.07922181 33.44944332
1301147711 -112.07231881 33.4550514
1259255366 -112.07369051 33.45346228
1264727222 -112.06830522 33.45215663
1259255169 -112.06790221 33.45278477
430973739 -112.07814859 33.44917494
1259255167 -112.06985553 33.45126823
1311411599 -112.06888642 33.45090303
1256372143 -112.06883562 33.45422269
329622085 -112.08542299 33.43885212
42557645 -112.08661607 33.44235927
331932960 -112.07508852 33.45047304
1295309491 -112.0770871 33.45461228
1295309492 -112.07734242 33.44840916
1295309493 -112.07709398 33.45408396
1295309494 -112.07628823 33.45110093
1324527688 -112.06999987 33.4555342
42557648 -112.08662831 33.44193129
42339130 -112.08019151 33.44929882
430974553 -112.0681385 33.4508017
430974550 -112.06832843 33.45076004
430974551 -112.06811176 33.45082273
1255444435 -112.07705106 33.44749453
430974554 -112.06813682 33.45082139
1311411578 -112.06940618 33.45128382
1256372327 -112.06947441 33.45284663
1311411577 -112.06921708 33.45086867
1255439902 -112.06732956 33.45430114
1278935998 -112.06821134 33.4451507
1256372323 -112.06946971 33.45288242
1311411573 -112.06903981 33.45071947
1256372321 -112.06938388 33.45280983
1300976764 -112.07581406 33.45037204
329683640 -112.08687717 33.43884441
1300976763 -112.07582336 33.45140871
1301147481 -112.07760016 33.45129857
1300941469 -112.07443742 33.44814187
1256372452 -112.0745406 33.44759947
1308513624 -112.0734414 33.45044479
41601194 -112.07770401 33.4547282
329643839 -112.08662462 33.44267443
1300941466 -112.07790149 33.44836868
1300941467 -112.0772337 33.44923478
42588673 -112.06749779 33.45140427
1256224285 -112.06633237 33.44956453
1256782502 -112.06653362 33.45466642
1256291716 -112.07318902 33.4540724
1308514166 -112.07271192 33.45060824
1311422902 -112.06929294 33.45104209
1256372219 -112.07371649 33.44765052
317521987 -112.08178348 33.44361949
1308514431 -112.07421999 33.44906949
1256288457 -112.08629571 33.44745229
1256288456 -112.08734354 33.44839802
1257247525 -112.08641817 33.45148348
1256288453 -112.08627727 33.44782511
1256288452 -112.08727237 33.44846742
1256288450 -112.08600637 33.44610959
1308513758 -112.07270437 33.45050472
1308514185 -112.07354759 33.4504323
1256288458 -112.08632966 33.44787658
1146691932 -112.07778817 33.4492285
1278936234 -112.06731414 33.44680336
331908812 -112.07384683 33.45240608
1278936232 -112.06788621 33.44619307
331908810 -112.07386393 33.45038788
331908811 -112.07383258 33.45140813
317521509 -112.06992494 33.4409481
331908818 -112.07386108 33.45471579
1311509234 -112.06785067 33.45083296
1308513595 -112.07410658 33.44908248
1311509231 -112.0693299 33.45052384
317521878 -112.08254741 33.4399167
1311509239 -112.0675863 33.45087336
1311433538 -112.07100779 33.44738012
1311433532 -112.07022559 33.44808219
1311509143 -112.06782267 33.4508685
1256264481 -112.07652887 33.44850849
1311433536 -112.07087611 33.4473543
1311433537 -112.07099002 33.44760417
1311433534 -112.07096748 33.44734651
1311433535 -112.070295 33.44911903
41997903 -112.07640398 33.4547282
41997900 -112.07643407 33.45140653
1278936092 -112.06711197 33.44645291
1259255025 -112.06812266 33.45302751
1278935961 -112.07141524 33.44811823
1278935967 -112.06881148 33.44624278
1278935964 -112.06747784 33.44812351
1312382094 -112.07654354 33.44853439
1311509092 -112.06807111 33.4508747
1311509096 -112.0678976 33.45091326
1311422934 -112.06891676 33.45052803
1311422935 -112.06765202 33.45058779
1311422937 -112.0689777 33.45123512
1311422930 -112.06764866 33.45059399
1311422931 -112.06891081 33.4511788
1311422932 -112.06893067 33.45050917
1311422933 -112.06900192 33.45054311
331930502 -112.07506254 33.44825737
1311422938 -112.06932571 33.45100127
1311422939 -112.06893948 33.45118969
1313270434 -112.06730777 33.45108031
1313270431 -112.07368774 33.45439611
1313270438 -112.06800858 33.45227188
1257227768 -112.08700424 33.4521868
1256400894 -112.0859016 33.44915951
1313270950 -112.07415604 33.45438831
621056083 -112.0757403 33.45207331
430974892 -112.06709839 33.45098358
621056081 -112.07517704 33.4526551
430974890 -112.067045 33.45093824
1256304492 -112.07578263 33.45140888
1313270815 -112.07138121 33.44965446
1278936142 -112.06821343 33.44521423
1278936146 -112.0672978 33.44702079
1313270810 -112.07246113 33.44712631
41549122 -112.07891461 33.44218937
41549127 -112.08100028 33.44127994
1256291696 -112.07321844 33.45544259
42205602 -112.08139381 33.45474144
42037592 -112.07943177 33.43910726
41559933 -112.07381548 33.44827849
1256371950 -112.07459651 33.4476439
1256371955 -112.07467722 33.44813642
1259255347 -112.0688295 33.45567669
1146691931 -112.07758759 33.44833851
430973658 -112.07415981 33.44910034
430973659 -112.07409208 33.44904242
1158462959 -112.08695562 33.44871284
1256264589 -112.07642569 33.4483976
1256264588 -112.07624321 33.44884787
430973650 -112.07405311 33.44920469
430973651 -112.07395588 33.44874067
430973652 -112.0739604 33.44839106
430973653 -112.07405126 33.44897369
430973654 -112.07405017 33.44904334
430973655 -112.07396594 33.4491347
430973656 -112.07396669 33.44897486
430973657 -112.07412821 33.4491
1300763579 -112.07350988 33.44778446
1307391496 -112.06633656 33.4547463
1308513713 -112.07657287 33.44849583
1300763570 -112.07401698 33.44787658
1301171772 -112.07145832 33.44799971
1300763574 -112.07350979 33.44771657
430975254 -112.07090771 33.45362472
430975255 -112.07061736 33.45362288
329604828 -112.08312266 33.44386332
1300941430 -112.07723496 33.44931206
1256282095 -112.06877871 33.45512743
1301147386 -112.07658629 33.45045259
1256282097 -112.06981388 33.4552975
1256282091 -112.06981388 33.45526606
331927552 -112.07383493 33.44713813
430974702 -112.06844528 33.45285099
1257247482 -112.08623981 33.4532565
329636154 -112.08563757 33.44248098
1301147732 -112.0765515 33.45203928
1313270947 -112.06748136 33.45220717
1313270942 -112.07127912 33.44923847
1313270943 -112.06924692 33.45271176
1313270940 -112.07084242 33.45391649
1259254979 -112.06631912 33.45024212
1257227677 -112.08632581 33.45231362
1259254975 -112.06800397 33.45441111
1259254973 -112.06885901 33.45225847
1313270948 -112.07139101 33.45005152
1259254971 -112.0687565 33.45553613
430974633 -112.06828259 33.45174198
1259255196 -112.06998604 33.45150963
430974631 -112.06850504 33.45156629
41611972 -112.0674304 33.4431921
1259255193 -112.06610413 33.44912481
430974635 -112.06882741 33.45155841
1259255190 -112.06795863 33.45435328
329621574 -112.08610109 33.43884776
1259255199 -112.06844578 33.45330847
1256281959 -112.0697951 33.45538702
1301147722 -112.07669592 33.45217406
1256281951 -112.06909521 33.45479844
1256281953 -112.06844343 33.45472677
1256281952 -112.06861769 33.45479618
1256281955 -112.06983802 33.45529523
1300385399 -112.06811989 33.45553118
430973723 -112.0783723 33.44919069
1259255170 -112.06805183 33.45151659
1259255173 -112.06774329 33.4501101
1278936018 -112.0685876 33.44624479
1256224259 -112.07372169 33.45245327
1256372138 -112.07400349 33.44750727
1256372131 -112.07281921 33.44758589
42557079 -112.06769669 33.43903711
1259255289 -112.0675998 33.453299
1259255288 -112.06800079 33.45026014
401892865 -112.07983561 33.44429239
1307391468 -112.0663441 33.45529884
1259255287 -112.0701572 33.4529799
1259255286 -112.06870352 33.45238043
1259255285 -112.06932789 33.4527665
1295309480 -112.07635243 33.45066616
1255456754 -112.06665272 33.44803022
1255456753 -112.06744632 33.45444841
430974569 -112.06808997 33.45089784
430974568 -112.06807907 33.45084872
1311422927 -112.06758588 33.4504769
1256224035 -112.06747717 33.44820951
1255439916 -112.07370601 33.45544133
1311411563 -112.06892841 33.45104812
1256372045 -112.06918959 33.45315584
1255440101 -112.07192343 33.45419653
1256400794 -112.08702502 33.44830121
1308513961 -112.07415453 33.44900042
1256400793 -112.08689293 33.44870572
41601187 -112.0777098 33.44824178
41701840 -112.08020199 33.44824119
41601189 -112.07771298 33.44931542
1300941476 -112.0750363 33.44804673
1300941475 -112.07741878 33.44919757
1300941471 -112.0773316 33.44919639
41701848 -112.0801817 33.44503327
1301147458 -112.07302456 33.45537117
1257227896 -112.08742099 33.45233533
1256224291 -112.06686152 33.44843599
1256782515 -112.06622617 33.45474463
1301147455 -112.07369361 33.45350729
431002787 -112.07016918 33.44904761
1256400645 -112.0869604 33.448741
1256291704 -112.07131306 33.45455679
431002781 -112.07027882 33.44935137
431002783 -112.07031 33.44915767
41548393 -112.06870319 33.43909327
41548390 -112.06989619 33.43908623
267794097 -112.06731842 33.44454134
267794096 -112.06747071 33.44468919
267794099 -112.06608426 33.44432416
267794098 -112.06731682 33.44435174
1308513765 -112.07255367 33.45111342
329620386 -112.08691153 33.43815684
1308513769 -112.07637674 33.44838829
1311433570 -112.07076229 33.44704568
1256372464 -112.07353142 33.44765278
42205458 -112.08694699 33.45513522
1295309474 -112.07583703 33.45128349
1311433521 -112.07109186 33.44925247
1311433520 -112.0704224 33.44920536
430973667 -112.07492441 33.45023047
1311433522 -112.07038703 33.44916479
1311433524 -112.07092112 33.44811781
1311433526 -112.07083513 33.44865224
1257247468 -112.08641549 33.45231337
1257247469 -112.08633612 33.45148557
1257247466 -112.08672437 33.4517776
1257247464 -112.08651163 33.45167149
1257247463 -112.08677407 33.45182923
1308514248 -112.07652334 33.44855107
41618201 -112.07766956 33.4432325
1311422929 -112.06890519 33.45118483
1311422928 -112.06893168 33.45053649
1311422923 -112.06978236 33.45119489
1313270606 -112.067333 33.45062903
339563631 -112.07671654 33.44751507
1311422926 -112.0689207 33.45117578
339563633 -112.07679533 33.44740292
339563632 -112.07674412 33.44744483
1257247452 -112.08672043 33.45169906
1264727238 -112.06841251 33.45154458
1264727234 -112.068339 33.45168708
1264727237 -112.06849247 33.45190182
430974888 -112.06685573 33.45075719
430974889 -112.06709688 33.45094058
1278935952 -112.07139101 33.44704174
1256288467 -112.08602213 33.44814882
430974880 -112.06712337 33.45053347
430974881 -112.06681768 33.45055418
430974882 -112.06681768 33.45051126
430974883 -112.06673998 33.45072592
430974884 -112.06673864 33.45054881
430974885 -112.06677233 33.45072601
430974887 -112.06701189 33.45088669
1257247512 -112.08672244 33.45174064
1256288463 -112.08602347 33.44819911
41534058 -112.08366958 33.44927242
1313270735 -112.06928732 33.45268637
42604962 -112.07639359 33.4441784
1153891302 -112.07825219 33.44863103
1278936174 -112.06860026 33.4451512
1256288485 -112.08695864 33.4478542
1256288486 -112.08739718 33.44843833
1295670195 -112.074438 33.4481541
1256288480 -112.08696937 33.44744349
1256288483 -112.08724287 33.44838352
1301147319 -112.0730244 33.45469651
1313270554 -112.07072792 33.45360938
1313270557 -112.07433139 33.44874679
1153891303 -112.07837113 33.44863397
1311422973 -112.06943987 33.45118249
1264727308 -112.06813221 33.45162631
1153891304 -112.0784469 33.4486949
1256304588 -112.07709959 33.45186829
1264727304 -112.06802317 33.45145808
1264727305 -112.06903612 33.45169898
1264727307 -112.06818309 33.45154676
1264727300 -112.06902673 33.45169102
1264727301 -112.06841083 33.45140167
1311422976 -112.06979041 33.45107461
42037586 -112.07941459 33.44012441
430975285 -112.07014873 33.45329749
1311509196 -112.06924952 33.45076632
1301147741 -112.07227631 33.45485259
430975006 -112.06663982 33.4493492
1256371969 -112.06883822 33.45387928
1158509277 -112.07664831 33.44789234
1158462964 -112.06751539 33.44401143
1256264579 -112.07656022 33.44920268
1158509278 -112.07656072 33.44728096
329684012 -112.08692008 33.44127952
430975001 -112.06672833 33.44922573
1300763569 -112.07441403 33.44772671
1300763564 -112.0745717 33.44768312
1146691968 -112.07779881 33.44931659
1308513990 -112.07424673 33.44896237
1257227796 -112.08742023 33.45215998
1257227794 -112.08679771 33.45201003
1300763603 -112.0738672 33.44770131
1256264486 -112.07299548 33.4504919
1146691930 -112.07628898 33.44940494
1256282049 -112.06909353 33.45526883
1146691936 -112.07523688 33.44702984
1146691934 -112.08240157 33.44834228
1146691935 -112.07784181 33.45141349
1256282042 -112.06916486 33.45475821
1146691938 -112.07892559 33.44725012
1146691939 -112.07759061 33.44923068
1256264489 -112.07650196 33.44852903
329643828 -112.08643578 33.44339779
1259254968 -112.0696516 33.45169789
430973646 -112.07438411 33.44880052
1259254965 -112.06985218 33.45139748
1259254964 -112.06785972 33.45435604
1313270958 -112.07433139 33.44874922
430974624 -112.06765788 33.45246106
430974625 -112.06776333 33.45237221
430974626 -112.0677132 33.45237221
430973644 -112.07596066 33.44748649
430974620 -112.06880319 33.45190081
430974621 -112.06766174 33.45270757
430974622 -112.06770658 33.45270866
430974623 -112.0677132 33.45246123
1259255380 -112.06952151 33.45322381
1256281969 -112.06872473 33.45510136
1256281964 -112.06841661 33.4548499
1256281966 -112.06894769 33.45526606
1256281967 -112.06978714 33.45543848
1256281960 -112.06895029 33.45529297
1256281961 -112.06882163 33.45542281
1256281962 -112.06909521 33.45522809
1256281963 -112.06977632 33.45535122
430973755 -112.07782052 33.4487597
430973754 -112.07799981 33.4484592
430973756 -112.07794793 33.44875022
430973751 -112.07799981 33.44836868
430973753 -112.07794399 33.4484592
430973752 -112.07785137 33.44898106
1259255144 -112.06990767 33.45151072
1295670193 -112.0738682 33.4478625
1278936233 -112.06733761 33.44636809
1256372129 -112.07404908 33.44729018
1256372124 -112.07453993 33.44757223
1256372127 -112.06938497 33.45277521
430974718 -112.06942051 33.45426887
430974719 -112.06976803 33.45426568
42557068 -112.06690712 33.43918748
1295309476 -112.07708702 33.45450323
1295309477 -112.07628043 33.45048427
1158509188 -112.07611799 33.44777063
1295309475 -112.07643767 33.45065929
1295309478 -112.07656692 33.45450348
1158509183 -112.07626626 33.44774532
1158509180 -112.07644203 33.44824949
430974717 -112.06941967 33.45428832
431002810 -112.07102137 33.44881703
41618199 -112.07643407 33.44322789
1313288315 -112.07444781 33.4490565
1311411551 -112.07810467 33.44871686
1311411553 -112.06891936 33.45128592
1311411554 -112.06979904 33.45255393
1300763607 -112.07395202 33.44713897
1256372055 -112.07397926 33.44750962
1256372056 -112.07410591 33.44761037
1307391460 -112.07080889 33.45476717
