1308513604 1308513736
1308513604 1308514488
1300941487 1300941503
1300941487 1146691939
1300941487 1146691931
1300941484 1300941413
1300941484 1300941495
1300941484 1146691948
1308513978 1308514166
1308513978 1308513765
1300941488 1146691932
1300941488 1300941357
1300941488 1300941497
1300941488 1146691878
1301147442 1301147669
1301147442 331908920
1301147442 1313270355
1308514200 1308514001
1308514200 1308514151
1256400657 1256400707
1256400657 1256288384
1256400657 1256400894
1256400657 1256400962
42354407 41823844
42354407 1256288374
42354407 41570849
42354407 1256288557
1295670227 1300763513
1295670227 1300763585
1295670227 1300941440
1256291734 1256291704
1256291734 1256291697
1256291734 1307391574
1256291734 1307391489
1256291738 1307391440
1256291738 41607956
1256291738 1256291723
1256291738 1307391546
1312382224 1312382206
1312382224 1146691899
1312382224 1295673542
1256400659 1256288542
1256400659 1256288519
1311411424 1311411475
1311411424 1311411574
1301147599 1301147765
1301147599 1301147679
1301147599 1301147681
1311411427 1311411495
1311411427 1311411492
1311411427 1311411590
1311411427 1311411575
41548384 41639648
41548384 41599899
41548384 41559948
41548384 41548387
41548384 41191267
41548387 41929191
41548387 41496941
41548387 41966227
1256224190 1256224041
1256224190 1278935887
1256224191 1256224083
1256224191 1263051836
1301147597 1301147674
1301147597 1301147600
1301147595 1256224220
1301147595 1256224259
1301147595 331908920
1301147595 1301147455
1256224197 1256224212
1256224197 41706264
1256224197 1256224044
1308514416 1308514035
1308514416 1308514248
267794088 267794089
267794088 267794087
267794089 1158509322
42023642 42338388
42023642 41548393
1312382146 1256264589
1312382146 1312382261
1312382146 1256264431
1312382146 1312382218
1308513850 1308514166
1308513850 1308513915
1308513850 1308514265
1311509160 1311509280
1311509160 1311509316
1311433518 431002771
1311433518 1311433580
1263051737 1259255008
1301147293 331908815
1301147293 1313270519
1301147293 1313270878
1256782385 1256782453
1256782385 1255456773
1257247479 1257227752
1257247479 1257247525
1257247479 1257247495
1257247477 1257247466
1257247477 1257247438
1257247477 1257247499
1257247477 1257247564
1315870001 1315869989
1315870001 1315869984
1315870001 1315869985
41618217 329635418
41618217 41618216
41618217 329626626
41618216 42557637
41618216 329644718
41618216 329643839
339563628 339563627
339563628 339563631
1311422959 1311422917
1311422959 1311422939
339563626 339563627
339563626 1255444442
430975023 430975005
430975023 430975024
1311422955 1311422879
1311422955 1311422866
1311422952 1311422873
1311422952 1311422939
1311422953 1311422923
1311422953 1311422973
430975027 430975025
430975027 430975015
1311422951 1311422898
1311433600 431002768
1311433600 1311433598
1311433603 1311433597
1311433603 1301171808
1311433604 1311433594
1311433604 1311433553
1263051887 1263051854
1263051887 1263051933
1263051887 1263051862
1263051887 1263051902
1264727228 1264727277
1264727228 1264727272
1264727228 1264727237
1264727227 1259255092
1264727227 1264727222
1313270385 1313270749
1313270385 430974878
329598585 329598589
329598585 42557016
329598585 329529811
329598585 41496927
1256304663 1295309493
1256304663 1301147301
1256304663 1301147658
1256304665 1256304749
1256304665 1256782467
1256288493 1256288372
1256288493 1256288434
1278936162 1278935991
1256288491 1256288384
1256288490 339762334
1256288490 1256288393
1256288496 1256288414
1256288496 1256288371
1256288495 1256288411
1256288495 1256288467
1256288495 1256288374
1256288495 1256288557
1256288494 1256288554
42217186 330513500
42217186 330513518
42217186 42217181
1313270708 1313270713
1313270708 1313270174
1313270709 1313270347
1313270709 1255456768
41634718 1313270942
41634718 1313270613
41634718 41607948
329681321 42026865
329681321 329684012
329681321 329683640
329681321 41812050
329593731 41496944
329593731 41548390
329593731 42338388
1264727310 1264727241
1264727310 1264727263
1260494201 1260494204
1260494201 1256224276
1260494201 1256224201
1256304590 41997903
1256304590 1295309491
1256304590 41601194
1256304593 1256304505
1256304593 1256304588
42354857 1256372022
42354857 41621508
42354857 1259255242
1311411426 1311411541
1311411426 1311411467
1256371974 1256372196
1256371974 1256372535
1313270412 1313270317
1313270412 1313270346
1313270412 1301147615
1313270412 331932955
1311411421 1311411472
1311411421 1311411563
1256264562 1256264420
1256264562 1300941359
1256264564 1256264423
1256264564 1295309501
1256264567 1256264465
1256264567 331908912
1256264567 331908914
1256264567 1256264519
430973639 430973642
430973639 430973640
430973636 430973635
430973636 430973633
430973637 430973638
430973637 430973640
430973634 1158509306
430973634 430973633
430973635 430973638
1300763592 1300763564
1300763592 1295670242
1300763592 1300763594
339762765 339762761
1300763596 1300763574
1300763596 1300763527
1300763596 1300763603
1300763597 1300763607
1300763594 1300763581
1300763594 1300763537
339762761 1256288467
1300763598 41599884
1300763598 1300763591
1300763598 1300763539
1300763598 1146691892
1300763599 1295670225
1300763599 1295670195
1300763599 1300763551
317522163 41966200
317522163 42576867
317522163 317522164
317522163 317522158
331927568 331927679
331927568 331927573
331927568 1278936224
331927568 331927566
41823834 1146691837
41823834 1146691888
41823834 1146691910
41823834 42037502
41823831 1146691862
41823831 1146691908
41823831 1146691873
41823831 41882950
41823830 1146691873
41823830 42576867
41823830 317522158
331927566 331927675
331927566 1278935991
331927566 331927557
1256282059 1256281918
1256282059 1256282038
1146691923 1146691935
42203712 41706255
42203712 41754070
42203712 41607952
42203712 41711786
1146691924 1146691944
1146691926 1146691890
1146691926 1146691836
1146691926 1146691963
1146691926 42037498
1256282053 1256282079
1256282053 1256282032
267794087 1278936332
1256310601 1259255279
329677366 329677449
329677366 329657730
1259254954 1259255088
1259254954 42203723
1259254954 41610829
1259254954 1259255080
1255440102 1255440063
1255440102 1256291723
1259254956 1259255030
1259254956 1259255025
1158509261 1158509372
1256281973 1256281914
1256281973 1256281953
1256281972 1256282079
1256281972 1256281961
1256281971 1256281905
1256281971 1256281931
1256281977 1256281960
1256281977 1256281988
41611968 42338373
41611968 42557019
41611968 41496932
41611968 41611970
1308513613 1308513689
1308513613 1313288314
1308513613 1308514041
1308513613 1308513955
329604112 329604033
1259255152 1259255289
1259255152 1259255190
430973742 1300941491
430973742 1300941466
1300763591 1300763538
1300763591 331929862
1300763591 1300763607
1256288530 1256288553
1256288530 1256288485
1256288530 1256288564
1158509317 1146691857
1158509317 1158509220
1158509317 1158509358
401892847 401892852
401892847 401892844
401892844 401892842
401892842 401892838
1295309467 1295309491
1295309467 1295309478
1295309467 1146708406
42557052 42557048
42557052 41716554
42557052 42557058
1158509190 1158509151
1158509190 1278936070
1158509190 1158463094
1158509192 430974126
1158509192 1158509116
1158509192 1158509208
1255456779 1255456770
1255456779 1307391560
1255456779 1256278078
1255456779 1255456769
1255456770 1255456767
1255456770 1307391562
1255456770 1256278080
1255456771 1256264442
1255456771 1255456777
1255456772 1255456754
1255456772 1255456775
1255456773 1300385394
1255456773 1300385397
1255456773 1255456776
1255456774 1300385394
1255456774 1255456753
1255456775 1259255116
1255456775 1256224246
1255456776 1256782453
1255456776 1307391534
1255456776 1300385397
1255456777 1313270176
41500739 41769119
41500739 41500741
41500739 41769115
430974507 1311433559
430974507 430974514
1311509104 42588673
1311509104 1259255329
1311509104 1263051922
1311509104 1264727257
1256288539 1256288448
1256288539 1256288441
1308513678 1308513713
1308513678 1312382094
1311411546 1311411605
1311411546 1311411563
1311411545 1259255167
1311411545 1311411540
1311411544 1311411475
1311411544 1311422933
1311411544 1311422928
1311411544 1311422977
1311411542 1311411514
1311411542 1311411541
1311411541 1311411466
1311411541 1311411563
1311411540 1311411514
1311411548 1300941501
1311411548 1256295456
1256372061 1311411450
1256372061 1256372537
1256372062 1256372252
1256372062 1256372407
430974131 430974130
430974131 430974071
1300941491 1300941352
1300941491 430973755
1300941490 1146692829
1300941490 1300941492
1300941490 1300941417
1300941492 341648622
1300941492 1300941379
1300941495 1300941451
1300941494 1300941446
1300941494 1256372284
1300941494 1300941413
1300941494 1300941476
1300941497 430973739
1300941497 430973752
1300941498 1300941475
1300941498 1300941427
1300941498 1300941390
1300941498 1146691939
1158463112 1158463088
1158463112 1158462922
1301147470 1301147760
1301147470 1301147285
1256291727 41913385
1256291727 41607957
41570875 41191309
41570875 329622085
41570875 41570873
1311411439 1311411438
1311411439 1311411599
1311411439 1311411563
1311411438 1311411492
1256291723 1255440112
1256291723 1256291716
41570871 329621902
41570871 41549026
41570871 42026853
41570871 41570873
41570873 317521878
1311411431 1311509113
1311411431 1311411485
1311411430 1256295455
1311411430 1300941501
1311411434 1146691855
1311411434 1311411476
1311411434 41673718
1256224183 1256224240
1256224183 1256224062
1311514893 1311514878
1311514893 1146691881
1308514390 331932699
1308514390 1308513934
1308514390 1308514262
1308514390 1256264412
1256400689 1256400609
1256400689 1256400722
42026828 41701809
42026828 42037586
42026828 42026825
1308513707 1308514060
1308513707 1308514029
41673724 415169115
41673724 41601194
41673724 41673722
41673720 1158509358
41673720 42604678
41673720 41673722
41673720 986255669
41673722 330513571
41673722 1146691935
1256782375 1307391496
1256782375 1256782467
1256782375 1256782515
1256782375 1307391539
1256400620 1256400693
1256400620 1256400707
1256400620 1256400820
1256400620 1256400645
329644718 329644723
1308514089 1313288318
1308514089 1308513872
1308514089 1308514366
1308514089 1308514220
1311509315 1311509251
1311509315 430974658
1311509116 1311509234
1311509116 1311509193
1311509113 1311509196
1311509113 1311411534
1311509113 1311509280
1278936280 331915940
1278936280 1278936082
1278936280 1295670217
1263051728 1263051917
1263051728 1256224176
1263051728 1313270328
1308514262 1146691879
1308514262 1308514041
1308514262 1308514312
1308514262 430973648
1308514265 1308513758
1308514068 430973646
1308514068 1308514220
1308514068 1308513689
1308514068 1308513990
1257247443 1257247562
1257247443 1257247525
1257247443 1257247468
1311509283 1311509177
1311509283 1311509212
1257247447 1257247543
1257247447 1257247511
1257247449 1257247512
1257247449 1257247545
1257247449 1257247434
1308514060 1308513911
1278935950 1278935915
1278935956 1278936183
1278935956 1278936129
42674699 42326887
42674699 42026839
42674699 42345818
42674699 41701777
1256288553 1256288562
430975039 1278936192
1256288556 1256288547
1256288556 1256288472
1256288557 41545999
1256288557 1256288412
1256288554 1256288533
1256288554 41769107
1256288554 42345782
1256288555 1256288433
1256288555 339762331
1311422944 1311422978
1311422947 1311422967
1311422947 1311411605
1301147301 1146708397
1301147301 1301147371
1311422943 1311422868
1311422943 1311422961
1311422942 1311422869
1311422942 430974544
1311422942 1311422924
1301171801 331927667
1301171801 1278936115
1301171801 1278935869
1301171801 1301171779
41496939 41496936
41496939 41929197
41496939 41929191
41496939 41496941
41496936 42338373
41496936 41496932
41496936 41966219
41639648 41599895
41639648 317301816
41496932 41611965
41496932 42557016
1313270393 1313270918
1313270393 1313270753
1307391599 1307391453
1307391599 1307391515
1307391599 1307391538
1256304614 1259255144
1256304614 1256304712
1311509166 1311509108
1311509166 430974568
1313270713 430974888
1313270711 430975253
1313270711 1313270788
41599801 41599799
41599801 42037586
41599801 41882908
41599801 41599802
41599802 42037592
41599802 41882910
41599802 41191280
1313270714 1313270438
1313270714 1313270179
1313270714 430974612
1278936114 42221224
1278936114 1278935938
1278936114 1278935991
1278936114 1278936179
1278936115 1278936270
1313270575 1259255285
1313270575 1313270683
430974999 430975002
430974999 430975000
1278936022 1278935878
1278936022 331901518
1278936022 331901520
1278936022 1278935910
1313270405 430975256
1313270405 430975261
1256264555 1256264532
1256264555 1256264588
1313270889 1313270543
1313270889 1313270346
1256264557 1256264579
1256264557 1256264434
1301147439 1301147774
1301147439 1301147791
1301147439 1301147622
1313270881 1263051933
1313270881 1313270328
1256282113 1256281955
1256282113 1256281963
1256264558 1256264423
1256264558 1300941351
1300763581 1300763529
1300763581 1300763569
1300763583 1300763512
1300763583 1300763525
1300763583 1300763514
1300763582 1300763538
1300763582 1300941358
1300763582 331929862
1300763582 1300763595
1300763585 1295670201
1300763585 1300763549
41545999 1158463105
41545999 41570847
41545999 1256288463
329378570 329530148
329378570 41611976
329378570 42557042
329378570 329377247
42037498 1146691888
42037498 1146691938
42037498 1146691843
1259255012 42588673
1259255012 1259255140
1259255012 1313270947
1259255012 1259255279
1158509320 1158509171
1158509320 1158509281
1259255016 1259255071
1259255016 1259255306
1259255016 1259255025
1259255016 1259255257
331927573 331927574
1259255019 1259255035
331927574 1278936233
331927574 331927685
331927574 41698372
1146691914 1146691873
1146691914 42576867
1146691914 1146691853
1146691914 41882950
1146691915 1146691898
1146691915 1146691930
1146691915 331932708
1146691915 41997893
1146691916 41997900
1146691916 1295309511
1146691916 1300976763
1146691916 1301147403
1146691910 1146691946
1146691910 41701845
1146691910 1146691895
329636182 42556971
329636182 329635451
1146691913 41701848
1146691913 1146691895
1146691913 1146691897
1146691913 42037502
1146691918 42290358
1146691918 1146691863
1146691918 42290355
1146691918 1146691934
1295673537 341648641
1295673537 1295673538
1295673537 1295673541
1256282062 1256281943
1256282062 1256281983
1257247571 1257247499
1257247571 1257247569
1257247571 1257247452
1295673536 1295673544
1295673536 1256264532
1295673536 1256264530
1311422958 1311422869
1311422958 1311509181
1311422958 1311422872
1311422958 1311509201
331927685 1278935927
331927685 1278936161
331927685 41698372
1311422956 1311422911
1311422957 1311422932
1311422957 1311422865
986255669 1158509167
986255669 41673718
1256281905 1256281967
317300572 41549122
317300572 41549124
430975025 430975010
1257247562 1257247438
1257247562 1257247453
430975024 430975007
339761108 339761106
339761108 1158463096
1146691865 1301147403
401892859 401892862
401892859 401892856
1257247561 1257247464
1257247561 1257247495
401892852 317519562
401892852 41514412
401892852 401892856
1295309454 1295309494
1295309455 1295309493
1295309455 1146691967
1295309455 1295309448
1295309455 1146691960
42557042 42557048
42557042 329377247
1295309452 1295309477
1295309452 1295309494
1295309452 1295309446
1295309452 1295309480
339761102 339761112
339761102 339761104
42557048 41716551
42557048 41862007
1255456769 1255456762
1255456768 1256264442
1255456767 1255456766
1255456766 1307391468
1255456765 1255456781
1255456765 1307391524
1255456763 1255456780
1255456763 1255456761
1255456762 1255456780
1255456761 1307391524
1255456760 1307391496
1255456760 1256278079
1255456760 1256278080
329604033 41618199
329604033 41882956
329604033 42604962
430974514 1311433524
430974515 430974487
430974515 1311433524
1259255232 1259255289
1259255232 1259255269
1158509146 1158509116
1158509146 1158509124
1259255237 1256224110
1259255237 1259255182
1259255237 1259255356
1301147681 1301147397
1301147681 1301147371
1256372281 1300763520
1256372281 1300763514
430973661 430973668
430973661 430973662
1256372076 1256372327
1256372076 1311411500
1300941390 1300941423
1300941390 1300941471
1300941390 1300941467
41318465 41318453
1311411574 1311411468
1256224086 1256224107
1256224086 1256224302
1256224087 1256224061
1256224087 1256224139
1311411575 1311509316
1311411598 1311422871
1311411598 1311411607
1311411598 1259255167
1311411598 41711786
1158463108 1158463004
1158463108 1158463132
1256224081 1256224068
1158463105 1158463004
1158463105 1256400894
1311411572 1311422949
1311411572 1311411586
1311411590 1311411605
1311411593 1311411487
1311411593 1311411513
41929197 317521509
41929197 42338373
329598589 42557012
329598589 329598861
329598589 41966200
41929191 41966219
41929191 41559948
1311411570 1158509284
1311411570 1300941388
1256224144 1256224107
1256224144 1256224067
41570864 41549026
41570864 329635451
41570864 329635473
41570864 329637406
1256372252 1311411450
1256372251 430974732
1256372251 1256372127
1255439899 1255439902
1255439899 1255440126
1256224176 1256224083
1256224176 1263051795
329377247 42557038
329377247 41611972
1255439896 1307391532
1255439896 1255440101
1256400693 1256400734
1256400693 1256288391
1256400693 1256400668
42026839 41549127
42026839 42026847
1308513711 1300941362
1308513711 331930502
1308513711 1146691879
1308513711 1295670225
1312382165 1312382094
1256288391 1256400794
1256288391 1256288379
317301816 41599897
1158463037 41723644
1158463037 41570847
1158463037 1158463016
1311422876 1311422934
1311422876 1311422928
1300763525 1256372284
1300763525 1300763521
1300763525 1300763530
1256372499 1256372219
1256372499 1256372524
1300763529 1300763556
1300763529 1300763571
1300763529 1300941434
1308513955 1308513647
1308513955 1308513780
1256782499 1300385399
1311433576 1311433522
1311433576 1311433566
1278936294 1278936165
1311509107 430974585
1311509107 430974569
1308513827 1308514001
1308513827 1308514424
1278936293 1278936221
1278936293 1278936225
1311509102 1311509143
1311509102 1311509270
1308514275 1315690229
1308514275 1308513911
1311509109 1311509242
1311509109 1311422900
1311509109 1311422962
1311509108 1311509092
1311509108 1311509177
1311433578 1311433570
1311433578 1311433563
41191280 41191273
41191280 41191284
1257247453 1257247499
1257247453 1257247569
41191287 41701778
41191287 41191290
41191287 41191284
41191284 42037592
1295670203 331930547
1295670203 1295670231
1295670203 1295670230
1295670203 331930548
1278935927 1278936040
1278935927 1278935934
1278935927 1278935909
1278935924 1278936221
1278935924 1278936232
1308514072 1308513713
1308514072 1308513919
1311422970 1311422871
1311422970 41706257
1311422970 1311422975
1311422970 1311422900
1256288540 1256288458
1256288540 1256288564
1311422972 1311422976
1311422972 1311422914
1256288542 1256400794
1256288542 1256288547
1256288547 1256288520
1311422977 1311422884
1256288549 339762329
1256288549 1256288436
1256288548 1256288505
1256288548 1256288541
1256288548 339762324
1256288548 1256288380
430975005 1259255134
430975004 430975003
430975004 430975001
430975003 430975006
430975002 430975001
1301147317 1301147319
1301147317 1301147655
1301147317 1256291677
1301147317 1301147409
430975000 430975013
41496927 42221224
41496927 41966200
1256224220 1256224132
1256224226 1256224041
1256224226 1256224067
1256224226 331901574
1311411493 1311411494
1311411493 1311411586
1312382206 1146691899
1312382206 1312382261
1312382206 1158509369
1308514119 1308514497
1308514119 1315690229
1300941464 1300941359
1300941464 1295309508
1300941464 1300941383
1259255140 1256304741
1259255140 1259255329
1259255140 1256304696
41601190 1146708393
41601190 1146691903
41601190 1146691857
41601190 41601191
430975342 430975286
430975342 430975288
1307391584 1307391572
1307391584 1307391571
1307391583 1307391604
1307391583 1307391470
1307391580 1307391561
1307391580 1307391541
1307391580 1307391551
1300941503 341648506
1300941503 341648616
42345818 317521878
42345818 42026853
1313270506 1313270858
1313270506 1313270185
1313270502 1313270288
1313270503 1313270179
1256281914 1256282063
1256281910 1256281960
1256281910 1256282049
1256281910 1301147647
1256304739 1259255144
1256304739 1259254999
1278936161 1278935996
1278936161 1278936018
1278936161 331927679
41191269 41191270
41191269 41599899
41191269 41191267
1315690232 1315690220
1278936030 267794099
41191267 41966227
1278936165 1278936010
1278936165 1278936135
1256281919 1256281951
1256281919 1256281943
1256281919 1256281952
1256281919 1256282042
1256281918 1256281896
1256288371 1256288502
1313270185 1256264512
1313270185 1313270302
1256224282 1256224272
1259255136 1313270947
1259255136 1313270246
1259255136 1259255074
1259255136 1259255329
329621902 42026865
329621902 329622085
1146691909 1146708393
1146691909 1146708407
1146691909 1311514902
1146691909 1146691968
1146691908 1146691837
1146691908 1146691954
1146691908 1146691876
1158509334 1146691877
1158509334 1158509338
1158509334 1158509233
1158509334 1158509278
1146691903 1146708392
1146691903 1146691967
1146691903 1146691866
1158509338 1146691840
1158509338 1158509315
1158509338 1158509372
1146691907 42663015
1146691907 1146691844
1146691907 1146691848
1146691907 41823838
339761106 339761105
339761105 339761104
1256282071 1256281964
1256282071 1256281969
1256282075 1256281961
1256282075 1256281988
1158509208 1158509255
1158509203 1158509306
1158509203 1158509188
1158509202 1295670211
1158509202 1158509180
1256281915 1256282095
1256281915 1256281966
1257227692 1257227847
1257227692 1257227768
1257227692 1257227627
1259254999 1259255295
1259254999 1259254965
1259254999 1259254988
1259254999 1264727293
1256281912 1256281953
1256281912 1256281952
1259254990 1256224110
1259254990 1259255356
1259254990 1256224272
1259254991 1259255074
1259254991 1259255289
1259254991 1259255027
1259255134 430975006
1259255134 1256224271
430974344 430974355
430974344 1313270950
430974343 430974352
430974343 1301147659
430974341 1301147659
430974341 430974339
1259255138 431002776
1259255138 1259255260
1259255138 431002777
1259255138 1259255118
1295309448 41601194
1295309448 41601191
42557032 42557038
42557032 42556884
330513500 415169116
330513500 42205602
1301147674 1301147606
1301147674 1301147633
1301147674 1307391574
1259255221 1259255249
1259255221 1259255307
1259255221 1259255039
1259255221 1259255190
1301147678 1301147791
1301147678 1301147352
1301147679 1301147481
1301147679 1301147658
1301147679 1301147371
1259255225 1259255094
1259255225 1259255076
1259255225 1259255299
1259255224 1259255082
1259255224 1259255293
1259255227 1259255200
1259255227 1259255286
341648598 1295309492
341648598 341648604
1300941388 1158509164
1300941388 1153891299
1300941385 1146691959
1300941385 1153891302
1300941385 1158509284
1300941384 1300941348
1300941384 1129096186
1300941384 1300941366
1300941384 1129096179
41607956 1259255088
41607956 1307391482
41607956 1307391489
41607957 1256291656
41607957 1307391489
1256372002 1256372517
1256372002 1256372026
1256372003 430974729
1256372003 1311411500
41607952 1308513765
41607952 331908916
41607952 41607953
41607953 331908918
41607953 41754070
41607953 1259255273
41318453 329604828
41318453 41882956
317298375 1278935909
317298375 1278935964
317298375 41698372
1311411582 1311411451
1311411582 1311411472
1158463132 1158463016
1158463134 1158463157
1158463134 1158462904
1301147410 1301147741
1301147410 1301147623
41570852 41803789
41570852 41570849
41570852 41823844
41570852 41570855
41570855 329615617
41570855 329648560
41570855 41701848
1311411459 1311411523
1311411459 1311411501
1257247526 1257247543
1257247526 1257227966
1257247526 1257247511
1311411455 430974729
1311411455 1311411554
1311411454 1311411451
1311411454 1311509210
1311411454 1311509146
1311411451 1311411468
1311411451 1311411513
42290362 42290358
42290362 330513518
42290362 41769111
42290362 42604678
1308513728 1308513885
1308513728 1308514445
1308513728 1308513652
1256264465 1256264451
1256264465 331908809
1256264465 331908810
1278935910 1256224043
1278935910 1256224056
1256372537 1256372323
1256372535 1256372198
1158463004 1158462908
1158463004 1158463090
1301147522 1301147641
1301147522 1301147371
1256291674 1256291704
1256291674 1256291697
1256291677 1307391440
1256291677 1255439993
1256291677 1255440028
1256288513 1256288525
1256288513 339762328
1256782484 1256782467
1256782484 1256782515
1256782484 41913629
1256224302 1256224230
1308513926 1308513887
1308513926 1315690220
1256400759 1256400802
1256400759 1256400820
1308513584 1308514281
1308513584 1308514356
1158509124 1158509255
1311433567 1311433553
1311433567 1311433549
1311433566 1311433520
317519562 41701848
1311433569 1311433536
1311433569 1311433534
1311433568 1311433547
1311433568 1311433538
41191294 42326885
41191294 41191290
331908815 1301147669
331908815 331908812
331908815 331908920
1278935934 1278935878
1308514041 1308514102
1308514041 430973645
430975010 430975007
430975010 430975012
430975011 430975012
430975011 430975014
430975012 430975018
430975013 430975014
1311422962 1311509125
430975016 430975015
430975016 430975017
430975017 430975018
1311422969 430974535
1311422969 430974536
1311422969 1311422872
331915940 1295670217
331915940 331927669
1256224230 1256224065
1256224230 1256224047
1256224230 1256224044
1313270375 1313270911
1313270375 1313270741
1315869999 1315869998
1315869999 1315869987
1311422982 1311422966
1311422982 1311422938
1307391572 1307391567
1158509151 1158509322
1307391571 1307391567
1307391577 1307391532
1307391577 1307391601
1307391574 1307391542
1307391575 1307391560
1307391575 1307391524
1158509152 1158509238
1158509152 1158509173
1256288379 1256288532
1256288379 1256288483
1256288374 41812031
1256288374 1256288450
1158462970 1158463016
1158462970 1158462856
1256288372 1256288526
1256288372 1256288535
1278936135 1278936092
1278936135 1278935898
1278936135 1278936233
1278936137 1278935902
1278936137 1278936252
1311509138 1311509143
1311509138 1311509234
1311509133 1311509281
1263051707 1313270606
1263051707 1256224260
1313270516 430974880
1313270516 1313270195
41514412 42037502
41634707 1259255035
41634707 1259255097
1146691888 1146691946
1146691888 1146691836
1307391487 1307391551
1307391487 41610831
1307391487 1307391469
1307391485 1307391513
1307391485 1307391523
1307391485 1307391517
1307391482 1307391532
1307391482 41610829
1307391483 1256782515
1307391483 41610839
1307391483 1307391539
1307391481 1307391553
1307391481 1307391607
1307391481 1307391603
339567256 339567248
339567256 339567255
339567255 339567254
339567254 339567252
339567252 339567251
339567251 1158462911
1307391489 1307391440
1313270176 1313270231
1313270174 1313270495
1278936009 331925123
1315690220 1315690229
1315690220 1308514133
41191273 41882910
41191273 41191270
41191270 42326900
1257247481 1257247438
1257247481 1257247564
41607950 1256264519
41607950 41706255
41607950 1256264581
41607950 1308513765
1300941380 1300941375
1300941380 1295670193
1300941380 1300763571
1129096185 1300941348
1129096185 1129096186
1300941383 1300941426
1300941383 1146708404
1129096182 1300941348
1129096182 1129096179
1313270191 1313270683
1313270191 1313270905
1313270195 1256224155
1256400802 1256400760
1256264442 1313270302
1256264442 1256264537
1259255035 1256224121
1259255035 1259254979
1256264446 430973662
1256264446 430973665
1256264446 1256264412
331927557 331927552
331927557 41609721
331927557 331927663
339761110 339761111
339761110 1158463096
339761111 339761112
331932707 331932708
331932707 42482209
331932708 331932699
331932708 1146691852
42557066 42557068
42557066 42557058
1158509233 41599884
1158509233 1158509225
1158509233 1158509372
41611976 41862007
1158509236 1158509238
1158509236 1158509147
1256264539 1256264489
1256264539 1256264430
1158509238 1158509167
1158509238 1158509358
1256264537 1308513848
1256264537 1313270813
1256264535 1256264486
1256264535 1256264432
1256264530 1256264588
430974358 1313270824
430974358 430974357
430974359 430974360
430974359 1313270824
1259254985 1259255080
1259254985 41711792
1259254985 1259255307
1259254985 1259255249
1259255101 1259255082
1259255101 1256224271
1259255101 1259255097
430974352 430974339
430974353 430974360
430974353 430974354
430974354 430974355
430974357 1313270950
1301323285 1295670219
1301323285 1278936270
1301323285 331927663
1301323285 1278935886
1257227593 1257227573
1257227593 1257247445
1295309438 1301147661
1295309438 41997900
1295309438 1295309511
401892835 401892865
401892835 401892838
1295309430 1295309492
1295309430 1146691931
1295309430 1300941437
1295309431 1295309494
1295309431 1295309474
41803783 41803789
41803783 1256288533
41803783 41570849
41803783 42345782
330513518 41769115
42557022 41611970
42557022 42557019
42557022 329529808
42557022 42556884
41803789 41823838
1255456781 1256278078
430974539 1311509219
430974539 430974546
1256288423 339762324
1256288423 339762325
1257227573 1257227752
1257227573 1257227673
430974536 430974590
1257227576 1257227768
1257227576 1257227566
1256288420 1256288469
1256288420 339762321
1301147661 1301147530
1301147661 1295309475
1158509164 1311411551
1158509164 1146691878
1259255216 1259255288
1259255216 1259255207
1301171796 1301171812
1301171796 1301171788
1301171796 1301171773
1259255213 1259255170
1259255213 1264727277
1259255213 1259255329
1255440063 1255439966
41607948 1256264519
41607948 331908912
41607948 1313270595
341648586 341648579
341648586 1295309492
1256281922 1301147647
1256281922 1256281931
1300941358 1300763603
1300941358 1300941440
1300941359 1295309501
1300941352 1146691969
1300941352 1146691878
1300941351 1300941471
1300941351 1300941467
1300941357 1146691947
1300941357 41601189
1313270613 1313270265
1313270613 1313270304
41570849 1256288412
1301147403 1301147553
1301147403 1301147659
41570847 1256288412
41570847 41534055
1301147409 1301147643
1301147409 1256291696
331929862 331927552
331929862 331927663
331929862 1295670235
1146691848 1146691946
1146691848 41701845
1146691848 41701842
1311411466 1311411490
1311411467 1311411533
1256224155 1313270749
1256224155 1256224260
1256224156 1256224107
1256224156 1256224271
1256224156 1259255293
1308513736 1308514309
1311411480 1311411602
1311411480 430974702
1311411481 1311411518
1311411481 1311411578
1256372525 1256372516
1256372525 1259255199
1158463016 1158462908
1311411484 1153891305
1311411484 1158509361
1311411485 1311411577
41673717 1146691855
41673717 1146691952
41673717 1146691938
41673717 1146691849
1301147530 1146708392
1301147530 1301147641
1301147530 1146708397
41823838 41701845
1301147535 1301147383
1301147535 1301147647
1301147535 1259254971
41673718 1146708386
41673718 1146691968
1301171793 1301171769
1301171793 1301171809
1301171793 1295670205
330560659 41500741
330560659 41769115
1308513844 1308514035
1308513844 1308514488
331901576 41706257
331901576 331901577
331901576 331901574
331901576 331901520
331901577 331901521
331901577 1256264435
331901577 331901579
331901574 331901518
331901574 1256224056
331901579 1256264415
331901579 331909967
331901579 331901522
329648726 329648564
1308513848 1313270595
1308513848 331908912
1308513848 1308513909
1278935902 1278936240
1278935902 1278936142
1278935902 1278936077
1256288563 1256288501
1256288563 1256288567
1256288562 1256288527
1256288562 1256288514
1256288562 1256288571
1256288561 1256288471
1256288561 1256288571
1256288567 1256288449
1256288566 1256288475
1256288566 1256288385
1301147333 1313270346
1301147333 1301147615
1301147333 621056081
1301147331 1301147386
1301147331 1301147481
41496944 41496941
41496944 41966227
41496941 41548390
42026811 42026813
42026811 317521341
42026811 42604859
42026813 41882907
42026813 41549116
1255440060 1255439993
1255440060 1256291696
1256224201 1256224112
1256224201 1259255182
41610859 42339153
41610859 41546003
1313270346 331932983
1313270347 1256264510
1307391561 1307391460
1307391561 1307391476
1307391560 1256278078
1307391560 1307391562
1307391562 1256782502
1307391562 1256278080
1307391567 1256291716
1307391566 1300385394
1307391566 41610835
1307391566 1307391534
1307391566 1307391454
339563480 339563477
339563480 339563479
1278936129 1278936082
1146691879 1146691949
1146691879 1308514216
1311433559 1311433537
41559946 41559938
41559946 41611965
41559946 41599892
41559946 41549111
1311433550 431002798
1311433550 1311433585
1311433551 1311433583
1311433551 431002784
1311509125 1311509121
1311509125 1311422933
41559948 41599895
41559948 41549111
1311509121 1311509242
1311509121 430974659
41599884 41599887
41599884 1300763539
41599884 331930548
41599884 1146691948
1263051917 1263051902
1256304712 1256304696
430975253 430975254
1256371934 1256372358
1256371934 1256372346
430975256 1313270535
1301171773 1301171780
1301171773 1301171779
1301171770 1301171804
1307391492 1307391607
1307391492 1307391553
339567248 339567249
339567249 339567250
430975259 1313270796
430975259 1313270940
1301171779 1301171767
1301171779 1301171788
1278936010 1278936332
1257247495 1257247432
1257247499 1257247512
1257247498 1257247464
1257247498 1257247432
41706261 1263051866
41706261 1311509281
41706261 1256224044
41706261 1259255060
42604678 42217181
42604678 986261573
1313270231 1313270655
621056082 331932987
621056082 331932986
621056082 621056083
1301147391 41997900
1301147391 1301147553
1301147391 1301147732
329604848 329604828
621056080 621056083
621056080 621056081
1256264451 1256264419
1256264450 1256264424
1256264450 1256264419
1256264450 42482209
1146691969 1146691947
1146691969 1146691894
1146691969 1300941450
1301147397 1301147728
1301147397 1301147641
1146691965 1158509357
1146691965 1146691931
1146691965 1295670220
1146691965 41601187
1146691967 1301147658
1146691967 41601191
1146691961 1311411476
1146691961 1256295452
1146691963 1146691902
1146691963 1146691952
1146691963 1146691938
1312382261 1308514309
1312382261 1308513769
1256282010 1256281959
1256282010 1256281963
329639602 329639599
329639602 42026853
329639602 329641136
329639602 42345782
1158509227 1158509297
1158509227 1295673546
1158509227 1158509277
1158509227 1158509183
1158509225 1158509278
1158509225 1158509183
1158509225 1146691941
1256264528 1256264591
1256264528 1256264418
317522054 41549127
41500744 1257227677
41500744 1257247500
41500744 41500742
1256264527 1256264590
1256264527 341648518
1256264522 1256264596
1256264522 1256264462
1259255118 1259255354
1259255116 1256224147
1259255116 1259255336
1259255116 1256224139
1259255113 1259255239
1259255113 1259255193
1158509220 430974074
1158509220 430974122
41500742 41723609
41500742 41500741
1257227587 1257227631
1257227587 1257227847
1257227587 1257227794
1313270838 1313270543
42557019 42557016
42557019 329529811
42557012 329598861
42557012 42557016
42557012 41611965
1313270355 1313270653
1313270355 331908923
1313270355 1313270431
1259255027 1259255169
1259255027 1259255306
1259255027 1259255076
1300385401 41621512
1300385401 1300385397
1300385401 1300385399
1300385401 41913628
1257227567 1257227725
1257227567 1257227566
1158509173 1158509147
1301147655 1301147643
1301147655 1301147498
1158509171 1158509245
1158509171 1158509183
1259255200 1259254973
1259255207 1259255173
1259255205 1259255242
1301171804 1301171782
1301171804 1301171819
1256372022 1255440131
1256372022 1255440126
1256372022 1307391515
1256372025 1256372080
1256372025 1256372346
1256372026 1300941362
1256372026 1295670193
1256372026 1300763551
341648579 341648561
1256281938 1256281952
1256281938 1256282080
1256281933 1256282029
1256281933 1256281930
1256281930 1256281951
1301147438 1301147319
1301147438 1301147624
1300941348 1300941417
1301171802 1301171771
1311514902 1146691857
1256372284 1300941446
1311411476 1146691874
1311411476 1311411524
1311411475 1311411487
1311411475 1311411573
1301171808 1301171782
1301171808 430974488
1301171808 1301171785
1256224147 1256224061
331925161 1278936321
331925161 41698372
1311411478 1259255247
1311411478 1259255091
1311411478 1259255285
1158463066 1158462930
1158463066 1158462964
1311411490 1311411553
1311411490 1263051922
1256372516 1256372407
1256372517 1300941377
1256372517 1295670235
1311411495 1311422949
1311411494 1311411577
431002819 431002818
431002819 431002820
1278935878 1278935964
1300941501 430973713
1308514281 1308513919
41913385 1307391542
1278935871 1278935996
1311514878 1295670220
1256291656 331908925
1256291656 1256291696
1257227966 1257227768
1257227966 1257227627
1311433563 1311433592
1256372358 1256372209
1256400771 1256400761
1256400771 1256400645
1308513909 1308514108
1308513909 1308514102
1308513909 1308513695
1308513909 1308514020
1307391603 1307391529
1307391603 1307391550
1256400778 1256400656
1256400778 1256400793
1311509240 430974540
1311509240 1311509146
42023781 42221224
42023781 329529808
42023781 1278936179
1311509248 1311509177
1311509248 1311509262
1278935915 1278936070
1308514020 1308513944
1308514020 331908809
1308514020 1313270451
1256288519 1256288570
1256288519 1256400668
1256288514 1256288524
1256288514 1256288500
1256288515 1256288440
1256288515 1256288448
1308513695 1308513872
1308513695 1308514001
1256288511 1256288525
1256288511 1256288436
41882907 41882961
41882907 41882908
1256224210 1256224277
1256224210 1256224276
1256224210 1256224112
42023812 41716551
42023812 42338373
42023812 41611970
42026865 329621574
41882908 42604859
41882908 41882910
41191290 42326887
1307391556 1307391453
1307391556 1307391477
1307391556 1307391515
1307391551 1307391606
1307391551 1307391476
1308514334 1308514492
1308514334 1308513758
339563723 339563722
339563723 1255444435
339563722 339563635
1313270755 1313270735
1313270755 1313270943
1256288421 1256288380
1256288421 1256288524
1313270753 1263051854
339563726 1255444442
339563726 339563636
1256288429 1256288382
1256288429 1256288381
1256288470 1256288474
1256288470 1256288453
1278936242 1278936092
1278936242 1278936053
1278936240 1278936273
1278936240 1278936018
1278936183 1278936197
1311433549 430974489
1311433547 1311433537
1308513871 1308513624
1308513871 1308513885
1308513871 1308513652
1308513872 1308514216
1256288472 1256288383
1311433540 431002786
1311433540 1311433535
1311422967 1311422880
1311422967 1311422902
1311422967 1311422938
1311422966 1311422896
1263051905 1259255008
1311422964 1311422868
1311422964 1311422873
1263051902 42588673
1263051902 1259255008
1256288570 1256288383
1301171765 1301171788
1301171765 1301171815
1301171765 1301171784
1301171767 1301171787
430975264 1313270913
430975264 430975263
430975263 1313270264
430975262 1313270314
430975262 430975261
430975260 1313270788
430975260 1313270907
1311422960 1311422919
1311422960 1311422928
1301171769 1256372208
1301171769 1300763527
431002801 431002802
431002801 431002804
329635418 42557645
329635418 41549031
1278936065 1278936253
339762335 1256288469
339762335 1256288393
339762334 1256288526
1313270351 430974888
1313270351 430974885
1264727295 1264727285
1264727295 1264727238
1264727295 1264727261
339762331 339762333
1264727293 1264727269
1264727293 1264727301
1264727293 1264727291
339762333 1256288526
1264727291 1264727238
1264727291 1259255358
1264727291 1264727273
1313270227 1313270317
1313270227 1313270288
1313270227 1313270584
1313270225 1256224256
1313270225 1263051800
1256282029 1256281962
1256264466 430973875
1256264466 430973876
1256264466 1256264595
1263051839 1263051795
1263051839 1256224277
1263051839 41706264
1307391608 1307391534
1307391608 1307391528
1307391608 41913628
1307391604 1307391441
1158509245 1158509188
1307391606 41711797
1307391606 1307391549
1307391606 41610831
1307391607 1307391529
1263051836 1263051854
1263051836 1256224256
1256400829 1256288406
1256400829 1256400820
1256400829 1256400794
1256400822 1256400793
1256400822 1256400645
430974508 430974489
430974508 1311433534
1313270535 1313270271
1313270535 430975255
1146691951 1146691958
1146691952 1146691864
1146691952 1146691894
1146691953 1146691876
1146691954 1146691890
1146691954 1146691862
1146691954 1146691836
1256264462 1256264469
1146691958 1146691938
1146691958 1146691843
1146691958 1146691849
1146691959 1311411527
1146691959 1146691970
1146691959 1158509361
41966200 41609721
1256282025 1256282035
1256282025 1256281983
1256264469 1256264470
1256264581 1256264432
1256264581 1256264597
1256400656 1256400760
1256264510 1256264504
986261570 1146708399
986261570 1146708398
986261570 42339130
986261573 986261571
986261573 42339130
986261573 986261576
1256304505 1301147361
329598861 42604962
1300763571 1295670242
341648628 341648610
341648628 1300941379
1313270821 1259255313
1313270821 1313270735
1313270821 1313270905
341648622 341648641
1313270824 1313270878
1158509369 1146692826
1259255057 1259255264
1259255057 1256224291
1259255057 1259255336
331932987 1256304492
331932987 331932959
331932987 331932990
1301147648 1301147361
1301147648 1301147722
1301147648 1301147760
1301147648 1301147285
41754070 1259255069
331932983 1256304496
331932983 331932955
1301147643 1301147773
331909967 1308513649
331909967 41559933
331909967 331908910
1301147647 1256281943
1259255272 1259255269
1259255272 1259255094
1259255273 41607955
1259255273 1259255366
1259255273 1259255069
1255439988 1255440101
1255439988 1255439942
1256264418 1256264430
1259255279 1256310599
1259255279 1259255008
341648561 341648537
329641136 329639833
1295670232 1295670239
1295670232 1295670235
430975236 430975235
430975236 430975229
1301171790 1301323782
1301171790 331901521
1301171790 1295670215
1300941379 1300941422
1300941375 1300763570
1300941375 1300763528
317300711 41701809
317300711 41549127
1300941377 1300941469
1300941377 1300941457
1300941370 1153891303
1300941370 1153891305
1300941370 1153891304
41723609 330560577
41723609 41546007
431002829 431002825
431002829 1311433598
431002828 1311433521
431002828 1313270440
431002825 431002826
431002824 431002817
431002824 431002823
1260494204 1256224204
1256372290 1256372169
1256372290 1256372209
1259255306 1259255077
1259255307 1259255089
431002823 431002822
42482209 331932990
42482209 1300976764
42482209 331932960
42482209 331932698
42290358 41769109
42290358 42339130
1158463118 1158462849
1158463118 1158462922
42290355 41701840
42290355 41769107
1256264512 1313270595
1256264512 1256264415
42556971 41882953
42556971 329642384
1308514102 1308514431
329644723 329643821
1308514108 1313288310
1308514108 1313288324
1278935869 1278935952
329648092 42556967
329648092 329648559
329648092 42556960
1256400761 1256400609
1256224041 331901518
1256224044 1256224258
1255439966 1255440112
1311509251 430974659
1311509252 1311509266
1311509252 1311509180
1311509255 1311509184
1311509255 1311509270
1256288508 1256288571
1256288508 1256288460
1256288505 1256288414
1256288506 1256288527
1256288506 1256288406
1256288506 1256288463
1256288501 1256288475
1256288500 1256288527
1308513680 331908910
1301147352 1301147360
41882910 42326900
1278936321 1278936304
1278936321 1278936201
1256224260 1263051800
1256224260 1263051866
1256224260 1256224258
1311509320 1311509092
1311509320 430974569
42205597 415169116
42205597 415169115
42205597 330513571
42205597 415169118
1313270672 1313270304
1313270672 1313270948
1307391542 41610829
1307391542 1307391476
1307391546 331908923
1278948995 1255456754
1278948995 430975226
1278948990 430975232
1278948990 430975225
1308514324 1308514121
1308514324 1308514424
1311422880 1311422878
1311422880 1311422914
1256288432 1256288456
1256288432 1256288375
1257247545 1257247452
1256288434 1256288480
1311422886 430974545
1311422886 1311422892
1311422886 430974544
1256288436 1256288414
1311422888 1311422879
1311422888 1311422932
1311422889 1311422864
1311422889 1311422865
1278936253 1278935996
1278936253 1278936216
1278936252 1278936142
1311422868 1311422913
1311422869 430974543
329678506 329643821
1311422866 1311422919
1311422864 1311422934
41913628 1307391520
1256224065 1256224121
1256224065 1256224285
339563025 339563026
339563026 339563027
339563027 1256400706
1278936077 1278936048
1264727289 430974620
1264727289 430974634
339762328 339762327
339762329 1256288433
1264727285 430974631
1264727285 1264727234
339762327 339762325
339762324 339762323
339762323 1256288398
1264727283 430974633
1264727283 1264727268
339762321 1256288398
1295673544 1300941422
1295673544 1146692826
1295673545 1295673546
1295673545 1255444442
1295673540 1158509341
1295673540 1295670220
1295673540 1295673539
1295673541 341648610
1295673541 1295673542
1295673542 1295673538
1295673543 1146691941
329639599 329637404
1307391615 41610837
1307391615 1307391446
1307391615 41610839
331932699 1313270451
331932699 331930502
331932699 331932698
331932699 1308514312
1256400833 1256400731
41549031 41812050
41549031 42557648
1146708399 1146708384
1146708399 986261571
1146708399 1146708400
430974874 1313270245
430974874 1313270801
430974877 1313270601
430974877 430974878
42326900 41599899
42326900 42604859
430974879 430974880
430974879 430974882
1146691947 1146691931
1146691947 41601187
1146691946 1146691843
317521341 41599897
317521341 41599895
1146691944 1146691876
1146691944 1146691837
1146691944 42037502
1146691941 331930548
1146691941 1295670230
1256282038 1256282061
1256282035 1256282069
329531529 42557079
1256282032 1256281969
1146691949 331930502
1146691949 1308514312
1146691949 1146691852
1146691948 1146691892
1146691948 331930548
41711797 1301147383
41711792 1313270331
41711792 1259255323
1257227673 1257227847
42026825 41599799
42026825 41549122
329530148 329530247
1146708390 41997895
1146708390 1146691930
1146708390 1146708389
1146708390 41997893
41611970 1278936057
41611970 41611972
1256264504 1313270655
1146708394 1146708384
1146708394 430974127
1146708394 430974132
1256264508 1256264436
1256264508 1256264434
430974651 430974650
430974651 1311509266
430974650 1311509279
430974653 430974654
430974653 1311411534
430974652 1311509231
430974652 1311411534
430974654 1311509266
430974657 430974658
430974657 430974656
430974656 430974646
430974659 1311509159
430974634 1264727305
1146691837 1146691836
1300763518 1300763513
1300763518 1295670239
1300763518 1300763516
1300763518 1300941434
1300763519 1300941362
1300763519 1295670239
1300763519 41559933
1300763519 1308514216
1300763512 1300763556
1300763512 1300763530
1300763513 1300763603
1300763513 1300763549
1300763516 1295670193
1300763516 1300763574
1300763516 1300763603
1300763514 1300763556
1313270813 331908910
1313270813 1313270557
1313270813 331908912
41698380 1278936304
1256264470 1256264481
1259255041 1259255313
1259255041 1259254968
1259255041 1259255087
1158509372 1146691936
1300385394 1300385396
1300385394 41621512
1300385396 1300385397
1301147633 1313337458
1301147633 1301147499
1259255265 1264727277
1259255264 1259255239
1259255267 1259255039
331932986 331932957
331932986 621056081
1259255260 1259255083
339567250 1158463042
1301147728 1301147765
1301147641 1301147774
1300941362 331930502
1300941362 1256371955
1259255374 430974631
1259255374 1259255358
1259255374 430974635
1300941366 1146692824
1300941366 1146691898
1278936304 41698372
1278936304 331925122
1301171771 1301171780
42221224 329529811
41769125 41723591
41769125 41769122
1256224121 1256224277
1256224121 41706264
1256372198 1256372203
42556967 329643810
42556967 329642384
1308514492 1308514166
1308514492 1308514372
1256372196 1256372202
1158463042 1158462959
1308514133 1308514204
1308514139 1308513647
1308514139 1308513990
1278935896 1301323782
1278935896 1278935961
1278935896 1278935886
1278935895 1278936234
1278935895 1278935887
1278935898 1278949020
329648559 329657730
329648559 329648560
1256782446 1256782449
1256782446 1307391496
1256782446 1256782502
1256782449 1307391468
1295670235 41559933
1295670235 1295670199
1295670235 1295670193
1256224056 1259255060
1256224056 1256224067
1256400637 1158462933
1256400637 1158462959
1256400637 1256400645
1311509262 1311509096
1300941419 1300941437
1300941419 1158509130
1256288532 1256288389
1256288532 1256288477
1256288533 1256288412
1256288533 41534055
1256288535 1256288541
1256288537 1256288524
1256288538 1256288465
1256288538 1256288375
1301147361 1256304493
1301147361 1301147732
1300941413 1300941436
1308514121 1308514431
1300941417 1300941422
41882961 41549119
41882961 41599799
1256224271 1256224108
42026847 317521987
42026847 42026853
1311509316 1311411573
1256224272 1259255097
1255440028 1255439916
1307391538 1307391513
1307391538 1307391529
1307391539 1256304490
1307391539 1307391528
42663015 42345782
42663015 41701842
1307391534 1255456753
1307391532 1255439942
415169117 415169116
415169117 415169118
41621508 1259254964
41621508 1259255255
1308514312 1146692824
1311422897 1311422923
1311422897 1311422925
1311422896 1311422874
1256288406 1256288384
1311422892 1311422877
1308513780 1308514213
41191309 42557659
1308513788 1308514366
1308513788 1308513990
1311422898 1311422902
330560577 41769115
330560577 41610856
401892862 401892865
1278936260 1278936146
1278936260 430975233
1256264584 1256264596
1256264584 1256264589
331901521 1295670217
331901521 331901520
331901520 1301171785
331901522 1295670219
331901522 1301323782
331901522 41559933
1311422878 1311422973
41599887 41559938
41599887 41599892
41599887 317522158
1313270796 1313270856
329642384 329648560
329642384 329635451
1313270794 1313270943
1313270794 1313270329
1311422871 1311422908
1311422872 1311509181
1263051922 1263051862
1263051922 1311509239
1256304741 1264727304
1307391440 331908923
1307391441 1256291716
1307391441 1307391470
1307391446 1307391513
1307391446 1259255255
1307391446 1307391517
1256304749 1307391528
1295670201 1300941424
1295670201 1256371950
1295670201 1300763564
1295670201 1256372452
1278936048 1278936142
1278936040 1278935996
42557074 42557079
42557074 42557068
1313270329 1259255257
1313270329 1313270243
1299653380 1295670225
1299653380 1295670242
1299653380 1300763530
1313270331 1259255080
1313270331 42203723
329635473 329636154
329635473 42557637
329635473 329635451
1257247445 1257227627
1257247445 1257247511
1313270245 1313270601
1313270246 1313270803
1313270243 1313270497
1311509281 1311422927
1311509281 1311422911
1256371989 1256372200
1256371989 1256372202
1256288571 1256288411
329639581 329639833
329639581 329639586
329639586 329639590
1264727257 1264727304
1264727257 1264727265
41549026 42557648
41549026 329637404
339563479 1295673539
339563478 339563477
339563478 1295673539
1259255039 1307391527
1259255039 41610831
41711786 1259254965
41711786 1259255196
1308514356 1308513769
1259255034 430974444
1259255034 1259255356
1259255034 430974443
430974646 430974644
430974644 1311509209
1146691849 1146691860
1146691849 41701840
1146691843 41701842
1146691840 1146691877
1146691840 1146691862
1146691840 1146691873
1158509297 1158509278
1158462904 1158462935
1259255030 1259255094
1158462908 1158462856
1313270803 1313270438
1313270801 1313270434
431002826 1311433521
1256281896 1256282091
431002821 1313270440
431002821 431002822
341648604 341648616
41610856 41546003
41610856 41723644
1158509341 1295670211
1158509341 1158509357
1158509341 1158509277
1311433597 1311433532
1259255074 1259255242
1259255077 1259255096
1308513885 1308513980
1311433592 1301171811
1301147624 1301147458
41500741 41723589
41500741 41545923
1259255255 41610837
1259255255 1259254964
1301147623 1301147499
1301147622 1301147753
1259255098 1259255088
1259255098 1301147455
1146691970 1146691864
1146691970 1300941450
1259255092 1259255071
1259255092 1259255291
1259255091 1259255247
1259255091 1259254988
1259255091 1259255320
1259255096 1259255299
1259255096 1259255025
1259255095 1259255083
1259255095 1259255173
1259255095 1259255060
1295309508 1295309501
1295309508 1300941467
1295309509 1295309477
1295309509 1295309474
430974487 1311433532
430974488 1301171811
41599897 42604859
41599897 41599899
1256224132 1256224240
1256288381 1256288456
431002803 431002798
431002803 431002804
431002802 1311433526
1301147753 1301147360
431002807 431002808
431002807 1311433526
431002805 1311433590
431002805 431002806
431002809 431002810
431002809 431002812
431002808 1311433590
1259255320 1259255196
1259255320 1259255287
1259255320 1259255323
1259255323 1259255089
1259255323 1259255069
1256224110 1256224112
1256224119 1256224035
1256372560 1256372464
1256372560 1256371944
1158463051 1158463078
1158463051 1158462849
1278935887 1278935964
1278935886 1278936270
1300763553 1300763528
1300763553 1300941443
1256400707 1256400734
1256400706 1256400731
1256372363 1256372055
1256372363 1256372421
1256372363 1300941440
1256372363 1256372056
1311411533 1311422926
1256224067 1256224246
1256224062 1256224259
1256224068 1256224258
41701845 41701848
1256288527 1256288411
1256288522 1256288458
1256288520 1256288483
1300941424 1256372205
1300941426 341648512
1300941426 1256264579
1300941427 1146691868
1300941427 1300941423
1300941423 1300941430
331908924 331908925
331908924 331908923
331908924 331908818
41601191 1146691935
331908920 331908918
41546001 41723644
41546001 42339153
41546001 41546003
41546001 1256400894
41546003 41546007
1308514497 1308513961
1256224246 1256224291
41546007 41545947
431002799 431002797
431002799 431002795
431002793 431002796
431002793 431002794
431002791 431002789
431002791 431002794
431002790 431002787
431002790 431002789
431002797 1311433585
431002796 431002795
41997895 1146708392
41997895 1146691851
41997895 1295309475
1307391528 1256304810
41997893 1146708396
331930547 331930502
331930547 1146692828
331930547 1146691852
1307391524 1307391520
1307391527 1307391549
1307391527 1259254975
1307391520 41913629
1307391523 1307391453
1307391523 1307391514
431002820 431002813
1257247564 1257247513
1278936273 1278936232
1278936273 1278936226
1311433594 1311433582
1311509279 1311509209
41929202 317521509
41929202 41716554
41929202 41548393
1308513887 1308514204
1256288382 1256288389
41599895 41549113
1256288380 1256288485
41599892 41549113
1256288385 1256288486
1256288384 1256288463
1295670219 1295670215
1295670219 1295670226
1307391454 1259254971
1307391454 1307391549
1307391454 1259254975
1295670211 1158509355
1295670211 1295670230
1263051795 1256224256
1295670212 1146691867
1295670215 1301171815
1295670215 1295670217
1295670217 1295670192
1313270495 430974887
1313270497 1259255285
1278936057 1278936174
1278936057 41611972
1278936057 1278935970
1312382218 1256264481
1312382218 1312382094
1312382218 1256264489
1313270653 1301147669
1313270653 1313270288
1313270653 331908818
1313270302 1313270858
1313270304 41706255
1311422961 1311422910
1313270654 1313270937
1313270654 1313270296
1259254988 1259255144
1259254988 1259255295
1256371990 1300763521
1256371990 1300941451
1256295455 1256295452
1256295456 1256295451
1256295451 1146691932
1256295451 1256295452
1264727241 1259255063
1313337458 1313337891
1264727245 1264727234
1264727245 1264727308
1264727247 1264727261
1264727247 1264727307
41769109 41769111
41769109 41534058
41769109 41769107
329637404 329637406
329637406 329639590
1158463078 1158462854
42576867 42604962
1313270271 1259255080
1158509116 430974127
331927675 1278936216
331927675 1301171799
331927675 1301171785
1146691855 1146691860
1146691855 1146691864
1146691857 1146691935
41609721 41559938
1146691852 1146692825
1158462911 1158462933
1158509281 430973643
329643810 329643821
1300763538 1300941440
1300763538 1146691892
41610829 1307391469
41545924 41723591
41545924 41545923
1300763537 1300763564
41545923 42205458
1313270878 1313270317
1158509357 1146691891
1158509357 1158509180
1158509355 1158509183
1256264419 331908810
1256372347 1256372169
1256372347 1256371969
1256264415 1256264435
1263051862 1263051866
1263051862 42588673
1259255069 42203723
1263051866 1311422927
1301147615 1301147669
1301147615 331932957
1259255249 41610831
1259255249 1259255084
430974075 430974074
430974075 430974072
430974071 430974070
430974070 430974073
430974073 430974072
1158509130 1146691891
1158509130 1146708401
1259255089 1259255247
1259255088 41607955
329615617 41812035
329615617 329615613
1259255082 1259255193
341648531 341648537
341648531 1158509258
1259255087 1259254973
1295309511 1295309494
1295309511 1295309480
1313270907 1313270940
1257227631 1257247468
1146691902 1146691890
1146691902 1146691896
1146691902 1146691867
1256372080 1256372045
431002814 431002815
431002814 431002813
1315869989 430973756
1315869989 1315869992
431002816 431002815
431002816 431002810
431002817 431002818
1301147760 1301147544
431002812 431002811
331925123 331925122
331925123 1278949020
331925122 1278936092
331925122 41698372
1315869984 1315870000
1315869984 1315869993
1315869985 1315869993
1315869985 1315869987
1315869987 430973753
1256224108 1256224285
430974589 430974588
430974589 430974590
430974588 430974586
430974585 430974584
42557637 329643828
42557637 329643839
430974587 430974584
430974587 430974586
41701778 42326887
41701778 42037592
41701778 41701777
1301147544 1301147722
41701777 42037586
1256782467 1307391468
1256400731 1256400668
1256400731 1256400870
1256372316 1256372143
1256372316 430974696
1311411523 1311411554
1311411525 1311422932
1311411524 430973700
1311411524 430973709
1311411527 1311411551
430974535 430974542
1311411528 1311411492
1311411528 1311411487
1256288502 1256288480
41701809 41549124
1256372421 1256372056
1295670239 1295670195
41706257 41706255
41706257 1311422911
331908918 331908812
331908918 331908916
1300941437 1146691891
1300941436 331930502
1300941436 1295670231
1300941436 1300941476
1300941434 1300941443
331908912 331908809
331908912 1313270451
331908912 331908910
331908910 1308513649
331908910 41559933
331908916 331908811
331908916 331908914
331908914 331908810
331908914 1308513633
41882944 1146691877
41882944 1146691890
41882944 1146691862
41882944 1146691896
1256224258 1256224212
1256224256 1256224212
430973869 430973870
430973869 430973876
430973709 430973703
431002788 431002785
431002788 431002787
431002784 431002781
431002785 1311433535
431002786 431002783
41769107 41534055
1308514151 1308514366
1307391513 1255439902
1307391514 1307391477
1307391517 41610839
1295670199 1295670226
1256288468 1256288443
1256288468 1256288452
1257247514 1257247500
1257247514 1257247468
1256288465 1256288486
1278936192 1278936146
1278936192 1278936234
1257247513 1257247466
1257247513 1257247463
1256288460 1256288458
1158463088 1158462964
1311433583 1311433520
1311433582 1311433570
1311433580 431002770
1311509193 1311509212
1278936201 1278935909
1278936201 1278936234
1311509201 430974543
430974696 430974717
430975222 430975221
430975221 430975228
430975227 1255456754
430975227 430975228
430975226 430975225
1295670224 1146691896
1295670224 1295670220
1295670224 41601187
1295670224 1146691867
1295670225 1295670231
430975229 430975230
1307391469 1307391476
1313270481 430973646
1313270481 430973645
1313270481 1313288323
1313270480 1313270554
1313270480 430975254
41549124 41549127
1313270640 430973646
1313270640 1313270451
1313270314 1313270264
1153891299 430973752
1264727277 1264727222
1264727270 430974633
1264727270 1264727234
1264727272 1264727268
1264727273 1259255170
1264727273 1264727269
1264727273 1264727307
1146708384 1146708398
1146708384 1146708407
1146708386 1146691860
1146708386 1146708398
1146708386 1146708407
1146708388 1146708407
1146708389 1146708392
1146708389 1146708396
1146708389 1146691866
41769119 41723589
41769119 41769122
41769111 41769115
1158462854 1158463095
1158462856 1158463090
1158462856 1158463096
331932955 1313270584
41812050 41812053
41812053 41812057
41812057 329620386
41812057 329683640
1311422978 1311422935
41621512 1259254971
41723644 41534058
1295673538 1146692825
1313270265 1313270815
1311422979 1311422925
1311422979 1311422976
1146691860 1146691863
331927667 1313270810
331927667 331927663
331927667 331927669
1146691863 41701840
1146691863 42339130
1146691864 1146691874
331927663 1313270810
1146691866 1146691868
1146691866 1146708393
1146691867 1146691894
1146691868 41601189
1146691868 1146691939
331927669 1301171799
1158462924 1158462937
1158462924 1158462935
430973660 430973659
430973660 1308513595
430973663 430973664
430973663 430973649
430973665 430973666
430973664 430973658
430973666 1256264424
430973668 430973667
1300763521 1256371948
1300763521 1146691892
1300763520 1256372205
1300763520 1300763540
1300763527 1256372464
1300763526 1300763570
1300763526 1300941443
1300763524 1300763539
41610837 41610835
41610835 1259254964
41610835 1259254975
330513571 42217181
1256264420 341648512
1256264423 341648525
1256264424 430973667
1301147606 1301147711
1301147600 1301147711
1311422884 1311422927
341648525 1158509258
341648525 341648518
1256304810 1256304490
1313270918 1313270606
1313270911 1313270593
1313270913 1313270856
339563635 339563633
1256372097 1256372124
1256372097 1256372152
339563636 1255444435
1301147773 1301147498
1256372099 1256372129
1256372099 1256372138
1301147774 1301147386
1301147774 1295309475
1311422925 1311422908
1259255340 1259255356
1315869998 1315869993
1315869997 430973755
1315869997 1315869990
430973713 430973703
430973713 430973723
1311422924 1311422930
1315869992 1315870000
1315869990 430973756
1311411602 1256372321
1146691881 1146691877
1146691881 1158509278
1146691881 1146691896
1146691851 1300976764
1146691851 1146691930
1146691851 1295309480
1301147553 41997903
1256278078 1256278080
1301147791 1301147360
329648564 329648560
329648564 329648567
1256400722 1256400870
1311411514 1311411578
1311411513 1311411599
41716551 41611972
41716551 41716554
1311411518 1311411553
1256282069 1256282061
1308513649 331908806
1308513649 1308514216
1313337891 1301147741
1300941446 1300941451
430973870 430973875
41882956 41618201
41882956 41882953
41882950 1146691876
41882950 41882953
41882953 42604962
431002771 431002772
431002770 431002769
431002773 431002772
431002773 431002774
431002775 431002774
431002775 431002776
431002777 431002778
431002779 431002778
431002779 431002767
1256282063 1256282042
1301171809 1300763579
1301171809 1301171814
41607955 42203723
1256288474 1256288457
1256288477 1256288443
1257247500 1257227677
1257247500 1257247482
1256288473 1256288441
1256288473 1256288452
1300763539 1300763607
1158463095 1158463157
1158463094 1158462937
1158463094 267794096
1311509184 1311509096
1278936216 331927679
1278936216 1278935967
1311509181 1311509143
1311509181 1311509239
1311509180 1311509216
1311509219 1311509210
1311509216 1311509196
331901518 1278935964
431002767 431002768
431002767 431002781
430975234 430975235
430975234 430975233
1295670231 331930502
1295670230 1146692828
430975230 430975231
430975231 430975232
1308514213 1308513744
1301171799 1301171811
1308514216 430973652
1257247434 1257247466
1257247434 1257247463
1257247437 1257247469
329529808 329529811
1311422913 1311422909
1311422913 1311422937
1311422913 1311411553
1311422910 1311422929
1311422911 1311422900
1311422917 1311422926
1259255063 1259255251
1259255063 430974635
41698372 1278935909
1313270451 430973645
1313270451 1256264412
1256372524 1256372203
1264727263 1264727300
329617646 41812035
329617646 41812032
1264727265 1264727269
1264727265 1264727301
1146708393 41601189
1264727269 1264727304
1146708397 41997900
1146708397 1301147732
1146708396 1300941430
1146708396 1146708404
1313270584 1313270660
1313270584 331908818
41769122 42205602
1300941450 1300941466
1146708401 1146692826
1146708401 1158509258
1146708401 1146708404
41723589 41723591
1146708404 1146691898
1146708408 1146691930
1259255251 1259254968
1259255247 1259255380
1313270296 430974892
1278936179 1278936174
1278936179 1278936224
1146691874 1153891305
1158462930 1158462937
1259255242 1313270947
1256281909 1256281964
1256281909 1256281997
1257227725 1257227721
1257227725 1257227896
41545947 1257227677
41545947 1257247469
1313288328 430973651
1313288328 1313288322
1257227721 1257227796
1300763551 1256371955
1313288325 1313288313
1313288325 1313270958
1313288324 1313288319
1313288326 430973645
1313288326 1313288315
1313288321 1313288310
1313288321 430973655
1313288323 1313288317
1313288322 1313288318
1256264436 1256264590
1256264435 1256264595
1256264431 1256264591
41534055 41534058
430974721 430974720
430974721 430974722
430974720 430974719
430974723 430974722
430974723 430974724
430974725 1259255380
430974725 430974724
430974726 1259255380
430974726 1256372045
1256281997 1256281952
430974619 1259255169
430974619 430974622
430974618 430974617
430974618 430974604
430974615 430974614
430974615 430974616
430974614 430974613
430974617 430974616
430974611 430974625
430974611 1313270593
430974613 430974612
430974126 430974129
430974123 430974122
430974123 430974128
430973700 1153891304
1259255358 1259255295
430974129 430974128
1146691899 1146691891
1146691899 1158509180
1146691898 1146692826
1146691894 41601187
331932957 331908812
331932957 331932959
1256372152 1256372056
331932959 331908811
331932959 331932960
42557659 329620386
42557659 329683640
1315690229 1308513990
430974549 430974548
430974549 430974550
430974548 430974547
430974541 430974540
430974541 430974542
430974543 430974550
430974545 430974546
430974547 430974553
1311411501 430974731
1146692829 1146692825
1146692829 1146692824
1146692828 1146692825
1146692828 1158509180
1301147499 1301147741
1308513980 1308514185
1308513633 1256264597
1308513633 1308514185
1301171819 1301171811
1301171812 1301171784
1301171817 1301171814
1301171815 1301171772
1256372208 1256372131
1256372205 1256371950
1256372205 1300763540
431002768 431002769
1256372200 1256372131
1308514029 1308513961
1308514424 1308513595
1256288440 1256288449
1308513744 1308514431
331908806 331908809
1278936224 1278936018
1278936224 1278935967
1278936225 1278936232
1278936226 1278936233
431002806 431002811
430975286 430975285
1311509225 430974551
1311509225 430974568
1311509159 1311509231
41559938 331927552
1301171784 1301171772
1278936082 1278935952
1278936082 1278935961
1278935991 1278935967
430975288 1259255287
1311422900 1311422908
1311422908 1259255167
42326887 42326885
42326885 317521878
1313270440 1313270942
1256400880 1256400894
1256304493 1256304588
1256304496 41997903
1256304496 1256304492
41966219 41611965
41966219 41549111
1313270595 1313270942
1313270593 1313270438
1259255354 1259255288
41812032 41823844
41812032 41812031
41549116 41618199
41549116 41549113
41549116 41549119
41549113 41549111
41549119 41549122
41549119 41618201
1256371944 1256372219
1313270288 1313270950
1256371948 1256372129
1256264595 1313270942
1256264597 1256264486
430973647 430973652
430973647 430973648
430973645 430973648
430973643 430973644
430973642 430973641
430973641 430973644
1313270847 430974887
1313270847 430974890
329643821 329643828
430973649 430973650
1313288313 1313288318
1313288314 1313288315
1313288314 1313288317
1313288319 430973650
1300763549 1300763569
1256282080 1256282095
1256282080 1256281969
430974732 430974731
1259255295 1259254968
1259255291 1259255286
341648506 1300941475
1313270937 1313270434
1259255186 1259255196
430974604 1259255169
430974130 430974133
430974132 430974133
1259255366 1301147455
430973739 430973723
1259255167 1259254965
1256372143 1256371969
329622085 329621574
42557645 329636154
42557645 329643839
42557645 42557648
1295309491 1295309493
1295309491 1295309476
1295309493 1295309476
1324527688 1300385399
42557648 329684012
430974553 430974554
430974551 430974554
1256372327 1256372323
1278935998 1278936174
1278935998 1278936142
1256372321 1256372127
1300976764 1300976763
329683640 329621574
1300976763 1256304492
1300941469 1256371955
1300941469 1295670195
1256372452 1256372124
1300941466 430973751
1300941467 1300941430
1257247525 1257247469
1256288453 1256288458
1146691932 1146691939
1146691932 1146691968
331908812 331908811
331908810 331908811
317521509 41548390
1308513595 430973657
1311509239 1311422927
1311433538 1311433536
1259255025 1259255199
1278935964 1256224035
1312382094 1308514248
1311422935 1311422930
1311422931 1311422929
1311422931 1311422926
430974892 430974889
430974890 430974889
1313270815 1313270948
1256291696 1255439916
42037592 42037586
41559933 1295670193
1259255347 1259254971
430973658 430973657
430973659 430973654
430973651 430973652
430973653 430973654
430973653 430973656
430973655 430973656
1300763579 1295670193
1300763579 1300763574
1307391496 1307391468
430975255 1313270554
1256282097 1256281955
1256282097 1256282091
331927552 1300763607
430974702 1259255199
1301147732 1295309478
1257227677 1257247468
1257227677 1257247469
1259254975 1259255190
1259255196 1259255144
1259255190 1259254964
1256281959 1256281967
1259255170 1264727304
1259255170 1264727308
1278936018 1278936174
1256372138 1256372055
1259255287 430975285
1295309480 1295309475
41601189 1146691968
1300941475 1300941471
1301147458 1301147319
1257227896 1257227796
431002783 1311433522
41548393 41548390
267794097 267794098
267794097 267794096
267794099 267794098
1257247466 1257247512
41618201 41618199
339563631 339563632
339563633 339563632
1257247452 1257247512
1264727237 430974620
1256288467 1256288463
430974881 430974882
430974881 430974884
430974883 430974884
430974883 430974885
1153891302 1153891303
1313270557 430973646
1264727305 1264727300
1264727301 1259254965
1256282049 1256281966
1256282049 1256281962
430973646 1313270958
430974624 430974621
430974624 430974623
430974625 430974626
430974626 430974623
430974621 430974622
430973754 430973751
430973754 430973753
430974718 430974719
430974718 430974717
1295309476 1295309478
