149698546 149551337
149698546 149698544
149698546 149698548
149698544 149841733
149698544 149698540
921103089 921103087
921103089 937376013
355052085 355052080
355052085 355052087
149698540 149551336
149698540 149698530
921103085 928793357
921103085 921103086
921103085 928793173
921103087 921103076
921103086 921103076
1360124492 149847629
1360124492 149649305
1360124492 149847632
1360124492 149788322
921103080 928793155
921103080 921103081
921103082 928793162
921103082 928774726
355052080 921540082
355052087 355052094
1155443313 1155443843
1155443313 1155444108
1155295035 921102457
1155295035 1155295586
1155294922 1155295049
1155294922 1155295090
149928016 935806854
149928016 922240804
149928016 149928018
149928016 150110296
149928016 150071299
149928015 935806854
149928015 150010144
149928015 150010142
149928015 149893644
149928018 150004718
149928018 150004721
149928018 922240803
149928018 1162907096
921103081 928774726
355052125 921540262
355052125 355052126
1155443958 1155443805
1155443958 1155443224
149698548 149997400
149698548 149551340
1140970078 149767950
1140970078 1140970042
1140970078 1140970008
922279888 149877868
922279888 1160243092
149656355 149656351
149656355 496806924
149872410 149872406
149872410 149872416
149872417 149913536
149872417 149872416
149872417 149871020
149656351 149656348
149872418 922249286
149872418 1155295453
149872418 922249288
1155295721 1155295683
1155295721 1155295732
937369509 937369507
937369509 937369511
937369501 937369500
937369501 937369507
937369501 937376016
937369500 937369497
149616567 149527480
149616567 149616571
149616567 149500029
924780168 924780169
924780168 149937970
924780168 924780165
149918875 1360124375
149918875 149813715
149918875 149889255
922237197 922237196
922237197 922237199
1167000986 1167000822
1167000986 1167000598
311985825 149615921
311985825 149860241
311985825 149913563
149918878 1140970018
149918878 149918880
937319809 937319811
937319809 937319806
1167001052 1167000534
1167001052 1167000564
921540262 496807743
924784983 149821176
924784983 150071299
924784983 935521200
924784983 150004721
922245253 1155295792
922245253 922245246
149576906 149554584
149576906 1161027592
149576906 149881252
149576906 149969606
928689244 928689245
928689244 928689240
149672181 149782304
149672181 149742771
928689240 928689238
928689240 928689250
149576900 149532186
149576900 149576904
149576900 149576894
149997398 149720145
149997398 150068382
149997398 149997400
149969627 149685494
149969627 149728278
149969627 923870303
149969627 149782299
1155295037 1155295594
1155295037 1155295777
149656135 149656140
149656135 496807200
935775931 1155295094
935775931 1155295115
1161027800 1161027596
1161027800 1161028028
149808396 149808403
149808396 149870999
149808396 149808393
149808393 150114959
149808393 149767783
149808393 149871020
1166964651 1166964586
1166964651 922122252
149937957 1360124416
149937957 149936445
149937957 1360124601
1155442992 150122318
1155442992 1155444261
1167000776 1167000795
1167000776 1167000846
1155295818 149656310
1155295818 928690695
928793337 928793275
928793337 928793347
1155444346 1155443635
1155444346 1155443624
924506126 937351193
924506126 1133091722
922240792 922240793
922240792 922240790
921540041 921540064
922240790 922240789
922240796 922240797
922240796 922240795
922240797 922240798
922240794 922240793
922240794 922240804
922240794 922240795
922240798 922240799
922240798 922240805
922240799 922240801
149884215 928669874
149884215 149800408
149884215 150034811
149884215 1160243093
149884217 149800423
149884217 1160243093
149884217 149884220
149884217 150110301
1156691540 928692455
1156691540 1155444056
1156691540 1156691680
1160243598 1160243665
1160243598 1160243116
928793241 928793240
928793241 928793242
928793240 928793234
928793242 928793246
928793246 928793253
923870305 923870306
923870305 923870301
923870307 923870306
923870307 923870308
928668247 928668236
923870301 923870300
923870301 149728278
923870300 1175108965
923870300 923870302
923870303 923870308
923870303 923870302
923870302 1175108790
149821175 149821176
149821175 150004721
149821175 149821171
149821176 149821180
149835979 149835980
149835979 149835978
149835979 149937937
149835978 149801492
149835978 149720135
1160243116 1160243192
149742777 149656372
149742777 149742771
149960328 149960319
149960328 149782348
149742771 149696092
149840420 149556397
149840420 149840418
149840429 149551347
149840429 149840434
149840429 149895650
149840429 149560627
928827727 928827725
928827727 928827730
149540108 150004721
149540108 149767757
757359444 757359446
757359444 757359441
757359446 757359448
757359441 757359450
757359448 922115184
757359448 757359450
928692462 922119934
928692462 149613005
928692462 928692453
1155345044 1155345074
1155345044 1155344957
150122306 150122310
150122306 928692849
1155345040 1155344948
1155345040 935561134
1161027554 922119528
1161027554 922119521
1161027554 1161027524
149507191 149507180
149507191 311985981
149507191 149462624
1155295704 1155295528
1155295704 924784844
1155295704 1155344977
1155295704 1155295800
1155295704 921106067
149913536 149767783
150062317 311985873
150062317 149581287
937319880 937319882
937319880 937319872
937319882 937319893
150062313 922249286
150062313 150114959
150062313 149908808
150062313 149505170
150062310 1156659508
150062310 150062309
937373046 937369551
937373046 937369554
937373046 943140983
921106073 921106113
921106073 921106074
921106072 935561134
921106072 924784844
921106072 1155344990
921106072 935561138
921106077 921106078
921106077 1156621528
921106076 1156621528
921106076 921106075
921106075 921106074
921106079 935543529
921106079 1156621488
921106078 1156621488
496826551 496826561
496826551 937360114
355052094 355052095
355052095 355052101
935560900 935560901
935560900 935560899
935560901 935560902
935560901 1155345060
935560901 1155345010
935560902 1155344951
921103095 937404158
921103095 937369497
921103093 937369497
921103093 921103091
921103091 922279238
1155295820 1155295652
1155295820 1155295649
149965954 150119515
149965954 940714304
149965954 315921599
1155295822 1155295304
1155295822 1155295868
1155295826 1155295614
1155295826 1155295062
1155295826 1155295699
1155295828 1155295265
1155295828 1155295046
1133091704 1133091691
1133091704 1133091781
1133091703 1133091772
1133091703 921102480
1133091700 1133091772
1133091700 1133091770
1133091700 1175108984
1155443107 1155443405
1155443107 1155443719
1140970042 1140970093
1140970042 1140970068
1140970043 1140969948
1140970043 1140970109
149866762 149866751
149866762 1095071878
149866762 150010127
922115179 1160243424
922115179 922115143
1155443961 1155444251
1155443961 1155443436
928692849 928692850
928692849 496806867
928692848 150122297
928692848 928688314
928692848 921105428
1155443969 922115198
1155443969 1155444104
922115172 149588134
922115172 149588139
149872404 928669874
149872404 149903391
149872404 149872402
149872406 149903399
149872402 150019676
149872402 150019683
149872402 928690691
928674432 655092384
928674432 655092409
1155295757 1155295062
1155295757 1155295422
1155443564 1155443199
1155443564 1155443833
1155443566 1155443062
1155443566 1155345004
1155443569 1155443777
1155443569 1155443721
922119498 922119499
922119498 922115228
1155443619 1155443533
1155443619 935825085
1155443619 922203667
1155443619 1155443594
937369514 937369516
937369514 937369511
937369516 921102436
937369516 937369525
149656381 149656377
149656381 149534994
149634185 1140970068
1161131494 922122245
1161131494 922122249
355052076 921540064
355052076 921540082
1155444204 1155444197
1155444204 1155443206
149615921 149615904
496807306 922246108
496807306 150122258
928774643 928774662
928774643 928774635
496807301 149532186
496807301 922246108
496807301 150122329
150069094 149840434
150069094 149840440
150069094 150068382
149908810 149908808
149908810 149908812
149908812 149958418
149908812 149875495
149852712 1360124531
149852712 149965563
149852712 1360124582
1155344877 1155345060
1155344877 1155344884
655092222 655092215
655092222 655092240
149852108 922214663
149852108 149813681
149852108 150095667
149852108 149918853
1155442985 1155443917
1155442985 1155443467
935529644 928669373
935529644 935528682
935529644 935529700
150114959 1155295453
1175108945 1175108906
1175108945 149494312
1175108945 149680814
928793253 928793256
928793256 928793259
1161027496 1161027771
1161027496 1161027646
1161027496 1161027907
1161027945 1161027910
1161027945 1161027577
1161027941 1161027978
1161027941 355052106
1161027941 1161027805
1161027941 922121313
149877874 149877872
149877874 1175108851
149877874 1175108916
928669373 928669357
150071299 149850392
150071299 935806852
921103702 921103703
921103702 921103699
149628844 1141165529
149628844 149628831
149628844 149680789
921103703 921103704
149937983 150019686
149937983 496806855
149937983 149903385
933624002 933623987
933624002 933623997
933624001 933623998
933624001 933623987
149560627 149780858
149560627 149556397
149560627 928668106
757359450 935825085
150122310 150122314
150122314 150122318
150122318 1155443233
1161027547 1161028000
1161027547 150095680
1161027547 1161027961
149507180 922249277
149507180 311985414
1095071923 1095071872
1095071923 1161028037
1095071923 922203667
150062309 1155295276
150062309 311985414
149895655 149952683
149895655 928668233
149895655 928668107
149895652 928668107
149895652 149895650
149767950 1140970093
149767950 149767948
149767950 1140970008
149850378 149850382
149850378 149893646
1160243416 1160243070
1160243416 1160243538
149877839 149805837
149877839 149877846
149877839 1175108823
937319893 937319895
937373058 943140978
937373058 937373056
937373058 937373060
937319895 1155295164
937373056 937373055
937373055 1360124425
937373055 943140983
496826569 937360116
496826569 496826572
921106067 1155344977
921106067 921106068
496826561 937360116
496826561 937360145
1161027766 1161027726
1161027766 1161027708
921106068 1155344990
1155443771 1155443070
1155443771 1155443542
1155443805 1155443509
938888200 150105624
938888200 1175108826
928991359 928991361
928991359 928991358
1155443777 1155443598
1155294905 1155295064
1155294905 1155295502
1155294907 1155295413
1155294907 1155295139
937319912 937319834
937319912 937319919
1161027798 1095071872
1161027798 1161028037
150119515 1360124598
150119515 149628826
150119515 149680785
1155443378 1155444028
1155443378 1155443066
922246109 922246108
922246109 922246110
1155295525 1155294984
1155295525 1133091781
1155295528 1155295090
1155443112 1155443473
1155443112 1155443624
928692851 150122291
928692852 150122297
928692852 928692853
928692852 150122291
1360124582 149918882
1360124583 1360124529
1360124583 149965241
1167000855 1167000747
1167000855 1167000822
1167000855 1167001000
928765951 928765952
928765951 928765954
928765952 928765953
928765953 928765954
928765953 938888231
928765954 938888235
1155443575 1155443728
1155443575 1155442890
1155443574 1155345101
1155443574 1155443491
1155443571 1155443070
1155443571 1155443728
149952637 921105753
149952637 921105751
149952637 149645099
1155443601 1155443917
1155443601 1155443224
1155443605 1155443872
1155443605 1155443436
1141165446 1141165529
1161028061 1161027596
1161028061 1161027769
1161028061 1161027754
1155443598 1155443206
1155443594 1155443734
1155443594 1161028057
1360124458 149729967
1360124458 1360124546
922106864 921105752
922106864 922106862
1360124456 1360124601
1360124456 149780836
496807251 149656140
496807251 928690690
149700053 922115076
149700053 150095680
149700053 149700049
1160243070 1160243272
1155444214 1155443511
1155444214 1155443637
655092458 655092460
655092458 655092447
149576904 1161027592
149576904 149554578
921103691 921103690
921103691 921103692
1155344884 935543533
1155344883 1155345000
1155344883 1160243147
149969648 922236896
149969648 149685499
149969648 149782299
149969648 922237177
928992559 928991357
928992559 928991358
150109562 149729981
150109562 149700049
149908808 922249285
149908806 149908798
149908806 922249285
1155444108 1155443732
1161027805 355052106
1161027805 922120919
1161027805 1161027577
1161027808 1161027779
1161027808 1161027522
1161027809 1161027721
1161027809 1161028025
1155444100 928690688
1155444100 1155443410
1155444104 1155444298
1167000676 1167000942
1167000676 1167000751
655092215 1155443090
149937970 149965247
935825084 149532186
935825084 922115192
943140983 928768961
496807200 928690688
496807200 928688309
922236910 922236909
922236910 922236897
922120830 149696085
922120830 922120869
922120832 922120833
922120833 922120850
922120833 922121313
937319790 937319801
937319790 937369537
937319790 921102440
1162907096 1162906995
1162907096 149800433
921102451 921102450
921102451 921102452
149728278 149728282
149728278 149782304
1161027978 1161027601
1160243574 937299204
1160243574 921104900
928793268 928793275
928793268 928793261
928793261 928793259
149641782 149527480
149641782 149641767
935775932 1155295094
935775932 921106113
928669365 1155443380
928669365 928669363
928669361 928669359
928669361 928669363
149594588 149850392
149594588 149850384
149637065 149850945
149637065 149615941
1155295405 922279250
150010144 149893646
150010144 149850384
150010144 935806852
150010142 150110296
150010142 149893637
150010142 150010138
149767948 149767945
149767948 1140970001
149767948 149929594
921104900 1155295009
921104902 937299211
921104902 1155295009
921104905 937299211
921104905 937299229
921104907 937299240
921104907 937299246
149767945 149863941
149767945 1140970028
149767945 149767944
1155295196 1155295868
1155295196 1155295649
1167000615 1167000600
1167000615 1167001096
1167000615 1167000846
937373060 928768972
937373060 928768973
149485097 150031302
149485097 922276957
922120851 922120850
922120851 922120857
149641767 937361309
1155294913 1155295872
1155294913 1155295367
1155294918 1155295683
1155294918 1155295699
937404158 928793155
937404158 928774713
1175108730 149877846
1175108730 1175108823
1175108730 149847625
1175108730 1175108796
149860247 149860249
149860247 149860241
149860247 149913545
149860241 149505170
149860241 149875495
149860249 149913559
149860249 149493361
1155443343 1155443167
1155443343 1155443413
922246110 922246115
1161027498 1161028052
1161027498 1161027739
922246115 922119927
1360124598 1360124375
1360124598 149965561
1360124598 149918880
1360124590 149822364
1360124590 149847629
1360124590 149822371
1360124594 1360124377
1360124594 1360124380
1360124594 149853017
1167000843 1167000575
1167000843 1161131451
921102439 921102440
921102439 921102438
921102437 937369539
921102437 937369538
921102437 921102438
921102436 921102435
921102435 921102434
921102434 921102433
921102433 921112930
921102432 937351188
921102432 921112930
921102431 937351188
921102431 937331515
921102431 921102430
1155295777 1155295896
149958282 149958279
149698530 149965257
149698530 149937941
1155443634 1155443335
1155443634 1155443668
1155443635 1155443303
1155443637 1155443285
1095071880 922122235
1095071880 1095071875
149767944 1360124603
149767944 1360124375
149767944 149813715
149656094 149656088
149656094 928688309
149774338 1360124542
149774338 149550287
149774338 149881252
921103077 928793503
921103077 928801095
921103077 928801093
1360124444 1360124575
1360124444 1360124433
1155443128 1155443062
1155443128 1155443191
149656079 149656082
149656079 149656076
655092447 655092384
149615904 149615899
149656076 149656065
150053626 149929602
149680814 149680822
928774662 928774663
928774663 928774667
928774667 928774684
928774667 937373080
928774667 928774713
922119521 922119520
1155444179 1155443068
1155444179 1155443187
1155444172 1155444352
1155444172 1155444006
149649298 149649295
149649298 149937931
149649298 149649302
149649298 149847627
935825093 149532188
935825093 922119518
921103689 921103690
921103689 921103687
1155344988 1155344924
1155344988 1155344960
921103683 921103730
921103683 921103684
921103687 921103686
921103686 921103685
921103685 921103684
922236903 149782300
922236903 922236904
922236900 922236901
922236900 922236899
922236901 922236896
922236906 922236907
922236906 922236905
922236907 922236908
922236904 922236905
922236908 922236909
1167001000 1167000825
1155444006 1161131448
1155444006 1161131580
1160243097 1160243192
1160243097 1160243189
1160243094 1160243499
1160243094 1160243424
1160243092 1155345000
1161027961 1161027938
1155345101 1155344960
1155345101 1155345004
935806854 935806852
1160243147 1160243010
149649307 149649305
149649307 149847632
149649305 149649302
149649305 149788330
149649302 149847629
149649302 149937928
149960319 150047235
149960319 150047227
149960319 149922734
922237189 922237187
922237189 922237190
937369523 937369524
937369523 937369539
937369523 937369540
924780177 924780174
924780177 924780165
922237187 922237183
924780174 924780172
924780172 924780171
924780171 924780170
922237182 922237180
922237182 922237183
928692455 1156691470
928692455 149656235
928692452 928669987
928692452 703533417
928692452 928692453
928692453 150010138
928692459 149656165
928692459 1160243067
928692459 149656175
1155295586 937362163
1155345031 655092372
1155345031 655092268
1155345033 1155345089
1155345033 1155344918
1161027569 1161028050
1155444028 1155444016
937351192 937351193
937351192 937351191
937351192 921112930
1175108965 149628817
1175108965 1175108790
1175108965 1175108906
149581287 149581296
149581287 149581286
149581286 149581318
149581286 149958143
149913563 149493357
149913563 149913559
921104913 150122297
921104913 921104914
921105429 149656260
921105429 149965240
921105428 149656269
921104914 921104915
149958279 149534992
149958279 149859453
1155295614 1155295879
922276957 627572461
1155443285 1155443724
149965561 149965563
149965561 1360124603
149965563 149918882
149780836 149780875
149860254 149884226
149860254 149884223
149860254 149860251
149860251 149493361
149860251 149967384
149860251 149958143
1161027771 149554578
1161027771 1161027698
1161027775 922119528
1161027775 1161027739
1155295502 1155294948
937319920 937299246
937319920 937319919
1161027779 1161027850
1156659508 1155295276
1156659508 1155295453
149877810 149805837
149877810 1175108861
149877810 149550292
149877810 149877796
149922714 149922727
149922714 150047242
149922714 149613005
149922714 149813674
922115143 149656269
922115143 924780165
921102422 921102454
921102422 921102423
921102423 937299399
921102424 937299424
921102424 921102425
921102425 921102426
921102426 921102427
921102427 921102428
921102428 921102429
1155295766 1155295750
1155295766 1155295579
928670117 150122269
928670117 928669985
928670117 928670116
928670116 928669984
928670116 149656175
937299424 937299440
937299424 937299399
1161027681 1161027868
1161027681 1161027647
1161027681 1161027708
1155295162 1155295326
1155295162 1155295457
1155295165 1155295073
1155295165 1155295164
1155295164 1155294948
1155295164 655092495
1095071872 1095071915
1095071875 1095071915
1095071878 150010136
1095071878 922119512
1095071878 922119518
937361348 937361350
937361348 937361347
937361344 937361309
937361344 937361346
937361347 937361346
1155294984 921102457
149656082 149656088
149656082 1155295548
1360124477 149805837
1360124477 1175108823
1360124477 1175108861
1360124472 1360124433
1360124472 149645099
1360124472 1155345076
1360124473 1360124377
1360124473 149588127
1360124473 1360124433
922119532 922119535
922119532 1160243538
922119535 928669359
922119537 922119538
922119537 928669357
922119539 922119538
922119539 922119540
655092477 655092460
655092477 655092510
655092477 655092480
149782300 922237230
149782300 149782304
149782300 149782299
149782300 150076665
149656065 149656059
928774619 928774624
928774619 928774612
496806861 496806859
496806861 496806862
655092261 655092252
655092261 655092268
496806862 496806863
149813681 149813695
149813681 150047242
149813681 149813674
149870999 149871001
149870999 149767873
149870999 149913545
1155344843 1155443511
1155344843 1155345089
1155344843 1155344839
655092274 655092276
655092274 655092268
655092276 655092280
921540316 921540341
921540316 355052126
149556394 149780875
149556394 149556396
149556394 150105624
149556397 928667963
149556397 149840413
149556396 938888203
149556396 928667963
149556396 1175108851
149556396 149780872
922214663 149889255
922214663 922195460
928774723 928774719
928774723 928801091
928774723 928774737
928774723 928774726
921103698 921103697
921103698 921103699
928774726 928793162
921103694 921103695
921103694 921103693
921103695 921103697
921103692 921103693
1167001019 1167000907
1167001019 1167000822
1167001016 1167000534
1167001016 922122210
1167001016 1167000680
1155444014 1155443703
1155444014 1155444291
1155444016 1155443413
928768971 928768970
928768971 928768972
928768970 928768968
928768973 928768960
150019676 149800408
150019676 149917603
149680822 149680830
922203667 149576894
922203667 149532188
150058353 922163549
150058353 1140970028
150058353 1360124507
1156691692 1156691624
1156691692 1156691470
922237199 922237231
922237199 922237200
922237196 922237195
922237196 922237222
924780169 924780170
922237194 922237195
922237194 922237193
922237192 922237193
922237192 922237191
922237190 922237207
922237190 922237205
922237191 922237207
150010127 149893625
150010127 149729981
150010127 149746859
1155345004 1155344839
149581296 149554277
1155295304 1155295049
921102430 937299447
1155295073 1155295864
1155295376 1155295121
1155295376 1155295013
1155294970 928689233
924758994 924759002
924758994 924758979
1155295088 1155295276
1155295088 149588143
1155295088 1155295685
1155295085 1155295711
1155295085 1155294995
1155295579 1155295121
1161027769 1161027938
1155295573 1155295204
1155295573 1155295016
1156659047 1156659481
1156659047 149656159
1155443436 1155444291
149922727 149893637
149922727 149922732
149922727 149943625
922120882 922120885
922120882 922120880
1155443380 1155443245
355052101 355052106
355052106 655092032
149554277 311985873
149554277 149615941
1155295792 1155295707
921102454 921102453
921102457 921102458
1155295791 1155295040
1155295791 1155295090
1155295796 1155295781
1155295796 1155295703
921102450 921102449
921102453 921102452
922120889 922120885
922120889 922120896
1155295798 1155295419
1155295798 1155295070
1140969971 1140969954
1140969971 1140969948
921102458 937362163
1161027695 1161027592
1161027695 1161027501
1161027695 1161027647
149588143 937360078
149588143 937376727
1161027692 1161027938
1161027692 1161027893
1161027692 1161028025
1155443726 1155444288
1155443726 1155443732
1155443724 1155443811
1161027698 1161028001
1161027698 149554580
1155443721 1155443023
1155443651 1155442896
921103072 933623987
921103072 921102611
921103072 921102612
149918882 149918880
921103076 928801093
922119520 922122234
922119520 922119519
924758979 149929594
924758979 149929602
922119528 1160243187
1155442896 150122287
149877796 149550285
149877796 149628817
149877796 1175108790
149656059 149656027
149656059 149656055
1155442890 1155443890
149656055 149656045
922195462 149813695
922195462 922195436
922195462 922195460
149828665 1140969964
922195460 922195439
922249277 922249287
149952885 149680844
149813695 149813697
149813697 149813700
149813697 149929587
922115198 922115192
149527480 1133091770
149527480 1133091783
149527480 149462624
149813674 149893625
1155344839 1155443473
922120874 922120871
922120874 922120876
1155344948 1155345063
150004718 149805641
150004718 1162906995
150004718 150110296
1155344944 1155344919
1155344944 1155295123
928768968 928768967
1155444020 1155443032
1155444020 1155443999
922120880 922120879
150004716 149800408
150004716 149917605
150004716 149805641
928768962 928768961
928768962 928768964
928768960 943140978
928768960 928768961
928768966 928768967
928768966 928768965
928768964 928768965
935561137 1155345063
935561137 935560899
935561137 935561138
935561134 1155345080
928793217 928793222
928793217 921103707
149680839 149680830
149680839 149680844
924505089 149656040
924505089 149656043
922237215 922237207
922237215 922237212
922237211 922237210
922237211 922237212
924505083 149656040
924505083 935773108
149645101 149645099
149788330 149937926
149534992 149696092
149534992 149534994
149835980 149835981
149835980 149937929
149835981 150085750
757359491 149656206
757359491 928669987
1160243189 1160243381
1156691680 1156691460
928793503 928793222
1160243187 1160243272
150085750 149937926
150010138 150010136
150010138 150115060
150010136 150079830
928801102 928801096
928801102 933623977
1155345010 1155344916
1161027501 1161027536
1161027502 1161028012
1161027502 149852996
1161027502 150095680
149767773 149767766
149767773 150115072
149767773 149767783
1175108984 149500029
1175108984 921102474
1175108984 149840418
1360124392 1360124416
1360124392 1175108829
1360124392 1175108908
1360124392 1360124380
1155295367 1155294934
928683014 928683013
928683013 928683011
928683011 922120867
1155443811 1155443703
149729977 149729981
149729977 149746859
149729977 149729969
1161028000 149554584
1161028000 1161028025
1155295090 1155294991
1155295092 1155295062
1155295092 1155295214
1161027754 1161028012
922122210 922122212
149913545 149871001
938888153 921102482
938888153 149877872
938888153 938888233
149922732 150047235
149922732 149922734
938888235 938888233
149922734 149893644
149922734 149922736
1155443931 1155443966
1155443931 1155443169
149922738 150047223
149922738 149922736
150110296 922240805
150110296 149805639
1155294934 1155295337
149554283 149850945
149554283 149523672
355052134 355057865
355052134 355052133
355052133 355052132
355052132 921540358
355052131 921540341
355052131 921540358
928671476 928671467
928671476 921105749
928671476 921104896
921102446 921102447
921102446 921102445
921102447 921102448
921102444 921102445
921102444 921102443
921102442 921102443
921102442 921102441
921102443 937370128
921102440 921102441
149908798 149872426
1140969964 1140970090
1140969964 149756202
921102448 921102449
937299447 937299399
937299447 937299440
1155295141 1155295440
1155295141 1155295750
937299440 921102429
1155295419 1155295732
1155443734 1155443277
1155443734 1161027601
1155294944 1155295896
1155294944 1155295261
1360124416 149936445
149656269 921104897
149656260 1360124529
149656260 496807281
149656260 149656238
1167000928 1167000651
1167000928 1167000537
149917603 149917605
149917603 150079830
149917603 149866747
149917605 150115060
922119512 922119508
1140970093 150097790
1140970093 1140970001
1140970091 655117937
1140970091 1140970124
1140970090 150097790
1140970090 1140970068
1140970090 627572461
922119519 922122235
922119519 922119518
149656043 149656045
149494306 149494312
149875495 149523672
928774632 928774629
928774632 928774635
928774635 928774696
928774635 937373083
921103719 921103720
921103719 921103718
921103718 921103717
921102612 921102609
921102611 921102610
921102610 921102609
1360124521 1360124377
1360124521 1360124575
1360124521 1360124433
1360124521 149853017
921103715 921103714
921103715 921103716
921103714 928793357
921103717 921103716
149550285 149881249
149550285 149550287
149550285 149550283
149550287 149550292
922115184 922115076
149550283 149628817
149550283 149881242
655092252 928669875
922106859 922106862
922106859 922106854
922106854 921105751
149720149 149720145
149720149 150068382
1161131640 1161131666
1161131640 1161131580
149881252 149881249
149709268 150011994
149709268 149859453
655092419 655092416
655092419 655092423
1155443245 935528678
655092416 655092412
655092412 655092430
655092412 655092409
149805837 149550294
1155344951 935560899
1155344951 1155344916
1155344953 1155345080
1155344953 1155345063
1155344957 1155344919
922120896 922120902
1167000747 1167000906
149621712 1360124396
149808403 149505170
922237208 922237210
922237208 922237177
922237205 922237204
150122291 1155443517
922237203 922237204
922237203 922237202
922237200 922237201
922237201 922237202
922279255 937360145
922279255 922279250
149628817 149628826
1161027536 1161028034
1161027536 1161027729
149767766 149767762
149767766 150034809
149767766 149767879
149767762 149767760
1155443966 1155443013
149767760 1178720803
149767760 149884220
149767760 149884223
928793229 928793228
928793229 928793230
928793228 928793225
928793222 928793173
928793222 928793225
928774696 928774684
149641729 149641718
149641729 937361309
149800408 149800411
496806853 149656321
496806853 149656027
496806853 149656326
496806855 496806857
496806857 496806859
496806859 496806927
496806859 150019686
937370128 1360124513
937370128 937369554
149729967 1155345076
149729967 149917591
149729967 149729969
150004721 935521194
1161027744 1161027646
1161027744 1161027907
938888144 938888145
938888144 928667961
938888145 149840413
922122205 922122204
922122205 922122206
922122206 1167000680
921102473 921102474
928671467 496806867
1155443090 655092037
1140969954 1140970032
1155443099 1155443513
1155443099 1155443183
149588127 496806864
149588127 1155345076
149588127 937376727
937319802 937319801
937319802 937319806
937360078 149641718
937360078 149507126
1155443700 1155444352
1155443700 1155444291
1155443703 1155443872
1155443705 1155444251
1155443705 1155443607
1155295422 1155295445
1155295139 1155294991
149965245 149965247
149965245 149965240
149965241 922115076
1155443890 1155443533
1155443890 1155444197
1155443892 1155443999
1155443892 1155443191
149965249 149852998
149965249 149877849
1156691263 1155444056
1156691263 922121313
922119508 922119507
922119504 922119499
922119504 922119506
937376736 937376735
922119506 1155444265
922119507 1155444265
1156659481 1156659204
1155295043 1155295663
1155295043 1155295342
1155295040 1155295678
1155295046 1155295021
149656036 149656027
149656036 149656038
149656038 935773108
928774624 928774629
1360124531 655117937
149929594 149929587
149929594 149943625
921103706 921103707
921103706 921103705
921103704 921103705
149656321 149656316
149550294 149550292
149656326 149656328
149656328 149656332
149929607 922262006
149929607 1140970008
149929607 149782365
149929607 149929602
149929602 150047235
655092240 655092243
935773392 1155295680
655092243 928669875
149656140 150122283
149746859 150093024
922119497 149656165
922119497 149656159
928774719 928774743
928774719 928774713
933623977 933623998
933623977 933623997
149881242 149881249
149881242 150095667
149881249 149969606
1155444288 1155443199
935543560 935543559
935543560 935543533
1167000751 1167001096
315921581 940714304
315921581 315921597
1155442857 1155443068
1155442857 1155443189
1265742130 922120871
149877846 149852996
149877846 149877849
149649295 149937937
149649295 149847625
922237231 922237234
922237230 922237228
922237230 149782299
922237237 149782299
922237237 922237235
922237235 922237234
150122287 150122283
150122287 1155443517
150122283 150122278
149628826 1175108906
149628826 149628831
1156691460 150122329
1161027524 1161027850
1161027522 1161028052
1160243093 149800419
937376013 922279238
937376013 937376017
149767757 149767758
937376017 937376016
149767758 1178720803
149767758 149800441
149767758 149800436
935521200 935523596
935521200 935521194
928793234 928793230
935528682 935528679
1155295302 1155295652
1155295302 1155344977
928668233 928668234
928668233 928668236
928668237 928668238
928668237 928668236
149780875 149780872
149780875 149895633
149800419 149805641
149800419 149800411
149800419 149800423
149780872 149895635
149780872 149780858
149500029 1175108916
1155294899 1155295594
1155294899 1155295394
922122218 922122221
922122218 922122215
922122212 922122213
922122213 922122215
149616571 149616576
1161027643 1161027646
149588139 1160243395
149588139 937351187
937319813 937319811
937319813 937319817
149588134 1160243010
937319817 937319821
1155295123 1155295023
1155295123 1155295013
1155443719 1155443513
1155443066 1155443032
149965257 149841735
149965257 149841733
922115076 149729969
928669988 922119934
928669988 922119927
928669988 928669987
1167000907 1167000585
149922736 149893646
149922736 150047227
149656206 928669984
928669984 928669985
928669985 150122258
1155443402 1155443533
1155443402 1155443405
149656027 496806924
149782348 149782356
149929587 150047242
149929587 149863941
1360124507 149813737
921103730 921103729
149656332 1160242999
1155443668 1155443492
928669874 935529700
928669875 928669876
928669873 935529700
928669873 149656150
928669873 928690690
149656159 149656150
655092500 655092495
655092500 937299363
149997400 149841733
1161131666 1161131451
1161131663 1161131464
1161131663 1161131450
655092430 655092428
149813715 149813700
149813715 149863941
1167000585 1167000942
1140969969 922163549
1140969969 1140970133
149967384 149871001
149967384 149767879
149967384 149884223
149847632 149943961
922237180 922237179
1155444298 922115200
1167000567 1167000825
1167000567 1167000600
922249288 922249287
922249286 922249291
922249285 922249291
922237225 922237228
922237225 922237222
1166964586 922122257
940714309 940714307
940714309 940714304
940714307 940714310
940714304 940714310
149756202 150097790
935528678 935528679
703533440 703533437
655092296 655092288
655092296 655092032
1155295413 1160243395
1175108829 149936445
1175108829 1175108796
1175108829 149877857
1175108823 149822364
1175108826 149877872
1175108826 1175108851
1175108826 1175108908
928991361 937373083
1160243285 1160243665
1160243285 1160243499
149958143 149884226
1167000600 1167000537
149696092 149696089
149507138 149507136
149507136 149507126
928689233 928690695
928689233 928689235
1155295337 1155295707
1155295338 1155295712
1155295338 1155295440
921104897 921104896
921104896 496807282
921104896 921105749
1167000564 1167000680
928827710 928827721
928827710 928827708
149800423 1162906995
149800423 149800433
149840440 149840434
1161027729 1161027868
150115072 150034811
1161027726 1161028034
1161027721 1161027893
1155295204 1155294989
1133091783 1133091691
1133091783 1133091722
922237177 922237179
149554584 149554580
922122222 922122230
922122222 922122221
149990197 149696089
149494317 1141165529
150047242 149943625
937319829 937319832
937319829 937319823
1155295113 1155295326
1155295113 1155295021
937319823 937319821
1155295115 921106112
149866747 928690694
149866747 149866751
149866747 149917591
149936445 149936441
1155443277 1155443509
149936441 149937941
149936441 1175108796
1155295680 935773108
1155295680 1155295297
1155295680 1155294989
1155295685 1160686725
1155295685 1155295276
1155295685 1160686719
149952683 928668106
149952683 928668105
1155443872 1155443303
1178720803 1178720823
928688309 928688314
149656235 149656238
1155443189 1155443045
1155443187 1155443491
1155443183 1155443756
1155295064 1155295394
1155295066 1155295297
1155295066 1155294995
149782356 149782359
311985873 149493357
149782359 149782365
1140970028 1360124603
1140970028 1140970001
921103720 921103721
921103721 921103723
921103723 921103724
921103724 921103725
921103725 921103726
921103726 921103727
921103727 921103728
921103728 921103729
149822371 149685494
149822371 1360124561
1155295342 1155295674
311985981 149505170
1161028012 1161028028
1161028017 1161027847
149720135 149841735
149720135 149720145
655092425 655092428
655092425 655092423
149813700 922195436
149680785 149680789
1167000575 1167000651
655092510 937299363
149551347 149551340
937376727 937376730
149551340 149551337
1161027893 1161027596
655092280 655092284
703533437 703533428
655092284 655092288
937369537 937369538
149847629 149847627
150026753 937369546
150026753 928774684
150026753 937369548
922163549 150097790
922163549 1140970109
149847625 149822380
149847627 149822380
149847627 149822384
922122245 922122244
937369530 928774684
937369530 937369542
937369530 937369540
149877868 149877872
149877868 1360124380
928668107 928668108
928991357 928992558
937351188 937351187
937351188 937351189
928991355 928992558
928991355 928991353
928991353 928991351
928991351 928991348
937351189 937351191
149696089 149859455
149696089 149696085
922122242 922122244
922122242 922122241
149696085 922236896
149696085 149859457
150019686 150019683
150019686 149917591
149645099 1360124604
149493361 149493357
149853017 149852998
149853017 149877857
1160243381 1160243010
928827708 928827707
928827706 928827707
928827706 928827705
928827704 928827755
928827704 928827705
149800433 149800436
150115060 150079830
150115060 149805639
1155295214 1155295265
1156691624 1156691340
149523664 149523667
149523667 149615892
149523667 149523672
922122230 922122234
922122235 922122236
922122236 922122239
937351193 937360114
922122239 922122241
937351197 937331501
937351197 937360114
921102482 921102481
921102480 921102481
921102480 938888231
150047235 149943625
937319832 937319834
1155295457 1155295864
1155295453 149871020
937299240 937299229
937299246 149656348
921105753 921105752
496806863 496806864
496806864 149903385
1161131464 1161131448
928688314 149656310
150110301 150034809
1155295070 1155295703
1155443467 1155443045
1155443461 1155443212
1155443461 1155443833
922195436 922195439
149852998 1360124575
149852998 149852996
922195439 149889255
1140970032 1140970061
149656313 928690695
149656313 149656316
149822364 149822384
149782299 149685496
149576894 149918853
928774743 928801091
928774743 928774612
496807282 921105749
496807282 496807281
937369548 937369551
937369548 928774612
1161028001 1161028050
937369546 937369543
149822380 149822384
937369543 937369542
149893646 149893644
149893644 149893637
149813737 1360124603
928690690 928690691
928690691 928690694
928690693 928690694
928690693 150122275
928690693 150122278
149782365 150047227
935543559 935543529
922120857 922120859
922120859 922120867
1155344918 1155345083
355057866 922119691
355057865 922119691
149685499 149685496
149685499 150072711
1160686719 1160686728
1160686719 149871020
149685496 149685494
1160686714 1160686723
1160686714 1160686728
922120920 922120919
922120920 922120921
935523588 935521194
935523588 935523596
150093024 149866751
150093024 149917591
150093024 149729969
937376734 937376735
937376734 937376731
1161027860 1161027902
1161027860 1161027847
937376730 937376731
937331515 937331504
703533424 703533425
703533424 703533422
703533425 703533428
703533422 1161131457
928793155 928793347
149841735 149841733
928991340 928991343
928991340 928991336
928991343 928991344
928991344 928991345
928991345 928991348
1360124375 1360124396
1160243067 1160243729
655092384 655092372
149680844 1175108906
149767783 149767873
150095667 315921599
150095667 149969606
1161027910 1161028057
150122275 150122274
150122274 150122271
921106109 921106110
921106109 1155295863
150122271 1155443537
150122270 150122269
150122270 1155443537
928827739 937373080
928827739 928827743
928827735 928827733
928827735 937373080
928827733 928827731
928827731 928827730
149767875 149767873
149767875 149767879
149800441 1178720823
1155295261 1155295712
1155443756 1155443169
922240804 922240805
922240804 922240803
922240805 922240802
922240802 922240803
922240802 922240786
922240803 922240789
922240801 922240786
496806927 1155345076
1155295863 1155295800
922122249 922122252
150047227 150047223
1155443212 1155443023
1155295663 1155295781
149780844 149551334
149780844 149895633
149780844 1360124601
1155443629 1155443542
1155443629 1155443335
1140970133 1140969967
922115228 922115222
1178720823 149884223
922115222 922115204
1175108790 1175108861
922119540 922119542
922119542 922245246
1360124575 1360124546
1360124575 150095680
922119942 922119939
922119942 922119945
1155295711 1155295016
922119945 922119946
922119946 922119947
922119947 1167000535
655092032 655092037
149613005 149893625
149613005 149893637
935543529 935543533
922120869 922120871
149903397 149903399
149903397 149903391
922120916 922120918
922120916 922120915
149903391 149903385
922120914 922120907
922120914 922120915
922120919 922120918
937331501 937331504
703533417 1161131457
149937926 149937928
149615899 149615894
315921597 315921599
149615892 149615894
149859453 149859455
149859455 149859457
149805641 149805639
1155344924 1155345074
928991334 928991336
928991334 928991332
928991331 928991330
928991331 928991332
928991330 928991327
1360124380 149877857
149918853 149969606
1161027902 1161028050
928827721 928827723
928827723 928827725
938888203 1175108851
938888203 928667961
150079830 149866751
922122257 922122258
922262019 922262006
149554578 149700049
937319856 937319862
937319856 937319853
937319852 937319853
937319852 937319851
1155295674 1155295445
1155295678 1155295872
1161131448 1155443013
1140970124 1140970018
1155295879 1155295023
921106110 921106111
921106111 921106112
149937929 149937931
149937929 149937928
1360124546 1360124604
149656377 149656372
922119939 1161131584
922119934 1161131584
937369525 937369524
937369525 937369539
1167000795 1161131450
655092495 655092491
655092491 655092487
1140969967 1140970061
149903385 1160686725
922120907 922120902
149551336 149551337
149551336 149551334
149551336 149895633
149551337 149895635
149551334 149937941
149937931 149937937
149937937 149937941
922120879 922120876
149805636 149805639
928793173 928793168
1155345083 1155295023
928991327 928991324
928991324 928991319
655092037 496807743
150034811 150034809
1360124396 1360124455
1175108916 149840418
928827755 928827753
928827751 928827747
928827751 928827753
149532188 149532186
149532188 149729981
150122329 1155443233
937373083 928991319
149877849 149877857
149850382 149850384
1160242999 937299204
937319869 937319870
937319869 937319867
937319862 937319865
937319867 937319865
928667961 928667963
149700049 150095680
1161131451 1161131450
1155443843 1155443167
922115200 922115204
1155443161 1155443492
1155443161 1155444351
1155443607 1155444351
655092487 655092483
655092483 655092480
922236897 922236898
928689235 928689238
149895637 149895635
922236898 922236899
1160686726 1160686725
1160686726 1160686723
1160686726 1160686729
1160686721 1160686729
1160686721 1160686728
928793168 928793162
922240787 922240788
922240787 922240786
922240789 922240788
928827747 928827743
1175108851 149840418
149895633 149895635
937319870 937319872
928801096 928801095
