149698546 -98.48666402 29.41482597
149698544 -98.48736902 29.41520298
921103089 -98.48324303 29.41890862
355052085 -98.49479924 29.41477752
149698540 -98.48804401 29.41555997
921103085 -98.48337881 29.41867359
921103087 -98.48320707 29.4188932
921103086 -98.48332852 29.41876797
1360124492 -98.49372904 29.41393597
921103080 -98.48394643 29.41898146
921103082 -98.48384552 29.41877661
355052080 -98.49521196 29.41358603
355052087 -98.49422499 29.4153355
1155443313 -98.49068406 29.42317736
1155295035 -98.48145391 29.42023606
1155294922 -98.48457013 29.42336201
149928016 -98.48974897 29.42862803
149928015 -98.49133014 29.42863649
149928018 -98.4885315 29.4286214
921103081 -98.48392087 29.41888649
355052125 -98.49263302 29.42701032
1155443958 -98.48933097 29.42263077
149698548 -98.48613503 29.41455104
1140970078 -98.49751498 29.4295704
922279888 -98.48660559 29.4182949
149656355 -98.48494631 29.42262331
149872410 -98.48647701 29.42511098
149872417 -98.48535904 29.42496899
149656351 -98.48489476 29.42255601
149872418 -98.48218003 29.42453598
1155295721 -98.48479267 29.4232989
937369509 -98.48452026 29.41957247
937369501 -98.48391157 29.41954288
937369500 -98.48393118 29.41942537
937369507 -98.48445857 29.41954917
149616567 -98.48088704 29.41587798
924780168 -98.48791501 29.42196534
149918875 -98.497476 29.42424697
922237197 -98.49741272 29.41498522
1167000986 -98.49291046 29.42970468
311985825 -98.48203821 29.42796946
149918878 -98.49859163 29.42441528
937319809 -98.4856633 29.42007329
1167001052 -98.49176113 29.42980049
921540262 -98.49213312 29.42655476
924784983 -98.48893819 29.42925231
922245253 -98.48664918 29.4231134
149576906 -98.49351723 29.42212962
928689244 -98.48551502 29.4227006
149672181 -98.49869003 29.41572098
928689240 -98.4856752 29.4228394
149576900 -98.49326602 29.423834
149997398 -98.48662303 29.413595
149969627 -98.49615702 29.41645298
1155295037 -98.48524739 29.42174179
149656135 -98.48795902 29.42403617
935775931 -98.48479343 29.42350358
1161027800 -98.49204939 29.42096152
149808396 -98.48309802 29.42581598
149808393 -98.48319902 29.42579704
1166964651 -98.4918696 29.42815571
149937957 -98.48829379 29.41782149
1155442992 -98.49034392 29.42314433
1167000776 -98.49272807 29.42723076
1155295818 -98.4860953 29.42291953
928793337 -98.48399572 29.41905237
1155444346 -98.48864566 29.42525783
924506126 -98.48286123 29.42164598
922240792 -98.48914657 29.42818068
921540041 -98.49618058 29.41274952
922240790 -98.48907926 29.42816912
922240796 -98.48924086 29.42806904
922240797 -98.48922821 29.42803878
922240794 -98.48920641 29.4281511
922240795 -98.48923977 29.42810801
922240798 -98.4892008 29.4280112
922240799 -98.48915143 29.42799218
149884215 -98.48680559 29.42653993
149884217 -98.48662931 29.42756939
1156691540 -98.49239103 29.42331046
1160243598 -98.48570202 29.42289589
928793241 -98.48409228 29.41901273
928793240 -98.484044 29.4189823
928793242 -98.48414333 29.41901273
928793246 -98.4844061 29.41890292
923870305 -98.49682984 29.41808066
923870307 -98.49660453 29.41730726
928668247 -98.4813063 29.41220369
923870301 -98.49732596 29.41831904
923870300 -98.49692799 29.41907199
923870303 -98.49589081 29.41768956
923870302 -98.49570759 29.41857863
923870308 -98.49628527 29.41786809
149821175 -98.48849504 29.43003401
149821176 -98.48893702 29.43003904
149835979 -98.48857903 29.41285203
149835978 -98.48789004 29.41302201
1160243116 -98.48554067 29.42285289
149742777 -98.50048896 29.41474902
149960328 -98.49482003 29.42851504
149742771 -98.49940903 29.414358
149840420 -98.48380897 29.41605802
149840429 -98.48419999 29.41370103
928827727 -98.48505871 29.41983449
149540108 -98.48746801 29.42924301
757359444 -98.49152787 29.42277243
757359446 -98.49123936 29.4227016
757359441 -98.49167271 29.42310653
757359448 -98.49112017 29.42304342
928692462 -98.4923586 29.42645594
1155345044 -98.48677893 29.42301156
150122306 -98.48896979 29.42267579
1155345040 -98.48354972 29.42461838
1161027554 -98.49087357 29.42523822
149507191 -98.48167494 29.42489163
1155295704 -98.4843631 29.42367801
149913536 -98.48533699 29.42526697
150062317 -98.48204902 29.429141
937319880 -98.48575651 29.42015862
937319882 -98.48576321 29.42017731
150062313 -98.48202798 29.42525196
150062310 -98.48242302 29.42354901
937373046 -98.48663459 29.41969568
921106073 -98.48610637 29.42348103
921106072 -98.48367654 29.42413038
921106077 -98.48716726 29.42371757
921106076 -98.48657106 29.42354499
921106075 -98.48646293 29.42393206
921106074 -98.48602087 29.42384263
921106079 -98.48557026 29.42411831
921106078 -98.48695403 29.42443112
496826551 -98.48244012 29.42118037
355052094 -98.49323794 29.41757104
355052095 -98.49296318 29.41783272
935560900 -98.48468974 29.424438
935560901 -98.48524177 29.4245426
935560902 -98.48517396 29.42481401
921103095 -98.48383814 29.41926402
921103093 -98.48353262 29.41932193
921103091 -98.48334126 29.41919839
149872416 -98.48636202 29.42513001
1155295820 -98.48434801 29.42310879
149965954 -98.49752202 29.42295599
1155295822 -98.48446812 29.42310318
1155295826 -98.48530698 29.42296169
1155295828 -98.48492418 29.42251628
1133091704 -98.48111721 29.41932177
1133091703 -98.48104571 29.4147455
1133091700 -98.48097689 29.41485589
1155443107 -98.4926777 29.4245079
1140970042 -98.4976718 29.4295844
1140970043 -98.50060698 29.4275274
149866762 -98.49137129 29.42498022
922115179 -98.48812481 29.42211227
1155443961 -98.49216883 29.4250254
928692849 -98.48882252 29.42257252
928692848 -98.48802281 29.42237873
1155443969 -98.49143047 29.42342856
922115172 -98.4855509 29.41991412
149872404 -98.48702058 29.42515616
149872406 -98.48651599 29.42506404
149872402 -98.48788987 29.4251264
928674432 -98.48484523 29.42314534
1155295757 -98.48500457 29.42295784
1155443564 -98.49204134 29.42339353
1155443566 -98.48806899 29.42248468
1155443569 -98.49232029 29.42343091
922119498 -98.48881347 29.4231212
1155443619 -98.49277727 29.42412259
937369514 -98.4846195 29.41971974
937369516 -98.48458639 29.41982083
937369511 -98.48459268 29.41964263
149656381 -98.50094703 29.41400202
149634185 -98.49880001 29.43007298
1161131494 -98.49276336 29.42727292
355052076 -98.49601956 29.41309058
1155444204 -98.49269178 29.4235641
149615921 -98.48195196 29.42788497
496807306 -98.49255524 29.42430648
928774643 -98.48534487 29.41927667
928689250 -98.48557127 29.4231471
496807301 -98.4926295 29.42358908
150069094 -98.48410997 29.41238096
149908810 -98.48062301 29.4251
149908812 -98.48061798 29.426366
149852712 -98.50027757 29.42526764
1155344877 -98.48534663 29.42455216
655092222 -98.48997814 29.42510528
149852108 -98.49464266 29.42409006
1155442985 -98.48864826 29.42223481
935529644 -98.48781812 29.42545589
150114959 -98.48307279 29.42575773
1175108945 -98.50008403 29.42181438
928793253 -98.48452948 29.41910853
928793256 -98.4845107 29.41915757
1161027496 -98.49234343 29.42205728
1161027945 -98.49296536 29.42149654
1161027941 -98.49241048 29.42143627
149877874 -98.48451816 29.41689361
928669373 -98.4878203 29.4254968
150071299 -98.48975099 29.429257
921103702 -98.48321243 29.41864392
149628844 -98.49996677 29.42188328
921103703 -98.4832499 29.41864619
149937983 -98.487438 29.42365404
933624002 -98.48273919 29.41730692
933624001 -98.48247147 29.41755302
149560627 -98.48402397 29.41479696
757359450 -98.49163247 29.42314157
150122310 -98.48983011 29.42278777
150122314 -98.49011334 29.42301953
150122318 -98.49035901 29.4230958
1161027547 -98.49123626 29.42125782
149507180 -98.48137302 29.42230799
1095071923 -98.49286428 29.42435032
150062309 -98.48268253 29.42260831
149895655 -98.48294061 29.41326484
149895652 -98.48375399 29.41377102
149895650 -98.48382104 29.41378301
149767950 -98.49753409 29.42943001
149850378 -98.49338496 29.429861
1160243416 -98.48907557 29.42565396
149877839 -98.4919768 29.41797832
937319893 -98.48565458 29.42044477
937373058 -98.48735812 29.41917299
937319895 -98.485554 29.42048098
937373056 -98.48749751 29.41918707
937373055 -98.48748142 29.41971597
496826569 -98.4814788 29.41881793
921106067 -98.48329843 29.42347559
496826561 -98.482117 29.42000238
1161027766 -98.493306 29.42223012
921106068 -98.4831468 29.42406324
1155443771 -98.4924886 29.42465743
1155443805 -98.48937523 29.42261317
938888200 -98.48577143 29.41748538
928991359 -98.48532417 29.41901289
1155443777 -98.4923337 29.42344734
1155294905 -98.48543506 29.42119043
1155294907 -98.48494883 29.42265299
937319912 -98.48548359 29.42052658
1161027798 -98.49309679 29.4244846
150119515 -98.49844176 29.42320317
1155443378 -98.48862546 29.42235392
922246109 -98.49276017 29.42431051
922246108 -98.49253328 29.42425217
1155295525 -98.48137319 29.42012903
1155295528 -98.48444398 29.42345656
1155443112 -98.48862823 29.42521693
928692850 -98.4887698 29.42261728
928692851 -98.48819053 29.42284393
928692852 -98.48812951 29.42245752
928692853 -98.48818508 29.4224934
1360124582 -98.50037027 29.42467864
1360124583 -98.48978376 29.42251586
1167000855 -98.4922721 29.4291125
928765951 -98.4848179 29.41785259
928765952 -98.48419957 29.41733936
928765953 -98.48442454 29.41713384
928765954 -98.48504279 29.41764698
1155443575 -98.49253294 29.42456398
1155443574 -98.48784226 29.4228912
1155443571 -98.49251877 29.42459323
149952637 -98.48878958 29.42206826
1155443601 -98.48870601 29.42233523
1155443605 -98.48981511 29.42509187
1141165446 -98.50115079 29.42275743
1161028061 -98.49111036 29.4210362
1155443598 -98.49268507 29.4234543
1155443594 -98.49282723 29.42314241
1360124458 -98.4897136 29.42252567
922106864 -98.4884678 29.42213716
1360124456 -98.48806136 29.41759166
496807251 -98.488431 29.42482868
149700053 -98.490415 29.422397
1160243070 -98.4896178 29.4253336
928689245 -98.48542509 29.42252852
1155444214 -98.48840292 29.42469591
655092458 -98.4849759 29.42254461
149576904 -98.49335001 29.42312698
921103691 -98.48278051 29.4190481
1155344884 -98.48528888 29.42488869
1155344883 -98.48726902 29.4227524
149969648 -98.49708197 29.41400404
928992559 -98.48536214 29.41886001
150109562 -98.49184504 29.42329797
149908808 -98.48062997 29.42508097
149908806 -98.48082501 29.42447597
149958418 -98.48134503 29.426365
1155444108 -98.49070024 29.42319496
1161027805 -98.49262631 29.42141339
1161027808 -98.4898514 29.42578346
1161027809 -98.49203598 29.42138439
1155444100 -98.48778208 29.42349084
1155444104 -98.49137506 29.42343862
1167000676 -98.49182006 29.42823299
655092215 -98.49216958 29.42504426
149937970 -98.48822104 29.42090293
935825085 -98.49286528 29.42328029
935825084 -98.49256379 29.42363048
943140983 -98.48705537 29.41970583
496807200 -98.48783723 29.42338473
922236910 -98.49839608 29.41482747
922120830 -98.49650714 29.41240058
922120832 -98.49226229 29.42146603
922120833 -98.49225902 29.4214335
937319790 -98.4858591 29.42004764
1162907096 -98.48796447 29.42861151
921102451 -98.48703986 29.42212501
149728278 -98.49790398 29.41722604
1161027978 -98.49264752 29.42284803
1160243574 -98.48528134 29.42187154
928793268 -98.48445438 29.41915991
928793261 -98.4844517 29.41920434
149641782 -98.48127998 29.41739896
935775932 -98.48492544 29.4232559
928669365 -98.48731772 29.42576896
928669361 -98.48778711 29.42565446
928669363 -98.48738209 29.42569193
149594588 -98.49017704 29.42992697
149637065 -98.48074597 29.429615
1155295405 -98.48292401 29.41942947
150010144 -98.49132687 29.42926564
150010142 -98.49132997 29.42757694
1161027577 -98.49263553 29.42146854
149767948 -98.49778387 29.42744827
921104900 -98.48550044 29.42116151
921104902 -98.48559071 29.42094442
921104905 -98.4855167 29.4208896
921104907 -98.48535476 29.42084903
149767945 -98.49790197 29.4263857
1155295196 -98.48443116 29.42315213
1167000615 -98.49206959 29.42792579
937373060 -98.48722627 29.41906989
149485097 -98.50110008 29.42560283
496826572 -98.48068906 29.41881039
922120851 -98.49259488 29.41811569
149641767 -98.48189999 29.41809298
1155294913 -98.48492418 29.42321483
1155294918 -98.4848531 29.42319613
937404158 -98.48392892 29.4191144
1175108730 -98.49036999 29.41816691
149860247 -98.482247 29.42782303
149860241 -98.48204299 29.42768003
149860249 -98.48225798 29.427833
1155443343 -98.48934438 29.42269967
922246110 -98.49280577 29.42440162
1161027498 -98.48996808 29.42556042
922246115 -98.49247318 29.42510947
1360124598 -98.4983188 29.42430531
1360124590 -98.49353298 29.41571897
1360124594 -98.48819338 29.41933057
1167000843 -98.49256177 29.4270042
921102439 -98.48574167 29.42041007
1167000846 -98.49241023 29.42781951
921102437 -98.48554319 29.42004571
921102436 -98.48452931 29.41980741
921102435 -98.4845615 29.41971387
921102434 -98.48304337 29.41935412
921102433 -98.4825713 29.42079799
921102432 -98.48420359 29.42122018
921102431 -98.48409991 29.42155404
1155295777 -98.48523926 29.42175579
149958282 -98.50078802 29.413653
149698530 -98.48887298 29.41594604
1155443634 -98.49241693 29.42488987
1155443635 -98.48867919 29.42551356
1155443637 -98.4885947 29.42554634
1095071880 -98.49264098 29.42472189
149767944 -98.49802887 29.42537233
149656094 -98.48663392 29.42309957
149774338 -98.493824 29.420024
921103077 -98.48318033 29.41844259
1360124444 -98.48962123 29.42103117
1155443128 -98.48827418 29.42222886
149656079 -98.48607561 29.4230585
655092447 -98.4852468 29.42271049
149615904 -98.48109902 29.42782898
149728282 -98.50019853 29.41809667
149656076 -98.48580596 29.42314299
150053626 -98.49627797 29.42839501
149680814 -98.50071804 29.42124902
928774662 -98.48523222 29.41929536
928774663 -98.4852054 29.41931414
928774667 -98.4851634 29.4194019
922119521 -98.4921669 29.42514241
1155444179 -98.48825943 29.4221261
1155444172 -98.4923679 29.42525263
149649298 -98.49062597 29.41588804
935825093 -98.49246421 29.42460119
921103689 -98.48280742 29.41911113
1155344988 -98.48774712 29.42321826
921103683 -98.48318293 29.41911582
921103687 -98.48293072 29.41912052
921103686 -98.48294949 29.41919763
921103685 -98.48303004 29.41918363
921103684 -98.48301386 29.41914617
922236903 -98.49787707 29.41520139
922236900 -98.49816407 29.41449111
922236901 -98.49821512 29.41438826
922236906 -98.4980971 29.41502152
922236907 -98.49805821 29.4150962
922236904 -98.49782611 29.41517566
922236905 -98.4979629 29.41495371
922236908 -98.49827681 29.41518974
922236909 -98.49845651 29.41485564
1167001000 -98.49175711 29.42855527
1156621488 -98.48691338 29.42445526
1155444006 -98.49224251 29.42557852
1160243097 -98.48512904 29.4225084
1160243094 -98.48767538 29.42318331
1160243092 -98.48809724 29.41855507
928793275 -98.48442487 29.41911784
922240793 -98.48917431 29.42817448
149801492 -98.48760002 29.41218902
1161027961 -98.49128496 29.42115539
1155345101 -98.48785173 29.42311793
935806854 -98.49055171 29.42863347
935806852 -98.49054852 29.42926262
1160243147 -98.48520246 29.42227588
149649307 -98.49389198 29.41223696
149649305 -98.492902 29.41335201
149649302 -98.49182199 29.414559
149960319 -98.494399 29.42845804
922237189 -98.49749092 29.41481591
937369523 -98.48535979 29.41992074
924780177 -98.4878312 29.42276748
922237187 -98.49748011 29.41472237
924780174 -98.48759441 29.42268576
924780172 -98.48777462 29.42228988
924780171 -98.48762911 29.42223967
922237182 -98.4972978 29.41450276
928692455 -98.49156223 29.4231787
928692452 -98.49202768 29.42659868
928692453 -98.49189189 29.42646583
928692459 -98.48955368 29.42533193
1155295586 -98.48188331 29.42086194
1155345031 -98.48771469 29.42326931
1155345033 -98.48783304 29.42332228
1161027569 -98.49127834 29.42163081
1155444028 -98.4887154 29.4224882
937351192 -98.4831121 29.42159578
1175108965 -98.49645743 29.41994748
149581287 -98.48214198 29.42922297
149581286 -98.48264799 29.42966302
149913563 -98.48203603 29.42810298
921104913 -98.4882497 29.42226423
921105429 -98.48967002 29.42249658
921105428 -98.4881575 29.42212778
921104914 -98.48836454 29.42225912
921104915 -98.48843478 29.4222929
149958279 -98.49988102 29.413279
1155295614 -98.48576237 29.4231015
922276957 -98.50026164 29.42995882
1155443285 -98.48864969 29.42562337
149965561 -98.49822367 29.42506706
149965563 -98.49922698 29.42516404
149780836 -98.48787797 29.417751
149860254 -98.48434902 29.42965598
149860251 -98.48349901 29.42891603
1161027771 -98.49218618 29.42205234
1161027775 -98.48984201 29.42541792
1155295502 -98.48555157 29.42103452
937319920 -98.48540581 29.42054519
1161027779 -98.4904844 29.42578472
1156659508 -98.48300129 29.4236563
149877810 -98.49434427 29.418715
1155443917 -98.48867777 29.42226507
149922714 -98.49375578 29.42645493
922115143 -98.48826974 29.42211101
921102422 -98.48694422 29.42247093
921102423 -98.48530724 29.42209232
921102424 -98.48558694 29.42119361
921102425 -98.4855198 29.42117836
921102426 -98.48564193 29.42083437
921102427 -98.48532333 29.42075122
921102428 -98.48521269 29.42110477
1155295766 -98.48544051 29.42287142
928670117 -98.4905839 29.42505323
928670116 -98.49056244 29.42517577
923870306 -98.49712748 29.41754103
937299424 -98.48557814 29.42122991
1161027681 -98.49329787 29.42243992
1155295162 -98.4852152 29.42157357
1155295165 -98.48538946 29.42085172
1155295164 -98.48543858 29.42085633
1095071872 -98.49284776 29.42444579
1095071875 -98.49294122 29.42479708
1095071878 -98.49135998 29.42503697
937361348 -98.48231951 29.41871391
937361344 -98.48215061 29.41866722
937361347 -98.48227802 29.41864971
937361346 -98.48220962 29.41863797
1155294984 -98.48127319 29.42042851
149656082 -98.48629421 29.4231041
1360124477 -98.49342033 29.4181307
149656088 -98.48651507 29.42313553
1360124472 -98.48778937 29.42166317
1360124473 -98.4879669 29.42078206
922119532 -98.48884901 29.42575924
922119535 -98.48846554 29.42555363
922119537 -98.48839044 29.42512137
922119539 -98.48834291 29.42483153
922119538 -98.48843897 29.42501777
655092477 -98.48534336 29.42122463
1155295699 -98.48520867 29.42298139
149782300 -98.49763098 29.41568201
149782304 -98.49851603 29.41606699
149656065 -98.48534973 29.42300461
928774619 -98.48549784 29.41907349
496806861 -98.48751268 29.42340082
655092261 -98.48798827 29.423907
496806862 -98.4874354 29.42337844
937369497 -98.48380612 29.41928296
149821171 -98.48839899 29.43003702
149813681 -98.49462741 29.42517887
149870999 -98.48337001 29.42700697
1155344843 -98.48788191 29.4235864
655092274 -98.48808349 29.4223613
655092276 -98.48816404 29.42223054
921540316 -98.49264811 29.427258
149556394 -98.48629697 29.41722998
149556397 -98.48393001 29.41532201
149556396 -98.48511931 29.41629238
922214663 -98.4957272 29.42410171
928774723 -98.48429613 29.41840286
921103698 -98.48303272 29.41889387
921103699 -98.483081 29.41889387
928774726 -98.48386614 29.41880662
921103694 -98.4828422 29.41894064
921103695 -98.48290389 29.41897333
921103697 -98.48301118 29.41894534
921103690 -98.48277791 29.41908313
1155344990 -98.4836213 29.42416634
921103692 -98.4827966 29.41901071
921103693 -98.48284488 29.41897802
1167001019 -98.49182148 29.42842569
1167001016 -98.49243546 29.42934367
1155444014 -98.48988476 29.42515029
1155444016 -98.48899301 29.42267403
928768971 -98.48700516 29.41878139
928768970 -98.48697029 29.41880938
928768973 -98.48720096 29.41909453
928768972 -98.4872707 29.41902672
150019676 -98.48795718 29.42610801
149680822 -98.500957 29.41940299
922203667 -98.49276462 29.42422577
150058353 -98.50007229 29.42657429
149788322 -98.49450503 29.41449798
1156691692 -98.49150632 29.42318683
924780165 -98.48815809 29.42204924
922237199 -98.49737416 29.41496209
922237196 -98.49744507 29.41498782
924780169 -98.48788953 29.42202141
922237194 -98.49749687 29.41496293
922237195 -98.49748153 29.4149755
922237192 -98.4975138 29.41492781
922237193 -98.49751011 29.41494222
922237190 -98.49746569 29.41485673
922237191 -98.49751229 29.41490408
1155345000 -98.48813102 29.41859221
150010127 -98.49148403 29.42453397
1155345004 -98.4879617 29.42314241
921102438 -98.4854359 29.420326
149581296 -98.48188398 29.42921903
1160243424 -98.48764528 29.42309253
1167000534 -98.49175577 29.42933672
1155295304 -98.48458623 29.42313193
921102430 -98.48490817 29.421792
1155295073 -98.48533993 29.42088088
1155295376 -98.48609757 29.42293328
1155294970 -98.48604954 29.42268433
924758994 -98.49651242 29.42753293
1155295088 -98.48329659 29.42260337
1155295085 -98.48468413 29.42375211
937319919 -98.48547546 29.42056388
1155295579 -98.48569264 29.42296253
1161027769 -98.49112671 29.42105841
1155295573 -98.48460232 29.42376728
1156659047 -98.48864969 29.42575077
1155443436 -98.49108991 29.4250943
149922727 -98.49377396 29.42743302
922120882 -98.49544339 29.41349886
1155443380 -98.4872085 29.42576569
355052101 -98.49231954 29.4195148
355052106 -98.49251349 29.42142621
149554277 -98.481815 29.42927
1155295792 -98.4863243 29.4231564
921102454 -98.48699158 29.42231193
921102457 -98.48091906 29.42074661
1155295791 -98.48442663 29.42388999
1155295796 -98.48470148 29.42388881
921102450 -98.4871096 29.42189602
921102453 -98.48723248 29.4223727
921102452 -98.48728671 29.42219039
922120889 -98.49415962 29.41571981
1155295798 -98.48473643 29.42361313
1140969971 -98.49998739 29.42665141
921102458 -98.48115509 29.42211101
1161027695 -98.49331849 29.42256213
149588143 -98.48344469 29.42199702
1155443728 -98.49251408 29.4245856
1161027692 -98.49152736 29.42121029
1155443726 -98.49073913 29.42321013
1155443724 -98.48873024 29.42567248
1161027698 -98.49218761 29.42198554
1155443721 -98.49227603 29.42341809
1155443651 -98.48811358 29.42390533
937361350 -98.48232889 29.41875129
921103072 -98.48221633 29.41710517
149918882 -98.49932798 29.424425
921103076 -98.4832763 29.41879639
149918880 -98.49877897 29.42434303
922119520 -98.49222859 29.4251751
924758979 -98.49622031 29.42752086
922119528 -98.48983807 29.42520402
1155442896 -98.48809749 29.42394581
149877796 -98.49532881 29.4195583
149656059 -98.48526608 29.42301089
1155442890 -98.49256907 29.42438058
149656055 -98.48515234 29.42303453
922195462 -98.4957189 29.42492901
149828665 -98.500985 29.43004901
922195460 -98.49571882 29.42468602
922249277 -98.48170914 29.4225167
149952885 -98.50029601 29.41805903
149813695 -98.49571588 29.42515289
149813697 -98.49580197 29.42514199
922115198 -98.49146458 29.42337081
149527480 -98.48088796 29.41631501
922115192 -98.49257192 29.42355379
655092268 -98.48788341 29.42321977
149813674 -98.49378243 29.42505549
1155344839 -98.48797914 29.42361657
928774737 -98.4839984 29.41812022
922120874 -98.49634461 29.41278162
655092460 -98.48496249 29.42248384
1155344948 -98.48393738 29.42469549
150004718 -98.48853846 29.42756948
1155344944 -98.48633628 29.42299748
922120885 -98.49515639 29.41439153
928768968 -98.48679326 29.4187347
1155444020 -98.48857593 29.4222675
922120880 -98.49583499 29.41327003
150004716 -98.48855363 29.42651403
928768962 -98.48679603 29.41945663
928768960 -98.48723583 29.41913653
928768961 -98.48683618 29.41948697
928768966 -98.48655991 29.41947298
928768967 -98.48627292 29.41919956
928768964 -98.48670752 29.41949871
928768965 -98.48663242 29.41949871
935561137 -98.48461221 29.4247809
935561134 -98.48356229 29.42457403
935561138 -98.4847599 29.42433817
928793217 -98.48340027 29.41854082
149680839 -98.50079004 29.41922202
924505089 -98.48483458 29.42373543
922237215 -98.49793608 29.41471767
149680830 -98.50090797 29.41930903
922237211 -98.4980836 29.41441634
924505083 -98.48470206 29.42390357
922237212 -98.49808897 29.41446311
149645101 -98.48901531 29.42099773
149788330 -98.49183498 29.412617
149534992 -98.49980298 29.41352099
149534994 -98.50092004 29.41396799
149835980 -98.48997503 29.41249001
149835981 -98.49097902 29.41222397
757359491 -98.49232993 29.42522548
1160243189 -98.48506366 29.42246716
1156691680 -98.49258583 29.4233258
928793503 -98.48342173 29.41826741
1160243187 -98.48981477 29.425201
150085750 -98.49110802 29.41266603
924759002 -98.49637831 29.42867061
150010138 -98.49133399 29.42646298
150010136 -98.49132804 29.42586502
928801102 -98.48296584 29.41759694
1155345010 -98.48516927 29.42485466
1161027501 -98.49286478 29.42241578
1161027502 -98.49092043 29.42090067
149767773 -98.48487004 29.42634999
150076665 -98.497994 29.41483301
1175108984 -98.48090238 29.41438608
1360124392 -98.48822473 29.41839657
1155295367 -98.48516583 29.4230316
928683014 -98.49568026 29.41339903
928683013 -98.49536032 29.41323768
928683011 -98.49505698 29.41364018
1155443811 -98.48888438 29.42568413
149729977 -98.49107843 29.42380122
1161028000 -98.49192014 29.42151322
1155295094 -98.48485537 29.42323511
1155295090 -98.48454138 29.4234802
1155295092 -98.48527019 29.42282817
1161027754 -98.49109863 29.42101994
1133091772 -98.48101092 29.41475019
922122210 -98.49191628 29.42889507
149913545 -98.48315803 29.42716203
938888153 -98.48542123 29.4177862
149922732 -98.49386399 29.42823198
938888235 -98.48507414 29.41758118
149922734 -98.49390497 29.42857698
1155443931 -98.49247049 29.42509137
149922738 -98.49393498 29.430076
150110296 -98.48974998 29.42755104
1155294934 -98.48528888 29.42304191
149554283 -98.48061798 29.42887303
355052134 -98.49179609 29.42852409
355052133 -98.49174253 29.42830692
355052132 -98.49176122 29.42811757
355052131 -98.4919561 29.42791447
928671476 -98.4887377 29.42234738
921102446 -98.48697549 29.42064376
921102447 -98.48680391 29.4212232
921102444 -98.48676091 29.42018116
921102445 -98.48663761 29.42055969
921102442 -98.48619228 29.42002702
921102443 -98.48652488 29.41998964
921102440 -98.48583831 29.42015308
921102441 -98.486144 29.42022793
149908798 -98.48082099 29.42431696
1140969964 -98.50098617 29.42997986
921102448 -98.48752811 29.42141012
921102449 -98.48736181 29.4219614
1155294948 -98.48554344 29.42092212
937299447 -98.4850945 29.42124843
1155295141 -98.48504488 29.42253958
937299440 -98.4851396 29.42112907
1155295419 -98.48480348 29.42334801
1155443734 -98.49266764 29.42314241
1155294944 -98.48521378 29.42180373
1155443732 -98.49072706 29.42319613
1360124416 -98.4882409 29.41809373
149656269 -98.48837057 29.42210682
149656260 -98.4895898 29.42252608
1167000928 -98.49212994 29.42781716
149917603 -98.48872596 29.42600122
149917605 -98.48872689 29.42650849
922119512 -98.4897986 29.42504216
1140970093 -98.49768898 29.42944493
1140970091 -98.49825468 29.42535012
1140970090 -98.49971179 29.42975791
922119519 -98.49234929 29.42512372
922119518 -98.49230864 29.42498743
149656040 -98.4847697 29.42389284
149656043 -98.48477557 29.4236081
149656045 -98.48487582 29.42321189
149494306 -98.50087503 29.42211504
149875495 -98.48061203 29.427617
928774632 -98.48548711 29.41914357
928774635 -98.48541603 29.41921012
921103719 -98.48323649 29.4188191
921103718 -98.48322852 29.41879807
1360124529 -98.48973397 29.4225462
921102612 -98.48289937 29.41651341
921102611 -98.48207182 29.4172304
921102610 -98.48155189 29.41677509
1360124521 -98.48816421 29.42069916
921103715 -98.48323381 29.41870226
921103714 -98.48326867 29.41869991
921103717 -98.48326599 29.41875842
921103716 -98.48323381 29.41872799
149550285 -98.49502999 29.42004404
149550287 -98.493895 29.41956099
922115184 -98.49057367 29.42290897
149550283 -98.49615702 29.42052398
655092252 -98.48852178 29.42493689
1140969948 -98.49988546 29.42746428
922106859 -98.488589 29.42239499
922106854 -98.48879143 29.42224663
149720149 -98.485684 29.41246897
1161131640 -98.49218207 29.4257998
149881252 -98.49366399 29.42102497
149709268 -98.50011202 29.41260099
655092419 -98.48454138 29.42376409
1155443245 -98.48725712 29.42556603
655092416 -98.48457617 29.42368228
655092412 -98.48465403 29.4236356
149805837 -98.4933682 29.41822667
1155344951 -98.48465311 29.42471527
1155344953 -98.4839342 29.42469591
1155344957 -98.48675747 29.42298818
922120896 -98.49380724 29.41703627
1167000747 -98.49283134 29.42978884
149621712 -98.49671802 29.42119898
149808403 -98.48219797 29.42597599
922237208 -98.49729244 29.41403782
922237207 -98.49749729 29.41487726
150122297 -98.48811576 29.42241972
922237205 -98.49742101 29.41485279
150122291 -98.48808198 29.42282096
922237203 -98.49736553 29.41488967
922237200 -98.49736134 29.41494122
922237201 -98.49735773 29.41492596
922279255 -98.48216528 29.41983189
924784844 -98.48422907 29.42424069
922279250 -98.48243618 29.41975712
149628817 -98.49641636 29.42002367
1160243192 -98.48542442 29.42257696
1156691470 -98.49152686 29.4231937
1161027536 -98.4928445 29.42225778
149767766 -98.48525996 29.42736898
149767762 -98.48532501 29.42752799
1155443966 -98.49247988 29.42526537
149767760 -98.48605197 29.42817901
928793229 -98.48359884 29.41861551
928793228 -98.48356657 29.41861081
1160243538 -98.48904489 29.42565262
928793222 -98.48346732 29.41853839
928793225 -98.48351032 29.41854309
928774696 -98.48561309 29.41939586
149641729 -98.48195598 29.41963399
149800408 -98.48799179 29.42651688
496806853 -98.48543984 29.42270688
496806855 -98.48751268 29.42361758
496806857 -98.48756423 29.42355781
496806859 -98.48758988 29.42346058
937370128 -98.48669771 29.41984312
149729967 -98.48933399 29.42330996
150004721 -98.48852362 29.42925223
1161027744 -98.4924477 29.42238544
1156621528 -98.48714899 29.4236827
149913559 -98.48216402 29.427905
938888144 -98.48468513 29.41670971
938888145 -98.48458413 29.4167673
1155443410 -98.48770924 29.4234667
1155443413 -98.4892733 29.42271954
922122205 -98.49278859 29.42995899
922122204 -98.49246614 29.42995572
355052126 -98.49267141 29.42714778
922122206 -98.49278079 29.42979672
921102473 -98.48091906 29.412186
928671467 -98.48864382 29.42239197
921102474 -98.48190611 29.41269068
1155443090 -98.49227084 29.42508952
1140969954 -98.49996333 29.42662567
1155443099 -98.49264081 29.42467613
149588127 -98.48738972 29.42291031
937319802 -98.48580814 29.42013171
937360078 -98.4824216 29.42140534
937319806 -98.48568006 29.42006918
1155443700 -98.49232096 29.42512934
1155443703 -98.48893132 29.42566779
1155443705 -98.49232641 29.42507913
1155295422 -98.48470818 29.42324751
1155295139 -98.48485889 29.42295549
1155295750 -98.48527689 29.42266464
1155443070 -98.49251752 29.42460128
149965245 -98.4897307 29.42115128
149965247 -98.48969743 29.42111734
149965241 -98.4897903 29.42247948
149965240 -98.48969583 29.42243757
1155443890 -98.49256638 29.42436541
1155443892 -98.48850887 29.42226281
149965249 -98.49004603 29.419477
1156691263 -98.49266361 29.42332513
922119508 -98.48883292 29.42551147
922119504 -98.48807922 29.4238925
937376736 -98.48373957 29.42224873
922119506 -98.48872303 29.42512607
922119507 -98.48876586 29.42549982
1156659481 -98.48866184 29.42585119
1155295049 -98.48453124 29.42335623
1155295043 -98.48453929 29.42381639
1155295040 -98.48487448 29.42398227
1155295046 -98.48491882 29.42244503
149656036 -98.48461581 29.42325933
149615941 -98.48129398 29.43003501
149656038 -98.48447466 29.42385068
928774624 -98.48548971 29.41909453
921102609 -98.48237952 29.41605811
922119499 -98.48806388 29.42294937
928774629 -98.48549507 29.41911549
1360124531 -98.50023616 29.42562026
149929594 -98.49620396 29.42741701
921103706 -98.48322576 29.41855281
921103707 -98.48328753 29.41850604
921103704 -98.48322576 29.41861576
921103705 -98.48323649 29.41858307
149656321 -98.48553858 29.42286253
149550294 -98.49285799 29.41916704
311985414 -98.48195246 29.422454
149550292 -98.49391101 29.41951799
149656326 -98.48542701 29.42267562
149656328 -98.4853411 29.42258593
149929607 -98.49619508 29.42938508
149929602 -98.49610003 29.42837196
921540341 -98.49224041 29.42781641
655092240 -98.48881909 29.42564164
935773392 -98.48467256 29.42380374
655092243 -98.4886237 29.42554424
149656140 -98.48830234 29.42455962
149746859 -98.49080828 29.42438938
922119497 -98.48892839 29.42568631
928774719 -98.48468874 29.41876278
928774713 -98.48490449 29.41933006
933623977 -98.48284078 29.41748697
922106862 -98.4884652 29.42232777
149881242 -98.49554104 29.42177096
149881249 -98.49453596 29.42130903
922121313 -98.49237821 29.42143971
655092409 -98.48469963 29.42336687
1155344960 -98.48785844 29.42320426
1155444288 -98.49097516 29.42329538
935543560 -98.48640099 29.42504426
1167000751 -98.49181746 29.42815587
315921581 -98.49746787 29.42348447
1155442857 -98.48846059 29.42215058
1265742130 -98.49599089 29.41216622
150068382 -98.48536298 29.41298798
149877846 -98.49040142 29.4182633
149649295 -98.48988803 29.41669999
922237231 -98.49720392 29.41504716
922237230 -98.49753853 29.41564178
922237237 -98.49691693 29.41518027
922237235 -98.49705104 29.415192
922237234 -98.49709932 29.41517331
150122287 -98.48811174 29.42399811
150122283 -98.48846034 29.42450514
149628826 -98.4989518 29.42110653
1155444197 -98.49267837 29.42357458
149462624 -98.48074798 29.42182402
1156691460 -98.49262472 29.42331063
1161027524 -98.49086787 29.42576829
1161027522 -98.48983321 29.4257449
1160243093 -98.48672579 29.42698568
937376013 -98.48319131 29.41915044
149767757 -98.48722904 29.42922096
937376017 -98.48306583 29.41917869
937376016 -98.4830665 29.41934708
149767758 -98.48692578 29.42893757
935521200 -98.48884616 29.42961541
928793234 -98.48385356 29.41871131
921112930 -98.48328376 29.42097426
928793230 -98.48364443 29.41858978
1160243272 -98.48961377 29.4253124
935528682 -98.4878146 29.42540493
1155295302 -98.48378098 29.42297829
928668233 -98.48263492 29.41305923
928668234 -98.48227542 29.41347036
928668237 -98.48248656 29.41257232
928668236 -98.482275 29.41282453
928668238 -98.48272921 29.41228332
149780875 -98.48671799 29.41683402
149800419 -98.48784092 29.42703639
149780872 -98.48554101 29.41589298
149800411 -98.48800076 29.42657496
1161027739 -98.48996674 29.42542019
149500029 -98.4809002 29.41456059
1155294899 -98.48527287 29.4216811
1155295548 -98.48615632 29.4232771
922122218 -98.49220781 29.42773946
922122212 -98.49166407 29.42841152
922122213 -98.49164798 29.42818488
1133091770 -98.48097689 29.41632297
922122215 -98.49178477 29.42793258
149616571 -98.48080599 29.41478104
149616576 -98.48071697 29.41464802
1161027643 -98.49235114 29.42181538
1161027646 -98.49239757 29.42205871
1161027647 -98.49328589 29.42250932
149588139 -98.48495453 29.42180507
937319813 -98.48564989 29.42009374
149588134 -98.4859135 29.42001897
937319811 -98.48565383 29.42008427
937319817 -98.4856633 29.42011302
1155295121 -98.48590051 29.42290528
1155295123 -98.48630946 29.42298818
1155443719 -98.49270251 29.42455233
1155443068 -98.48841097 29.42212853
1155443062 -98.48821517 29.42225342
1155443066 -98.48862546 29.42231997
149965257 -98.48836797 29.414429
922115076 -98.49033504 29.4226182
1360124433 -98.48812247 29.42080453
937361309 -98.48212002 29.41872908
928669988 -98.49223563 29.42640959
1167000906 -98.49285011 29.43008312
1167000907 -98.49181746 29.4283697
149922736 -98.49392601 29.42934803
149656206 -98.49232088 29.42514183
928669984 -98.4922353 29.42512456
928669985 -98.4922897 29.42500453
928669987 -98.49203682 29.42641621
1155443402 -98.49273142 29.42443716
1155443405 -98.4926958 29.42444009
149656027 -98.48521168 29.42282624
149782348 -98.495233 29.42881997
937360145 -98.48209831 29.41989501
149929587 -98.49601101 29.42645904
1360124507 -98.50017589 29.42570609
921103730 -98.48319089 29.41908783
149656332 -98.48512812 29.42253706
1155295896 -98.48523658 29.42177683
1155443668 -98.49238399 29.42494477
928669874 -98.48695319 29.42557953
928669875 -98.48860191 29.42549118
928669876 -98.48723189 29.42563116
928669873 -98.48852673 29.42545799
149656159 -98.4886771 29.42567097
655092500 -98.4853675 29.42090678
149656150 -98.48853402 29.42549403
921540358 -98.4918193 29.42802193
149997400 -98.48675898 29.41365803
1161131666 -98.4920628 29.42656717
1161131663 -98.49221862 29.42659726
655092430 -98.48475587 29.42370693
149813715 -98.49737198 29.42518801
1167000585 -98.49183758 29.42833583
1140969969 -98.49961732 29.4295295
149967384 -98.48435002 29.428177
1155344977 -98.48363379 29.42355203
149847632 -98.49471399 29.41282202
1155444056 -98.49255733 29.4233574
922237180 -98.49733803 29.41419439
922237183 -98.49731121 29.41455892
1155444298 -98.49104163 29.4233284
924780170 -98.48775031 29.4219733
1167000567 -98.49178662 29.42801112
1155444291 -98.49109318 29.42517946
922249288 -98.48173127 29.42286413
922249287 -98.48184392 29.42254167
922249286 -98.48214131 29.42471301
922249285 -98.48074706 29.42471778
922237225 -98.4975874 29.41534162
1166964586 -98.49188854 29.42839618
940714309 -98.49738631 29.42410498
940714307 -98.49800054 29.42414471
940714304 -98.49751422 29.4230326
922237228 -98.49760349 29.4155028
149756202 -98.5009907 29.42973008
922279238 -98.48330564 29.41911473
935528678 -98.48757437 29.42553326
703533440 -98.49281449 29.43003417
149628831 -98.49932798 29.42127659
655092296 -98.48880073 29.42251192
1155295413 -98.48485151 29.42252139
1175108829 -98.48835842 29.41840177
1175108823 -98.49200857 29.41786943
1175108826 -98.48565081 29.41758462
928991361 -98.4853152 29.4190046
1160243285 -98.48609497 29.42290763
149958143 -98.48307396 29.429285
1167000600 -98.49202399 29.42785446
149696092 -98.49966401 29.41386196
149507138 -98.48094496 29.419577
149507136 -98.481052 29.41964296
928689233 -98.48603814 29.42272817
1155295337 -98.48529701 29.4230559
1155295338 -98.48519643 29.42189602
150122258 -98.49231903 29.42500998
921104897 -98.48865991 29.42221713
921104896 -98.4887377 29.42228494
1167000564 -98.49274819 29.42979227
928827710 -98.48534202 29.41990716
149800423 -98.4876416 29.42756587
149840440 -98.483785 29.41223101
1161027729 -98.49289697 29.42225703
150115072 -98.48518503 29.42622904
1161027726 -98.49284064 29.42204438
1161027721 -98.49206816 29.42137726
1155295204 -98.48464121 29.42377784
1133091783 -98.48113581 29.41859388
1133091781 -98.48105652 29.41932328
922237177 -98.49725312 29.41410697
922237179 -98.49731917 29.41415231
149554584 -98.49224469 29.4216345
149554580 -98.49219263 29.42175009
1155295594 -98.48525267 29.42171136
922122222 -98.49255708 29.42710814
922122221 -98.49255138 29.42720654
149990197 -98.49816952 29.4142855
1167000822 -98.49233907 29.42905173
149494312 -98.50046004 29.42210297
149494317 -98.50022652 29.42207262
150047242 -98.49453957 29.42646516
937319829 -98.48572826 29.42034084
1155295113 -98.48508914 29.42192049
937319823 -98.48578668 29.42024847
1155295115 -98.48484908 29.42351968
937319821 -98.48577394 29.42015266
149866747 -98.48881112 29.42504996
149936445 -98.48832246 29.41809549
1155443277 -98.49268096 29.42333754
1140970068 -98.49885147 29.42968532
149936441 -98.48958796 29.41806901
1155295680 -98.48466979 29.42381329
1155295683 -98.48481547 29.42328842
1155295685 -98.4833473 29.42274686
149952683 -98.48233979 29.41401711
1162906995 -98.48795776 29.42756721
1155443509 -98.49254023 29.42336897
1155443872 -98.48892051 29.42559193
1178720803 -98.48649629 29.42857187
928688309 -98.48780689 29.42334382
1360124425 -98.48822724 29.4197339
149656235 -98.49061801 29.42297896
1155443189 -98.48850619 29.42219274
1155443187 -98.48818701 29.42215183
149656238 -98.49039656 29.42275038
1155443183 -98.49262481 29.42467487
1155295064 -98.48528217 29.42164951
1155295066 -98.48471899 29.42378136
1155443473 -98.48864969 29.42520167
1155295062 -98.48526977 29.42285994
149782356 -98.49531498 29.42923597
311985873 -98.48203838 29.42844782
149943961 -98.49524197 29.41318001
1141165529 -98.50006182 29.42195578
149782359 -98.49535102 29.42927603
1140970028 -98.49805008 29.42639048
921103720 -98.48319357 29.41886353
921103721 -98.4831748 29.41885883
921103723 -98.48307832 29.41891717
921103724 -98.48304613 29.4189569
921103725 -98.48299241 29.41898733
921103726 -98.48298713 29.41903402
921103727 -98.48301931 29.4190574
921103728 -98.48306491 29.4190621
921103729 -98.48306751 29.41909948
149822371 -98.49379182 29.41543139
1161027708 -98.49332084 29.42227102
943140978 -98.48727011 29.41910409
149656165 -98.48951252 29.42532212
1155295342 -98.48450844 29.42380818
311985981 -98.48124151 29.4296067
933623997 -98.48289627 29.41743559
1161028012 -98.49110408 29.42087284
933623998 -98.48262712 29.41768218
1161028017 -98.49120583 29.42143216
149720135 -98.48807201 29.41356399
655092425 -98.4847231 29.42384858
149813700 -98.49627001 29.42515297
655092423 -98.48459503 29.42381547
928690688 -98.48783187 29.42345857
655092428 -98.48476199 29.42377901
1167000598 -98.49298674 29.42996259
149680785 -98.49956703 29.42341599
149680789 -98.49974297 29.42209199
1155444261 -98.49027142 29.4231243
1155444265 -98.48867928 29.42538473
1167000575 -98.49263294 29.42717351
922249291 -98.48096407 29.4247985
655092510 -98.48532132 29.42099027
1167000680 -98.4927424 29.42973712
940714310 -98.4981266 29.4232336
149551347 -98.48440601 29.41370002
937376727 -98.48375977 29.42207053
149551340 -98.48514002 29.41406103
1161027893 -98.4920597 29.42121071
655092280 -98.48829647 29.42216608
703533437 -98.49277752 29.42973729
655092284 -98.48843763 29.42217689
937369537 -98.4857353 29.41998369
655092288 -98.48859152 29.42224546
149847629 -98.49266303 29.41513299
150026753 -98.48629404 29.41964698
922163549 -98.49982914 29.42859986
149847625 -98.49025801 29.417824
149847627 -98.49146098 29.41647603
922122245 -98.4927424 29.42696313
937369530 -98.48551813 29.41979216
149877868 -98.48641172 29.41815266
928668107 -98.48327421 29.41347564
928668106 -98.48339122 29.4147227
928668105 -98.48163714 29.41359651
928991358 -98.48543171 29.41892371
928991357 -98.48537547 29.41884878
937351188 -98.48412648 29.42146284
928991355 -98.48532149 29.41878113
928668108 -98.48289233 29.41394226
928991353 -98.48523213 29.41869933
928991351 -98.4852489 29.41868533
937351189 -98.48420778 29.42120124
149696089 -98.49861703 29.41344496
922122242 -98.4922757 29.42623424
149696085 -98.49755001 29.41301899
150019686 -98.48773966 29.42373241
150019683 -98.48775199 29.42375596
149645099 -98.488847 29.421821
928992558 -98.48531101 29.41878977
149493361 -98.48281898 29.42833298
149507126 -98.48183386 29.4205721
1155295868 -98.48445874 29.42315892
1155295326 -98.48509853 29.42191471
149641718 -98.48241003 29.42087602
149853017 -98.48835431 29.41933711
1160243381 -98.48511856 29.42225929
928827708 -98.48537069 29.41982401
928827706 -98.4853794 29.41970172
928827707 -98.48534001 29.41981596
928827704 -98.48546247 29.4196345
928827705 -98.48543447 29.41971614
149800433 -98.48723658 29.42861369
149800436 -98.48718696 29.4287095
928793259 -98.48451339 29.41921599
937299399 -98.48553807 29.4213574
150115060 -98.48976482 29.42648394
1155295214 -98.48523264 29.42277679
1156691624 -98.49149551 29.42317753
149523664 -98.480995 29.42913698
149523667 -98.48101604 29.42875803
1160243499 -98.48644768 29.42287368
922122230 -98.49200739 29.42658703
922122234 -98.49225424 29.42529513
922122235 -98.49251257 29.42509648
922122236 -98.49255457 29.42522028
937351193 -98.48291513 29.42154943
922122239 -98.4923213 29.42581137
937351191 -98.4832784 29.42097669
937351197 -98.48286274 29.42172427
921102482 -98.48492653 29.41827671
921102480 -98.48361493 29.41642758
921102481 -98.48352617 29.4171019
150047235 -98.49438501 29.42823399
937319832 -98.48570622 29.42046581
937319834 -98.48562038 29.42055692
1155295457 -98.48520313 29.42150701
1155295453 -98.48283919 29.42462097
937299240 -98.48539776 29.42083613
149780858 -98.484216 29.41483804
937299246 -98.48531998 29.42087929
921105753 -98.48873401 29.42202962
921105752 -98.48864818 29.42202501
921105751 -98.48883317 29.42210213
496806863 -98.4873582 29.42340082
496806864 -98.48730842 29.42344591
1155294989 -98.48464917 29.4237977
496806867 -98.48867098 29.42246657
1155443511 -98.48797779 29.42401262
1155443513 -98.49264618 29.42463866
1155443517 -98.48806824 29.42391488
1133091691 -98.48116842 29.41927751
1161131464 -98.49217009 29.42650531
928688314 -98.48780387 29.42320577
1140970109 -98.50042039 29.42869709
1155443199 -98.49098187 29.42328372
150110301 -98.48612213 29.42754022
1155443191 -98.48847669 29.42228376
149871001 -98.48342399 29.42738901
1155295070 -98.48481287 29.42371011
933623987 -98.48260642 29.4174298
1155443467 -98.48855983 29.42219743
1155443461 -98.49209499 29.42337601
922195436 -98.49627621 29.42492867
149852998 -98.49003304 29.41960298
149852996 -98.49096066 29.41966643
922195439 -98.49627596 29.42468568
1140970032 -98.49815007 29.42646449
1156691340 -98.49150356 29.42315758
1167000651 -98.49221309 29.42778447
1360124561 -98.49415484 29.41502663
149656310 -98.48614518 29.42290671
655117937 -98.49828946 29.42542958
149656313 -98.48593336 29.42288491
1155443999 -98.48853972 29.42225929
149656316 -98.48572742 29.4229223
149822364 -98.492285 29.41708497
149782299 -98.49664996 29.41525604
149581318 -98.48262997 29.42967903
149656175 -98.48989021 29.42516513
149576894 -98.49320902 29.42427304
928774743 -98.48507598 29.41843387
496807282 -98.48883694 29.42239474
496807281 -98.48920348 29.42260093
937369548 -98.48638674 29.41956358
1161028001 -98.49213254 29.42198361
937369546 -98.4862932 29.41968001
149822380 -98.49074198 29.41727197
937369543 -98.48638439 29.4197852
937369542 -98.4861725 29.41993474
149822384 -98.49209499 29.41693703
937369540 -98.48541084 29.41977347
149893646 -98.49335696 29.4293
149893644 -98.49330801 29.42861998
149813737 -98.49821897 29.42547702
928690695 -98.48602431 29.42290084
928690690 -98.48847258 29.42519304
928690691 -98.48841634 29.42507603
928690693 -98.4886631 29.42518021
149782365 -98.495607 29.42937703
935543559 -98.48661289 29.42447664
922120850 -98.49246882 29.41819281
1155344916 -98.48464389 29.42475081
922120857 -98.49367313 29.41640084
149863941 -98.49727198 29.426409
922120859 -98.49358998 29.41620454
1155344919 -98.48665153 29.42296479
1155344918 -98.48662328 29.42308164
1167001096 -98.49184956 29.42808932
355057866 -98.49287744 29.43007072
355057865 -98.4928688 29.4297792
149685499 -98.49624 29.41365401
1160686719 -98.48320254 29.42333066
149685496 -98.49562997 29.41481096
1160686714 -98.48347328 29.42316588
149685494 -98.49502798 29.41595702
149720145 -98.48694196 29.41308203
922120920 -98.49265917 29.42147072
922120921 -98.49266194 29.4216459
935523588 -98.488689 29.4299755
150093024 -98.48986003 29.424165
937376734 -98.48355341 29.42216927
937376735 -98.48357939 29.42220631
1161027860 -98.49208828 29.421764
937376730 -98.48360286 29.42209391
937376731 -98.4835664 29.42212216
1161027868 -98.49327113 29.42239709
937331515 -98.48409748 29.42156812
703533424 -98.49177379 29.42797332
703533425 -98.49168343 29.428134
703533422 -98.49220378 29.42776964
703533428 -98.49172643 29.42854748
928793155 -98.48394249 29.41902672
149841735 -98.48821701 29.41398601
149841733 -98.48802004 29.41426002
928991340 -98.4849246 29.41893997
928991343 -98.48482771 29.41885137
928991344 -98.48494832 29.41875129
928991345 -98.48501882 29.41881567
928991348 -98.4852142 29.41865356
1360124377 -98.48800956 29.42067058
1360124375 -98.49816072 29.42429366
1160243067 -98.48961771 29.42532841
655092384 -98.48534068 29.42288567
921102429 -98.48515234 29.42109077
149680844 -98.49993148 29.41914147
149767783 -98.48453803 29.42605202
150095667 -98.49503301 29.42273898
1161027910 -98.4929439 29.42170332
935528679 -98.4875618 29.42541038
150122278 -98.48867299 29.42509799
1160243395 -98.48501018 29.42188504
150122275 -98.48863804 29.42538398
150122274 -98.4886885 29.42549403
921106109 -98.48442286 29.42389359
150122271 -98.488733 29.42553804
150122270 -98.48891288 29.42557978
928827739 -98.48512778 29.41960499
1160243665 -98.48591392 29.42286203
928827735 -98.48502686 29.41957926
928827733 -98.48497121 29.41974723
928827731 -98.48493072 29.41973701
928827730 -98.48491077 29.41979702
149767875 -98.48432831 29.42710126
149800441 -98.48603898 29.429674
149767873 -98.48408096 29.42645502
149767879 -98.48494631 29.42764701
1155295265 -98.48499124 29.42263782
1155295261 -98.4852152 29.42182938
1155443756 -98.492616 29.42470119
149523672 -98.48061404 29.42797902
922240804 -98.48957287 29.42848436
922240805 -98.48958427 29.42770308
922240802 -98.4886859 29.42769319
922240803 -98.4886745 29.42847439
922240801 -98.48908203 29.4280019
1155295864 -98.48517497 29.42146376
922122244 -98.49233203 29.42664311
922122241 -98.49233739 29.42623189
496806924 -98.48513507 29.42272792
496806927 -98.48752174 29.42333586
1155295863 -98.48453929 29.42348003
937351187 -98.48409932 29.42156577
922122249 -98.49242649 29.42786762
149505170 -98.48204701 29.42588698
150047227 -98.49453797 29.42932498
150047223 -98.49467602 29.43003602
1155294991 -98.48463777 29.42316839
1155443624 -98.48862823 29.42523319
1155443212 -98.49212181 29.42341457
1155294995 -98.48472243 29.42375613
1155295663 -98.4845299 29.42384908
921105749 -98.48879922 29.4223333
149780844 -98.48835699 29.417335
1155443629 -98.49247586 29.4246954
1155443032 -98.48861616 29.42229776
1140970133 -98.49786618 29.42937619
922115228 -98.48893752 29.42272909
1178720823 -98.48563991 29.42931526
922115222 -98.48984151 29.42280042
1175108790 -98.49537583 29.41946233
922119540 -98.48832916 29.42466137
1175108796 -98.48966407 29.41830211
922119542 -98.48794762 29.42409358
1155443045 -98.48853167 29.42220087
1156659204 -98.48864701 29.42587222
1155295009 -98.4855716 29.42106177
937360116 -98.48193729 29.42003054
937360114 -98.48288671 29.42164431
1140970008 -98.4967228 29.42941861
150097790 -98.49971849 29.42960351
1140970001 -98.49791412 29.42746319
1360124575 -98.48979801 29.42098398
1155295712 -98.48519509 29.42187607
922119942 -98.49237611 29.42786167
1155295711 -98.48469351 29.42371942
922119945 -98.49192022 29.42805789
922119946 -98.49183967 29.42818412
922119947 -98.49185577 29.42844337
937369551 -98.48647031 29.41955386
655092032 -98.49272287 29.42339026
937369554 -98.48674918 29.41979451
1161028034 -98.49281918 29.42206072
1161028037 -98.49311833 29.42439232
149613005 -98.49319377 29.42644949
149850945 -98.48061999 29.42951601
922120867 -98.49491231 29.41428173
935543529 -98.48555651 29.42419827
655092372 -98.48548552 29.42296278
149493357 -98.48203503 29.42822603
922120869 -98.49639021 29.41244986
149903397 -98.4868278 29.42457328
928774684 -98.48561058 29.41949117
150011994 -98.50016701 29.412444
922120916 -98.49260829 29.42118557
149903391 -98.4870847 29.42462952
922120914 -98.4927129 29.42106411
922120919 -98.49269144 29.42140987
922120918 -98.49271818 29.42133049
922237204 -98.49739034 29.41486419
149903399 -98.48667298 29.42465601
149884226 -98.48391198 29.43002504
149884220 -98.48659302 29.42769596
149884223 -98.48520883 29.42892944
937362163 -98.48147327 29.42134113
922237202 -98.49735999 29.41490241
935523596 -98.48885219 29.42997558
922237222 -98.49745873 29.41520843
937331501 -98.48465152 29.42216499
703533417 -98.49257552 29.42708584
937331504 -98.48476476 29.42178169
149937926 -98.49158796 29.41295596
149615899 -98.48099399 29.42788103
315921597 -98.49699144 29.42320778
149615892 -98.48091604 29.42801103
315921599 -98.49710418 29.42291542
149859453 -98.49997003 29.41302503
149859455 -98.49890998 29.41261004
149615894 -98.48094203 29.42794197
149859457 -98.49784497 29.41219204
149805641 -98.48854072 29.42703831
149943625 -98.49446899 29.42739002
1155344924 -98.48703232 29.4230559
928991334 -98.4849676 29.41901382
928991336 -98.48490482 29.4189564
928991331 -98.48503994 29.41904961
928991330 -98.48506668 29.41902731
928991332 -98.48498504 29.41899931
1360124380 -98.48821961 29.41849506
1160243010 -98.48522576 29.42220204
149918853 -98.49381302 29.42411202
1155295781 -98.48467071 29.42386903
1175108908 -98.48670442 29.41814922
1175108906 -98.49899614 29.42102933
1160243729 -98.48963909 29.42534467
1161027902 -98.49209901 29.42179443
1161027907 -98.49233236 29.42235618
150122269 -98.48957539 29.42516278
928827721 -98.48513868 29.41985452
928827723 -98.48512786 29.41988637
928827725 -98.48504807 29.41986592
627572461 -98.49971003 29.42980032
938888203 -98.48468169 29.41671349
1155295276 -98.48321997 29.42272063
935521194 -98.48869327 29.42961583
150079830 -98.48976691 29.42586049
928774612 -98.48563832 29.4189217
922122257 -98.49296226 29.42966604
922122252 -98.49191511 29.42808756
149877872 -98.48555358 29.41766441
922122258 -98.49301037 29.42980619
922262019 -98.49547708 29.43005538
149554578 -98.49214 29.42285398
1161027601 -98.49263813 29.42285147
937319856 -98.48579272 29.42010723
928690694 -98.48871582 29.42505641
937319852 -98.48581753 29.42010078
937319853 -98.48580881 29.42010782
937319851 -98.48584636 29.42004881
1155443206 -98.49269848 29.42347877
1167000825 -98.49170481 29.42824229
1155295674 -98.48454599 29.423647
1155295678 -98.48492008 29.42380701
937299229 -98.48548887 29.42086303
1155443023 -98.49223178 29.42343913
1161131448 -98.4923337 29.4255895
1140970124 -98.49836423 29.42443682
1167000942 -98.49183758 29.42824472
1155295879 -98.48603194 29.42303034
1155295016 -98.48461841 29.42370307
1155443335 -98.49241291 29.42487637
1155295013 -98.48613252 29.42292632
149871020 -98.48295569 29.42463598
1155295872 -98.48482092 29.42365052
921106110 -98.48487691 29.4239878
921106111 -98.48492636 29.42380583
921106112 -98.48482402 29.42365546
921106113 -98.48493441 29.4232212
149937929 -98.49057602 29.41433202
149866751 -98.48969282 29.42496329
1360124542 -98.49256496 29.41986198
1140970018 -98.49842802 29.42439927
1360124546 -98.48974386 29.42205636
149656377 -98.50060304 29.41466604
149656372 -98.50052198 29.414746
922119939 -98.49274609 29.4272399
1155443533 -98.49273813 29.42440388
922119934 -98.49226346 29.42656507
1155295703 -98.48476317 29.42390047
1155443537 -98.48884406 29.4255802
149917591 -98.48906459 29.42401647
1155295707 -98.48621433 29.42328079
1155295445 -98.48459687 29.42364004
935773108 -98.48464657 29.42389376
937369525 -98.48491136 29.41989718
937369524 -98.48493868 29.4198225
1360124604 -98.48964093 29.42194882
1360124603 -98.49817639 29.42545447
1155295440 -98.48502343 29.42250463
1161028025 -98.49199641 29.42137542
149893625 -98.49304139 29.42491727
1167000795 -98.49268247 29.42698551
1161028028 -98.4919421 29.42087971
937319801 -98.48581887 29.4201276
1155295297 -98.48469351 29.42380466
921540082 -98.49530349 29.4134691
1155444251 -98.49229347 29.42507787
935543533 -98.48544001 29.42491903
922237210 -98.4980541 29.41437661
655092495 -98.48542383 29.42090452
655092491 -98.48546666 29.42093017
1140969967 -98.49778797 29.4293145
149903385 -98.48727003 29.42361397
922120907 -98.49241777 29.41971379
922120902 -98.49270477 29.41843111
149969606 -98.49423899 29.42241896
1360124601 -98.48830561 29.4175842
150072711 -98.49579761 29.41346692
149551336 -98.48755099 29.41603397
149551337 -98.48637601 29.41509301
149551334 -98.48853896 29.41682899
1161027847 -98.49206012 29.42173953
149937931 -98.48981402 29.41532704
149937937 -98.48951001 29.41563599
922120879 -98.49598519 29.41325134
149805636 -98.49052162 29.42701183
928793173 -98.48348082 29.41864593
922120871 -98.49620514 29.41233537
149889255 -98.496296 29.424122
149805639 -98.48976498 29.42702172
922120876 -98.49628292 29.41302461
1155345080 -98.48354913 29.4246193
1155345083 -98.48649059 29.42312019
1175108861 -98.49440286 29.41863412
1161027596 -98.49205484 29.42103981
1155345089 -98.48784896 29.4233398
1161027592 -98.49343844 29.42257981
928991327 -98.48512032 29.41907626
928991324 -98.48513583 29.41906352
655092037 -98.49242247 29.42508173
150034811 -98.48629597 29.42646298
496807743 -98.49210462 29.42648829
150105624 -98.48601903 29.41746601
1360124396 -98.4985027 29.42175587
921540064 -98.49610279 29.4129972
1175108916 -98.48351661 29.4161861
935529700 -98.48752651 29.42556377
1161027938 -98.49131178 29.42113444
928827755 -98.48533364 29.41960088
928827751 -98.48525963 29.41953207
928827753 -98.48534923 29.41955554
922120915 -98.4926378 29.42111323
149532188 -98.49249103 29.42416701
149532186 -98.49259287 29.42374833
928793357 -98.4833198 29.41866932
150122329 -98.49263059 29.42350258
1155345063 -98.48393864 29.4246628
1155345060 -98.48524471 29.42453238
937373080 -98.48511252 29.41961312
937373083 -98.48525267 29.4190564
149877849 -98.4896893 29.41837922
1133091722 -98.48115409 29.41902597
149850382 -98.49238768 29.42988372
149850384 -98.491321 29.42989101
1160242999 -98.48503457 29.42248032
937319869 -98.48563916 29.42008268
922262006 -98.49632441 29.42980091
937319862 -98.48569482 29.42005753
937319867 -98.48565324 29.42006633
928667961 -98.48424391 29.41636824
937319865 -98.48567126 29.42005753
928667963 -98.48468136 29.41594721
1155443233 -98.49259924 29.42354708
937299211 -98.48556389 29.42090838
1155295394 -98.48527019 29.42165772
149729981 -98.49165703 29.42397196
1155295649 -98.48443242 29.42312522
1161131457 -98.49256948 29.42720377
149700049 -98.49162904 29.42270697
1161131451 -98.49229079 29.42679733
1161131450 -98.49239246 29.42672844
1155443833 -98.49207889 29.42337366
1155443843 -98.48997336 29.42288768
922115200 -98.49102571 29.42336453
922115204 -98.49027603 29.423159
1155295021 -98.485065 29.42192049
1155295023 -98.48626529 29.42307929
150031302 -98.5006809 29.42871402
1155443303 -98.48885328 29.42559763
937299363 -98.48534554 29.42092724
1155295800 -98.48444926 29.42345731
1155443169 -98.49263009 29.4247053
1155443167 -98.48982324 29.42272189
1155443161 -98.4923565 29.42502238
1140970061 -98.4981152 29.42648553
1155443491 -98.48811727 29.42222543
1155443492 -98.49237326 29.42500486
1161131584 -98.49272598 29.427013
1161131580 -98.49219817 29.42577407
149840434 -98.48392498 29.41266302
149872426 -98.48078302 29.42423298
149656348 -98.48486911 29.42245132
922119927 -98.4924995 29.42524517
1155443013 -98.4923384 29.42559009
1155443542 -98.4924886 29.42467956
922119691 -98.49289923 29.4299268
1155295732 -98.48477926 29.42332463
1161028057 -98.49264224 29.42167406
1161028052 -98.48984067 29.42555916
1155443607 -98.49234778 29.42506513
1161028050 -98.49204 29.42191236
149893637 -98.49325102 29.42747903
937369538 -98.48557437 29.41996273
937369539 -98.48534521 29.41999919
1095071915 -98.49301943 29.42447647
1167000535 -98.49300082 29.42985069
655092487 -98.48548217 29.42097979
1167000537 -98.49211787 29.42782772
655092483 -98.48547747 29.42103997
655092480 -98.48544529 29.42111239
149937928 -98.49089201 29.41391603
922245246 -98.48778392 29.42336327
922236896 -98.4971129 29.41392499
922236897 -98.49848602 29.41467333
928689235 -98.48596547 29.4227337
928689238 -98.48574703 29.42285792
149895637 -98.48507497 29.41478104
922236898 -98.4982204 29.41456118
922236899 -98.49823917 29.41452153
1160686726 -98.48365567 29.42304442
1160686725 -98.48371367 29.42282356
1160686723 -98.48353773 29.42305842
1160686721 -98.48358601 29.42340417
1160686729 -98.48368794 29.4231098
1160686728 -98.48343229 29.42337467
1360124513 -98.4878001 29.42081626
1161027850 -98.49048566 29.42576712
935560899 -98.48462193 29.4247094
149937941 -98.48894901 29.41607596
928793168 -98.48365508 29.41866463
928793162 -98.48381777 29.41875666
928991319 -98.48518738 29.41911071
928793347 -98.48399044 29.41902203
1155444352 -98.49234778 29.42516379
150034809 -98.48558401 29.42709296
1155444351 -98.49235918 29.42504351
1360124455 -98.49881551 29.42103989
938888233 -98.48512501 29.41754153
922240787 -98.48902763 29.42806133
922240786 -98.48905378 29.42802059
922240789 -98.48904598 29.42814372
922240788 -98.48902671 29.42810776
149729969 -98.49007436 29.42350316
938888231 -98.48438741 29.41695514
928669357 -98.48845523 29.42544701
928669359 -98.48780856 29.42559378
928827747 -98.48525309 29.4195511
928827743 -98.48515519 29.41952553
1175108851 -98.48457902 29.41683108
149840418 -98.48374552 29.41614394
149821180 -98.48913584 29.43005479
149840413 -98.48381953 29.41621937
150095680 -98.49090794 29.42114793
1155345074 -98.48700147 29.42306412
1155345076 -98.48749123 29.42293252
149895633 -98.48713298 29.416428
149895635 -98.48596496 29.41549099
149877857 -98.48836336 29.41850386
149850392 -98.48974403 29.43004398
937319870 -98.48563782 29.42010313
937319872 -98.48564377 29.42012056
1155443224 -98.48905068 29.42259917
937299204 -98.48519877 29.42193298
1155295652 -98.48435136 29.42309061
928801093 -98.48302904 29.41857167
928801091 -98.4846314 29.41808979
928801096 -98.48298721 29.41826037
928801095 -98.48312769 29.4183301
