1346364780 -117.14682483 32.72346406
1361902682 -117.15581559 32.72741277
1346364782 -117.14473296 32.72586397
1346364783 -117.14575387 32.73004779
1346364784 -117.14596929 32.72586824
1346364785 -117.14674696 32.72608298
1346364781 -117.14575128 32.72477566
1346364788 -117.14652073 32.7200476
49120838 -117.15563203 32.71887597
316911850 -117.14745247 32.73108522
316911852 -117.14667982 32.73108363
275971686 -117.14710688 32.71817248
49052475 -117.14675048 32.72408801
49060805 -117.14857011 32.7256234
1042328558 -117.13966526 32.71842846
48904414 -117.15527831 32.72399053
559463356 -117.14607431 32.73041274
1361964721 -117.15407518 32.73050846
598231959 -117.15100882 32.7298789
49082366 -117.14391061 32.7306901
49096778 -117.14671209 32.72972182
49096779 -117.1465178 32.72959701
49414290 -117.15747798 32.72199203
347337297 -117.1534405 32.7257488
49370073 -117.14779696 32.72285503
49370071 -117.14768196 32.72283902
49096770 -117.14832779 32.73052757
49370077 -117.14804096 32.72300297
275974197 -117.14805974 32.71927009
49519905 -117.15940104 32.73243001
347332099 -117.1499574 32.73083653
347961627 -117.15704212 32.73245331
1334204273 -117.14301961 32.72674549
347333656 -117.1499144 32.73251157
925958661 -117.14769571 32.7320017
925958660 -117.14779763 32.73199273
925958663 -117.14737376 32.73234703
925958662 -117.14769026 32.73234921
925958665 -117.14801221 32.73244854
925958664 -117.14737921 32.73245751
1346364816 -117.14580819 32.72486551
925958666 -117.14791054 32.7324529
347332805 -117.15143362 32.73099528
347332804 -117.15143362 32.73110358
347962456 -117.15857651 32.72674834
49343767 -117.151917 32.73255499
275983793 -117.15791694 32.72400084
49515579 -117.14836903 32.72295
281864823 -117.14694628 32.73289839
281864820 -117.14718936 32.72966172
281864821 -117.14689046 32.72982232
281864827 -117.14654504 32.73283
1359151216 -117.15185431 32.73143592
281864825 -117.14658863 32.73206599
1361902619 -117.15507698 32.72501379
1361964845 -117.15346799 32.73100358
347959848 -117.15940104 32.73152192
1361964841 -117.15398658 32.73099361
48879761 -117.15119901 32.72142348
48879760 -117.15102894 32.72164753
48879763 -117.151385 32.71943052
49573667 -117.15941604 32.72511303
48965789 -117.15242796 32.72219102
1361964799 -117.1557845 32.73081398
281144669 -117.14256054 32.72473937
281144668 -117.14239751 32.72482612
347330631 -117.14813769 32.72487959
281144660 -117.14220011 32.7259886
1361964796 -117.15535526 32.73079118
48969359 -117.1493643 32.72277959
347963351 -117.15926651 32.73128362
281144743 -117.14226013 32.7262269
281144740 -117.14238033 32.72684783
347963352 -117.15940104 32.73128362
280919389 -117.14442693 32.72862471
280919388 -117.1445877 32.72862421
281144744 -117.14216567 32.72590923
281144745 -117.1422344 32.72557697
281144748 -117.1426721 32.72458782
598227751 -117.15076072 32.72939157
391999282 -117.15009101 32.72581963
347961489 -117.15761712 32.73340634
347330061 -117.14875116 32.72612867
347330060 -117.14876432 32.7264393
392000395 -117.15209277 32.72640451
281144406 -117.1468664 32.73180757
276779089 -117.15626009 32.7244978
392000392 -117.15137101 32.72660669
392000391 -117.1513923 32.72630368
48973718 -117.15728033 32.72347747
276779087 -117.15501554 32.72381903
276779080 -117.15461212 32.71947201
49343758 -117.15120697 32.73214302
49750818 -117.15910608 32.7230251
1358130966 -117.15823109 32.73139963
347962716 -117.15883593 32.72440971
1358130965 -117.15080037 32.73049631
347331492 -117.14910303 32.72603831
49040511 -117.14830994 32.7263207
49738995 -117.14112899 32.72062301
347330785 -117.14782881 32.72446796
49738990 -117.14061702 32.72078302
278083761 -117.14914469 32.71942943
347330465 -117.14750837 32.7260762
1346364760 -117.14687881 32.72634509
347330466 -117.1475108 32.72610603
1346364766 -117.14524509 32.72154661
49426606 -117.16018701 32.71885301
1346364764 -117.14564818 32.72236041
1346364765 -117.14384624 32.72874558
49213973 -117.14262063 32.72273919
49734370 -117.15383101 32.72708898
280920219 -117.1499973 32.72615532
281144428 -117.14653448 32.73168553
49213977 -117.14235702 32.72318301
49449717 -117.14824699 32.72385399
281864871 -117.146941 32.73209231
49449715 -117.14824699 32.72476602
347331545 -117.14839099 32.72633712
347331544 -117.1486712 32.72621508
49110703 -117.15930196 32.72093599
347331541 -117.14896171 32.72609271
347331540 -117.14900463 32.72604929
347331543 -117.14875359 32.72618633
392000334 -117.1523397 32.72555962
1042300503 -117.15476434 32.72163546
49074043 -117.15941604 32.73348203
281864756 -117.15127503 32.72798651
49435125 -117.14745909 32.7276499
1042353514 -117.16029656 32.72306583
49435123 -117.14848302 32.72719602
598230583 -117.1511255 32.72975476
392001097 -117.15129197 32.72791309
49738971 -117.13987003 32.721642
49617992 -117.15760002 32.728947
281864758 -117.15112047 32.72763271
281864759 -117.15091453 32.72787101
281144552 -117.14780476 32.73146886
1361981487 -117.15683986 32.73483453
281864870 -117.14682039 32.73308296
1361965002 -117.15381978 32.73191469
49435075 -117.15384702 32.71994399
1361981489 -117.15684942 32.73494509
1361964931 -117.1559596 32.73128907
49063097 -117.15750899 32.72549399
1361964933 -117.15508612 32.7312951
347330513 -117.14765707 32.72480022
49739001 -117.14152059 32.72085377
1361976605 -117.1504775 32.73135512
392004765 -117.14681511 32.73509638
347332847 -117.15131351 32.73120466
49739005 -117.14173098 32.72084798
49739008 -117.14180927 32.72079132
49082370 -117.14309723 32.73030512
49047499 -117.15283021 32.72817259
49047498 -117.15334302 32.72854198
925958657 -117.14701971 32.73182568
392004768 -117.14681066 32.73491592
1042300596 -117.15485947 32.71921787
598229766 -117.14932582 32.73132754
49313732 -117.15657391 32.72294388
347337546 -117.15275394 32.7266947
1042300592 -117.15488411 32.71912802
347337544 -117.15281387 32.7266009
347337548 -117.15264229 32.72691128
49334455 -117.14404296 32.71892199
1346364843 -117.14718701 32.72417543
347962086 -117.15856989 32.72929887
392001089 -117.15111108 32.72905923
49060796 -117.1487991 32.72610738
392001084 -117.15068637 32.72856487
392001085 -117.15123212 32.72892981
598226807 -117.15053609 32.73143986
598230382 -117.15053013 32.73023664
48987380 -117.15447558 32.72380478
347337312 -117.1527453 32.72538779
281864723 -117.15169547 32.73028978
281864722 -117.15141434 32.73071692
281864724 -117.15145013 32.73059312
347337315 -117.15250499 32.72544562
598227868 -117.14917562 32.73088414
658958507 -117.14993879 32.72982794
1361965170 -117.15623947 32.73295723
49551712 -117.15748854 32.72298
347961497 -117.15677599 32.73356517
49414284 -117.16020997 32.72198901
49466671 -117.15473198 32.71936799
347962846 -117.15844969 32.72553607
1346364822 -117.1471042 32.72668581
1392020870 -117.15542567 32.71901637
1392020871 -117.1554281 32.71926607
49487503 -117.14868653 32.71938283
347961700 -117.15750547 32.73297308
392001016 -117.15090631 32.7279208
392001015 -117.15094931 32.72787017
392001014 -117.15173034 32.72839731
559462738 -117.14723999 32.72756491
347333970 -117.14873859 32.73221259
392001019 -117.1507862 32.72841902
392001018 -117.1508463 32.72831073
347330160 -117.14910387 32.72609396
347332326 -117.15122768 32.73094482
49627992 -117.14330301 32.72384996
1361964801 -117.15261597 32.73083779
49308688 -117.15746297 32.71989798
347332327 -117.15134779 32.73094482
1334206297 -117.14707511 32.72597788
347960579 -117.1581922 32.7340561
347962259 -117.15870718 32.72662647
275980962 -117.15604191 32.71999948
347960575 -117.15800344 32.73352913
49627998 -117.14270772 32.72551243
1361976596 -117.15055503 32.73132871
49308686 -117.16018701 32.71989798
347962252 -117.15921362 32.72524731
347960572 -117.1580119 32.73328363
281864869 -117.14679298 32.73289797
347961629 -117.15691329 32.73207781
281864708 -117.15235932 32.73030311
49587360 -117.14005301 32.72338099
1346364811 -117.14385898 32.7296774
598231984 -117.15032092 32.73015198
559463241 -117.14631094 32.7288346
598226909 -117.15012026 32.73190388
1346364812 -117.14544307 32.72131083
392000696 -117.15118099 32.7280218
1346364813 -117.14563896 32.72199873
1361964750 -117.15352834 32.73060427
1334204268 -117.1429979 32.72664139
49088813 -117.16026303 32.72721102
1334204267 -117.14317133 32.72669562
347962386 -117.15812347 32.72834493
49088814 -117.159409 32.72721496
1346364815 -117.14607272 32.72158492
316911816 -117.14897169 32.73134506
49506549 -117.14729723 32.72047147
49617997 -117.15785198 32.72921396
559462896 -117.14305222 32.72525561
49617990 -117.15757001 32.72885496
49389631 -117.147171 32.72386597
419822103 -117.15595968 32.72295058
49295473 -117.15940104 32.731392
347330914 -117.14856692 32.72532006
281144526 -117.1491094 32.73221259
280919999 -117.14863264 32.72674021
658958501 -117.1507971 32.72989113
347963136 -117.15709358 32.72823663
275978094 -117.15282334 32.72379053
281144523 -117.14932398 32.73236422
658958505 -117.15009972 32.72998132
347332324 -117.15125341 32.73104591
347332325 -117.15122768 32.73104591
280919992 -117.15019318 32.7258177
347332851 -117.15122768 32.73099528
347332320 -117.15199152 32.73127691
347332321 -117.15118468 32.73127691
281144528 -117.14910068 32.73145562
347332323 -117.15125341 32.73110358
49134647 -117.14603073 32.73307014
559462894 -117.14400063 32.72438179
559462897 -117.14357274 32.72463149
49134644 -117.147789 32.733089
49134643 -117.14787299 32.73305103
49134640 -117.14791884 32.73281499
1361964897 -117.15734261 32.73113392
49587374 -117.14128104 32.72256099
49617977 -117.15754696 32.72473903
49617976 -117.157654 32.72470098
49617975 -117.15775299 32.72472403
275980036 -117.15521486 32.72276266
49507014 -117.14589704 32.72425104
49507015 -117.14591891 32.72463317
49507016 -117.14676708 32.7258353
49052464 -117.14623793 32.72253048
347332803 -117.15143362 32.73120466
347330508 -117.14788028 32.72508897
347330509 -117.14788028 32.72487959
49052468 -117.14670237 32.72294488
347330507 -117.14788028 32.72531277
347330504 -117.14763134 32.7253489
347330505 -117.1477258 32.72537061
347330502 -117.14748541 32.72523339
347330503 -117.14753687 32.72529123
1377610417 -117.15473609 32.71987459
347963658 -117.1575742 32.73172409
391999538 -117.14937863 32.72521303
598232016 -117.1505448 32.73087592
347963650 -117.1580119 32.73211393
49628000 -117.14272306 32.72669294
559462862 -117.14678652 32.7229852
391999532 -117.14900329 32.72523381
347963654 -117.1575742 32.73248223
347332744 -117.15174258 32.73127691
347963656 -117.15712787 32.7317313
49346676 -117.14031201 32.71964602
1361964978 -117.15391567 32.73170607
49052460 -117.14530234 32.72271103
347337101 -117.15401558 32.72555392
1361965228 -117.15616219 32.73498666
347337106 -117.1538233 32.72602666
1346364727 -117.14490688 32.72710424
281144452 -117.14655166 32.73108623
392000345 -117.15135206 32.72594971
281144451 -117.14646583 32.73155553
392000340 -117.15201356 32.72657768
49052462 -117.14568858 32.72250157
392000342 -117.1513612 32.72681598
281144455 -117.14780476 32.7316277
49738998 -117.14134198 32.72067297
347330423 -117.14792319 32.72609271
49739049 -117.13958002 32.71996696
49507010 -117.14600399 32.72411701
391999125 -117.14928198 32.72536751
49739040 -117.13970457 32.71990946
392001024 -117.15161341 32.7285222
347962108 -117.15941604 32.72521118
391993223 -117.14578153 32.72342039
48879756 -117.14982572 32.7216762
281864757 -117.15142951 32.72784209
49750849 -117.14963042 32.7227868
49515557 -117.14687596 32.72315804
49507013 -117.14592 32.724201
347962262 -117.15852689 32.7267853
347330432 -117.14720218 32.72609992
347337425 -117.15289861 32.72746516
49734424 -117.15363303 32.72684498
48879759 -117.15065813 32.72185113
49056723 -117.15378826 32.71942013
347330775 -117.14751977 32.72473517
281144535 -117.14911803 32.73237863
49555812 -117.1396599 32.71894973
1361902309 -117.15563102 32.71986621
347330155 -117.14887588 32.72639588
347330154 -117.14891016 32.72644651
347330157 -117.14890161 32.72625867
347330156 -117.14886733 32.72633092
598227451 -117.15011506 32.73160641
598227829 -117.15012638 32.73025239
347333228 -117.15079852 32.73067769
598227452 -117.15071479 32.73159886
598230248 -117.15150637 32.72878347
598230249 -117.15147452 32.72874667
598227820 -117.15013308 32.73010119
347330971 -117.14867849 32.72516844
281864763 -117.15101754 32.72918513
281864762 -117.15050247 32.72893962
657757482 -117.15575256 32.73477317
392000338 -117.15209076 32.72645497
1361965135 -117.15297488 32.73255759
1361902285 -117.14866734 32.71934377
275977301 -117.15335819 32.72339667
275977300 -117.15323447 32.72301387
1361964913 -117.15706693 32.73124892
392000331 -117.15130119 32.7257835
598228434 -117.14910907 32.73098003
392000333 -117.1523998 32.72553799
1346364729 -117.147213 32.72668581
49052453 -117.14473581 32.72501438
598230247 -117.15150772 32.72880828
392000336 -117.15214231 32.72579792
347962360 -117.15838096 32.72833051
347330975 -117.14890128 32.72508923
347963659 -117.15764528 32.73172401
49052455 -117.14468443 32.72454507
49787942 -117.15833302 32.73326502
559462777 -117.14603903 32.72153396
559462771 -117.14549202 32.72135299
49047501 -117.15249603 32.72842003
49047500 -117.15255562 32.72842531
49047503 -117.15200803 32.72811099
49047502 -117.15216804 32.72820998
49047505 -117.15119197 32.72697398
316911848 -117.14752983 32.73091188
49047507 -117.15122198 32.72622699
49063100 -117.15685998 32.725353
49047509 -117.15113799 32.72594804
347337565 -117.15247063 32.72641306
281144637 -117.14265291 32.72916962
275976029 -117.15098653 32.72402883
1346364794 -117.14591028 32.72649571
1346364793 -117.14616467 32.7216876
275974685 -117.14769336 32.71924721
1346364791 -117.14500763 32.72204157
316911849 -117.14752983 32.73101297
316911846 -117.14734954 32.73083971
316911847 -117.14744392 32.73083971
316911844 -117.14707486 32.73056529
316911845 -117.14734954 32.73056529
49306802 -117.15601961 32.72717297
275980961 -117.15586941 32.72011834
1346364798 -117.14466716 32.72869068
598227859 -117.14943973 32.73085137
1361902599 -117.15471337 32.724791
1361964714 -117.15126833 32.73028534
391999945 -117.15120597 32.72644098
391999965 -117.15137838 32.72644777
48955150 -117.15944697 32.72406001
49661596 -117.14316018 32.72652354
49661597 -117.14309044 32.72661373
49661590 -117.1433574 32.72530246
347963652 -117.15712787 32.73211393
598227857 -117.14946932 32.73079948
48955158 -117.15641943 32.72680207
49346672 -117.140297 32.71894102
49370069 -117.14753704 32.72286601
391996296 -117.14884562 32.72285721
275974860 -117.1471928 32.71992732
49370064 -117.14724703 32.723137
1361965149 -117.15653652 32.73266001
49370060 -117.147171 32.72351502
347963655 -117.1571365 32.73248944
391998755 -117.14896833 32.72483601
1346364809 -117.14681108 32.72006553
347961633 -117.15700767 32.73140549
392001043 -117.15147327 32.72867199
1346364803 -117.14409736 32.7227117
391996519 -117.15008162 32.72524731
347963661 -117.15713558 32.73245323
49313408 -117.15180812 32.7294914
1361964859 -117.15270021 32.73102906
316911817 -117.14874856 32.73134506
316911829 -117.14820776 32.73071692
281864815 -117.14654571 32.73048482
281864814 -117.14654571 32.72977002
1361964857 -117.15356857 32.73102177
281864812 -117.1473611 32.73005156
281864811 -117.14735247 32.73048482
281864810 -117.14730964 32.72952451
316911819 -117.14834522 32.73128731
347332667 -117.15215463 32.73190514
48982618 -117.14666859 32.71879173
316911841 -117.14689457 32.7305725
391999183 -117.14976269 32.72625113
48969345 -117.15564393 32.72653427
1361902622 -117.15654448 32.72502837
1361964664 -117.15239419 32.72972551
281144742 -117.14228586 32.72635682
598229814 -117.14927981 32.73111992
347332889 -117.15188004 32.73127691
598229812 -117.14924661 32.73123392
598229811 -117.14926807 32.73123392
598229810 -117.14926799 32.73129066
347961490 -117.15752274 32.73341363
49592973 -117.15940104 32.72826002
1361964785 -117.15264623 32.7307398
347961493 -117.15718796 32.73364463
347961495 -117.15691329 32.73366626
347961496 -117.15681891 32.73363022
1042311739 -117.15662218 32.7229935
281144741 -117.14243179 32.72653737
316911821 -117.14812201 32.73134506
281144746 -117.14219148 32.72545426
280919393 -117.14482172 32.72523834
280919390 -117.14418646 32.72853813
281144747 -117.14230313 32.72497766
347961696 -117.15778023 32.73262657
49681005 -117.15215304 32.72863402
49734374 -117.15431196 32.726791
281144555 -117.14703228 32.73176491
281144554 -117.14726413 32.73125227
276779093 -117.15926416 32.72418013
347332315 -117.15080707 32.73089428
347332314 -117.15072124 32.73089428
347332317 -117.15086717 32.73137079
347332316 -117.15081571 32.73137079
347332311 -117.15086717 32.73093041
347332310 -117.1510131 32.73093041
347332313 -117.15072124 32.73084374
347332312 -117.15086717 32.73084374
347962843 -117.15884448 32.72539902
347962840 -117.1588703 32.72490793
49113621 -117.14251703 32.71944401
347332319 -117.15199152 32.73132754
347332318 -117.15086717 32.73133467
347962844 -117.15869092 32.7254276
281144651 -117.14247471 32.72749768
49082358 -117.14546202 32.73516796
1361965213 -117.15617543 32.73475214
1346364771 -117.1448084 32.72853084
391993532 -117.14653683 32.72350706
1346364773 -117.14593543 32.7261953
1346364772 -117.1448436 32.72367989
347332089 -117.1499574 32.7309087
49045673 -117.15120697 32.72741696
1346364777 -117.14482508 32.72865154
1346364776 -117.14422158 32.72696317
49134638 -117.14788799 32.731464
598228730 -117.14914871 32.73097952
598232026 -117.15081478 32.73079613
598232124 -117.15149162 32.73088858
280915721 -117.15444851 32.73167313
391999171 -117.15010811 32.72577621
1334204274 -117.14414681 32.72470768
347330973 -117.14850683 32.7250096
347330972 -117.14850683 32.72515402
347337523 -117.15261647 32.72711354
598230613 -117.15296952 32.72909259
347337527 -117.15212177 32.72647878
347330974 -117.1486613 32.7250096
347954133 -117.14875569 32.73483621
347332668 -117.15215463 32.7318618
281144407 -117.14672131 32.73201042
1042300579 -117.15500213 32.7189836
347333661 -117.15082417 32.73204947
281144569 -117.15028731 32.73020386
1361964927 -117.15698671 32.7312744
49617995 -117.15773002 32.72912201
391998988 -117.1491726 32.72588459
1361964985 -117.15382104 32.73173021
391998985 -117.14913824 32.72569683
281144712 -117.14326436 32.73440747
459989744 -117.15506826 32.71985942
459989745 -117.15500791 32.71982623
459989746 -117.15497346 32.71978843
391998980 -117.14918107 32.7255307
49313729 -117.15656997 32.72199597
49739012 -117.14185252 32.72063533
49739010 -117.14184833 32.72072611
49343747 -117.15002202 32.73263713
49739015 -117.14180516 32.72057012
281144390 -117.14586502 32.73192383
281144575 -117.1427923 32.73146886
347954136 -117.14869559 32.73495179
49343748 -117.15025303 32.73250604
347954134 -117.14876432 32.73489404
49313725 -117.15656301 32.71887203
347333810 -117.14969127 32.73199893
347332797 -117.15143362 32.73127691
598230051 -117.14915282 32.73108723
49734419 -117.15384702 32.72706199
598230053 -117.14912591 32.73108723
281144392 -117.14674914 32.73180816
598230054 -117.14912717 32.73097978
391993409 -117.14578153 32.72326164
598229678 -117.14957921 32.73132754
281144399 -117.1466955 32.73191193
392000381 -117.15220241 32.72568962
391994022 -117.14578153 32.72349993
392000383 -117.15212747 32.72588484
392000384 -117.15139121 32.726115
392000385 -117.15210878 32.72607946
598229779 -117.14897169 32.73129477
1346364836 -117.14526663 32.72240484
1361902795 -117.15507187 32.73368562
1346364834 -117.14398353 32.72983632
275981336 -117.15919409 32.72337714
347962091 -117.15821793 32.73116091
347962090 -117.15823511 32.73128362
49295410 -117.15825699 32.72296902
1346364831 -117.14407758 32.72828072
49587352 -117.13926704 32.722778
347337098 -117.15469359 32.72558284
1361976615 -117.15052267 32.73139527
1361976612 -117.15031346 32.73139108
1346364838 -117.14556537 32.72140404
49466669 -117.15471782 32.71885041
275982529 -117.15625062 32.72509023
347333255 -117.15110748 32.72978234
347333254 -117.15110748 32.72989063
598227811 -117.14982999 32.72985191
391997868 -117.15013308 32.7257239
347333251 -117.1508328 32.7303166
49734411 -117.15376303 32.72657802
598227792 -117.15086943 32.72961948
1361965104 -117.15540052 32.73249447
657757470 -117.15525267 32.73394747
598227818 -117.15023903 32.73005383
598227794 -117.15083322 32.72945469
49750844 -117.15067204 32.72364167
1361965063 -117.1531411 32.73219322
49739036 -117.14019801 32.71965398
1361965064 -117.15516348 32.73219993
1361965067 -117.15314378 32.7322213
1361965068 -117.15277749 32.73222801
347330193 -117.14862702 32.72638867
1392020864 -117.15511788 32.71892652
1392020863 -117.1554105 32.7188406
347330194 -117.14869559 32.72630209
347330196 -117.14865636 32.72617066
49751542 -117.15590461 32.72412992
559462749 -117.14529304 32.72139901
49435134 -117.14649198 32.728775
1392020869 -117.15524998 32.71899466
1392020868 -117.15541142 32.71899424
347960581 -117.15829521 32.7341789
347962713 -117.1585698 32.72438808
48982797 -117.15504773 32.72216989
347960582 -117.15832949 32.73427998
347961502 -117.15711068 32.73296587
1361964812 -117.15376563 32.7309087
347962714 -117.15864709 32.72436637
347961501 -117.15693047 32.7330165
1361902661 -117.15590704 32.72654072
49308691 -117.15655689 32.7198984
420220409 -117.14858704 32.71794147
49295481 -117.15071889 32.73144288
316911836 -117.14663708 32.73104909
347961695 -117.15806672 32.73259832
1361924282 -117.14943504 32.71942348
49295484 -117.15029737 32.73144254
316911831 -117.14847389 32.73068809
316911830 -117.14820776 32.73068809
49045666 -117.15030701 32.72854198
49045667 -117.15045897 32.72849697
49045664 -117.15010098 32.72850401
49641955 -117.14623692 32.72576397
49045662 -117.14995782 32.72829597
49045663 -117.15001699 32.72845498
316911839 -117.14661998 32.7305725
316911838 -117.14661998 32.73091188
281144733 -117.14255199 32.72887684
347954226 -117.14836953 32.73423698
1361964887 -117.15716667 32.73111959
347954224 -117.14810341 32.73422978
347954223 -117.14807767 32.73429482
281144736 -117.14245761 32.72825583
281864789 -117.15133513 32.72604418
281864788 -117.15118912 32.72574092
347963306 -117.15762567 32.73124749
281864786 -117.15246803 32.72558208
347963304 -117.1576944 32.73084324
281144738 -117.14252617 32.72777211
281864783 -117.15217617 32.7263186
281864782 -117.15210752 32.72652077
281864781 -117.15193586 32.7266724
281864780 -117.1513265 32.72688178
1361965195 -117.15606353 32.73374254
49515578 -117.14826199 32.72278596
430531967 -117.14666214 32.73290041
1361965027 -117.15349791 32.73204939
347331026 -117.14830583 32.72522367
1361965199 -117.15602246 32.73423162
347963126 -117.15750547 32.72698027
316911837 -117.14663708 32.73091188
347963125 -117.15755702 32.72690081
658958510 -117.15027138 32.72948486
658958511 -117.15035193 32.7295256
658958512 -117.15045377 32.72952099
658958513 -117.15052351 32.72948486
347963539 -117.15803051 32.73157238
347332721 -117.15266961 32.73157296
347332722 -117.1527469 32.73157296
49734426 -117.15350303 32.72684901
278603845 -117.15570981 32.72436168
347332725 -117.15292711 32.73164522
347332726 -117.15308159 32.73164522
347963129 -117.1575742 32.72737019
347960571 -117.15811492 32.73313921
347332720 -117.15266961 32.73152963
559462883 -117.14388907 32.72286509
1359151230 -117.15186227 32.73194194
48876760 -117.14782219 32.71796897
49566173 -117.15034213 32.73151982
49566170 -117.15049133 32.73151991
49566176 -117.15037968 32.73012591
49566175 -117.15030508 32.73087861
1346364737 -117.14424153 32.7299835
391991341 -117.14580718 32.7236876
347337104 -117.15358643 32.7258788
49052474 -117.14674327 32.72351033
49734412 -117.153542 32.72683702
1346364739 -117.14529723 32.72236963
1346364738 -117.14544609 32.72108033
49295404 -117.15837099 32.71989102
1346364762 -117.14455929 32.73003053
347331024 -117.14850683 32.72511789
49243417 -117.14950167 32.71936908
347963540 -117.15764293 32.73157238
347963541 -117.15765148 32.73210672
347963543 -117.15766003 32.73257603
369914102 -117.14251913 32.71889332
49506539 -117.14695701 32.72256099
49661574 -117.14423801 32.72457399
369914101 -117.14318834 32.71888922
369914106 -117.14238033 32.71956823
559462813 -117.14621102 32.72231004
369914105 -117.14247932 32.71954317
316911842 -117.14693748 32.73053637
598230240 -117.15094847 32.72985518
347330493 -117.14792311 32.72543213
347330772 -117.14788028 32.72473517
347330496 -117.14743386 32.72508897
49787916 -117.15849303 32.72656201
1361964967 -117.15392313 32.73163281
391999178 -117.14841689 32.72694037
1361964965 -117.15397392 32.7315702
48965808 -117.15221867 32.72387326
1361964960 -117.15370579 32.73142972
347331025 -117.14840381 32.72511789
1203958344 -117.14461586 32.71920739
1203958347 -117.14599209 32.71911963
1203958346 -117.14483337 32.71914537
49313398 -117.15331997 32.72865296
391996660 -117.1506044 32.72461163
598230244 -117.15108661 32.72932049
49313396 -117.15334302 32.72761503
49739053 -117.13939704 32.72025698
301364446 -117.15926751 32.72395583
316911843 -117.14703203 32.73053637
598227450 -117.15072007 32.73189642
49750836 -117.15219671 32.72418758
347336771 -117.14998154 32.72948176
48872609 -117.14388052 32.72156916
598227515 -117.15022302 32.73087509
48872606 -117.14522439 32.72058722
280920221 -117.14871839 32.72694959
48872603 -117.14664336 32.71986227
1331961294 -117.15075661 32.72812624
1331961296 -117.14996771 32.72805131
275974858 -117.14795094 32.72059753
275974859 -117.14744174 32.72004282
49060797 -117.1486541 32.7260964
347330404 -117.14747677 32.72610712
347330403 -117.14773427 32.72585441
347330402 -117.14792319 32.72565936
347330401 -117.14813794 32.7254727
49113620 -117.14251913 32.71894303
316911833 -117.14910907 32.73081801
391998975 -117.14898367 32.72519861
347961505 -117.15746264 32.73312479
49213990 -117.14185302 32.72908798
49213993 -117.14164004 32.72944304
598227511 -117.15072124 32.73087056
1361902512 -117.15308972 32.7236317
598230234 -117.15035302 32.73007746
391994538 -117.14582437 32.72372373
1361902516 -117.15500892 32.72364226
598230230 -117.15015722 32.73025348
598230233 -117.15029402 32.7301068
49435107 -117.15098083 32.72460509
281864761 -117.15053684 32.72873024
347331054 -117.14853424 32.72581158
49734376 -117.15451799 32.72679897
48965811 -117.15101603 32.72344998
281864760 -117.15082006 32.72834032
658958503 -117.15057179 32.72999038
1361902296 -117.14861713 32.71973562
1361965029 -117.15345902 32.73208812
49056722 -117.15379304 32.71887597
49391005 -117.14461159 32.71947763
1361902292 -117.14838822 32.71953613
1361965024 -117.1542864 32.73202584
1361964910 -117.15592012 32.73123811
347331023 -117.14832351 32.72495352
347330391 -117.14813878 32.72531051
1346364756 -117.14718391 32.72408801
347332669 -117.15212026 32.73178226
1346364742 -117.14539069 32.72144846
48868053 -117.14931928 32.72122131
347333968 -117.14874714 32.73275708
391999184 -117.14920387 32.72606538
391999185 -117.14989353 32.72611559
391999186 -117.15000509 32.72597838
598228007 -117.14919699 32.73129368
49587382 -117.14247102 32.72263299
598229892 -117.14919833 32.73118874
49082353 -117.147774 32.73528296
347330515 -117.14751977 32.7248868
48889804 -117.14688099 32.71880003
49082356 -117.14576703 32.73521004
49082355 -117.1468193 32.73526972
49285714 -117.16024803 32.72616999
49285715 -117.15941604 32.72618097
598227747 -117.15097681 32.72916568
347337566 -117.15223887 32.72631198
275984912 -117.16021702 32.72247634
49110706 -117.15656997 32.72094697
49074042 -117.16030897 32.73347499
275981207 -117.15469376 32.72318109
49110707 -117.15574602 32.72095896
347962598 -117.15868137 32.72486459
347962599 -117.1586299 32.7247708
1361902749 -117.15452051 32.72999029
281864801 -117.14691477 32.72932946
347331021 -117.14850683 32.72506014
49738979 -117.14021302 32.72160303
1331961295 -117.14983921 32.72795492
1361902589 -117.15605507 32.72469218
49120830 -117.15564502 32.72287397
1361964704 -117.15140797 32.73013228
49063283 -117.15824098 32.72929803
1361964702 -117.15416981 32.73008937
281144735 -117.14258627 32.72858079
1361902581 -117.15186302 32.72452957
49661585 -117.14377449 32.72489166
347333287 -117.15128769 32.73160599
49587364 -117.140411 32.72337303
392000332 -117.15237398 32.72544412
275974032 -117.14713546 32.71924
1361965154 -117.1572209 32.73272464
1361965156 -117.15654993 32.73274132
391996523 -117.14888854 32.72446737
1361965092 -117.15534579 32.73244342
281864807 -117.14692944 32.72976289
658958500 -117.15087756 32.72978284
391996525 -117.14869332 32.72374527
391996524 -117.14869458 32.72400528
347336768 -117.15002437 32.72962618
347336769 -117.14996444 32.72962618
1361964775 -117.1554685 32.73069479
347330395 -117.14812922 32.72609992
48876847 -117.14846307 32.71859132
347336760 -117.15062527 32.7294168
347336761 -117.15052234 32.72940959
347336762 -117.15028186 32.72940959
392001036 -117.15085577 32.72825909
347336764 -117.1501532 32.7294168
347336766 -117.15004164 32.72948914
598228712 -117.14915676 32.73089881
281864800 -117.14691477 32.7287952
280917193 -117.1567335 32.73491173
347332943 -117.15118468 32.73120466
281864804 -117.14723244 32.72952451
281864805 -117.14722381 32.7296183
392001074 -117.15135642 32.72879688
281864809 -117.14713789 32.72952451
281864715 -117.15060381 32.73010906
1361902632 -117.15296399 32.72506207
1361964678 -117.15389413 32.72983833
49734389 -117.15499903 32.72608198
347960058 -117.15822648 32.73152913
49734384 -117.15500599 32.72650501
1361902733 -117.15593051 32.72877777
1361902639 -117.15534612 32.7253271
49734380 -117.15483097 32.72669604
347960411 -117.15822128 32.73308238
1361964772 -117.15550823 32.73068742
1361964773 -117.15554201 32.73069387
281144647 -117.14255199 32.72801761
598228002 -117.14920102 32.73097894
281144645 -117.1425348 32.72814753
49734373 -117.15416 32.72683702
347330863 -117.14757979 32.72446083
1042311728 -117.15740271 32.72301613
598232023 -117.15103431 32.7307217
48923351 -117.14549806 32.72014424
925958655 -117.14694343 32.73246203
48923354 -117.14461947 32.720807
347330050 -117.14877287 32.7265548
281864755 -117.15186722 32.72838373
49681013 -117.15196889 32.72932988
347962712 -117.15845832 32.72446754
598227097 -117.15044606 32.73153877
278604262 -117.15553229 32.7238337
1361964816 -117.1558487 32.73091549
598232149 -117.15225203 32.73023664
347961504 -117.15741972 32.73304533
347963151 -117.15744554 32.72931253
347962711 -117.15842388 32.72453971
49734421 -117.15380897 32.72695898
49040530 -117.14731852 32.72745167
49734385 -117.15505997 32.72633402
347332719 -117.15308159 32.73152963
391992989 -117.14656248 32.72378869
347332308 -117.15134779 32.73082932
347962717 -117.15887876 32.72445304
49426621 -117.16023998 32.72510901
347332094 -117.15002596 32.73136358
49060808 -117.14860808 32.72607737
347330447 -117.14751977 32.72563053
347961500 -117.15681027 32.7331175
347332090 -117.1492793 32.73091591
347332091 -117.1492793 32.73132754
49060803 -117.14876809 32.7255504
1361902736 -117.15498562 32.72901439
1346364746 -117.14616467 32.72231591
347330448 -117.14732238 32.72604929
49060807 -117.14855511 32.72601241
49060806 -117.14852409 32.72571443
347332098 -117.15022344 32.73083653
1361981488 -117.15677524 32.7348554
49166537 -117.15940104 32.73035398
49166535 -117.16027804 32.73034996
281144440 -117.14689499 32.73177212
391997127 -117.15039921 32.72472738
347962949 -117.15760773 32.72687809
347332390 -117.15192287 32.73154413
347332909 -117.15188004 32.73110358
49738951 -117.13919068 32.71986529
281144643 -117.14251762 32.72841466
49738953 -117.13925823 32.71993813
49096780 -117.14632091 32.72957857
347333655 -117.15010333 32.73251157
1361902576 -117.15704773 32.72432279
49738957 -117.13938103 32.72043199
281144642 -117.14250899 32.72849412
49400432 -117.14787039 32.71912802
49738977 -117.14009902 32.72164904
281144405 -117.14689549 32.73201427
925958658 -117.14737921 32.7318173
49627988 -117.143143 32.72327798
1361902578 -117.15623536 32.72436687
347336775 -117.1502734 32.72933743
49739003 -117.14160869 32.72088478
391998995 -117.14931853 32.72657768
49047512 -117.15052804 32.72557102
391993066 -117.14590156 32.72394761
347332540 -117.15192287 32.73127691
347332542 -117.15205162 32.73127691
347332543 -117.15205162 32.73154413
391996303 -117.15014918 32.72544462
391996302 -117.15031422 32.72514262
391996301 -117.15069098 32.72445304
347332789 -117.15174258 32.73099528
49306779 -117.15566128 32.71994978
49343753 -117.15094001 32.73243001
391996656 -117.15039577 32.72499334
347333713 -117.14967786 32.73267468
49089493 -117.143173 32.71788397
49515573 -117.14791104 32.72258002
49089494 -117.14318801 32.71892903
347336774 -117.1502734 32.72936626
391993413 -117.14653683 32.72324714
347333861 -117.14932398 32.73200622
49734402 -117.15400703 32.72579197
598230049 -117.14915282 32.73118874
391991283 -117.14674277 32.7236804
49734406 -117.15386999 32.72589498
658958509 -117.14993879 32.72962928
316911832 -117.14847389 32.7308108
1346364825 -117.14458343 32.72993371
275974918 -117.14854731 32.72152122
1346364826 -117.14411429 32.7225998
1334203534 -117.14701082 32.7235467
1361976608 -117.15050583 32.73137473
347336757 -117.1507712 32.72962618
347336756 -117.15084697 32.7296204
347336759 -117.1507111 32.72945301
347336758 -117.15076256 32.72952518
598230260 -117.15056618 32.73004913
347330628 -117.14820642 32.7252406
1361976603 -117.1505671 32.73135428
49060798 -117.14889013 32.72606941
598227806 -117.14980719 32.72970288
598227804 -117.14992253 32.72958788
598227805 -117.14984206 32.72964202
598227802 -117.14997349 32.7294593
49193574 -117.160271 32.72929803
598227800 -117.15015722 32.72934422
49311258 -117.15106523 32.72970288
391997876 -117.14914603 32.72542777
49311256 -117.1511255 32.72940507
391997874 -117.14927478 32.72528343
391997875 -117.1491975 32.72541344
1361965111 -117.15415656 32.73253018
391997873 -117.15015882 32.72558669
598227809 -117.14980862 32.7298079
276779084 -117.15445756 32.72287313
347960577 -117.15812347 32.73369509
1361965050 -117.15315551 32.73216523
1361965051 -117.15281764 32.73216699
347332530 -117.15266961 32.73101699
347332532 -117.1525065 32.73101699
347336772 -117.150033 32.72940959
347332534 -117.1525065 32.73111808
49391004 -117.14499632 32.7189447
347332536 -117.15200007 32.73120466
347330629 -117.14821497 32.72495176
347337540 -117.1528225 32.72620368
347961698 -117.15768576 32.73269882
347330184 -117.14868712 32.72636713
1346364835 -117.14541617 32.721224
49045661 -117.14998439 32.72816463
347330627 -117.14817214 32.72529123
49751479 -117.14758549 32.71838337
49343754 -117.15100899 32.73239498
316911828 -117.14813056 32.73071692
347960593 -117.15796899 32.7353268
347960590 -117.15823511 32.73516796
347960591 -117.15818357 32.73523301
347962722 -117.15881883 32.72472738
49120828 -117.15569297 32.72099299
49120829 -117.15569297 32.72199999
316911820 -117.14834522 32.73134506
49414287 -117.15930196 32.72198499
316911822 -117.14812201 32.7312801
316911823 -117.14807046 32.7312801
316911824 -117.14807046 32.73119351
316911825 -117.14808773 32.73119351
391992990 -117.14582437 32.7237959
316911827 -117.14813056 32.7309408
49045670 -117.15081797 32.72783296
598229846 -117.14919917 32.73112101
1361924296 -117.1496678 32.71944586
49045674 -117.15136698 32.72734102
49060799 -117.14894411 32.72599741
49426619 -117.16023303 32.72406001
281144737 -117.14247471 32.72784427
598228048 -117.14928022 32.73097894
391999967 -117.15209939 32.72623839
1361964639 -117.15585826 32.7292262
1361964731 -117.1532286 32.73055113
281144724 -117.14297561 32.73280343
278083875 -117.14862644 32.71950017
281144721 -117.14315213 32.73340332
281144722 -117.14319823 32.73326929
281864797 -117.14754986 32.72935838
281864798 -117.14751558 32.7287952
280920004 -117.14886356 32.72550187
281144734 -117.142612 32.72866738
49787912 -117.158417 32.72574201
281144659 -117.14220858 32.72617628
280920000 -117.1491726 32.72652723
49295409 -117.15834802 32.72293499
281864787 -117.15241648 32.72535099
49337567 -117.14585102 32.71787299
1361902582 -117.15687951 32.72457374
1346364833 -117.14725708 32.72036493
347963307 -117.15803261 32.73124783
347963139 -117.15678463 32.72841709
49295402 -117.15836302 32.71886399
49337569 -117.14495097 32.71787601
281864785 -117.15228782 32.72574821
49295407 -117.15838599 32.72198499
347332870 -117.15205162 32.73087257
280920224 -117.14895869 32.72529601
347962423 -117.15940028 32.72834501
347331022 -117.14840381 32.72506014
280920223 -117.14901812 32.72558133
347961408 -117.15799958 32.73347834
278083670 -117.14861403 32.71866634
391997119 -117.14885417 32.72321101
347962836 -117.15849261 32.72453971
347963144 -117.15653568 32.72898027
347332788 -117.15174258 32.73110358
275982281 -117.16043738 32.72284531
347333654 -117.15010333 32.73235273
1361964875 -117.15280314 32.73107022
347332322 -117.15118468 32.73110358
1361902600 -117.15444608 32.72479443
347336574 -117.14737301 32.7316282
347963308 -117.15823092 32.73125353
598226808 -117.1503573 32.73135453
1361964642 -117.15577829 32.72927867
281864784 -117.15220199 32.72592867
49052448 -117.14408353 32.72843696
281144751 -117.14266347 32.7232375
281144750 -117.14280093 32.72356238
347332908 -117.15188004 32.73120466
559462929 -117.14715449 32.7265626
281144454 -117.14780476 32.73126669
275977297 -117.15318946 32.72278781
598232123 -117.15205623 32.73028617
281144578 -117.14200264 32.7317432
1361902353 -117.15538728 32.7211437
347330517 -117.14745113 32.72498789
347963179 -117.15818088 32.72877869
49334453 -117.14404296 32.71788004
49617978 -117.15750899 32.72479997
281144574 -117.14287997 32.73152468
281144577 -117.1421536 32.73170582
281144576 -117.14243296 32.73081449
347330429 -117.14793183 32.72624434
347330051 -117.14873004 32.7265403
275974857 -117.14810257 32.72099601
48982794 -117.15559842 32.72313758
347330449 -117.14732221 32.72610302
347332868 -117.1520087 32.73094482
49738982 -117.14032701 32.72150403
281864721 -117.1513265 32.73070862
49738986 -117.14044997 32.72098201
598229781 -117.14908032 32.7314557
598229780 -117.14907629 32.73129427
347333229 -117.15063541 32.73067769
347330054 -117.14854111 32.72667751
49047514 -117.14940428 32.72516969
1214982323 -117.15681514 32.73484249
598227862 -117.14934259 32.73089629
347332096 -117.15022344 32.73088699
1392019678 -117.15541092 32.7189064
1361976638 -117.15038672 32.73153868
347330056 -117.14848973 32.72684356
1226395715 -117.14029583 32.71843232
281144505 -117.15030692 32.73148068
1361965033 -117.15327663 32.73210312
598227865 -117.14919699 32.7309056
49738968 -117.13974003 32.72156899
1361902500 -117.15316708 32.72352927
1361902503 -117.15595733 32.7235695
1361902505 -117.15356572 32.72357152
275983914 -117.15528468 32.72425129
347962720 -117.15895613 32.72461188
409151956 -117.14966462 32.72332333
366075239 -117.14400893 32.7213395
347330773 -117.14782018 32.72473517
281864726 -117.15206704 32.73088079
49738964 -117.13964799 32.72145802
347330774 -117.14757979 32.72473517
598229621 -117.14957787 32.73144858
347330380 -117.14719363 32.72542844
1361965173 -117.15624793 32.73299118
347330386 -117.14753687 32.72542844
347330387 -117.14773427 32.72542844
347330388 -117.14814548 32.72543372
347330389 -117.14831128 32.72542794
49767224 -117.159409 32.72380101
1361964904 -117.1539217 32.73116334
275975334 -117.14901888 32.72134042
347333238 -117.15082417 32.73084374
392004775 -117.1460811 32.7350315
391999170 -117.15009101 32.7256535
49343768 -117.15236703 32.73255197
391999174 -117.1496103 32.72639001
392004772 -117.14608974 32.73486538
49343764 -117.15168801 32.73217797
49343765 -117.151787 32.73241803
559462798 -117.14621102 32.72166396
347332671 -117.15221473 32.73160909
347333972 -117.14873859 32.7319556
49343761 -117.15145097 32.73205903
49343762 -117.15157301 32.73207102
347332675 -117.15252369 32.73162351
347337526 -117.15222169 32.72650703
347332867 -117.15195724 32.73098807
49082362 -117.14542857 32.73353533
48879758 -117.15030642 32.72190729
347961345 -117.15853192 32.73435919
1361902289 -117.14873389 32.71941518
347332535 -117.15200007 32.73111808
347336779 -117.15072828 32.72939518
347332309 -117.1510131 32.73082932
281864712 -117.15140847 32.73083896
49506537 -117.1467369 32.72290733
347963651 -117.1575742 32.73210672
347332723 -117.1527469 32.73177514
347961632 -117.1569562 32.73172409
391997112 -117.15051203 32.72455974
347332724 -117.15292711 32.73177514
347330915 -117.14856692 32.72516123
347962100 -117.15862127 32.729854
49337396 -117.14028904 32.71789898
49337397 -117.13965721 32.7179004
347333230 -117.15054438 32.73071424
347337301 -117.15334612 32.72556834
48965879 -117.15015999 32.72294497
347332095 -117.15002596 32.73088699
347337304 -117.15317437 32.72546004
347336780 -117.15082266 32.72947464
347332092 -117.1499574 32.73132754
598227834 -117.1500553 32.73083653
598227872 -117.14910454 32.73078817
598227871 -117.14912063 32.7307973
347332093 -117.1499574 32.73136358
49370082 -117.14823902 32.72350697
49370080 -117.14821237 32.72329919
1361965160 -117.15626143 32.73291256
347333660 -117.15007751 32.73205668
347332666 -117.15252369 32.73190514
1361965087 -117.15590017 32.73241333
347330030 -117.14882014 32.72665622
1361965080 -117.15430392 32.73238182
49426629 -117.16031601 32.73453496
369914099 -117.14501149 32.71796427
925958656 -117.14701971 32.73234469
49060802 -117.14889013 32.72560044
392001026 -117.15089232 32.7280503
925958659 -117.14778682 32.73180774
49313401 -117.153053 32.72898497
281144503 -117.14852577 32.73221259
392001022 -117.15054589 32.72889553
392001023 -117.15100078 32.72917708
392001020 -117.15058881 32.72870778
559462876 -117.14678099 32.72419898
392001096 -117.15107798 32.72772584
1346364747 -117.14466817 32.72852203
49515581 -117.1483474 32.72315879
49426624 -117.16026303 32.72825197
281864872 -117.14653708 32.73215274
347954222 -117.14823509 32.73511423
347962263 -117.1584341 32.72679276
1361964836 -117.15263693 32.7309486
1334206296 -117.14683397 32.72591283
391999182 -117.14924158 32.72626722
559462879 -117.14714393 32.72419924
347332538 -117.15192287 32.73120466
316911815 -117.14897169 32.7312801
316911814 -117.14910907 32.7312801
280915696 -117.15462863 32.73117809
49734398 -117.15430744 32.72571267
49734397 -117.15453056 32.72572717
316911818 -117.14874856 32.73128731
347960060 -117.15823511 32.73179634
49060804 -117.14862308 32.72557739
49734393 -117.15478797 32.7258788
280918811 -117.1547008 32.73239783
281144655 -117.14244042 32.72664566
347962838 -117.15875873 32.72465521
347330879 -117.14824699 32.72474238
281144719 -117.14302657 32.73350441
281144718 -117.14303646 32.73355947
559463378 -117.14324207 32.7298224
1334204276 -117.14327543 32.72660023
281144717 -117.14311642 32.7335785
281144716 -117.14319689 32.73363634
281144711 -117.14323 32.73451577
1392020872 -117.15525099 32.71926682
1334204270 -117.14432459 32.72471858
1334204271 -117.14290034 32.72671079
281144650 -117.14252617 32.72759156
420220408 -117.14866374 32.71790719
1361964685 -117.15537152 32.72991871
598227801 -117.15003116 32.72940172
347962600 -117.1585527 32.72470584
347962601 -117.15839823 32.72467692
347962602 -117.15828658 32.72467692
347962604 -117.15809782 32.72474188
347961701 -117.157497 32.73308137
347332849 -117.15131351 32.73099528
49426626 -117.16029396 32.73138798
347963142 -117.15648422 32.72885044
347963143 -117.15648422 32.72892261
1214982319 -117.15603512 32.7340877
281144530 -117.14968448 32.73221259
280917191 -117.15652898 32.73464627
281144532 -117.14932398 32.73221259
1214982315 -117.15596856 32.7340069
347963149 -117.1572137 32.72934137
347332842 -117.15131351 32.73127691
281144539 -117.14932389 32.73145402
347332528 -117.15252369 32.73169567
1359151221 -117.1516026 32.73209851
347962362 -117.15838096 32.72872043
392000685 -117.15159581 32.72761578
347333659 -117.15007751 32.73211452
347333658 -117.1499144 32.73211452
301364448 -117.15877759 32.72408943
347332787 -117.15174258 32.73120466
347333653 -117.15099592 32.73235273
347333652 -117.15104738 32.73229498
347333651 -117.1510302 32.73206389
347333650 -117.15128769 32.73206389
347331202 -117.1485577 32.7262145
347332848 -117.15131351 32.73110358
347332674 -117.15242931 32.73162351
347330454 -117.14733093 32.72542844
391993224 -117.14653683 32.72339876
1346364733 -117.1438982 32.72828558
49110704 -117.15837903 32.72094002
49110705 -117.15746297 32.72094303
1346364759 -117.14402469 32.72871029
1346364758 -117.1456574 32.73008459
347330511 -117.14777727 32.72480022
49110702 -117.16020201 32.72093599
391997121 -117.14887144 32.72352868
598228717 -117.14914469 32.73092588
1361964697 -117.15412999 32.73002164
1357381192 -117.15041027 32.73134129
49295475 -117.158028 32.73139996
347332388 -117.15086717 32.731508
347332389 -117.15086717 32.73155134
347332386 -117.15080707 32.73160909
347332387 -117.15080707 32.731508
598232024 -117.15102902 32.73078263
347332385 -117.15192287 32.7316018
598232022 -117.15128241 32.73076
49426628 -117.160301 32.73243001
598232020 -117.15143798 32.73090669
391993069 -117.14656231 32.72367746
347960063 -117.15870718 32.7323161
347330564 -117.14788036 32.72543121
49346674 -117.14029491 32.71940571
49063282 -117.15939299 32.72930096
347960065 -117.15874147 32.73256882
347332866 -117.15188004 32.73099528
49113617 -117.14251377 32.71788909
347336773 -117.15010173 32.72938068
316911826 -117.14808773 32.7309408
49555894 -117.15744797 32.71886801
49555893 -117.15928604 32.71885703
391993149 -117.14579863 32.72352148
1361965126 -117.15330622 32.73254694
49060801 -117.14894411 32.72569541
49739034 -117.14040404 32.71965004
1334204272 -117.14355287 32.72513692
391996314 -117.15017776 32.72508537
48924752 -117.14251913 32.71841488
49515563 -117.14722699 32.72270701
49435111 -117.15009302 32.72625398
1361964962 -117.15391986 32.73150339
391996319 -117.14887999 32.72420033
347330421 -117.14773427 32.72546448
598232150 -117.15211121 32.73023429
49713693 -117.14588614 32.71937168
347330422 -117.14754551 32.72565936
281144438 -117.14703228 32.73163491
49713694 -117.14456197 32.71975699
347330427 -117.14811204 32.72615767
281144434 -117.14725549 32.73107181
49295408 -117.15838599 32.72288898
347330052 -117.1486613 32.72656201
598229774 -117.14927939 32.73129033
281144430 -117.14644873 32.7314039
281144431 -117.14650883 32.7312884
281144432 -117.14656876 32.73123056
347330057 -117.14841236 32.72692302
281864719 -117.15094881 32.73061466
49515567 -117.14754199 32.72257097
347963380 -117.15822648 32.73157238
1361976635 -117.15052611 32.73148177
559463388 -117.14412913 32.73033202
347961499 -117.15674171 32.73331967
598227833 -117.15005262 32.73075673
49587378 -117.14166996 32.72248799
598227831 -117.15012244 32.73064274
49047519 -117.14868897 32.72304496
598230252 -117.15094982 32.72961721
598230251 -117.15102031 32.72958763
49308687 -117.15928604 32.71989404
49435080 -117.15366396 32.72075704
1042311735 -117.15667046 32.72301613
598227839 -117.15005387 32.73079387
49047517 -117.14869701 32.72447601
598229813 -117.14924661 32.7311211
347330908 -117.14858562 32.72560991
49311269 -117.15057699 32.73012256
1361965047 -117.1533804 32.73211871
369914100 -117.14490848 32.71815739
598230617 -117.15301654 32.72909259
391993068 -117.14656248 32.72394032
49641948 -117.14560828 32.72462009
347332529 -117.15266961 32.73169567
1361964957 -117.15595968 32.7314122
347332523 -117.15192287 32.73168134
347332526 -117.15212026 32.73126971
347332527 -117.15252369 32.73126971
347332525 -117.15212026 32.73168847
347963148 -117.15711932 32.72931253
347332672 -117.15221473 32.73156567
48915872 -117.15594493 32.73443136
275973197 -117.14685802 32.71964409
281144638 -117.14257772 32.72907172
49082359 -117.145416 32.73512999
347332673 -117.15242931 32.73156567
49047516 -117.14874999 32.72463602
391997878 -117.14907738 32.72529777
391994541 -117.145833 32.72391869
49735050 -117.15941604 32.73453496
347330630 -117.14818924 32.72490851
347332670 -117.15212026 32.73160909
49047510 -117.15101603 32.72580001
