1346364780 49515557
1361902682 1361902661
1361902682 1361902736
1346364782 1346364773
1346364782 280919393
1346364782 1346364776
1346364783 1346364760
1346364783 1346364758
1346364784 49507016
1346364784 1346364773
1346364784 1346364816
1346364785 1346364760
1346364785 49641955
1346364781 49507015
1346364781 1346364816
1346364781 49641948
1346364788 1346364738
1346364788 1346364809
49120838 1392020863
49120838 1392019678
49120838 49313725
49120838 1361902309
316911850 281144434
316911850 316911849
316911852 281144452
316911852 316911836
316911852 281144434
275971686 275974858
49052475 49507010
49052475 49507016
49052475 391991283
49060805 347330908
49060805 49060806
1042328558 49555812
1042328558 49337397
48904414 49750818
48904414 275984912
48904414 49750836
559463356 559463241
559463356 559463388
1361964721 1361964750
1361964721 1361964841
1361964721 1361964702
598231959 281864715
598231959 49311258
49082366 49082370
49082366 49082362
49096778 49096779
49096778 281864807
49096779 49096780
49414290 49313729
49414290 49110705
49414290 49295407
49414290 49551712
347337297 347337301
347337297 347337104
49370073 49370071
49370073 49370077
49370071 49370069
49096770 281864807
49370077 49370080
275974197 275973197
275974197 48876847
49519905 49074043
49519905 347959848
49519905 49426628
347332099 347332089
347332099 598227834
347961627 347963661
347961627 347961629
347961627 1361965154
1334204273 1334204267
1334204273 1334204271
347333656 347333658
347333656 347333655
925958661 925958660
925958661 925958662
925958660 925958659
925958663 925958662
925958663 925958664
925958663 925958656
925958665 925958666
925958664 925958655
925958664 925958666
925958666 49134638
925958666 49134640
347332805 347332849
347332805 347332804
347332805 347332789
347332805 598232020
347332804 347332848
347332804 347332788
347332804 347332803
347962456 347962262
347962456 347962844
347962456 347962259
49343767 49343765
49343767 49343768
275983793 275981336
275983793 1042353514
275983793 1361902582
49515579 49515578
49515579 49515581
281864823 925958655
281864823 281864869
281864820 281864805
281864820 281864807
281864821 281864814
281864821 281864812
281864821 281864807
281864827 430531967
281864827 281864872
1359151216 49295481
1359151216 1359151230
1359151216 1361964960
281864825 281144407
281864825 281864872
1361902619 1361902639
1361902619 1361902599
1361902619 1361902600
1361964845 1361964875
1361964845 1361964857
1361964845 1361964812
347959848 347960058
347959848 49295473
1361964841 1361964812
1361964841 1361964904
48879761 48879760
48879761 48879763
48879760 48879759
48879763 1361924296
48879763 49056723
49573667 49426621
49573667 347962108
49573667 48955150
48965789 49435080
48965789 275977297
48965789 49435107
1361964799 1361964816
1361964799 1361964773
281144669 281144748
281144669 281144668
281144668 281144747
347330631 347330630
347330631 347330509
281144660 281144659
281144660 281144744
1361964796 1361964775
1361964796 1361964933
48969359 275974918
48969359 275976029
48969359 409151956
347963351 347963352
347963351 347962090
347963351 276779093
281144743 281144742
281144743 281144659
281144740 281144655
281144740 281144651
347963352 49166537
347963352 49295473
280919389 280919388
280919389 280919390
280919388 1346364747
280919388 1346364798
281144744 281144745
281144745 281144746
281144748 281144750
598227751 598227747
598227751 598227794
598227751 598227800
391999282 391999171
391999282 391999186
391999282 391998980
347961489 347961490
347961489 347961505
347961489 347961408
347330061 49060796
347330061 347331543
347330061 347330196
347330060 347330155
347330060 347330051
347330060 347330184
347330060 347331543
392000395 392000338
392000395 392000392
392000395 391999967
281144406 281144405
281144406 281144440
281144406 281144392
276779089 276779087
276779089 276779093
392000392 392000342
392000392 391999965
392000391 392000384
392000391 392000385
392000391 391999965
48973718 48982794
48973718 49750818
48973718 1361902503
276779087 276779084
276779080 276779084
49343758 49343754
49343758 49343761
1358130966 49295475
1358130966 347960058
1358130966 347962090
1358130966 49295473
347962716 347962717
347962716 347962714
1358130965 281864719
1358130965 347333251
1358130965 347333228
1358130965 281864715
347331492 347330160
347331492 347331540
347331492 280920223
49040511 347331545
49040511 347330389
49040511 347331054
49040511 347331202
49040511 347330057
49738995 49738990
49738995 49738998
347330785 347330773
49738990 49738986
278083761 1361924282
278083761 48879756
278083761 1361902289
347330465 347330404
347330465 347330466
347330465 347330403
347330465 347330447
347330466 347330423
347330466 347330404
1346364766 1346364742
1346364766 1346364791
49426606 49555893
49426606 49308686
1346364764 1346364746
1346364764 1346364813
1346364764 1346364739
1346364765 1346364811
1346364765 1346364759
49213973 281144751
49213973 48872609
49213973 49213977
49213973 49627988
49213973 49587382
49734370 49734419
49734370 49313396
49734370 49734373
280920219 280919992
280920219 280920221
281144428 281144392
281144428 281144451
49213977 49213990
49449717 49389631
49449717 347330879
49449717 49370082
281864871 281144405
281864871 925958655
49449715 347330879
49449715 347331023
347331545 347331544
347331545 347330193
347331544 347330194
347331544 347331543
347331544 347330196
49110703 49110704
49110703 49414287
49110703 49308687
49110703 49110702
347331541 347331540
347331541 347331543
392000334 392000381
392000334 392000333
1042300503 1361902661
1042300503 1042300596
1042300503 1377610417
49074043 49074042
49074043 49735050
281864756 281864755
281864756 281864757
49435125 49040530
49435125 49435123
49435125 49435134
49435123 391999178
49435123 49435111
598230583 347333255
598230583 598230613
392001097 392000696
392001097 392000685
392001097 392001096
49738971 49738968
49738971 49738977
49617992 49617995
49617992 49617990
281864758 281864757
281864758 281864759
281864759 281864760
281144552 49134638
281144552 281144454
281144552 281144455
1361981487 1214982323
281864870 49134647
281864870 49134644
281864870 281864869
1361965002 1361964978
1361965002 1361965027
49435075 49435080
49435075 49056723
1361981489 1214982323
1361964931 1361964957
1361964931 1361964910
1361964931 1361964927
49063097 347962949
49063097 49617978
49063097 49063100
1361964933 1361965064
347330513 347330515
347330513 347330511
49739001 49739003
49739001 49738998
1361976605 1357381192
1361976605 1361976608
392004765 392004775
392004765 49082355
392004765 392004768
347332847 347332848
347332847 347332842
347332847 347332803
347332847 347332943
49739005 49739008
49739005 49739003
49739008 49739010
49082370 49628000
49047499 49047500
49047499 49313396
49047499 49047498
49047498 49313398
49047498 49313396
925958657 925958658
925958657 925958656
392004768 392004772
1042300596 459989746
1042300596 1042300592
598229766 347332091
598229766 281144539
598229766 598229678
49313732 49313729
49313732 419822103
49313732 1042311739
347337546 347337565
347337546 347337548
347337546 347337544
1042300592 1042300579
347337544 347337540
347337548 347337523
49334455 49334453
49334455 49089494
1346364843 347330380
347962086 49063283
347962086 347962362
347962086 49063282
347962086 347962100
392001089 392001085
392001089 392001023
392001089 392001020
49060796 49060797
49060796 49060798
392001084 392001085
392001084 392001019
392001084 392001020
392001085 392001074
598226807 1361976615
598226807 1361976635
598230382 49311269
598230382 347333230
48987380 1361902505
48987380 48965808
48987380 278603845
347337312 347337304
347337312 347337315
281864723 598232123
281864723 281864724
281864722 281864721
281864722 281864712
281864722 281864724
598227868 598227865
598227868 598227871
598227868 598228712
658958507 658958509
658958507 658958505
1361965170 1361965173
1361965170 1361965160
49551712 1042311728
49551712 49295410
347961497 347961499
347961497 347961496
49414284 49414287
49414284 275984912
49414284 49110702
49466671 49466669
49466671 49056723
49466671 1377610417
347962846 347962844
1346364822 559462738
1346364822 559462929
1346364822 1346364794
1346364822 1346364729
1392020870 1392020871
1392020870 1392020868
49487503 1361902285
49487503 1361902289
347961700 347961701
347961700 347961698
392001016 392001026
392001016 392001015
392001015 392000696
392001015 392001096
392001014 392000696
392001014 392001024
559462738 559463241
347333970 281144526
347333970 347333972
347333970 347333968
347333970 281144503
392001019 392001018
392001019 392001074
392001018 392001036
347330160 347330157
347330160 280920000
347332326 347332851
347332326 347332327
49627992 49627998
49627992 49627988
1361964801 1361964785
1361964801 1361964836
49308688 49110705
49308688 49555894
49308688 49308691
49308688 49295404
347332327 347332308
1334206297 1334206296
347960579 347960581
347960579 347960577
347962259 347962252
275980962 275980961
275980962 49308691
347960575 347960577
347960575 347961408
49627998 49628000
1361976596 598232016
1361976596 1361976603
1361976596 1361976608
49308686 49110702
49308686 49308687
347962252 347962108
347960572 347960571
347960572 347961408
281864869 430531967
347961629 347961632
281864708 598232149
281864708 281864726
49587360 49587352
49587360 49587364
1346364811 1346364834
598231984 281144569
598231984 49566176
598226909 598227451
598226909 281144530
598226909 598227450
1346364812 1346364835
1361964750 1361964731
1334204268 49661597
1334204268 1334204271
49088813 49285714
49088813 49426624
49088813 49088814
1334204267 1334204276
347962386 347963179
347962386 347962263
347962386 347962360
49088814 49592973
49088814 49285715
1346364815 1346364793
1346364815 1346364838
316911816 316911817
316911816 598229779
49506549 49506539
49506549 1346364833
49617997 49617995
49617997 49063283
559462896 559462897
559462896 559463378
49617990 347962949
49389631 1346364756
49389631 49370060
49295473 49426626
347330914 347330971
347330914 347330915
347330914 347330908
281144526 281144535
281144526 281144528
281144526 281144532
280919999 347330030
280919999 280920221
658958501 658958503
658958501 658958500
347963136 347963139
347963136 347963129
275978094 1361902512
275978094 48965808
281144523 281144532
658958505 658958503
347332324 347332325
347332324 347332323
347332325 347332851
280919992 391997868
347332851 347332849
347332320 347332540
347332320 347332319
347332320 347332542
347332321 347332842
347332321 347332943
281144528 281144539
281144528 598229781
347332323 347332848
347332323 347332322
49134647 49096780
49134647 49082356
559462894 559462897
559462894 559462883
49134644 49134643
49134643 49134640
49134640 347333713
1361964897 347963304
1361964897 1361964887
49587374 49587378
49587374 49587364
49617977 49617978
49617977 49617976
49617976 49617975
49617975 49787912
275980036 48982794
275980036 48982797
49507014 49507015
49507014 49507013
49507015 49641955
49507015 49641948
49507016 1334206296
49052464 49052468
49052464 49052462
49052464 1346364746
347332803 347332797
347332803 347332787
347330508 347330507
347330508 347330496
347330508 347330509
347330509 347330772
347330509 347330511
49052468 49506537
49052468 49052474
347330507 347330505
347330507 347330564
347330504 347330505
347330504 347330503
347330502 347330503
347330502 347330496
347330503 347330386
1377610417 275981207
347963658 347963659
347963658 347963656
347963658 347963651
391999538 49047514
391999538 391999532
391999538 391999125
598232016 347333230
598232016 598227511
598232016 49566175
347963650 347963541
49628000 1334204271
559462862 559462876
559462862 49506537
391999532 391998975
391999532 391998980
347963654 347963651
347963654 347963655
347332744 347332889
347332744 347332787
347332744 347332797
347963656 347963652
347963656 347961632
49346676 49739036
49346676 49346674
49346676 49739034
1361964978 1361964967
49052460 49052462
49052460 1346364772
347337101 347337098
347337101 347337104
1361965228 1361965213
347337106 49734411
347337106 49734406
347337106 347337104
1346364727 1346364776
281144452 281144432
392000345 392000331
392000345 392000381
392000345 392000384
281144451 281144430
392000340 392000338
392000340 392000342
281144455 347336574
347330423 347330395
347330423 347330403
347330423 347330402
49739049 49739053
49739049 49739040
49507010 49507013
391999125 391999170
391999125 391998980
49739040 49738951
49739040 49739036
392001024 392001026
392001024 392001043
347962108 49285715
391993223 391994022
391993223 391993224
391993223 391993409
48879756 48879758
49750849 48876760
49750849 49750844
49515557 49515563
347962262 347962263
347962262 347962360
347330432 347330380
347330432 347330449
347330432 49040530
347337425 347337523
347337425 49047502
347337425 49734426
49734424 49734421
49734424 49734412
48879759 48879758
49056723 49056722
347330775 347330515
347330775 347330774
49555812 49346672
1361902309 48982797
1361902309 459989744
1361902309 49308691
1361902309 49306779
347330155 347330156
347330155 347330154
347330154 280920000
347330157 347330156
598227451 598227452
598227829 598227831
598227829 598230230
347333228 281864721
347333228 598232026
347333228 347333229
598227452 598227450
598230248 598230249
598230248 598230247
598230249 281864755
598230249 281864763
598227820 598227818
347330971 347330915
347330971 347330975
281864763 598227747
281864762 598227747
281864762 281864761
657757482 280918811
1361965135 1361965126
1361902285 278083670
275977301 1361902505
275977301 275977300
275977300 1361902500
275977300 275977297
1361964913 1361964927
1361964913 1361964887
392000331 392000332
598228434 316911833
598228434 316911814
598228434 598230054
392000333 392000332
1346364729 49040530
49052453 49052455
49052453 280919393
49052453 1334204270
598230247 598230244
392000336 392000381
392000336 392000383
347962360 347962423
347962360 347962362
347330975 347330974
347963659 347963540
347963659 347963541
49052455 49641948
49052455 1346364772
49052455 49661574
49787942 347961345
49787942 347960411
559462777 559462798
559462777 559462771
559462771 559462749
49047501 49047500
49047501 49047502
49047500 49681005
49047503 392000685
49047503 49047502
49047502 49311256
49047505 391999945
49047505 49045674
316911848 316911847
316911848 316911849
49047507 49047509
49047507 391999945
49047509 49047510
347337565 347337566
281144637 281144638
281144637 281144574
275976029 49751542
1346364794 1346364773
1346364793 1346364746
275974685 275974032
275974685 1361902292
1346364791 1346364772
316911846 316911847
316911846 316911845
316911844 316911845
316911844 316911843
49306802 280915696
49306802 1361902353
275980961 1361902353
1346364798 1346364825
1346364798 1346364777
598227859 598227862
598227859 598227857
1361902599 1361902581
1361964714 1361964704
391999945 391999965
391999965 391999967
48955150 301364448
48955150 49426619
48955150 49767224
49661596 49661597
49661596 49661590
49661590 49661585
347963652 347963661
347963652 347963651
598227857 598227839
48955158 275982529
48955158 1361902733
48955158 280915696
48955158 1361902622
49346672 1226395715
49346672 49113620
49346672 49346674
49370069 49370064
391996296 391996301
275974860 275974859
275974860 48872603
49370064 49370060
1361965149 1361965087
1361965149 1361965156
49370060 49370082
49370060 1334203534
347963655 347963661
391998755 49047516
391998755 49047514
391998755 391998975
1346364809 1346364833
347961633 49295475
347961633 1361964927
347961633 347961632
347961633 1361964957
392001043 392001036
392001043 392001074
1346364803 1346364826
1346364803 559462883
391996519 391996523
391996519 391996314
49313408 49681013
49313408 49313401
49313408 49311258
1361964859 1361964836
1361964859 1361964875
316911817 316911818
316911829 316911828
316911829 316911830
281864815 281864814
281864815 281864811
1361964857 1361964960
281864812 281864811
281864810 281864804
281864810 281864797
316911819 316911820
316911819 316911818
347332667 347332668
347332667 347332666
48982618 48923354
316911841 316911842
316911841 316911839
391999183 391999184
391999183 391999185
391999183 391999174
48969345 1361902639
48969345 275983914
48969345 1361902736
1361902622 1361902582
1361964664 1361964704
1361964664 1361964678
281144742 281144741
598229814 598229774
598229814 598228048
598229814 598229813
347332889 347332908
347332889 347332540
598229812 598229813
598229812 598229811
598229811 598229810
598229810 598228007
598229810 598229774
347961490 347961493
49592973 347962423
49592973 49426624
1361964785 1361964731
347961493 347961495
347961495 347961496
1042311739 1042311735
281144741 281144655
316911821 316911820
316911821 316911822
281144746 281144747
280919390 49052448
347961696 347961695
347961696 347961698
347961696 347963543
49681005 49681013
49734374 49734373
49734374 49734376
281144555 281144440
281144555 281144438
281144554 281144434
281144554 281144454
347332315 347332314
347332315 347332316
347332314 598227511
347332317 347332316
347332317 347332318
347332311 347332310
347332311 347332312
347332310 347332309
347332313 598227511
347332313 347333238
347332312 347333238
347962843 347962840
347962843 347962844
347962840 347962722
49113621 49113620
49113621 369914105
347332319 347332318
347962844 347962598
281144651 281144650
49082358 49082359
49082358 49082356
1361965213 1361965199
1346364771 1346364747
1346364771 1346364777
391993532 391993224
391993532 391993149
391993532 49052474
347332089 347332090
49045673 49045670
49045673 49045674
1346364776 1346364831
49134638 598229781
598228730 598228717
598228730 598230054
598228730 598228002
598232026 598232024
598232026 347333238
598232124 281864712
598232124 281864726
280915721 1361902749
280915721 280918811
391999171 391999170
1334204274 49661585
1334204274 1334204270
347330973 347331021
347330973 347330974
347330972 347331024
347330972 347330915
347337523 347337526
598230613 598230617
347337527 281864783
347337527 281864782
347337527 347337526
347954133 347954226
347954133 347954134
347332668 347332669
281144407 281144399
281144407 281144405
1042300579 1392020864
347333661 347332386
347333661 347333660
281144569 49566175
49617995 347963151
391998988 391999184
391998988 391999185
391998988 391998985
1361964985 1361964967
1361964985 1361965051
391998985 391999186
391998985 391998980
281144712 281144716
281144712 281144711
459989744 459989745
459989745 459989746
49313729 49110706
49313729 49120829
49739012 49739010
49739012 49739015
49343747 347333713
49343747 49343748
49739015 49739034
281144390 281144399
281144575 281144574
281144575 281144576
347954136 347954134
347954136 347954222
49343748 49343753
49313725 49555894
49313725 49308691
347333810 347333861
347333810 281144530
347332797 347332842
598230051 598230053
598230051 598230049
49734419 49734421
598230053 598230054
281144392 281144399
391993409 391993413
598229678 347332092
598229678 598229621
391994022 391993149
392000383 392000384
392000383 392000385
392000385 391999967
598229779 316911815
598229779 598229780
1346364836 1346364739
1361902795 657757470
1361902795 280918811
1346364834 1346364737
275981336 275982281
275981336 1361902576
347962091 347963308
347962091 347962100
347962090 347963308
49295410 49295409
1346364831 49052448
1346364831 1346364733
347337098 49734393
1361976615 1361976608
1361976612 598226808
1361976612 49295484
1361976612 49566175
1346364838 1346364742
49466669 1392020863
49466669 49056722
275982529 1361902589
347333255 347333254
347333254 347333251
598227811 598227818
598227811 598227809
391997868 391997873
49734411 49734412
598227792 658958500
598227792 598230252
598227792 598227794
598227792 347336756
1361965104 1361965195
1361965104 1361965092
657757470 280917191
598227818 598230260
49750844 49750836
49750844 275975334
1361965063 1361965050
1361965063 1361965067
1361965064 1361965092
1361965067 1361965126
1361965068 1361965051
347330193 347330184
1392020864 1392019678
1392020863 1392019678
347330194 347330184
347330196 347331202
49751542 275982281
49751542 301364448
559462749 1346364826
49435134 49096780
1392020869 1392020872
1392020869 1392020868
1392020868 1392019678
347960581 347960582
347962713 347962712
347962713 347962714
347960582 347961345
347960582 347960590
347961502 347961504
347961502 347961501
347961501 347961500
49308691 49110706
420220409 420220408
420220409 49400432
49295481 49566170
49295481 1361976603
316911836 316911837
347961695 347963539
347961695 347960411
347961695 347960065
1361924282 49243417
49295484 281144505
49295484 598229621
316911831 316911832
316911831 316911830
49045666 49045667
49045666 49045664
49045667 1331961294
49045664 49045663
49045662 49045663
49045662 49045661
316911839 316911838
316911838 316911837
281144733 281144638
281144733 281144734
347954226 347954224
347954224 347954223
347954223 347954222
281144736 281144643
281144736 281144645
281864789 281864780
281864789 281864788
281864788 281864787
347963306 347963307
347963306 347963304
281864786 281864787
281864786 281864785
347963304 347963148
281144738 281144650
281144738 281144737
281864783 347337566
281864783 281864784
281864782 281864781
281864781 281864780
1361965195 1214982319
49515578 49515573
1361965027 1361965029
347331026 347330389
347331026 347331025
347331026 347331023
1361965199 1214982319
347963126 347963125
347963126 347963129
347963125 347962949
658958510 347336762
658958510 658958511
658958511 658958512
658958512 658958513
658958513 347336761
347963539 49295475
347963539 347963540
347963539 347963380
347332721 347332720
347332721 347332722
347332721 347332529
347332722 347332723
49734426 49734412
278603845 1361902589
347332725 347332724
347332725 347332726
347332726 347332719
347960571 347960411
347332720 347332719
347332720 347332530
1359151230 1359151221
48876760 48965811
49566173 1361976638
49566173 281144505
49566170 598227097
49566170 1361976635
49566176 49311269
49566175 598227515
1346364737 1346364762
391991341 391993069
391991341 391994538
391991341 391993149
49052474 391991283
1346364738 1346364835
49295404 49110704
49295404 49295402
49295404 49308687
1346364762 1346364825
347331024 347331025
347331024 347331021
49243417 1361924296
347963541 347963651
347963541 347963543
369914102 369914101
369914102 49113620
369914102 48924752
49506539 49506537
49661574 49661585
369914101 49089493
369914101 49089494
369914106 49346674
369914106 369914105
559462813 559462798
559462813 49506537
316911842 316911843
598230240 598230260
598230240 598230251
347330493 347330388
347330493 347330564
347330493 347330402
347330772 347330773
347330772 347330879
347330496 347330517
49787916 347962263
49787916 49787912
1361964967 1361964965
391999178 347330057
391999178 391998995
1361964965 1361965024
1361964965 1361964962
48965808 48965811
1361964960 1361964957
1203958344 1203958346
1203958344 49391005
1203958347 49337567
1203958347 49713693
1203958346 49391004
49313398 49313401
391996660 391996301
391996660 391997112
391996660 391996656
598230244 598230251
49739053 49738957
301364446 49767224
301364446 301364448
49750836 48965879
347336771 347336769
347336771 347336772
48872609 48872606
48872609 366075239
598227515 347332096
598227515 347332098
48872606 275973197
48872606 48872603
1331961294 49045670
1331961296 1331961295
1331961296 49045661
275974858 275974859
275974858 275974857
49060797 49060808
347330404 347330449
347330403 347330422
347330403 347330402
347330402 347330421
347330402 347330401
347330401 347330388
347330401 347330395
316911833 316911832
347961505 347961504
347961505 347961701
49213990 49213993
1361902512 1361902500
598230234 598230260
598230234 598230233
391994538 391992990
1361902516 1361902578
1361902516 275981207
598230230 598230233
49435107 1361902632
49435107 49047512
281864761 281864760
347331054 49060807
347331054 49060806
49734376 49734380
1361902296 48868053
1361902296 1361902292
1361965029 1361965047
49391005 49713693
49391005 49713694
1361965024 1361965080
1361964910 1361964816
347331023 347331022
347330391 347330388
347330391 347330627
347332669 347332525
48868053 48965879
48868053 278083875
391999184 391999182
391999185 391999186
598228007 598229780
598228007 598229892
49587382 49587378
598229892 598229846
598229892 598230049
49082353 347954222
49082353 49082355
347330515 347330517
48889804 48923351
49082356 49082355
49285714 49426621
49285714 49285715
275984912 49426619
49110706 49110705
49110706 49110707
49074042 49426629
49074042 49426628
49110707 49120828
347962598 347962599
347962599 347962600
1361902749 1361902736
281864801 281864800
281864801 281864809
347331021 347331022
49738979 49738982
49738979 49738977
49120830 49120829
49063283 347963307
49063283 347963179
1361964702 1361964697
281144735 281144642
281144735 281144734
1361902581 409151956
347333287 347332386
347333287 347332385
347333287 347333650
275974032 48923351
1361965154 1361965173
1361965154 347961504
1361965156 1361965160
391996523 391996319
1361965092 1361965087
391996525 49047519
391996525 391996656
391996525 391996524
391996524 49047517
391996524 391996319
347336768 347336769
347336768 658958509
347336768 347336766
1361964775 1361964772
347330395 347330427
347336760 347336759
347336760 347336761
347336761 347336762
347336762 347336764
392001036 392001026
347336764 347336766
598228712 598228717
281864800 281864798
280917193 280917191
347332943 347332322
281864804 281864809
281864804 281864805
281864715 49311269
1361902632 1361902600
1361964678 1361964697
49734389 49734385
49734389 49734393
347960058 347963380
49734384 49734385
49734384 49734380
1361964772 1361964773
1361964773 1361964685
281144647 281144737
281144647 281144645
598228002 598229846
598228002 598228048
347330863 347330774
1042311728 1042311735
598232023 598232024
598232023 598232022
48923351 48923354
48923354 366075239
347330050 347330051
347330050 347330030
347962712 347962711
598227097 1361976638
278604262 1361902503
278604262 275983914
598232149 598232150
347963151 347963149
347962711 347962601
347962711 347962836
391992989 391993069
391992989 391993068
391992989 391992990
347332308 347332309
347962717 347962720
49426621 49426619
347332094 347332095
347332094 347332093
49060808 347331202
49060808 49060807
347330447 347330448
347330447 347330422
347330447 347330386
347961500 347961499
347332090 598228048
347332091 598229774
49060803 49060802
49060803 49060804
347330448 347330454
347330448 347330449
347332098 598227834
1361981488 1214982323
49166537 49166535
49166537 49063282
49166535 49193574
49166535 49426626
391997127 391997121
391997127 391997112
347332390 347332389
347332390 347332385
347332390 347332543
347332909 347332866
347332909 347332788
347332909 347332908
49738951 49738953
281144643 281144642
49738953 49738957
347333655 347333654
1361902576 1361902578
49738957 49738964
49400432 275973197
925958658 925958659
925958658 347336574
347336775 347336774
347336775 347336779
391998995 391999174
391998995 391999182
49047512 391996303
49047512 49435111
49047512 49047510
391993066 391993068
391993066 391994541
347332540 347332538
347332542 347332543
391996303 391996302
391996303 49047514
391996302 391996314
391996302 391996656
347332789 347332866
347332789 347332788
49306779 1361902353
49343753 49343754
347333713 281144530
49089493 49334453
49089493 49113617
49515573 49515567
347336774 347336773
391993413 391993224
347333861 281144539
347333861 281144532
49734402 49734406
49734402 49734398
391991283 391993069
1346364825 1346364758
275974918 275974857
275974918 49751479
347336757 347336758
347336757 347336756
347336756 347336780
347336759 347336758
347330628 347330629
347330628 347330627
49060798 49060799
598227806 598227805
598227806 598227809
598227804 598227805
598227804 598227802
598227802 598227801
49193574 49426624
49193574 49063282
598227800 598227801
49311258 49311256
391997876 391997875
391997876 391997878
391997874 391997875
391997874 391997873
1361965111 1361965126
1361965111 1361965080
1361965050 1361965033
347332530 347332532
347332532 347332534
347336772 347336773
347332534 347332535
49391004 369914099
347332536 347332538
347332536 347332535
347330629 347330630
316911828 316911827
347960593 347960591
347960590 347960591
347962722 347962838
347962722 347962720
49120828 49120829
49414287 49767224
49414287 49295407
316911822 316911823
316911823 316911824
316911824 316911825
316911825 316911826
391992990 391994541
316911827 316911826
598229846 598229813
49045674 392000685
49060799 49060801
1361964639 1361964642
281144724 281144574
281144724 281144722
278083875 278083670
281144721 281144719
281144721 281144722
281864797 281864798
280920004 280920224
280920004 280920223
280920000 347330030
49295409 49295408
49337567 49337569
347963307 49295475
347963307 347963308
347963139 347963142
49295402 49555894
49295402 49555893
49337569 49334453
49337569 369914100
281864785 281864784
49295407 49110704
49295407 49295408
347332870 347332868
280920224 391997878
347962423 49063282
278083670 420220408
391997119 391997121
391997119 391997112
347962836 347962838
347963144 347963148
347963144 347963143
347332788 347332787
347333654 347333653
347336574 281144438
598226808 1357381192
1361964642 1361964685
281144751 281144750
347332908 347332787
559462929 559462879
598232123 598232150
281144578 281144577
347963179 347962362
281144577 281144576
347330429 347330427
347330051 347330052
347332868 347332867
49738982 49738986
281864721 281864719
598229781 598229780
347333229 347333230
347330054 347330052
347330054 347330056
1214982323 1214982319
598227862 598227865
347332096 347332095
347330056 347330057
1226395715 49337396
1226395715 48924752
1361965033 1361965047
49738968 49738964
347330773 347330774
598229621 281144539
347330380 347330454
347330386 347330454
347330386 347330387
347330387 347330421
347330387 347330564
347330388 347330389
1361964904 1361964962
392004775 392004772
391999174 391999182
49343764 49343765
49343764 1359151221
347332671 347332672
347332671 347332670
49343761 49343762
49343762 1359151221
347332675 347332528
347332675 347332527
347332675 347332674
347332867 347332866
49082362 49082359
347336779 347336780
347332723 347332724
49337396 49113617
49337396 49337397
347337301 347337304
347332092 347332093
598227834 598227839
598227872 598227871
49370082 49370080
49370080 49515581
347333660 347333659
347332666 347332528
49426629 49735050
49060802 49060801
392001022 392001023
392001022 392001020
559462876 559462879
316911815 316911814
280915696 48915872
49734398 49734397
49734397 49734393
347960060 347960063
347960060 347963380
49060804 347330908
281144719 281144718
281144718 281144717
559463378 559463388
1334204276 1334204272
281144717 281144716
347962600 347962601
347962601 347962602
347962602 347962604
347332849 347332848
49426626 49426628
347963142 347963143
1214982319 1214982315
281144530 281144532
347963149 347963148
347332528 347332529
347333659 347333658
347333653 347333652
347333652 347333651
347333651 347333650
347332674 347332673
1346364733 1346364759
49110704 49110705
347332388 347332387
347332388 347332389
347332386 347332387
347332385 347332523
598232022 598232020
347960063 347960065
49113617 48924752
49555893 49308687
391996314 391996319
49515563 49515567
347330421 347330422
49713694 49587378
281144430 281144431
281144431 281144432
598227833 598227831
598227833 598227839
598230252 598230251
49047517 49047516
347332523 347332525
347332526 347332670
347332526 347332527
347332525 347332670
347332672 347332673
