283285715 -121.89388468 37.34053191
282654147 -121.89151151 37.33801071
282654146 -121.8914064 37.33803066
283004430 -121.89639447 37.34188458
283285302 -121.89224979 37.34038279
283287562 -121.89158804 37.33769907
283287563 -121.89161704 37.33774492
283287564 -121.89183899 37.33801952
435793550 -121.89355217 37.35345588
282654148 -121.89159516 37.33807852
65468916 -121.88418497 37.33920044
65551819 -121.87858989 37.33939029
65426269 -121.88632479 37.34020878
65551817 -121.88069131 37.33838119
65551816 -121.8817352 37.33789496
661160337 -121.89263159 37.33908418
661160336 -121.89138629 37.33741216
65468919 -121.88278863 37.33738408
470210209 -121.89175249 37.34158157
470210208 -121.89235331 37.34130874
470210201 -121.89480811 37.34211391
470210205 -121.89325461 37.34176581
470210204 -121.89391553 37.34251649
470210207 -121.89279109 37.34197737
568750585 -121.89205231 37.34980229
246008816 -121.89679597 37.33719423
65532573 -121.89599843 37.33929742
282656281 -121.89595543 37.34241172
65532575 -121.89608602 37.33913791
282653164 -121.89148368 37.33872678
282654790 -121.89011584 37.33939314
282651140 -121.89786952 37.34178391
65520542 -121.89435901 37.35476589
568750567 -121.89288841 37.35255516
465195253 -121.89381528 37.3375544
281304231 -121.8809219 37.33718493
282655524 -121.89575167 37.34295537
281304233 -121.88105073 37.3372053
281304235 -121.88160108 37.33795749
456983790 -121.89529737 37.33972967
456983791 -121.89693678 37.34091027
282655528 -121.89657343 37.34262998
282655529 -121.89665934 37.34275286
65537594 -121.88214691 37.34415289
65537596 -121.88637458 37.34985401
435793555 -121.89368092 37.35372879
656759650 -121.89331203 37.33988248
656759651 -121.89334841 37.33995641
65532756 -121.87828562 37.35079228
65532751 -121.88107353 37.34946031
65532753 -121.88011598 37.34992023
283005608 -121.89700258 37.34221566
568750516 -121.89288187 37.34315142
283005606 -121.89705413 37.34236578
65491361 -121.89839297 37.34247307
246008794 -121.8971066 37.3407987
65426258 -121.89166884 37.33766236
369909004 -121.89336676 37.33880959
369909000 -121.8931143 37.33846887
369909002 -121.89320021 37.33842797
283277306 -121.88442679 37.35107274
283286383 -121.89065698 37.33814223
283277309 -121.88483876 37.35167992
312649116 -121.90019818 37.34905471
312394696 -121.89233897 37.33869074
283284058 -121.89932227 37.3478069
282654100 -121.8915318 37.3379595
65551821 -121.87762689 37.33986194
65459869 -121.90013649 37.34913006
65580802 -121.88518988 37.35331439
65459863 -121.8985446 37.34697692
435793552 -121.89356927 37.35361279
282656493 -121.89653051 37.34220703
65564021 -121.89127774 37.35044024
283277405 -121.88442679 37.35114088
283277406 -121.88499332 37.35191193
65476640 -121.87949027 37.34734388
370199003 -121.88881774 37.33764979
283277402 -121.88392136 37.35247503
65563064 -121.89502931 37.33800351
283277392 -121.88322516 37.35200061
65595263 -121.89485681 37.35162737
65595260 -121.88739927 37.34164888
65595261 -121.89329468 37.34949862
369903393 -121.89048498 37.33791306
309050645 -121.89882162 37.34204878
283285697 -121.89472178 37.34159741
575264030 -121.8938825 37.34253216
65510124 -121.88638916 37.3381584
283286384 -121.89174302 37.33957687
283285698 -121.89844678 37.34664692
283285699 -121.89796533 37.34600353
283277476 -121.8837917 37.35140701
65535444 -121.87801388 37.35381588
65476632 -121.88429939 37.34506836
65508187 -121.89609088 37.33750126
452847862 -121.89654644 37.34262269
470209449 -121.89976752 37.34937222
369900369 -121.89096233 37.33760201
282654772 -121.8904108 37.33896558
282654774 -121.89066829 37.33890422
282654775 -121.89071121 37.33872678
282654777 -121.89049663 37.33859711
282654778 -121.89033352 37.33858353
282654779 -121.89019622 37.33862444
281149430 -121.87838201 37.33721779
282656372 -121.89712269 37.34244583
65610307 -121.89065111 37.35361958
65610305 -121.88319063 37.34365769
282654938 -121.89773214 37.34157923
614066605 -121.89784681 37.34606061
65426275 -121.8842118 37.3412038
283004354 -121.89619406 37.34202933
656784559 -121.89141336 37.33914059
408457628 -121.89392173 37.33762766
656784551 -121.89098429 37.33857683
65426107 -121.89964623 37.34422682
65460555 -121.88082802 37.35248249
312708588 -121.89545763 37.34004802
465195298 -121.89579802 37.33972439
465195299 -121.89565209 37.3397995
452847859 -121.8961638 37.34279217
452847854 -121.89668373 37.34346893
452847851 -121.89625458 37.34365308
65508975 -121.89647469 37.34798468
65508971 -121.89485991 37.34583287
65508979 -121.89801922 37.35015207
283277359 -121.88561987 37.352758
283277355 -121.88490749 37.35246464
283277356 -121.88507061 37.35250554
65508980 -121.89965881 37.35224017
470214109 -121.87959236 37.34220443
283285702 -121.89642121 37.34391753
283285700 -121.8973138 37.3450775
282653615 -121.89150942 37.33881546
282654525 -121.88988308 37.339066
282654527 -121.8900368 37.33844062
282654526 -121.88997218 37.33870993
282654150 -121.89159516 37.33829
282654153 -121.89187889 37.33853626
282653618 -121.89114547 37.33876802
282654157 -121.89209313 37.33896558
312397519 -121.89502562 37.34200947
65593455 -121.89166683 37.33961317
369903361 -121.89097457 37.33799504
614066390 -121.89348872 37.33997728
65476612 -121.89273686 37.34104848
65476615 -121.89170119 37.34156447
283285932 -121.89566273 37.34288781
65476619 -121.88959013 37.3425693
614066429 -121.89382701 37.34055521
65518074 -121.89061733 37.34784352
370203355 -121.89449949 37.3372814
65518077 -121.89220461 37.35001033
65518072 -121.88636678 37.34215288
65518073 -121.88897548 37.34566641
470210212 -121.89015607 37.34134277
470210213 -121.88961527 37.34160211
470210210 -121.89068824 37.34012128
470210211 -121.88962391 37.34063987
65518078 -121.89380111 37.35211863
281196717 -121.88085518 37.33830492
470210214 -121.88910037 37.34089241
435779766 -121.89385258 37.35497736
65579981 -121.89274642 37.34683451
65600501 -121.88149229 37.35509563
65518080 -121.89540608 37.35427462
614067060 -121.89270543 37.34666017
614067063 -121.89016412 37.34324421
65660847 -121.89197989 37.34566758
655810454 -121.89860067 37.34695119
65450663 -121.87899792 37.34165232
65634073 -121.89770633 37.33871722
65450667 -121.88230651 37.34601409
65450664 -121.88120328 37.34459344
65634070 -121.89719142 37.33895619
283278211 -121.88346438 37.35265633
283278212 -121.88360293 37.35255332
65620621 -121.8784132 37.34590387
408457627 -121.89424787 37.33806453
408457626 -121.89449681 37.33795531
408457629 -121.89416212 37.33751861
283004355 -121.89623589 37.34193487
283277314 -121.88479593 37.35234863
283277312 -121.88496759 37.35214386
312092912 -121.89683469 37.34468346
282652451 -121.89131202 37.33829
312092911 -121.89685749 37.3446206
465195326 -121.89494826 37.33797752
465195327 -121.89406749 37.33742499
282652329 -121.89226471 37.3390748
282652328 -121.89213596 37.33908159
465195328 -121.89414787 37.33811884
465195329 -121.89430126 37.33833384
65532737 -121.89121823 37.34464088
369909080 -121.89292847 37.33806847
65459852 -121.89609499 37.34371963
65476782 -121.88852219 37.34883636
65476785 -121.89011886 37.35098598
65459857 -121.89694332 37.34484557
65560752 -121.89931138 37.34376958
65476788 -121.89170681 37.35312161
283284044 -121.89866513 37.34692152
65580814 -121.87929941 37.34546717
452847826 -121.89934448 37.34773347
65466426 -121.89860654 37.35275607
65466420 -121.89296678 37.34521722
65466423 -121.89544899 37.34846152
65466422 -121.89384554 37.34631366
65466429 -121.90021872 37.35488793
452847828 -121.89853773 37.3466828
65405851 -121.89691742 37.3373446
470214128 -121.8875747 37.34086006
470214124 -121.88806387 37.3406485
470214121 -121.88736867 37.33967268
408456591 -121.89361269 37.33782564
435783987 -121.89167052 37.34734438
408456594 -121.89301187 37.33810543
283286499 -121.89339752 37.33996554
408456597 -121.89296904 37.33805078
65525544 -121.89475489 37.3391131
65525545 -121.8955443 37.33873466
1181842263 -121.88567301 37.3372695
1181842262 -121.88628447 37.33810761
1181842261 -121.88563236 37.3373695
1181842267 -121.88602698 37.3378709
1181842266 -121.88633007 37.33808104
1181842265 -121.88460767 37.33785473
283287546 -121.89266897 37.33913498
65532585 -121.89628693 37.33773604
283287545 -121.89243 37.33881102
65540003 -121.89424946 37.33839494
283286390 -121.89237862 37.34020543
283286391 -121.89218123 37.34011667
577415665 -121.88274228 37.337211
282653710 -121.89119183 37.33868579
470209452 -121.89606817 37.34377696
470209451 -121.89562191 37.3439886
568750531 -121.89232942 37.34429262
65581887 -121.89861517 37.3456799
65467672 -121.87807113 37.34209027
65466424 -121.89703686 37.35059027
65600493 -121.88902712 37.35150273
65600490 -121.89436756 37.34896636
65600497 -121.88428061 37.35374732
283004397 -121.8966212 37.34135032
435780867 -121.89270208 37.35265038
435780864 -121.89251357 37.35208452
435780865 -121.89243637 37.35222776
465198499 -121.89855139 37.34667643
465198498 -121.89892799 37.34650452
656759653 -121.89327942 37.33985113
283276740 -121.90022073 37.34196689
282655541 -121.89549417 37.34257324
283278229 -121.88512358 37.35154548
65467074 -121.89289562 37.33715207
65426290 -121.87822326 37.34403797
65467076 -121.89334187 37.33715903
65430040 -121.88163981 37.33964259
65426113 -121.90021763 37.3449775
65467078 -121.89388258 37.33716582
465195360 -121.89442473 37.33724729
65520539 -121.89647041 37.35376291
312397520 -121.89484818 37.34209522
65520536 -121.8975433 37.3532444
470214115 -121.88384961 37.34078504
470214114 -121.88284538 37.34131729
470214117 -121.88443333 37.33961132
470214116 -121.88339473 37.34015036
470214111 -121.88019318 37.3416244
470214110 -121.88032201 37.34178131
470214113 -121.88233903 37.3406485
65426271 -121.88530237 37.34068546
470214118 -121.88629579 37.3402118
65426277 -121.88315081 37.34169473
614066319 -121.89575653 37.3396617
65508965 -121.89062228 37.34010527
65508962 -121.88845497 37.33718191
65460557 -121.88244221 37.35464443
614066312 -121.89560222 37.33982372
65460552 -121.8792342 37.35034779
614066316 -121.89565586 37.33974158
65537604 -121.88957823 37.35413138
65529804 -121.8799522 37.3412012
65537600 -121.88799027 37.35196851
283277328 -121.88307932 37.35167313
65529802 -121.8831079 37.33970947
369862885 -121.8934878 37.33735014
283277327 -121.88316506 37.35173449
283277326 -121.88319088 37.35178226
283277321 -121.88349129 37.35230773
283277320 -121.8836715 37.3524032
282652408 -121.89161243 37.33896558
286903229 -121.88613494 37.33995532
286903227 -121.88559422 37.34012589
65624875 -121.89821603 37.34507272
282652405 -121.8913453 37.33918452
65460549 -121.87765857 37.34823747
470210197 -121.89606976 37.34380613
65466419 -121.89223043 37.34414912
65466414 -121.89061842 37.34206823
65466410 -121.88740052 37.33768038
65466413 -121.88957471 37.34062117
65593462 -121.89909143 37.3496085
65593460 -121.89751438 37.34747673
65476626 -121.88641842 37.34407787
65476624 -121.88745333 37.34359541
65476621 -121.88851448 37.34307573
65564014 -121.88958166 37.34833429
65564016 -121.89018759 37.34915739
283286299 -121.89276427 37.34006051
283286298 -121.89309963 37.3399119
65564012 -121.88528736 37.34265286
65420436 -121.87854278 37.33744577
65420432 -121.87960602 37.3388883
1181842252 -121.88571719 37.33771953
1181842250 -121.88582322 37.33783788
1181842256 -121.8857736 37.3375969
1181842255 -121.88611424 37.33785062
283004295 -121.8968875 37.3417151
283004296 -121.89758303 37.34135853
568750443 -121.89210973 37.35005434
283004292 -121.89626933 37.34218423
65582815 -121.89886596 37.34314103
65582819 -121.89990498 37.34279502
65628102 -121.88025881 37.34502117
65628100 -121.88847466 37.34111319
65450674 -121.88863107 37.35460747
65450671 -121.88547587 37.35027989
65450673 -121.88705091 37.3524472
283004724 -121.89608418 37.34096919
283004720 -121.89516787 37.33993034
370203354 -121.89411652 37.33747318
65580000 -121.87893153 37.35338111
614066620 -121.89790447 37.3460337
435781071 -121.89380111 37.35378336
435781074 -121.89441048 37.3545612
65555034 -121.89981731 37.34208289
282653983 -121.89078958 37.33844364
282653986 -121.891106 37.33829679
282653987 -121.89115746 37.33820132
282653984 -121.89086091 37.33841481
65579993 -121.88267841 37.35160557
65579991 -121.88359439 37.35117148
465198480 -121.89625014 37.34362491
65579998 -121.87987986 37.35293168
65579979 -121.895953 37.34531487
282654784 -121.89023914 37.33893147
614066214 -121.89193731 37.34583514
614066211 -121.89006748 37.34329224
614066210 -121.89006882 37.34321009
614066213 -121.89111337 37.34468858
465195254 -121.89436153 37.33727244
465195252 -121.8937038 37.33739741
286903266 -121.88564569 37.34017366
282652330 -121.89232481 37.33905426
282654782 -121.89013613 37.33882233
65459840 -121.89329292 37.339844
65459843 -121.89455867 37.34167931
65459842 -121.89375694 37.34058496
452847831 -121.89895816 37.3464849
282656279 -121.89668499 37.34247307
452847833 -121.89842608 37.34586389
283004890 -121.89780942 37.34179481
370199020 -121.88986329 37.3371825
470214096 -121.88796094 37.34132408
614066285 -121.89600287 37.33930329
283277376 -121.88401482 37.35263521
283277377 -121.88397191 37.35271701
245924864 -121.89882246 37.34567538
283277378 -121.88400627 37.35286026
530392002 -121.89956451 37.34240099
65525553 -121.89664484 37.33823443
283284775 -121.8974941 37.34502293
65525551 -121.89610404 37.33849368
435793549 -121.89330331 37.35312161
65459835 -121.89275622 37.33909642
282653619 -121.89128352 37.33895913
456983789 -121.89359802 37.33734812
286903274 -121.88601583 37.33978424
286903275 -121.88493331 37.34024868
283277453 -121.88431523 37.35112051
283277451 -121.88419512 37.35123652
281304229 -121.88072451 37.33728719
282654450 -121.8911101 37.33887086
282654099 -121.89195776 37.33801113
369907905 -121.89305973 37.33978332
369907902 -121.89297482 37.339513
282654306 -121.8913893 37.33895879
286903267 -121.88506197 37.34039889
369907908 -121.89300709 37.33990377
65532566 -121.8953283 37.33985146
408456608 -121.89324372 37.33723882
282654788 -121.89030779 37.33927269
408456604 -121.89272873 37.33794173
408456605 -121.89231668 37.33741619
408456606 -121.89269428 37.33724561
282654781 -121.89010972 37.33872963
282654780 -121.89013613 37.33867221
408456602 -121.89277156 37.33811909
408456603 -121.89266 37.3379621
369900005 -121.89146633 37.33737671
282655535 -121.89773214 37.34169523
282655534 -121.89823003 37.34233661
282655533 -121.89774069 37.34248673
282655532 -121.89767213 37.34240476
65426284 -121.88013517 37.34313457
65426287 -121.87916329 37.34359088
65532749 -121.8819838 37.3490325
65426280 -121.8820931 37.34220661
65426282 -121.88105593 37.34270659
65532743 -121.88792791 37.34621316
65532740 -121.89006354 37.34516651
65532746 -121.88294353 37.34855699
65532744 -121.88585959 37.34720927
65532745 -121.8847914 37.3477219
470214106 -121.87947217 37.34286627
470214107 -121.87908601 37.34232044
470214104 -121.87921467 37.34361008
65426268 -121.88741838 37.33968022
282657027 -121.8952625 37.34268237
282657028 -121.89430151 37.34312099
65426261 -121.89058808 37.33817492
65426266 -121.88848539 37.33916473
470214108 -121.87951516 37.34213612
282654789 -121.89025632 37.33932726
65469338 -121.89403824 37.34470534
281302621 -121.87986586 37.33726397
65469337 -121.89505882 37.34420452
283285934 -121.89542343 37.34255002
282654452 -121.89071984 37.33882233
369901923 -121.89128922 37.33784132
282656494 -121.89611854 37.34267784
282653735 -121.8914779 37.33936137
282653734 -121.89156038 37.3393343
283285933 -121.89691038 37.34457257
282556751 -121.89161779 37.33777384
282556750 -121.89258766 37.33909089
282556753 -121.89063083 37.34000527
282556752 -121.88969524 37.33868143
65476638 -121.88038956 37.34691531
65476630 -121.88534143 37.34457693
283277410 -121.88417031 37.35250152
65476634 -121.88323321 37.3455706
65476636 -121.88137452 37.34645758
282653422 -121.89127774 37.33854934
282653424 -121.89162098 37.33880859
282653427 -121.89147513 37.33891101
283277381 -121.88440106 37.35334474
369910678 -121.89314841 37.33991961
283277385 -121.88501051 37.35203473
65420427 -121.8805914 37.34011876
65420426 -121.88103841 37.34068773
282652946 -121.8913893 37.33855621
452847876 -121.89818879 37.34234919
65476641 -121.87858896 37.34779776
282654223 -121.89222599 37.33934654
470214105 -121.87889717 37.34311881
282654224 -121.89250812 37.33875159
282654225 -121.8912277 37.33787057
312708558 -121.89563792 37.34001391
452847872 -121.89764497 37.34243167
1181842248 -121.88570378 37.33733673
283278251 -121.8854053 37.3524441
312709308 -121.89992024 37.34222622
282658802 -121.89815182 37.34215548
456983137 -121.89902254 37.33992757
65450669 -121.88386277 37.34813069
282653634 -121.89198568 37.33848362
283285722 -121.89596968 37.34330598
312709304 -121.89851258 37.34213746
281196716 -121.8799864 37.33719851
65426264 -121.88959113 37.33865537
282656369 -121.89681382 37.34256184
283278376 -121.88501051 37.35305816
282656367 -121.89664207 37.34254809
65579986 -121.88744947 37.34934472
65546464 -121.8817243 37.35205769
65546466 -121.88333178 37.35422257
65579988 -121.88453182 37.35072732
283004088 -121.89752444 37.34127178
65496938 -121.89359509 37.34214551
282652391 -121.89127774 37.33866534
33783809 -121.89934482 37.34008297
65616166 -121.89611854 37.33945433
283004429 -121.89616833 37.34159264
369901889 -121.89106207 37.3375565
65600495 -121.88613637 37.35286227
465195300 -121.895695 37.33995649
465195301 -121.89651559 37.34060701
465195302 -121.89680217 37.34048187
465195303 -121.89635592 37.33993604
465195304 -121.89605551 37.34007249
246008821 -121.89772351 37.33740713
65496945 -121.89795527 37.34001391
65496944 -121.89691667 37.34053928
452847849 -121.89691549 37.34451289
452847846 -121.89734456 37.34437643
452847843 -121.89748203 37.3444719
282652943 -121.89103726 37.33855621
282652942 -121.89091112 37.33860549
283004880 -121.89666504 37.34243862
283004881 -121.89668331 37.34237048
283004883 -121.89682061 37.34226813
282652949 -121.89156951 37.33869954
282652948 -121.8915266 37.33863802
65616112 -121.89978353 37.34441097
65529799 -121.88525803 37.33869308
65476779 -121.88687079 37.34670208
65476775 -121.88205622 37.34020661
65476777 -121.88423904 37.34315368
65619439 -121.8959509 37.35112906
65619434 -121.88770378 37.35501516
