28794442 28794441
28794442 775596343
30064203 1273195022
30064203 1083142781
30064203 1273195016
30064203 61785387
28794441 31829629
28794441 28794437
28794444 28109280
28794444 28794436
28794444 28794445
28794445 29160775
28794445 29155236
28794448 28794449
28794448 29155236
28794449 28794437
30064165 1273195017
30064165 1273195016
29095450 29095539
30064202 61764215
30064202 35927147
30064202 1273195014
29145511 29096156
29145511 1083142464
29145511 29160774
29145511 32449478
29145510 35927123
29145510 35930993
29145510 29145509
29145510 29160545
60749820 60749822
60749820 28294386
60749820 60749809
61764218 29095092
61764218 29096564
61764218 35930996
61764218 1083142363
61764215 29160775
61764215 29155236
61785407 61785364
61785407 61785408
61785407 1273201186
28294350 28294355
28294350 31829633
28294350 1273201186
61764213 28109279
61764213 28109280
61764213 27584879
28800979 35927094
28800979 32448886
28800979 29096535
28801014 29095705
28801014 28801013
28801014 36417185
28801015 36417183
28801015 36417184
28801015 36417185
28801012 35968157
28801012 35968156
28801012 50923643
28801012 35968158
28801013 35968157
28801013 324773873
354123349 324774090
354123349 32448888
354123349 35927104
354123349 29544285
321042105 321042106
321042105 321042099
61814734 61785373
61814734 61814707
29095092 1273201155
321042257 321042260
321042257 321042150
29711987 321042094
29711987 29160545
29711987 35930995
321042098 321042082
321042098 321042113
321042098 444430182
321042099 444430182
321042099 321042093
353133245 354123306
353133245 353133247
353133245 29095247
353133245 32449488
353133245 29096692
353133247 35929899
353133247 35927082
353133247 354123306
353133247 29096024
321042090 321042088
321042090 321042093
321042093 321042094
29096685 35927082
29096685 324498265
29096685 324498230
29160550 29160734
29160550 29160771
29160550 29096707
29160550 35927160
29096688 324773873
29096688 35927090
29096688 324773842
29096688 35968158
768716023 339319113
768716023 775596343
318607064 1288421528
318607064 60668816
27590340 768715994
27590340 28109273
27590340 31830170
35927166 29160734
35927166 29096628
35927166 35927160
29096667 29096549
29096667 35927127
29096667 321042168
29096667 1083142464
60649425 60649317
60649425 60649394
60649425 36417886
27685728 28794421
27685728 27685721
27685728 60650587
60649427 60649315
60649427 60649314
60649427 60649275
60649427 60649319
29160734 28797644
35927156 29160771
35927156 35927151
35927156 29160773
35927156 35927160
35761801 27563808
35761801 1288421435
35761801 35927094
29555361 321042274
29555361 321042233
29096813 28797644
29096813 29095385
29096813 29160781
29096813 35788222
29096811 36417182
29096811 36417184
29096811 35927086
29096811 29095705
321049991 30064173
321049991 1273195082
29096132 35788236
29096132 29096148
29096132 28109288
29096132 35788242
29096132 28109289
32448888 324773722
32448888 32448889
32448888 29544285
32448888 32448887
321064904 321064901
1273201191 31899583
1273201191 29160545
1273201191 35930995
335352428 339319048
335352428 335352430
324773842 35968160
28109336 335352441
28109336 339319097
28109336 28109333
28109337 335352441
28109337 27588899
28109333 321050220
32448869 35761785
32448869 324773984
32448869 28635042
32448869 60649319
61785408 61814709
324498230 324498227
324498230 35929916
60749809 60749774
28294355 61785363
28294355 61814698
458408332 335352446
458408332 29096630
321064810 321064806
321064810 41416571
28294398 1241105722
28294398 28828115
28800978 29124051
28800978 35763565
28800978 35930989
35968163 35968160
35968163 35968161
35968163 27563808
35968163 35927094
35968160 35968158
35968161 28635039
35968161 35968159
35968161 35968164
35968164 27563808
35968164 318607364
61785359 61785360
61785359 38428095
61785359 61814691
321027959 321027962
321027959 321027957
321027956 321027890
321027956 321027957
35763629 35763565
35763629 27563807
35763629 35927170
35763629 35763630
321050220 28109329
321050223 321050149
321050223 31830348
31829637 1273201165
31829637 61785364
31829637 31829633
31829631 451022480
31829631 335352436
31829631 31830341
32449062 1288421546
32449062 35761771
32449062 32448885
32449062 32448873
28294386 29095539
28294386 60749670
28294386 60749774
321042426 321042429
321042426 35927132
321042429 321042163
29095210 29096527
29095210 29095247
29095210 35927086
29095210 29095064
29160459 29160455
29160459 321070241
29160459 60652038
29160459 29096564
29095565 31830348
29095565 321070230
29095565 28109328
29160455 28794428
29160455 29096836
29160455 29124056
29095402 29095105
29095402 29095886
29095402 324773722
29095402 29096696
31899583 29544282
31899585 29154959
31899585 1273201155
321050092 30064173
321050092 35930996
321050092 321050089
321050092 1083142363
32448889 348047524
32448889 32448890
32448889 324773722
29096160 29096156
29096160 32449479
29096160 32448881
29096160 324774165
32448883 32448882
32448883 29096707
32448883 32448896
32448883 32448884
32448882 32448881
32448882 324774165
32448881 32449479
32448881 32448879
32448881 32448895
32448887 324773722
32448887 32448886
32448886 32448873
32448886 32448885
32448885 1288421435
32448885 60668814
32448884 28797644
32448884 29096707
29145286 29096185
29145286 308242087
31955933 35789333
31955933 28828115
29096628 27563812
29096628 29095385
29096628 29096738
29145288 308242074
29145288 335352436
29145288 28384286
38428096 61785360
38428096 451022480
38428096 61785366
38428096 29173773
321068242 29160781
321068242 28109288
1288421510 318607054
1288421510 318607098
321042228 29555373
321042228 29555330
60749772 355316193
1273195066 61764182
1273195066 29096425
60749774 355316198
60749691 60749695
60749691 60749755
60749691 60749693
27563807 35761781
27563807 35761775
318607054 1288421530
318607054 35761785
29095886 32448890
29095886 324774110
29095886 348047522
29096308 35788246
29096308 29095721
29096308 29096148
29096439 339319106
29096439 339319097
29096439 335352446
29096535 29095105
29096535 35927090
29096535 324773722
582874560 582874539
582874560 1261317449
582874560 31737026
35927113 35927108
35927113 29145508
35927113 35927118
308242087 339319332
29154964 28794421
29154964 60650587
29154964 29095022
29154964 35761805
35927118 35927123
35927118 29145509
321070230 321070241
321070230 321050068
29096549 29095737
29096549 35927123
29096549 29124055
1334003841 321027981
1334003841 1334003845
29095607 339319332
29095607 308242093
318607308 60668813
318607308 318607299
32600634 32600635
32600634 32600633
32600635 32600629
32600635 35788222
32600632 32600633
32600632 32600630
32600630 32600629
60749858 27591802
60749858 355316193
1273195133 1273195023
348047524 32448890
348047524 32448876
348047524 32448875
60652038 28794428
60652038 321070241
348047522 32448890
348047522 32448892
348047522 348047523
360749023 28109278
360749023 27588899
30064173 321050062
30064173 28794433
30064170 1273195023
30064170 1273195014
29544282 1273201165
29544285 32448875
29544285 29096159
321042094 35927132
61764182 321050062
29095721 35788222
321064771 35788236
321064771 321064792
321064778 321064832
321064778 28109290
36417901 35761790
36417901 60668810
36417901 35761785
36417901 324773984
61785360 61814692
61785361 61785370
61785361 31890087
61785361 29173773
321027962 35789333
61785364 61785365
61785365 1083142788
61785365 1083142781
61785365 448203551
61785366 31890087
61785366 31829648
61785368 61785369
61785368 61785356
61785369 61785357
35763630 35763565
35763630 60649312
35763630 60650587
321042042 29160779
321042042 321042109
321042042 321042044
321042042 321042039
321042260 35927142
1288421550 318607310
1288421550 60668815
339319048 1273201159
29095539 60749672
29095539 29095118
28794421 28794420
28794421 28794422
28794422 28794420
28794422 29095393
29095247 35927085
29095247 29096692
28794425 28794420
28794425 29095772
28794425 28109329
28794428 29095772
29096696 29096527
29096696 324774110
29096696 29095064
29096692 29096527
29096692 32449487
29160545 35927127
29160545 35930994
29096530 29096145
29096530 28109288
29096530 29160780
29096530 28109263
29096190 31737027
29096190 29095504
29096190 60749760
29096190 60749674
27588895 28384286
27588895 60749946
35761805 35927174
35761805 60649312
35761805 60649320
35927151 29160774
35927151 35927147
35927151 29160775
321042168 354123295
321049973 321049959
1083142781 29544279
321042163 35927127
321042163 321042153
321050149 31830341
60749796 60749758
360748988 28109278
360748988 360749030
360748988 360749000
60749681 60749686
60749681 60749760
60749681 60749674
60749686 60749668
60749686 60749661
31955945 31955952
31955945 31955943
31955945 31955947
31737030 1261317449
31737030 31737028
31737030 28109282
60749668 60749695
60749668 60749670
35788222 35788246
60749661 60749695
60749661 60749758
60749664 458408374
60749664 60749760
318607347 35761781
318607347 35761785
28109324 32449489
28109324 32449490
321042110 321042113
321042110 321042109
324498207 35927084
324498207 35927085
324498207 324498213
28109329 29095772
29095105 35927088
29095105 324773722
29095105 29095064
29145509 35930992
29145509 29145508
321042281 321042247
321042281 321042284
321042284 29555348
321042284 321042233
60749950 27588899
29095064 35927087
321042172 354123295
321042172 321042181
35927160 29096738
31890087 61785371
321064792 321064879
321064792 321064886
31829629 61785287
31829629 31737023
28797644 29160780
32448897 29160780
32448897 32448896
28828117 321027981
28828117 28109263
28828117 28828115
28384286 61785285
321042029 321042025
321042029 321042032
321042025 321042046
29096145 32449481
29096145 32448896
29096145 32448895
60650587 60649322
60650587 60649323
60650587 60649312
321064872 321064832
321064872 321064876
34851813 61785363
34851813 60317927
321064876 321064879
1273201159 31829648
29095772 29096834
35788246 35788242
29096156 29096707
29096156 29160771
321050086 321050068
321050086 321050089
29096159 35927108
29096159 32448875
29096159 29124055
1083142464 29160776
1083142464 32449471
1083142464 32449474
1083142464 29095737
29096630 29095504
321042230 29555348
321042230 29555330
60649317 60649394
60649317 41416540
321050068 321050062
60649314 29124050
60649314 60649313
60649314 28635042
60649313 35927174
60649313 35927170
60649313 60649312
60649311 41416532
60649311 60649395
60649311 41416540
60649311 60649318
60649319 60649315
60649318 41416540
60649318 324773984
29095504 458408374
60749760 60749758
61785387 61785372
32449489 35929899
32449489 29096024
32449484 32449485
32449484 28109262
32449484 29095380
32449484 32449483
32449485 28109271
32449485 32449487
32449485 29095380
32449486 28109271
32449486 28109295
32449486 35929907
32449486 32449482
32449487 28109271
32449487 32449488
32449480 29096806
32449480 32448879
32449480 29124054
32449480 32449474
32449481 28109262
32449481 32448895
32449481 32449482
32449482 28109262
32449482 28109263
32449483 28635130
32449483 32448893
32449483 28109262
35927108 35927099
35927108 29145507
29096527 29095380
35927104 32448873
35927104 35927099
321042150 35927147
321042150 321042153
321042153 354123295
321042153 29160779
32449478 32449471
32449478 32449479
32449478 29096806
1261317462 1261317449
321064901 321064898
60649407 60649397
60649407 41416512
35929916 354123306
35929916 35927084
29095022 60649320
29095022 29095393
29555330 354123295
29555330 321042247
29095385 28109281
29095380 324774110
321042247 321042277
335352441 335352430
1273195014 1273195082
335352446 339319106
32600629 31737028
36417179 36417183
36417179 324498265
1273195019 1273195018
1273195019 31830170
321070241 1083142363
1273195082 321042079
31955949 31955943
321042088 444430182
321042088 321042085
28109288 28109289
28109289 28109295
28109289 28109290
31955943 321027981
28109280 28109279
28109280 29160773
28109281 31737028
28109281 29096557
28109282 321027890
28109282 31737028
41416552 32448870
41416552 41416540
41416552 60649274
41416552 60649315
321064832 321064806
29095737 32449474
29095737 29095127
35927088 324773873
35927088 35927090
35927088 35927087
35927082 29096024
35927084 354123306
35927085 36417181
35927085 35927086
35927086 35927087
35927087 29095705
61785373 61814708
61785373 61785372
61785372 448203551
61785371 61785370
61785370 61785357
1273195017 1273195018
61785374 61814704
61785374 61814707
61814716 61785418
61814716 61785417
61814714 61785416
61814714 61814704
61814712 61814704
61814712 61814711
61814713 61785415
61814713 61785414
61814713 61814711
61814710 61785412
61814710 61814706
61814710 61814711
321042274 321042277
321042274 29555373
1288421546 60668815
339319115 308242074
339319115 339319114
339319114 339319113
339319114 360749030
339319114 61785287
339319113 339319112
339319112 339319111
339319111 339319109
339319111 360749030
28794433 28794435
28794436 1273195098
28794436 29096425
28794436 28794435
321042079 321042082
321042079 35927142
321064886 321064898
29096185 28109274
35762414 60649323
35762414 35763565
35762414 324774036
35761771 35930989
35761771 35761775
35927142 29160779
31890993 60649322
29096835 29124051
29096835 60649323
29096835 29096836
29096835 324774036
29096834 60649322
29096834 29096836
29096834 60651355
1288421530 1288421528
29096836 29124052
35930992 35930993
35930992 35930991
35930992 29124056
35930993 29096564
35930993 35930994
60749697 60749695
60749697 60749702
60749697 60749700
35930991 29145508
35930991 29124052
35930991 35930990
35930996 35930995
60749693 60749702
35930995 35930994
60749755 60749758
29544279 31830170
355316193 355316195
1288421544 60668815
1288421544 60668816
355316198 27591802
355316198 355316195
31737025 31737026
31737025 31737023
31737027 31737026
31737027 29096425
31737023 61785282
60749679 60749674
28635042 35927170
60749672 60749670
60749672 60749677
60749672 60749674
60749670 60749700
324773984 35927214
35927132 29160779
321042109 321042106
321042109 444430182
324498218 324498216
324498218 324498220
324498216 324498213
324498213 324498227
29124051 35930990
29124051 29124052
29124050 35927174
29124050 60649275
29124052 29124056
29124055 29095127
29124054 32448878
29124054 32448879
29124054 29095127
29160781 29160780
321049949 321049948
321049949 321049952
321049948 321049947
321049947 448203551
36417182 36417181
36417182 324498265
36417182 36417184
36417181 324498265
28109263 28109295
36417184 36417185
61814693 61785363
61814693 61814698
61814693 61814694
61814697 61814701
61814697 61814696
61814696 61814700
61814696 61814695
61814695 61814699
61814695 60317927
61814695 61814694
35761790 35927214
35761790 318607364
61814699 61814700
61814699 61814698
61814699 61814702
61814698 61785413
321042039 321042032
29145507 29145508
29145507 35930990
308242074 308242093
61785418 61814701
60651355 28794420
61785412 61785413
61785412 61785411
61785413 61785414
61785411 61814709
61785411 61814705
61785416 61785417
61785416 61785415
61785414 61814702
61785415 61814701
61785415 61814704
41416519 28635039
41416519 41416532
41416519 41416512
41416519 60649397
29155236 1273195093
29155236 1273195098
1273195022 1273195023
36417886 32448870
41416512 50923643
41416512 35968159
60668810 318607098
60668813 318607310
60668814 318607310
60649322 60649323
35927147 29160776
29095724 324774137
29095724 32448876
29095724 32448877
29095724 29095127
29096564 29124056
321042082 321042085
35761775 35763565
339319097 335352430
60649398 41416532
60649398 60649397
60649398 60649395
60649395 60649394
29096738 29160773
29096738 27584879
32449490 35929907
35927170 35761781
29096806 32449479
29096806 32449474
27584879 582874539
27584879 27563812
318607098 318607299
35929907 35929899
60749702 60749704
60749700 60749704
60749704 27591802
35927214 41416532
35927214 28635039
324773873 29095705
335352436 1083142788
32448873 35930989
32448870 60649274
32448870 60649424
1273195098 1273195096
32448876 32448877
32448876 32448875
32448877 32448878
32448877 348047523
32448878 348047523
32448878 32448879
32448879 32448893
1273195096 1273195095
1273195095 1273195094
1273195094 1273195093
324498227 324498222
324498220 324498222
35930990 35930989
50923643 35968156
50923643 35968159
35968157 35968158
35927099 324774090
35927090 35927094
61814701 61814700
61814700 61814702
61814705 61814708
61814705 61814706
61814707 61814706
61814709 61814708
339319106 339319109
321042046 321042044
61785357 61785356
61785282 28109278
61785287 61785285
32448892 28635130
32448892 32448893
32448892 348047523
32448893 28635130
32448893 32448895
32448895 32448896
321042181 29160776
324774110 28635130
60649274 60649275
27563812 29096557
35927123 35927127
29154959 31829648
29160771 29160774
29160773 29160775
29160774 29160776
321049959 321049952
32449488 35929899
28109273 28109274
28109274 28109279
