28794442 -43.94210728 -19.9094
30064203 -43.94229227 -19.91047313
28794441 -43.94148451 -19.91017893
28794444 -43.93842989 -19.91351191
28794445 -43.93854799 -19.9139445
28794448 -43.94088201 -19.91331217
28794449 -43.9410287 -19.91317714
30064165 -43.94216612 -19.91011699
29095450 -43.93109136 -19.91266458
30064202 -43.94013552 -19.9146148
29145511 -43.93920111 -19.9163372
29145510 -43.94249511 -19.91687247
60749820 -43.93174582 -19.91166596
61764218 -43.94314781 -19.91540018
61764215 -43.9400952 -19.91447331
61785407 -43.94331427 -19.9120921
28294350 -43.94416311 -19.91288737
61764213 -43.93705123 -19.91432898
28800979 -43.94377821 -19.92301892
28801014 -43.94065914 -19.92648156
28801015 -43.93937939 -19.92679781
28801012 -43.943209 -19.92586147
28801013 -43.94188776 -19.92618233
354123349 -43.94276811 -19.92135972
321042105 -43.94180947 -19.9147728
61814734 -43.94548393 -19.90983066
29095092 -43.94286576 -19.91446577
321042257 -43.94095653 -19.91500984
29711987 -43.94198482 -19.91484958
321042098 -43.94119122 -19.91406394
321042099 -43.94198792 -19.91451254
353133245 -43.93605613 -19.92488498
353133247 -43.93598908 -19.92501607
321042090 -43.94216352 -19.91442478
321042093 -43.94208314 -19.91456602
29096685 -43.93643156 -19.92619876
29160550 -43.93646173 -19.91621323
29096688 -43.94286626 -19.92460821
768716023 -43.94086198 -19.91058771
318607064 -43.94528612 -19.92210043
27590340 -43.94202212 -19.90966897
35927166 -43.93510378 -19.91643837
29096667 -43.94128367 -19.91585474
60649425 -43.94991243 -19.92551044
27685728 -43.9471619 -19.91946817
60649427 -43.94801837 -19.92333299
29160734 -43.93512742 -19.91652487
35927156 -43.93768348 -19.91581769
27685721 -43.94868481 -19.91730983
35761801 -43.94429764 -19.92302839
29555361 -43.94062394 -19.91594291
29096813 -43.93479281 -19.91745098
29096811 -43.93898779 -19.92554564
321049991 -43.94080356 -19.91343119
29096132 -43.93488401 -19.92006354
32448888 -43.94267046 -19.92146307
321064904 -43.93106446 -19.92206573
1273201191 -43.94220242 -19.91546833
335352428 -43.94345652 -19.91297396
324773842 -43.94395792 -19.92432264
28109336 -43.94216352 -19.91249912
28109337 -43.94055336 -19.91160352
28109333 -43.94464733 -19.91403653
32448869 -43.94666963 -19.92354848
61785408 -43.94410787 -19.91182446
324498230 -43.93615538 -19.92518539
60749809 -43.93145606 -19.91060171
28294355 -43.94801292 -19.91275402
458408332 -43.93934578 -19.91176194
321064810 -43.93119329 -19.92238348
41416571 -43.93126303 -19.92272144
28294398 -43.93145531 -19.91644717
28800978 -43.94484313 -19.92151604
35968163 -43.94413629 -19.9242477
35968160 -43.94403897 -19.92440528
35968161 -43.94426269 -19.92428014
35968164 -43.94475688 -19.92350188
61785359 -43.9479892 -19.91549079
321027959 -43.93220716 -19.91406168
775596343 -43.94230819 -19.90894721
321027956 -43.93221253 -19.91391541
321027957 -43.93223943 -19.91396076
35763629 -43.94604736 -19.9213168
321050220 -43.94475454 -19.91522173
321050223 -43.94484037 -19.91519148
31829637 -43.94284698 -19.91225856
31829633 -43.9439026 -19.91291009
31829631 -43.94429898 -19.91353303
32449062 -43.944389 -19.92230486
28294386 -43.9323484 -19.91152146
321042426 -43.94126767 -19.91505527
321042429 -43.94123011 -19.91514613
29095210 -43.93861756 -19.9242596
29160459 -43.94474917 -19.91635648
29095565 -43.94607963 -19.91652294
29160455 -43.94506567 -19.91752156
29095402 -43.9408707 -19.92245909
31899583 -43.94353463 -19.91324101
31899585 -43.94377369 -19.91310463
321050092 -43.9434188 -19.91434423
32448889 -43.94188994 -19.92103693
29096160 -43.93821799 -19.91787964
32448883 -43.93697881 -19.91808902
32448882 -43.93711829 -19.91819991
32448881 -43.93855947 -19.9190184
32448887 -43.94338661 -19.92186397
32448886 -43.94350463 -19.92193463
32448885 -43.94433259 -19.92240972
32448884 -43.93548214 -19.91727396
29145286 -43.94138032 -19.91087371
31955933 -43.93179947 -19.91460642
29096628 -43.93490773 -19.91571769
29145288 -43.93966546 -19.91111058
38428095 -43.94896569 -19.91643351
38428096 -43.94589364 -19.91352951
321068242 -43.93533998 -19.91964998
1288421510 -43.9457441 -19.92307893
321042228 -43.94110137 -19.91558987
60749772 -43.93128448 -19.90969378
1273195066 -43.93963856 -19.91212093
60749774 -43.93230783 -19.91035361
60749691 -43.93435561 -19.90959303
27563807 -43.94559901 -19.9221016
318607054 -43.94585416 -19.92278347
29095886 -43.94055956 -19.92128403
27563808 -43.94462671 -19.92342108
29096308 -43.93426676 -19.91890181
29096439 -43.9396881 -19.91161349
29096535 -43.94252294 -19.92333667
582874560 -43.93618614 -19.91423569
35927113 -43.94238078 -19.91947094
308242087 -43.94148291 -19.91112064
29154964 -43.94832188 -19.91937254
35927118 -43.94205623 -19.91828314
321070230 -43.94487264 -19.91508
29096549 -43.94160336 -19.91709224
1334003841 -43.93153686 -19.91830393
1334003845 -43.9311668 -19.91696827
29095607 -43.94130153 -19.91140747
318607308 -43.94459042 -19.92323676
32600634 -43.933487 -19.91598239
32600635 -43.9340319 -19.91587376
32600632 -43.93325859 -19.91470734
32600633 -43.93316203 -19.91475268
32600630 -43.93377894 -19.91501504
60749858 -43.93208822 -19.90956512
1273195133 -43.94161551 -19.91023442
348047524 -43.94186379 -19.9209511
60652038 -43.94508713 -19.91628087
348047522 -43.94023082 -19.92010327
360749023 -43.93904328 -19.91106993
30064173 -43.9411121 -19.91290674
30064170 -43.94149456 -19.91239754
29544282 -43.94355073 -19.91315509
1273201165 -43.94353187 -19.91303389
29544285 -43.94269997 -19.92131932
321042094 -43.94186119 -19.91487992
61764182 -43.93998859 -19.91211213
29095721 -43.93394741 -19.91767218
321064771 -43.93221789 -19.92196992
451022480 -43.94458036 -19.91364904
321064778 -43.9315688 -19.92228273
36417901 -43.94583002 -19.92323039
61785360 -43.94735754 -19.91488093
61785361 -43.94793421 -19.91355198
321027962 -43.93215352 -19.91408188
61785364 -43.94233133 -19.91183427
61785365 -43.9419606 -19.9115969
61785366 -43.94529391 -19.91295812
61785368 -43.94970916 -19.91546607
61785369 -43.94921874 -19.91541049
35763630 -43.94612783 -19.9211806
321042042 -43.94121402 -19.91489383
321042260 -43.94102627 -19.91493926
1288421550 -43.94444399 -19.92249941
339319048 -43.94367729 -19.91299667
29095539 -43.93258913 -19.91239544
28794421 -43.9479871 -19.91827342
28794422 -43.94821459 -19.91798064
29095247 -43.93728727 -19.92458239
28794425 -43.94686242 -19.91785583
28794428 -43.94598299 -19.91729458
29096696 -43.93961542 -19.92278188
29096692 -43.93698686 -19.92343248
29160545 -43.94219026 -19.91563882
29096530 -43.93598908 -19.91974578
29096190 -43.93674789 -19.91244347
27588895 -43.93852259 -19.91043014
35761805 -43.94864374 -19.92060317
35927151 -43.9389748 -19.91550697
321042168 -43.94120329 -19.9156353
321049973 -43.94099098 -19.91341518
1083142781 -43.94173253 -19.91136656
321042163 -43.9413374 -19.91551929
321050149 -43.94478672 -19.91421297
60749796 -43.93685627 -19.91026912
360748988 -43.9386676 -19.91069861
60749681 -43.93536664 -19.91155943
60749686 -43.93507218 -19.91156848
31955945 -43.93189804 -19.92056377
31737030 -43.93444689 -19.91463852
1273201186 -43.94403151 -19.91282929
60749668 -43.93435218 -19.91155348
35788222 -43.93449777 -19.91752156
60749661 -43.93502717 -19.91027851
60749664 -43.93888679 -19.91154476
1241105722 -43.93103889 -19.91719022
318607347 -43.94598978 -19.92277341
28109324 -43.93376561 -19.92684492
321042110 -43.94108528 -19.9145257
321042113 -43.94104236 -19.91430878
324498207 -43.93631723 -19.92492932
28109329 -43.94629949 -19.91707271
28109328 -43.94756013 -19.91770823
29095105 -43.94120874 -19.9236494
29145509 -43.94284137 -19.91808441
324773722 -43.94217962 -19.92213127
321042281 -43.94061321 -19.91552943
321042284 -43.94047373 -19.91553949
60749950 -43.93751341 -19.90926589
29095064 -43.93991583 -19.92392676
321042172 -43.94093507 -19.91535283
35927160 -43.93643541 -19.91611768
31890087 -43.94789079 -19.91284932
321064792 -43.9314025 -19.92196992
31829629 -43.94111436 -19.91057481
28797644 -43.93534099 -19.91730958
32448897 -43.93686616 -19.91822514
28828117 -43.9330762 -19.91914564
28828115 -43.9320516 -19.91544863
28384286 -43.93908234 -19.91081067
321042029 -43.94127839 -19.91306809
321042025 -43.94297363 -19.91396587
29096145 -43.93733789 -19.91939148
60650587 -43.94703358 -19.91968258
321064872 -43.93126839 -19.92216656
34851813 -43.94936333 -19.9132426
321064876 -43.93126303 -19.9220809
1273201159 -43.94389992 -19.91310212
1273201155 -43.94287917 -19.91433451
29095772 -43.94649797 -19.91770311
35788246 -43.93483782 -19.91873459
35788242 -43.93502348 -19.91963481
29096156 -43.93791557 -19.91666091
321050086 -43.94369783 -19.91401633
321050089 -43.94368702 -19.91411717
29096159 -43.94260341 -19.920762
1083142464 -43.9405024 -19.91602229
29096630 -43.93914864 -19.91178884
321042230 -43.94066149 -19.91532257
321042233 -43.9405542 -19.91589254
60649317 -43.94837284 -19.92464542
321050068 -43.94360303 -19.91387099
60649314 -43.94770111 -19.92214208
60649313 -43.94767353 -19.92203848
60649312 -43.9473712 -19.92090341
60649311 -43.9470376 -19.92492798
321050062 -43.94125878 -19.91257993
60649319 -43.94678774 -19.92361403
60649318 -43.94671263 -19.92370481
29095504 -43.93915341 -19.91177359
60749760 -43.93651546 -19.91154199
61785387 -43.94252302 -19.91015194
29096707 -43.93667153 -19.91697422
32449489 -43.93392721 -19.9267533
32449484 -43.93767887 -19.92075949
32449485 -43.93676616 -19.92217402
32449486 -43.93663708 -19.9221187
32449487 -43.93668109 -19.92231794
32449480 -43.93955851 -19.91767009
32449481 -43.93764316 -19.92049923
32449482 -43.93753889 -19.92066972
32449483 -43.9377787 -19.92061398
35927108 -43.94273483 -19.92073183
29096527 -43.93829041 -19.92311983
35927104 -43.94287699 -19.92142024
321042150 -43.9405542 -19.91513104
321042153 -43.9410209 -19.91522676
32449478 -43.93951836 -19.91747219
1261317462 -43.9342811 -19.91320991
321064901 -43.93111282 -19.92201024
60649407 -43.94481883 -19.92676621
35929916 -43.93613124 -19.92508422
29095022 -43.9496147 -19.91905989
29555330 -43.94090833 -19.91541326
29095385 -43.93437439 -19.91584711
29095380 -43.93794709 -19.92186397
324774165 -43.93715584 -19.91811173
321042247 -43.94079023 -19.91558987
339319332 -43.94143421 -19.9112747
335352441 -43.9403019 -19.91148651
1273195014 -43.9402698 -19.91438874
335352446 -43.93947913 -19.91169664
32600629 -43.9338905 -19.91527672
36417179 -43.93767887 -19.92605249
1273195019 -43.94178877 -19.91017491
321070241 -43.94475194 -19.9158948
1273195082 -43.94079174 -19.91350747
31955949 -43.93304938 -19.92048213
321042088 -43.94169682 -19.91415748
28109288 -43.9352917 -19.91993739
28109289 -43.93504494 -19.92039144
31955943 -43.93223399 -19.92001811
28109280 -43.93730956 -19.91427726
28109281 -43.9341759 -19.91511579
28109282 -43.93361264 -19.91478797
31955947 -43.93250221 -19.92090072
41416552 -43.94845909 -19.92458181
321064832 -43.93135271 -19.92223931
29095737 -43.94083021 -19.9172929
35927088 -43.94123548 -19.92376532
35927082 -43.93630558 -19.92623656
35927084 -43.93620097 -19.92496067
35927085 -43.93731409 -19.9246984
35927086 -43.93864983 -19.92437058
35927087 -43.93994802 -19.92404277
61785373 -43.94426478 -19.91045176
61785372 -43.94338812 -19.91086708
61785371 -43.94923651 -19.91331208
61785370 -43.9489392 -19.9137777
1273195017 -43.94206671 -19.91008162
1273195016 -43.94223049 -19.91017641
61785374 -43.94698697 -19.90906757
61814716 -43.9496183 -19.9092161
61814714 -43.94883963 -19.90905223
1273195018 -43.94195934 -19.91008421
61814712 -43.94746097 -19.91027046
61814713 -43.94812054 -19.91075309
61814710 -43.94697842 -19.9102625
61814711 -43.94726802 -19.91030273
321042274 -43.94094723 -19.91586546
321042277 -43.94088679 -19.91570587
1288421546 -43.94449512 -19.92231249
339319115 -43.93999437 -19.91095576
339319114 -43.9396435 -19.9108934
339319113 -43.939413 -19.91085568
339319112 -43.93920161 -19.91096289
339319111 -43.93914612 -19.91118174
28794433 -43.94044163 -19.91252838
28794437 -43.94142877 -19.91237222
28794436 -43.93956178 -19.91254363
28794435 -43.93981391 -19.91244263
321042079 -43.94091898 -19.91433401
321064886 -43.93105323 -19.92186037
321027890 -43.93148297 -19.91352197
35788236 -43.93435293 -19.92090072
29096185 -43.94121176 -19.91077396
35762414 -43.94613319 -19.92096384
35761771 -43.94482142 -19.9220006
35927142 -43.94104236 -19.91482326
29555348 -43.94043082 -19.91533263
31890993 -43.94865858 -19.91727572
1288421435 -43.94426411 -19.92280367
29096835 -43.94572818 -19.9200156
29096834 -43.94671791 -19.91845463
1288421530 -43.94581518 -19.92253092
29096836 -43.94540363 -19.91877239
35930992 -43.94364494 -19.91787259
35930993 -43.94332794 -19.91669184
60749697 -43.93361264 -19.91024867
35930991 -43.94398743 -19.91910021
35930996 -43.94298428 -19.91453576
60749693 -43.9343583 -19.90908098
35930995 -43.94279057 -19.91462226
60749755 -43.93597617 -19.90954207
29544279 -43.94163781 -19.91121393
355316193 -43.93169478 -19.90963059
27588899 -43.93879484 -19.9108447
31737028 -43.93393987 -19.91496944
1288421544 -43.94473283 -19.92218751
355316198 -43.9322992 -19.91000148
31737025 -43.93734292 -19.91392656
31737027 -43.93725022 -19.91387049
31737026 -43.93679408 -19.91409504
31737023 -43.93900774 -19.91239117
60749679 -43.93540218 -19.91278361
28635042 -43.9463704 -19.92246621
60749672 -43.93405219 -19.9123936
60749670 -43.93373711 -19.91152347
60749677 -43.9341122 -19.91285862
324773984 -43.94661473 -19.92364907
60749674 -43.93539589 -19.91243341
35927132 -43.94136422 -19.91499978
321042109 -43.94135417 -19.91467532
324498218 -43.93740528 -19.92568193
60749822 -43.93110209 -19.91184249
324498216 -43.93733563 -19.92558604
321042106 -43.94161099 -19.91481823
324498213 -43.9363324 -19.92501607
29124051 -43.9444885 -19.92032958
29124050 -43.94896887 -19.92183489
29124052 -43.94416454 -19.91905989
29124055 -43.94194886 -19.91830292
29124054 -43.93987753 -19.91881522
60749946 -43.93791742 -19.90937963
29160781 -43.93513614 -19.91866636
29160780 -43.93567434 -19.91853376
29095118 -43.93278342 -19.91321368
321049949 -43.94190067 -19.91125232
321049948 -43.94186043 -19.91129783
321049947 -43.94201064 -19.91143898
448203551 -43.94204123 -19.91154518
36417182 -43.93774861 -19.92587354
36417183 -43.93916599 -19.92684517
36417181 -43.9375984 -19.92578268
28109262 -43.93768113 -19.92063653
28109263 -43.93633072 -19.92094473
36417184 -43.93935232 -19.92669941
36417185 -43.9394135 -19.9267849
61814693 -43.94912176 -19.91269526
61814692 -43.94667131 -19.91612597
61814691 -43.94703567 -19.91646527
321064879 -43.93131131 -19.92202038
61814697 -43.95011451 -19.91049618
61814696 -43.94969978 -19.91119993
61814695 -43.94920969 -19.91192882
61814694 -43.94907147 -19.91228069
35761790 -43.94539617 -19.92353088
61814699 -43.94863167 -19.91163981
61814698 -43.94836781 -19.91234347
324498265 -43.93763403 -19.92590682
360749000 -43.93772422 -19.90924242
31830170 -43.94159934 -19.91045788
321042039 -43.94110673 -19.91478797
321042032 -43.94083851 -19.91371366
29145507 -43.9435452 -19.92056469
29145508 -43.94318813 -19.91927673
308242074 -43.94047742 -19.91125022
29096148 -43.93448168 -19.91983656
61785418 -43.94994922 -19.90924058
29096024 -43.93510931 -19.92650889
60651355 -43.94775861 -19.91820242
61785412 -43.94723382 -19.91208849
61785413 -43.94754068 -19.91182446
61785411 -43.9467537 -19.91217508
61785416 -43.94900793 -19.90936982
61785417 -43.94930323 -19.90923144
61785414 -43.94781754 -19.91126162
61785415 -43.9486942 -19.9097574
354123295 -43.94094178 -19.91535861
41416519 -43.9456851 -19.92525739
29155236 -43.93985146 -19.91362792
1273195022 -43.94170143 -19.9111524
1273195023 -43.94159414 -19.9114674
321027981 -43.9328348 -19.91902452
36417886 -43.94998216 -19.92554824
41416512 -43.944489 -19.92554883
60668810 -43.94566481 -19.92324179
60668813 -43.9444051 -19.92295144
768715994 -43.94247323 -19.90914234
60668815 -43.94464549 -19.92224937
60668814 -43.94438221 -19.92249806
60668816 -43.94509811 -19.92208651
60649322 -43.94700751 -19.91954118
60649323 -43.94689737 -19.91971963
60649320 -43.94991234 -19.92027669
35927147 -43.94028598 -19.91519148
29095724 -43.94151979 -19.91969281
29096564 -43.9435203 -19.91664548
321042082 -43.94113364 -19.91403142
321042085 -43.94122483 -19.91388524
35761775 -43.94548083 -19.92203471
339319097 -43.94045814 -19.91170997
60649398 -43.94617879 -19.92643236
60649397 -43.94601828 -19.92647192
60649395 -43.94736827 -19.9261405
60649394 -43.94868037 -19.92581847
29096738 -43.93621631 -19.91539122
32449490 -43.93369126 -19.92686923
35927174 -43.94893761 -19.92172106
35927170 -43.94634517 -19.92237334
29096806 -43.93953856 -19.91757361
27584879 -43.93600056 -19.91458949
318607098 -43.94550371 -19.92331253
35929907 -43.93516832 -19.92448147
29095393 -43.94927674 -19.91789984
29555373 -43.94119256 -19.91580679
308242093 -43.94112174 -19.91146136
60749702 -43.93362614 -19.90925248
60749700 -43.93328809 -19.91025621
60749704 -43.93296346 -19.90938374
35927214 -43.94551897 -19.92396708
324773873 -43.94155064 -19.92494432
335352436 -43.94223661 -19.91218162
335352430 -43.9407293 -19.9117393
29173773 -43.94661331 -19.91334796
32448873 -43.94359046 -19.92181863
32448870 -43.94993656 -19.92537926
1273195098 -43.93982464 -19.91352742
32448876 -43.94183629 -19.92085529
32448877 -43.94032353 -19.91999288
32448875 -43.94193822 -19.9209133
582874539 -43.93607114 -19.9143615
32448878 -43.94017634 -19.91990956
32448879 -43.93868352 -19.91908143
1273195096 -43.9407049 -19.91332047
1273195095 -43.94074522 -19.91332558
1273195094 -43.94075587 -19.91341141
41416532 -43.9458498 -19.92521732
324498227 -43.93625193 -19.92515228
324498220 -43.93737846 -19.92573222
324498222 -43.93726313 -19.92572216
61785363 -43.94927532 -19.91319859
318607310 -43.9444051 -19.92264207
31955952 -43.9315527 -19.92112259
28109295 -43.93637532 -19.92110843
28109290 -43.93463188 -19.9209713
60749695 -43.93436098 -19.91024104
41416540 -43.94828147 -19.92462514
354123306 -43.93609603 -19.92498967
321064806 -43.93124157 -19.92221702
35930990 -43.94431616 -19.9203725
50923643 -43.94331402 -19.9258349
29095705 -43.94027533 -19.92521782
60749758 -43.93614331 -19.91027432
35968157 -43.94313792 -19.92587782
35968156 -43.94322149 -19.92590732
35927099 -43.94283944 -19.92112259
35930994 -43.94304044 -19.91544059
29124056 -43.94383001 -19.91782381
35927090 -43.94254976 -19.92344773
60649315 -43.94832724 -19.92447636
35968159 -43.94418918 -19.92439791
35968158 -43.9431779 -19.92574773
61814701 -43.94946106 -19.91011917
61814700 -43.94900869 -19.91083548
27591802 -43.93228763 -19.90951978
61814702 -43.94811652 -19.91136329
61814705 -43.94652002 -19.91072903
61814704 -43.94802398 -19.90941802
61814707 -43.94667282 -19.90922499
61814706 -43.94683367 -19.91028664
61814709 -43.94444508 -19.91184693
61814708 -43.94436461 -19.91102651
60649424 -43.95007604 -19.92545989
339319106 -43.93941711 -19.91156647
339319109 -43.93927034 -19.91146807
321042046 -43.94263023 -19.91461153
321042044 -43.9413535 -19.91492418
321064898 -43.93110754 -19.9219296
61785357 -43.9494852 -19.91390033
444430182 -43.9416047 -19.91429671
61785356 -43.95001108 -19.91401826
61785282 -43.93925609 -19.91174987
61785287 -43.94064363 -19.91083791
61785285 -43.94012848 -19.91106967
1083142788 -43.94207576 -19.91196888
60317927 -43.94987823 -19.91236594
35789333 -43.93155807 -19.91373889
32448890 -43.94179338 -19.92098136
32448892 -43.94013577 -19.92004837
32448893 -43.93860809 -19.91920297
32448895 -43.93848513 -19.91913843
32448896 -43.93702776 -19.91826663
355316195 -43.93177273 -19.91006963
321042181 -43.94055956 -19.91527211
318607299 -43.94511152 -19.92343617
32449471 -43.94033233 -19.91613503
1288421528 -43.94557747 -19.92222792
32449474 -43.93963169 -19.91755199
324774036 -43.94595877 -19.92089067
32449479 -43.93941359 -19.917641
324774110 -43.93928283 -19.92156642
60649274 -43.94964546 -19.92429288
60649275 -43.94929568 -19.92302042
28794420 -43.947941 -19.91800578
324774137 -43.94214483 -19.91954646
35930989 -43.94469293 -19.92154881
27563812 -43.9346582 -19.91491211
31830348 -43.94489938 -19.91533774
1083142363 -43.94409874 -19.9151375
31830341 -43.94462428 -19.91380083
348047523 -43.9402102 -19.92002808
29096425 -43.93940278 -19.91223183
318607364 -43.94507263 -19.92357128
35927123 -43.94174837 -19.9170619
1273195093 -43.94071303 -19.91344418
29154959 -43.9441067 -19.91296566
35927127 -43.94143681 -19.91581433
29095127 -43.9411872 -19.91848489
29160771 -43.93771298 -19.91592162
29160773 -43.93749497 -19.91507698
29160774 -43.93900589 -19.91561987
29160775 -43.93877589 -19.91477942
29160776 -43.94032353 -19.91531251
1261317449 -43.93466608 -19.91458773
29160779 -43.94116574 -19.91497464
35763565 -43.9459508 -19.92122854
321049959 -43.94163513 -19.91269233
32449488 -43.93533462 -19.92450167
29096557 -43.93427246 -19.91503507
321049952 -43.94210183 -19.91144652
35927094 -43.94381283 -19.92313702
324774090 -43.94279921 -19.92132183
28109271 -43.93665963 -19.9221969
28635130 -43.93892409 -19.92033377
28109273 -43.94132818 -19.91056802
28109274 -43.94060181 -19.91100689
28109279 -43.93745784 -19.91394056
28109278 -43.93917713 -19.91136514
35761781 -43.94592004 -19.92247032
35761785 -43.94591191 -19.92310156
360749030 -43.93904579 -19.91089751
28635039 -43.94538217 -19.92400488
35929899 -43.93525952 -19.92462271
458408374 -43.93908158 -19.9116409
31829648 -43.94496626 -19.91296063
