265296711 265297353
265296711 265296267
265296711 265297285
265297780 265297784
265297780 265297575
265297784 265297788
265296718 265297293
265296718 265297272
265296718 265297360
265296308 265296935
265296308 264377548
265296308 265296952
265296308 265296296
265297549 265297545
265297549 265297822
264377503 1031959312
264377503 264377504
264377503 891229876
265297545 265297826
265297545 265297338
265297542 265297757
265296395 265296377
265296395 265296389
265296395 265296406
265492690 265492689
265492690 821025548
266789473 266789333
266789473 266789451
265295761 265295892
265295761 264377557
265295761 266042706
265295761 265295754
265295761 266042705
265296942 265296232
265296942 265296968
265296942 265296939
265296942 265296226
265296945 264377528
265296945 265296968
265296945 265296598
265296945 265296932
265297788 265297793
265297143 265296485
265297143 265297153
265296949 265296985
265296949 265296982
265296949 265296598
822045733 822045698
265296232 264377550
265296232 265296296
265296232 265296959
265296546 265296581
265296546 265296882
265296546 265296844
265296546 265296552
265296540 262567767
265296540 262567570
265296540 265296470
265296540 265296436
265296625 265296610
265296625 265296925
265296625 265296988
265296625 265296639
892490821 892490814
892490821 891285471
260149248 501815304
260149248 501815303
264377511 264377513
264377511 264377509
265804370 265804369
265804370 265804371
264377508 264377507
264377508 264377509
1031578262 264377486
1031578262 1031578053
1031578262 253761988
1031578262 264377474
266789408 266789431
266789408 266789407
266789407 266789430
266789407 261784163
266789407 266678236
265804325 265804324
265804325 265804326
265804325 764894190
265804325 265297241
265804324 764894191
265804324 265804323
265804324 265804311
265804326 521537761
265804326 265804437
265804326 265804312
264377447 265297234
264377447 264377450
264377447 264377444
264377447 764894190
265804323 265296528
265804323 265804310
265804323 764894193
265804322 265296520
265804322 265804308
265804322 764894195
265804422 1031314730
265804422 265804364
829603997 829604004
829603997 829603989
829603997 260697808
265296431 265296426
265296431 262567765
265296431 264377545
265296431 262567754
829603995 829603989
829603995 829604006
829603995 371566217
829603995 829603955
891285480 891285471
455338148 455338150
455338148 455338163
455338148 891229886
455338148 455338143
266627668 266627666
266627668 455338280
265296436 260697770
265296436 265296441
265296436 262567765
829603990 829603974
829603990 829603987
829603990 260697765
266627669 455338280
266627669 266627671
455338140 262567717
455338140 455338182
455338140 455338143
265296534 265296508
265296534 265804309
265296534 262567568
455338143 261138377
996141637 628967152
996141637 266618764
996141637 266618802
996141637 264377524
266627653 266627651
266627653 266627654
266618747 266618805
266618747 260149246
266618747 260149245
266618747 266618748
266618745 265296411
266618745 266618744
266618745 262567408
266618744 266618748
266618743 265296347
266618743 266618748
264377545 264377552
264377545 264377542
264377200 455338131
264377200 264377260
264377544 265296724
264377544 264377547
264377544 265296371
264377544 265296855
265297439 265297097
265297439 265297071
265297439 265297416
264377207 264377264
264377207 264377260
264377207 455338136
265296992 265297017
265296992 265297010
265296992 265296995
265296992 265296639
262567756 265296461
262567756 262567758
262567756 262567769
262567756 261138472
265296995 265297006
265296995 265296998
265296995 265296648
262567754 265296461
262567754 262567740
262567754 262567767
262567758 265804307
262567758 262567771
262567758 262567742
265296401 265296420
264154185 264154164
264154185 264154224
455338134 264377261
455338134 455338136
455338136 455338282
265297248 265297209
265297248 265297251
265297248 262567561
265297320 265297341
265297320 265297317
265297320 829604006
265297320 883371567
265297327 266678238
265297327 265297345
265297327 266789429
265297327 265297324
265804305 264377515
265804305 265804306
265804305 266614142
265297324 829603931
265297324 883371567
265297324 261784709
264154216 264154220
265297241 265297244
264154214 264154181
264154214 264154149
264154214 264154224
265297244 265804311
265297244 265804312
265297244 261138353
265296052 265296024
265296198 265296124
265296198 265296188
265296198 265296151
265296198 265296194
265296194 265295691
264154149 264154220
265804364 265804376
265804364 265804365
265295729 262567573
265295729 266042698
265295729 265296560
265297558 265297561
265297558 265297418
265297558 265297417
265297171 265297335
265297171 265297314
265297171 265297184
265297184 265297310
265297180 265297297
265297180 265297223
265297180 265297168
265296124 265295691
265297020 265297006
265297020 264377557
265297020 265297023
455338182 262567720
455338182 455338185
265297023 265297010
265297023 265296146
265296273 262567572
265296273 265296267
265296273 265296706
265296273 265296882
265296377 266614147
265296377 265296383
260697826 265297285
260697826 371565572
260697826 260697823
260697826 265297382
265296371 265296315
265296371 265296366
265296279 265296315
265296279 265296285
265296279 265296347
265297757 265297805
265297757 265297760
265297757 265297751
265297178 265297177
265297178 265297217
265297178 265297160
265297178 265297179
265297751 265297799
265297751 265297579
265297751 265297764
1031561172 264377510
1031561172 1031561169
1031561172 345574526
1031561172 891229882
266627666 266627665
260697770 260697769
260697770 264377552
260149249 501815304
260149249 260149245
266627665 266627663
266627662 266627663
266627662 266627660
266627660 266627659
1031578053 266614145
1031578053 265296411
1031578053 261673560
371565337 371565572
371565337 371565418
371565337 829603970
371565337 260697823
265295531 812681672
265295531 265295790
265295531 265295558
371565418 829603944
371565418 829603953
371565418 264377553
260149247 266618799
260149247 266618764
260149246 266618764
521537117 264377415
521537117 764894195
521537117 764894194
265296694 265296840
265296694 265296701
265296694 265296686
265296694 265296869
265296978 264377537
265296978 265296982
265296978 264377524
265296873 260697843
265296873 265296869
265296873 265296876
266789440 266678238
266789440 266678250
266789440 266789431
266789440 266678267
265296876 265296879
265296876 265296701
265296879 265296706
265296879 260697823
265296972 264377550
265296972 265296975
265296972 265296959
265296972 265296928
265296975 265296908
265296975 265296215
266618761 266618766
265296476 265296480
265296476 262567570
265296476 265296470
265296476 262567569
265296470 261138489
265296470 265296465
455338185 455338190
265296574 260697843
265296574 265296869
265296574 264377553
265296679 265295747
265296679 265296998
265296679 265296648
262567573 262567572
262567573 265296889
262567572 265296552
262567570 265296441
262567570 262567560
266618767 266618800
266618766 266618762
266618766 266618765
266618766 266618764
310660763 1143419346
310660763 310660759
310660763 455338206
265296406 264377542
265296406 265296420
266618768 266618800
265296581 264377554
265296581 265296840
265296581 265296586
261784159 266678332
261784159 266678485
265296586 265296892
265296586 265296252
265296586 265296552
265297272 265297374
265297272 265297275
265297275 265297278
265297275 265297297
265297275 265297310
265804372 265804373
265804372 265804371
265804373 265804374
264377538 265296982
1031314730 1031312829
1031314730 265804417
1031314730 265804339
265804376 265804375
265804374 265804384
265804374 265804375
262567412 264377528
262567412 264377524
262567412 265296982
262567412 265296598
829603944 264377543
829603944 829603965
829603944 371564883
628967174 264377523
829603943 829603965
829603943 371564883
829603943 264154232
829603987 260697766
829603987 829603955
455338276 455338282
455338276 455338280
455338276 764894141
455338276 455338267
455338275 455338267
455338275 264377261
265297204 265804435
265297204 265297209
265297204 265804312
265297204 261138353
265297209 265297175
265297209 265297213
265296157 265295892
265296157 265296188
265296157 265296151
265296157 265296163
266042755 266042754
266042755 266042756
265297017 265296988
265297017 265297013
264154164 264154175
264154164 264154156
264154164 253762182
264154164 264154044
266618799 265296962
266618799 266618800
266618799 501815301
265297013 265295695
265297013 265297010
265297385 265296267
265297385 266042697
265297385 265297388
265297382 265297262
265297382 265297379
265297388 265297392
812681669 812681676
812681669 265295852
812681668 812681673
812681668 812681671
265297805 265297826
265297805 265297799
764894141 262567717
764894141 261138377
829603931 829603989
829603931 829604006
829603931 260697808
821025548 764894194
821025548 265492687
265297379 265297285
265297379 265297287
265297370 265297367
265297370 265297374
265297370 265297357
265297370 265297360
265297374 265297227
265297793 265297799
265297793 265297579
265297793 265297822
265295873 265295682
265296701 265296886
265296701 265296844
265296706 265296886
883371567 883371167
265297353 265297269
265297353 265297266
265297552 265297561
265297552 265297768
265297552 265297467
265297552 265297555
265297555 265297418
501815301 501815303
891285471 891229893
891285471 891229878
265296389 265296383
265296389 265296420
265296837 264377554
265296837 265296840
265296837 265296686
265296837 265296833
265296383 265296416
265296833 265296847
891229897 891229900
891229897 891229893
891229897 891229890
891229893 853944090
891229890 261138377
891229890 891229876
265297157 265297177
265297157 265296485
265297157 265297160
265297157 265297153
265296939 265296935
265296939 265296291
265296939 265296296
1388627687 264154278
1388627687 264154275
1388627687 264154277
264154044 264154175
264154044 264154152
261746642 261746634
261746642 345574508
262567742 266614144
262567742 265804306
262567742 261138472
265296209 265296985
265296209 265295705
265296203 265295682
264377531 265296935
264377531 265296291
264377531 265296724
264377531 264377520
1143416140 1143416134
1143416140 262567746
1143416140 764894169
265296639 265296140
265296639 265296648
265295691 265295695
265295691 265295687
265295695 265295700
265295695 265296988
371565839 371565572
371565839 371565784
371565839 265297223
371565839 829603961
265296988 265295672
265297278 265297128
265297278 265297314
265297278 265297300
265296840 265296844
265296847 265296852
265296847 264377548
264377477 264377487
264377477 253761988
264377477 264377490
829603989 829603974
264377474 1031959312
264377474 264377470
264377470 264377467
265804338 262567760
265804339 264377432
265804339 265804365
265804339 265804340
265296528 265492689
265296528 265296520
265296528 265804309
265296446 260697768
265296446 262567560
265296446 265296450
265296441 260697769
265296520 265296513
829603970 829603953
829603970 829603977
829603970 260697769
371565784 829603959
371565784 371566217
371565784 265297168
264154275 262567499
264154275 891152664
310660754 310660756
310660754 310660753
310660756 310660758
260697823 260697843
310660759 310660758
265297341 265297338
265297341 261784709
266042754 266042752
892490793 892490805
892490793 891285461
892490793 262567509
892490793 263777230
266042756 266042749
265297345 266678239
265297345 261784709
265297345 266789451
266042752 266042694
266042752 266042697
892490798 892490805
892490798 262567511
892490798 263777301
265296985 265296610
265296985 265295672
262567746 262567748
262567746 262567760
262567746 1031558361
262567740 266614145
262567740 265296426
262567740 265296455
829603974 829604004
829603974 829603955
829603977 371565572
829603977 260697768
829603977 829603961
264377444 264377432
264377444 764894191
264377444 265804340
265297335 265297338
1146647912 264377264
1146647912 1146647917
264154220 264154152
264154220 264154224
265297234 265804340
264154228 264154240
264154228 264154030
264154228 371564883
264154228 264154179
265297338 265297317
265297165 829603959
265297165 265297179
265297165 265297160
265297165 265297135
1031959312 264377510
1031959312 266614144
764894194 1031312829
764894194 764894193
266678240 266678239
266678240 266789451
265297160 265297138
264154152 264154030
265297168 265297131
265297168 265297300
264154156 253761988
264154156 253762182
764894190 521537761
764894190 764894191
264385710 264385709
264385710 264154277
764894175 1031561169
764894175 764894169
764894175 266614142
265296863 265296866
265296863 265296859
265296863 265296686
266618750 266618751
266618751 266618805
266618751 266618752
266618751 266618749
265296362 264377543
265296362 265296347
265296362 265296366
265297768 265297773
265297768 265297579
265297768 265297764
266678332 266678333
266678332 260697765
266678333 266678235
265297764 265297760
265297764 265297565
265297569 265297799
266627659 266627657
266678235 260697765
266678236 260697808
265297561 265297097
265297561 265297773
266678238 266678239
266678238 266789430
266627651 266627650
266627650 266627678
266627657 266627656
266627656 266627654
265804417 264377415
265804417 262567777
260697765 829604004
260149255 266618802
260149255 260149253
260697768 260697769
260697768 265297258
260149250 260149251
260149250 266618802
260149251 260149253
265296968 264377550
265296968 265296965
265295838 265295832
265295838 266042698
265295838 265295852
265295838 266042705
265296962 264377521
265296962 264377523
265296962 265296965
265296965 264377528
265296965 265296226
265296480 262567560
265296480 262567561
265296480 265297251
266042697 265295832
266042697 266042698
265296485 265296500
265296485 265297138
853944090 261138377
853944090 892490807
266042678 266042681
266042678 266042679
266042679 267182705
345574526 345574522
345574526 1031558406
262567568 822045698
262567568 262567562
262567568 262567569
262567569 261138489
262567569 262567561
345574522 345574508
1031577100 261746635
1031577100 1031558406
1031577100 1031577258
892490805 892490807
892490805 892490814
892490807 263777230
262567560 265297255
262567561 262567562
262567562 261138353
262567562 265804311
1143416134 1143419346
1143416134 1031561169
1143416134 1031558361
264154243 264154232
521537761 264377450
521537761 764894163
265296240 265296257
265296240 265296215
265296240 265296959
265297262 265297290
265297262 265297223
264377505 264377507
264377505 264377504
265297266 265297367
265297266 265297287
265297266 265297360
261783962 265296500
261783962 265297138
261783962 260697766
265297269 265297367
265297269 265296267
265297269 265297392
264377509 264377510
265804340 265804367
261746634 261746635
261746635 1031558406
265296411 265296416
265297010 265297006
455338165 455338201
455338165 455338206
455338165 262567720
455338163 891229882
455338163 455338156
262567511 262567502
262567516 262567502
262567516 264377497
262567516 891229878
264377432 1031312829
264377432 764894193
265296220 264377521
265296220 265296285
265296220 265296226
265297006 265295754
265297417 265297097
265297417 265295832
265297416 262567555
265297416 265297534
266042706 265295790
266042706 266042705
266042705 266042699
265297392 265296262
262567775 264377415
262567775 262567777
262567775 764894195
262567775 262567760
262567771 265296508
262567771 265804308
262567771 262567769
812681672 812681673
265297097 265297776
265297097 265297071
812681671 812681676
812681671 812681677
812681676 812681674
812681677 812681674
264154278 264154279
265296928 265296908
265296928 265296925
265296928 265296610
265296928 265296932
265297307 265297281
265297307 265297303
265297307 260697842
265297300 265297297
265297300 265297303
265297303 265297128
265297303 265297131
264154277 264385708
891229874 891229888
891229874 891229886
265297138 265297135
891229876 891229886
764894195 764894164
265297131 260697842
764894193 764894191
891229878 264377486
265297135 260697766
267182710 267182702
891229888 891229884
891229882 264377513
891229884 891229902
265295747 265296591
265295747 265296560
265296151 264377557
265296151 265296146
265296925 265296134
265296925 265296129
265296922 265296134
265296922 265296918
265296024 265295892
265296024 265296163
265296140 265296134
261138489 262567769
265296215 265296252
891229900 891229902
891229900 264377467
265296604 264377551
265296604 265296598
261138377 455338282
261138377 263777230
265297826 265297822
265295682 265295687
265295682 265295705
265296465 262567767
265296465 265296461
265296465 262567769
1031558406 1031558361
261784163 260697808
261784163 266789429
265296285 264377520
265296285 265296291
265296859 264377547
265296859 264377546
265296859 265296855
266789429 266789430
266627630 264377460
266627630 261138466
265296852 264377547
265296852 265296686
260697842 829604006
260697842 371566217
264377520 265296315
266042683 266042682
266042683 266042684
266042682 266042685
266042681 266042680
266042680 267182705
266042685 267182702
266042684 267182702
455338209 455338206
265296455 265296461
265296455 261138472
265296450 265297255
265296450 265297258
455338201 262567722
265296513 265296508
265296513 265804308
265296513 265804309
262567555 265297537
262567555 265295832
262567555 265295852
265296998 265295754
261138472 261138466
265297350 266678239
265297350 266678250
891152668 264377494
891152668 264377496
891152668 891152664
265297357 265297227
265297357 265296262
264154247 263777301
265297293 265297364
265297293 265297297
265297293 265297223
264377264 264377261
264377265 262567717
264377265 262567726
266042748 266042749
266042749 266042692
264377494 264377492
264377497 264377496
264377491 264377490
264377491 264377492
264377490 264377485
266614145 264377460
266614144 264377515
266614147 264377485
266614147 264154232
265804366 265804365
265804366 265804367
371566217 829603951
829603961 829603959
829603961 265297220
264377543 264377546
264377543 265296855
264377542 265296426
264377542 829603965
265804309 265804310
265804308 265804307
264377547 264377548
264377546 264377553
264154232 262567499
261673560 264377460
261673560 1031561169
265297227 265297310
264377548 265296724
265804307 764894164
265804307 265804306
265297220 265297258
265297220 265297179
265297220 265297217
264377467 261138466
954674886 265804384
265297177 265297213
265297177 265297175
265297175 265297153
265297128 265297281
264385708 264385709
265296889 265296552
265296889 265296892
265296889 265296912
265296886 265296882
262567409 253762182
262567722 455338196
262567722 455338156
262567720 262567726
265295700 265295705
265295705 265295672
764894169 764894164
764894169 265804306
764894164 262567760
764894163 265804437
265297776 265297773
265297773 265297575
1031577258 1031558361
265297579 265297575
260697766 829603951
265492689 265492688
265492688 265492687
891152664 262567502
265296959 265296955
265296955 265296257
265296955 265296296
265296955 265296952
265295790 265295852
265296952 264377554
265296226 265296291
266678250 266678269
265297213 265297217
265297213 265297251
265297217 265297255
265296257 264377554
265296252 264377554
265296252 265296896
265297255 265297251
264377552 829603953
264377552 262567765
265296426 265296420
455338151 455338150
455338151 455338156
262567509 263777301
1031312829 264377415
266618804 266618805
266618805 266618806
266618801 266618802
266042730 266042739
266042730 267182702
262567767 262567765
265297317 265297314
265297317 265297281
265297314 265297310
266678269 266678267
266678266 266678267
266678266 266789431
265296932 264377550
265296932 264377551
265297537 265297534
267182705 267182707
267182705 266042693
265296918 265296896
265296918 265296915
265296918 265296648
416309778 264377259
265296912 265296560
265296912 265296915
265296915 265296892
265296915 265296591
265296591 265296663
265296648 265296663
265296610 264377551
265296347 264154179
266627675 266627674
266627675 266627677
266627674 266627672
266627677 266627678
266627671 266627672
266042739 266042694
265804435 265804436
265804435 265297150
265804437 265804436
265804436 265804312
265804436 265804313
266789430 266789431
265296869 265296866
265296866 264377553
822045698 265804310
266042698 266042699
265296908 265296129
266042694 266042693
265296129 265296896
266042691 266042692
266042692 266042693
455338196 455338194
455338194 455338190
265297150 265804313
265804369 265804368
265804368 265804367
264377523 264377524
264377523 264377528
265297364 265297290
265297364 265297360
264377259 264377260
265297287 265297290
264377486 264377487
829603959 829603951
829603953 829603965
829603951 829603955
265804310 265804311
264154179 264154175
265296896 265296892
