265296711 -74.07768547 4.60955682
265297780 -74.08517982 4.61059258
265297784 -74.08464388 4.61013668
265296718 -74.07883731 4.60794918
265296308 -74.07633783 4.61320002
265297549 -74.08517982 4.60856114
264377503 -74.0704845 4.61236677
265297545 -74.08428396 4.60777726
265297542 -74.08234841 4.61016074
265296395 -74.07368647 4.61338794
265492690 -74.07126058 4.60638846
266789473 -74.08500832 4.60798513
265295761 -74.08216451 4.61608733
265296942 -74.0763898 4.61433166
265296945 -74.07739764 4.61584342
265297788 -74.08465989 4.60990484
265297143 -74.07651368 4.60247747
265296949 -74.07840539 4.61733104
822045733 -74.0733594 4.60663523
265296232 -74.07685374 4.61399982
265296546 -74.07838938 4.6115404
265296540 -74.07463027 4.60880497
265296625 -74.07936512 4.61588742
892490821 -74.06906418 4.616275
260149248 -74.07518289 4.61451757
264377511 -74.07001964 4.61197844
265804370 -74.06819196 4.60280352
264377508 -74.07010547 4.61208062
1031578262 -74.07133836 4.61309868
266789408 -74.08173192 4.60253413
266789407 -74.08120503 4.60326218
265804325 -74.07267544 4.60487603
265804324 -74.07228132 4.6056791
265804326 -74.07317701 4.60406978
264377447 -74.07057737 4.60344298
265804323 -74.07219021 4.60581573
265804322 -74.07089211 4.60813098
265804422 -74.06769894 4.60402603
829603997 -74.07994758 4.6035361
265296431 -74.0738909 4.6110747
829603995 -74.07981288 4.60371313
891285480 -74.07036472 4.61292199
455338148 -74.06966852 4.61235931
266627668 -74.06847167 4.61585012
265296436 -74.07519806 4.60917293
829603990 -74.07977374 4.60352093
266627669 -74.06871231 4.6153566
455338140 -74.06877551 4.61451849
265296534 -74.07322261 4.60775731
455338143 -74.06924054 4.61459628
996141637 -74.07623448 4.61740539
266627653 -74.06785987 4.61517354
266618747 -74.07414403 4.6168179
266618745 -74.0744571 4.61742819
266618744 -74.0743716 4.61718461
266618743 -74.0739914 4.61672452
264377545 -74.07462734 4.61151199
264377200 -74.06848256 4.61726457
264377544 -74.07494057 4.61314042
265297439 -74.08514377 4.61238421
264377207 -74.06866646 4.61651732
265296992 -74.08033692 4.61579137
262567756 -74.07205267 4.6099833
265296995 -74.08080882 4.61520748
262567754 -74.07313368 4.6106251
262567758 -74.07195334 4.6099242
265296401 -74.07274266 4.61197232
455338131 -74.06841106 4.61760672
264154185 -74.07322353 4.61667147
455338134 -74.068313 4.61620208
455338136 -74.0687507 4.6160699
265297248 -74.07435082 4.60606224
265297320 -74.0824044 4.6059697
265297327 -74.0825484 4.60574574
265804305 -74.07033421 4.61135717
265297324 -74.08246844 4.60587373
264154216 -74.07262188 4.6186936
265297241 -74.0734185 4.60538582
264154214 -74.07384346 4.61767562
265297244 -74.07350651 4.6055698
265296052 -74.08386813 4.61805079
265296198 -74.08100873 4.61749901
265296194 -74.08036089 4.61722702
264154149 -74.07351958 4.61788852
265804364 -74.06818961 4.60315682
265295729 -74.08055686 4.61185632
265297558 -74.08368407 4.61244816
265297171 -74.08230843 4.60788522
265297184 -74.0816486 4.60874898
265297180 -74.07812594 4.60624891
265296124 -74.08064881 4.61794694
265297020 -74.08168859 4.61592732
455338182 -74.06871147 4.6135622
265297023 -74.08120872 4.61653518
265296273 -74.07901317 4.61070858
265296377 -74.07328657 4.61417182
260697826 -74.07640254 4.60862124
265296371 -74.07405443 4.61408381
265296279 -74.07430631 4.61448773
265297757 -74.08286029 4.60954484
265297178 -74.07718558 4.60544584
265297751 -74.08330017 4.60980082
1031561172 -74.06986239 4.6114083
266627666 -74.06836413 4.61579791
260697770 -74.0756418 4.60950377
260149249 -74.07434998 4.61475394
266627665 -74.06822767 4.61607769
266627662 -74.06837117 4.61558744
266627663 -74.06815039 4.61604023
266627660 -74.0682845 4.61554536
1031578053 -74.07140047 4.61292241
371565337 -74.076194 4.60879248
265295531 -74.08409604 4.61786689
371565418 -74.07524584 4.6106391
260149247 -74.07701341 4.61673157
260149246 -74.07504492 4.61804677
260149245 -74.07334943 4.61571836
521537117 -74.07103988 4.60699632
265296694 -74.07668576 4.61098854
265296978 -74.07780148 4.61774293
265296873 -74.07617388 4.60994876
266789440 -74.0838683 4.60393282
265296876 -74.07645384 4.61010073
265296879 -74.07699774 4.60937293
265296972 -74.07778949 4.61433166
265296975 -74.07824538 4.61401181
266618761 -74.07660387 4.61691119
265296476 -74.07437429 4.60739337
265296470 -74.07379836 4.60820122
455338185 -74.06882178 4.61355239
265296574 -74.0755185 4.61021598
265296679 -74.08116991 4.61439897
262567573 -74.08040222 4.61172011
262567572 -74.07970409 4.61118861
262567570 -74.07525908 4.60806049
266618767 -74.07621478 4.6168013
266618766 -74.07606349 4.61720657
310660763 -74.06847393 4.61185732
265296406 -74.0739344 4.61287614
266618768 -74.07492858 4.61494949
265296581 -74.07801748 4.61202027
261784159 -74.07910009 4.60283839
265296586 -74.07868133 4.61255612
265297272 -74.07908123 4.60811321
265297275 -74.07970509 4.60732137
264377537 -74.07822468 4.61836243
265804372 -74.06801158 4.60286513
265804373 -74.06798459 4.60290964
264377538 -74.07831747 4.61830829
1031314730 -74.06846177 4.60448007
265804376 -74.06808073 4.60314626
265804374 -74.06797076 4.60299329
265804375 -74.06799876 4.60307719
262567412 -74.07722606 4.61672528
829603944 -74.07424051 4.61260524
628967174 -74.07535312 4.61401172
829603943 -74.07168219 4.61745383
829603987 -74.07970492 4.60361607
455338276 -74.06863964 4.61562339
455338275 -74.06826614 4.61611851
265297204 -74.07478617 4.60514191
265297209 -74.07487443 4.60517242
265296157 -74.0824764 4.61728703
266042755 -74.08085266 4.60982697
265297017 -74.08003299 4.61612731
264154164 -74.07317718 4.61644013
266618799 -74.07617162 4.61544486
265297013 -74.08047287 4.61672721
265297385 -74.07981297 4.61106054
265297382 -74.0765519 4.60843759
265297388 -74.08044488 4.61018874
812681669 -74.08446509 4.6151587
812681668 -74.08477531 4.61695561
265297805 -74.08346823 4.60880103
764894141 -74.0689144 4.61508419
829603931 -74.07991808 4.60365211
821025548 -74.07132419 4.60617984
265297379 -74.07733762 4.60892097
265297370 -74.07924124 4.60890496
265297374 -74.07956914 4.60846508
265297793 -74.08432402 4.60956881
265295873 -74.08000097 4.6186667
265296701 -74.0770057 4.61050859
265296706 -74.07756561 4.60974877
883371567 -74.08244086 4.60591497
265297353 -74.07778547 4.6094409
265297552 -74.08306028 4.61097647
265297555 -74.08266843 4.61148039
266789333 -74.08532449 4.60754441
501815301 -74.07608411 4.61527052
501815303 -74.07581798 4.61534746
891285471 -74.06999474 4.6135337
265296389 -74.07274266 4.61270808
265296837 -74.07701366 4.61203628
265296383 -74.07223883 4.61338794
265296833 -74.0767897 4.61236418
891229897 -74.06997412 4.61346489
891229893 -74.06994537 4.61351099
891229890 -74.0698406 4.61340278
265297157 -74.07690973 4.60393818
265296939 -74.0759179 4.61360386
1388627687 -74.07052858 4.61695779
264154044 -74.07302907 4.61660207
261746642 -74.06759148 4.6112788
262567742 -74.07146174 4.61072853
265296209 -74.07869331 4.61805079
265296203 -74.07869331 4.61818683
264377531 -74.07535447 4.61374769
1143416140 -74.06942201 4.609544
265296639 -74.079877 4.61541552
265295691 -74.08021287 4.61724697
265295695 -74.08006099 4.61699107
371565839 -74.07751834 4.6070042
265296988 -74.07972102 4.6164232
265297278 -74.08035293 4.60644957
265296840 -74.07738163 4.61151643
265296844 -74.07772554 4.61105249
265296847 -74.07654176 4.61250021
264377477 -74.07154053 4.61367041
829603989 -74.07988262 4.60362043
264377474 -74.07113828 4.61277296
264377470 -74.07067569 4.61254581
265804338 -74.06789977 4.60751742
265804339 -74.06887291 4.60350434
265296528 -74.0717189 4.60666146
265296446 -74.07584204 4.60822117
265296441 -74.07571799 4.60844513
265296520 -74.07131104 4.60734937
829603970 -74.07613532 4.60874948
371565784 -74.07873363 4.6052704
264154275 -74.07095606 4.6160792
310660754 -74.06949526 4.61151509
310660756 -74.06943517 4.61136966
260697823 -74.07623012 4.60882173
310660753 -74.06958109 4.61151509
310660759 -74.06915202 4.61146379
310660758 -74.06915202 4.61135256
265297341 -74.0832762 4.6067535
266042754 -74.08091804 4.61000098
892490793 -74.06874223 4.61764922
266042756 -74.08070782 4.60967484
265297345 -74.08348424 4.6066095
266042752 -74.08089616 4.61074747
892490798 -74.06907399 4.61664129
265296985 -74.07860933 4.61719098
262567746 -74.06823303 4.60880078
262567740 -74.0725327 4.6113394
265296982 -74.07788949 4.61766288
262567748 -74.06764202 4.60833667
829603974 -74.07982722 4.60357382
829603977 -74.07629349 4.60854873
264377444 -74.07022147 4.60426307
265297335 -74.08306833 4.60688954
1146647912 -74.0675805 4.61625346
264154220 -74.07311239 4.61767562
1146647917 -74.06756357 4.6163372
264154224 -74.07341783 4.61700926
265297234 -74.06922746 4.60260253
264154228 -74.07175662 4.61764788
265297338 -74.08318023 4.6068255
265297165 -74.07862131 4.6051699
1031959312 -74.07063294 4.61214549
764894194 -74.07129528 4.60616676
266678240 -74.08541074 4.60595956
265297160 -74.07782947 4.60457797
264154152 -74.07263118 4.61738871
265297168 -74.07879716 4.60532732
264154156 -74.07307543 4.61589413
764894190 -74.07194261 4.60437547
264385710 -74.06983473 4.6163781
764894175 -74.06992509 4.61111728
265296863 -74.075878 4.61113254
266618750 -74.07503696 4.61662218
266618751 -74.074829 4.61637726
266618752 -74.07459062 4.61606613
265296362 -74.07365101 4.61388708
265297768 -74.08371608 4.61026468
265296366 -74.0738624 4.61390779
266678332 -74.07952631 4.60317753
266678333 -74.08006803 4.60257956
265297764 -74.08321216 4.60989679
265297569 -74.08405203 4.60886498
266627659 -74.06811116 4.61590067
266678235 -74.08035293 4.60274494
266678236 -74.08054806 4.60284627
265297561 -74.08422 4.61172832
266678238 -74.08338123 4.60465819
266627651 -74.0682187 4.61534729
266627650 -74.06839447 4.6149867
266627657 -74.06798023 4.61583722
266627656 -74.06815567 4.61547713
266627654 -74.06779667 4.61530321
265804417 -74.0681897 4.6052502
260697765 -74.07983786 4.60343301
260149255 -74.07698827 4.61708243
260697768 -74.07622719 4.60849844
260697769 -74.07605536 4.60869567
260149250 -74.07521038 4.61829496
260149251 -74.07596819 4.61941864
260149253 -74.07787457 4.61844952
265296968 -74.07684569 4.61501956
265295838 -74.0835202 4.61434373
266789451 -74.0844096 4.60745816
265296962 -74.07627371 4.61540932
265296965 -74.07641377 4.61529147
265296480 -74.07450228 4.60723336
266042697 -74.08074042 4.61180208
265296485 -74.07745757 4.60315439
853944090 -74.06931371 4.61521914
266042678 -74.08362447 4.60750351
266042679 -74.08334183 4.60783694
345574526 -74.06844669 4.61014406
262567568 -74.07374254 4.60687713
262567569 -74.07383583 4.60697763
345574522 -74.0682907 4.61017507
1031577100 -74.06760171 4.60959773
892490805 -74.06898212 4.61672981
892490807 -74.06884307 4.61686358
262567560 -74.07536922 4.60790483
262567561 -74.07392166 4.60679792
262567562 -74.07383374 4.60673028
1143416134 -74.06893887 4.61034808
829604004 -74.07989402 4.60348581
371565572 -74.07634462 4.6085857
264154243 -74.07107182 4.61857793
521537761 -74.07230186 4.60349679
265296240 -74.07799753 4.61326397
265297262 -74.07687016 4.60796451
264377505 -74.07010547 4.61239779
264377504 -74.07029892 4.61244422
265297266 -74.07821739 4.60884101
261783962 -74.07899347 4.6030922
1143419346 -74.06859136 4.6108152
265297269 -74.07963711 4.60982882
264377509 -74.07028341 4.61201088
265804340 -74.0689185 4.60336
261746634 -74.06747916 4.61048487
261746635 -74.06760657 4.61005672
265296411 -74.07196692 4.61389982
265296416 -74.07199089 4.61369187
265297010 -74.08086481 4.61624726
455338165 -74.06883703 4.61255662
455338163 -74.06974907 4.61179932
262567511 -74.06912503 4.61649084
262567516 -74.07097484 4.61412203
264377432 -74.07016741 4.60442551
265296220 -74.07584598 4.61467959
265297006 -74.08134468 4.6156394
266618762 -74.07497192 4.61776514
266618765 -74.07556913 4.6165366
266618764 -74.0761536 4.61731469
265297417 -74.08455587 4.61313598
265297416 -74.08455193 4.61337193
265297418 -74.08262836 4.61159237
266042706 -74.0822951 4.61604567
266042705 -74.0822516 4.61595146
265297392 -74.07975698 4.60968482
262567775 -74.06912151 4.60701987
262567777 -74.06780463 4.60616308
262567771 -74.07247319 4.60901904
812681672 -74.08464689 4.61721931
812681673 -74.08462854 4.61717522
265297097 -74.08504378 4.61226024
812681671 -74.08481646 4.61676752
812681676 -74.08456802 4.61561216
812681677 -74.0848898 4.61654867
812681674 -74.08472351 4.61575642
264154278 -74.07035801 4.61727756
264154279 -74.07028048 4.61838364
265297467 -74.0828043 4.61081252
265296928 -74.07836139 4.61526348
265297307 -74.0803769 4.60434613
265297300 -74.07942514 4.6057537
265297303 -74.08000902 4.60491392
264154277 -74.07045508 4.61694706
891229874 -74.07023279 4.61258747
265297138 -74.07841738 4.60380223
891229876 -74.07038408 4.61252502
265296188 -74.08169663 4.6178109
764894195 -74.07071676 4.60805286
265297131 -74.07932556 4.6045333
764894193 -74.07154078 4.60536939
891229878 -74.07101373 4.61400912
764894191 -74.07159292 4.60520586
265297135 -74.07921718 4.60433808
891285461 -74.06832507 4.6203098
267182710 -74.08399872 4.60783853
891229888 -74.0702115 4.61262854
891229882 -74.06978318 4.61168164
891229884 -74.0704772 4.61273306
891229886 -74.07021778 4.61248831
265295747 -74.08111669 4.61427969
265296151 -74.08159664 4.61678311
265296925 -74.07880127 4.61497564
265296922 -74.07936906 4.61467163
265296024 -74.08351618 4.61761887
265296140 -74.0792772 4.61489559
265296146 -74.08146856 4.61675906
261138489 -74.07333258 4.60786502
265296215 -74.07814941 4.61324796
891229900 -74.07041442 4.6127764
891229902 -74.07044108 4.61278939
265296604 -74.0780215 4.61628732
261138377 -74.06912788 4.61517974
265297826 -74.08394013 4.60820122
260697843 -74.07575252 4.6096999
266618749 -74.07515967 4.61614031
265297822 -74.08477992 4.60900102
266618748 -74.07397464 4.61696014
265295682 -74.07938909 4.6176949
265296465 -74.07293469 4.60931291
265295687 -74.07955707 4.61768694
1031558406 -74.06778611 4.60970577
261784163 -74.08056969 4.60405058
265296285 -74.07531021 4.61393687
265296859 -74.07525413 4.61202027
266789429 -74.08164567 4.60493873
266627630 -74.07110677 4.61180259
265296852 -74.07598193 4.61193234
260697842 -74.07979277 4.60382159
264377521 -74.07623264 4.61524864
264377520 -74.07525782 4.61378642
266042683 -74.0839838 4.60768162
266042682 -74.08413602 4.60781942
266042681 -74.08378398 4.60763402
266042680 -74.08350134 4.60796736
266042685 -74.08380259 4.60821069
266042684 -74.08365037 4.60808027
455338209 -74.0683772 4.61233903
265296455 -74.07180691 4.61091251
265296450 -74.07632978 4.60754131
455338201 -74.06885832 4.61253743
265296513 -74.07227881 4.60789318
455338206 -74.06848457 4.61233903
262567555 -74.0837383 4.61428656
265296998 -74.08129673 4.61463156
261138472 -74.0715785 4.61078469
265297285 -74.07713772 4.60916891
253761988 -74.07146476 4.61330823
264154240 -74.07136786 4.61845757
265297350 -74.08460549 4.60488668
891152668 -74.07137256 4.61481177
265297357 -74.07995303 4.60940092
264154247 -74.0689988 4.61803193
265297293 -74.07811337 4.60740938
264377264 -74.06807369 4.61635321
264377265 -74.06816371 4.6147148
265297297 -74.07872927 4.60659349
266042748 -74.08004104 4.60966034
266042749 -74.08048411 4.60959999
264377494 -74.07167984 4.61495854
264377497 -74.07096813 4.61443241
264377496 -74.07105321 4.61461807
264377491 -74.07193507 4.61467222
264377490 -74.07195057 4.61446334
264377492 -74.07183449 4.61487338
266614145 -74.07147289 4.61267724
266614144 -74.07083729 4.61179957
266614147 -74.0725109 4.61570956
265804366 -74.06832054 4.60304652
266614142 -74.06996356 4.61108786
371566217 -74.07975848 4.60378739
829603961 -74.07746863 4.60695751
264377543 -74.07429097 4.6126593
264377542 -74.07413607 4.61249829
265804309 -74.07260386 4.60731123
265804308 -74.07184479 4.60866994
264377547 -74.0756485 4.6123475
264377546 -74.07475382 4.611687
264154232 -74.07165478 4.61737949
261673560 -74.07123157 4.61262318
264377460 -74.07113049 4.61192974
265297227 -74.08026492 4.60894101
264377548 -74.07605083 4.61276517
265804307 -74.07133082 4.60955456
265297223 -74.0775869 4.6070555
265297220 -74.07739764 4.60689347
264377467 -74.07050218 4.61257163
954674886 -74.06757279 4.60394983
265297177 -74.07628192 4.60480596
265297175 -74.07544088 4.6042484
265297128 -74.08108073 4.60560182
265297071 -74.08517177 4.61227617
265297179 -74.07802536 4.60605369
264385708 -74.07023698 4.61715167
264385709 -74.06959492 4.61657147
265296889 -74.07974499 4.61263206
265296886 -74.07734156 4.61009268
262567409 -74.07449079 4.61787997
265296882 -74.07871728 4.61110052
262567722 -74.06895254 4.61250491
262567720 -74.06870401 4.61345064
265295700 -74.07938909 4.61742299
262567726 -74.06860544 4.61346941
265295705 -74.07931709 4.61759893
764894169 -74.07015886 4.61000459
265297565 -74.08274026 4.61045662
764894164 -74.07040143 4.60900278
764894163 -74.07270863 4.60250546
265296315 -74.07426633 4.61438371
265297799 -74.08384408 4.60912893
265295892 -74.08292433 4.61699107
265297776 -74.08546773 4.61154442
260697808 -74.07998161 4.60356494
265297773 -74.08477187 4.61107252
1031577258 -74.06750372 4.60940763
265297579 -74.08380409 4.6101687
260697766 -74.07966318 4.60367214
265297575 -74.0848758 4.61096054
265492689 -74.0716816 4.60661511
265492688 -74.07180297 4.60640682
265295558 -74.08420802 4.6179549
261784709 -74.0833648 4.60669306
265297760 -74.08295626 4.60971281
265492687 -74.07133442 4.60614631
891152664 -74.07069446 4.61592657
265296959 -74.07736562 4.61367586
265296955 -74.07690973 4.61301201
265296855 -74.07463027 4.61289207
265295790 -74.0823604 4.61596328
265296952 -74.07684569 4.61293197
265296552 -74.07905323 4.61206033
265296226 -74.07594187 4.61461572
501815304 -74.07480486 4.61491646
261138353 -74.07426289 4.60598488
266678250 -74.08481981 4.60453162
892490814 -74.06909561 4.61633259
253762182 -74.07359351 4.61662118
265297213 -74.07562998 4.60571783
265295672 -74.07891317 4.61699509
265297217 -74.07652584 4.6063256
265296257 -74.07735757 4.61275209
265296252 -74.0782774 4.61307203
264377450 -74.07094869 4.60261518
265297255 -74.07586601 4.60720939
264377552 -74.07512237 4.61052938
265297251 -74.07500217 4.60655359
265297258 -74.07672977 4.60782529
628967152 -74.07506336 4.61820376
265296426 -74.07333459 4.61188431
455338151 -74.06951111 4.61220031
455338150 -74.0696215 4.61226736
455338156 -74.06928781 4.61219067
265296420 -74.07308657 4.61224423
262567509 -74.06879722 4.61780202
264377507 -74.0700281 4.61223526
262567502 -74.06997571 4.61550739
1031312829 -74.06980774 4.6052813
266678485 -74.07898106 4.60261828
265295832 -74.08362413 4.61420769
266618804 -74.07473588 4.61751469
266618805 -74.07420271 4.61678689
266618806 -74.07372712 4.61612396
266618800 -74.07556267 4.61585557
266618801 -74.0769083 4.61834869
266618802 -74.07632266 4.61750153
266042730 -74.08242552 4.60947192
262567769 -74.07260839 4.60907369
262567767 -74.07377423 4.60980434
262567765 -74.07447269 4.61016937
262567760 -74.06864827 4.60796183
265296935 -74.07582997 4.61349992
266678239 -74.08437314 4.60527728
264377510 -74.07056186 4.6120574
265297317 -74.08234707 4.60606241
265297314 -74.08145264 4.60727343
264377513 -74.0698561 4.61188934
264377515 -74.07077853 4.61167828
265297310 -74.08082081 4.60815319
883371167 -74.0814932 4.60509036
265295852 -74.08362413 4.61444766
266678269 -74.085284 4.60364532
266678266 -74.08372941 4.60243539
266678267 -74.08453131 4.60295591
264154030 -74.07211293 4.61839747
265296932 -74.07785747 4.6155674
265297537 -74.08461588 4.61501956
265297534 -74.08539967 4.6140678
267182705 -74.0834342 4.60791238
267182707 -74.08365599 4.60765028
267182702 -74.08374341 4.60816099
265296918 -74.07965706 4.61426368
416309778 -74.06756441 4.61636846
265296912 -74.0804489 4.61321603
265295754 -74.08163662 4.61529549
265296915 -74.08011304 4.61367192
265296134 -74.0792212 4.61475964
265297153 -74.07600733 4.60331591
455338282 -74.06886209 4.61572607
265296267 -74.07910118 4.61058864
455338280 -74.06859278 4.6156016
265296560 -74.08088082 4.61355189
265296591 -74.08098484 4.61438773
265296262 -74.07978103 4.60959681
265296648 -74.08034086 4.61480758
265296610 -74.07850128 4.6163113
265296347 -74.07293914 4.6152628
265296598 -74.07775747 4.61637517
1031561169 -74.06989416 4.61126698
371564883 -74.07172468 4.61757252
266627675 -74.06841408 4.6154369
266627674 -74.06863218 4.61498964
266627677 -74.0683534 4.61540748
266627671 -74.06858382 4.6152944
266042739 -74.08154852 4.60981976
266627672 -74.06871332 4.61502887
265804435 -74.07535941 4.60420263
265296291 -74.07542613 4.61384777
265804437 -74.07371983 4.60311709
265804436 -74.07462306 4.60370919
266627678 -74.06852732 4.61505099
265296296 -74.07639382 4.61329599
1031558361 -74.06783967 4.60960083
266789430 -74.08242167 4.60404773
266789431 -74.08298686 4.60335799
265296686 -74.07631788 4.6114684
265296869 -74.07586199 4.61038068
265296866 -74.07554197 4.61082048
265296724 -74.07517333 4.61340227
822045698 -74.07360944 4.60679222
266042698 -74.08074763 4.61200501
266042699 -74.08079114 4.61251237
265296908 -74.07829744 4.61452771
266042694 -74.08099767 4.61038512
265296461 -74.07231812 4.61014088
265296129 -74.07845728 4.61441967
266042691 -74.0831213 4.60735549
266042692 -74.08174424 4.60916748
266042693 -74.0812876 4.60989948
265296500 -74.07824136 4.60249046
455338196 -74.06898229 4.61252352
455338194 -74.06899621 4.61254548
345574508 -74.06779483 4.61066013
455338190 -74.06887827 4.61350822
265296508 -74.07287074 4.60834908
265296663 -74.08040087 4.61463961
261138466 -74.07118371 4.61152842
265297150 -74.07593391 4.60324232
263777301 -74.06885841 4.61760873
265804384 -74.06796959 4.60322723
829604006 -74.0798496 4.60374364
265804369 -74.06825809 4.60283328
265804368 -74.06831434 4.60289933
264377523 -74.07677411 4.61615372
265297364 -74.07778547 4.60785723
264377524 -74.07715096 4.61677716
265297360 -74.07853733 4.60840113
264377528 -74.0768824 4.61611122
264377259 -74.06753868 4.61654809
265297287 -74.07764147 4.60844111
265804365 -74.06827628 4.60311148
265297281 -74.08138474 4.60524987
265804367 -74.06833328 4.60298063
264154181 -74.07418586 4.61819848
264377486 -74.07122529 4.61342591
264377487 -74.07133937 4.61343832
829603959 -74.07868334 4.60522539
264377485 -74.07249984 4.61540329
829603953 -74.07519211 4.61059132
829603951 -74.07971188 4.60372654
262567408 -74.07510083 4.61824953
265804371 -74.06809708 4.60280738
829603955 -74.07975966 4.60366569
455338267 -74.06848432 4.61594492
264377554 -74.07762898 4.61250994
264377557 -74.08206292 4.61622488
264377550 -74.0772963 4.61467607
264377551 -74.07830196 4.61628909
263777230 -74.0686761 4.61741469
264377553 -74.07529529 4.61068302
264377415 -74.06950197 4.60608881
265804310 -74.07307836 4.60645342
265804311 -74.07309353 4.60624078
265804312 -74.07401956 4.60465433
265804313 -74.07516973 4.60277167
265296163 -74.08296431 4.61797494
265297367 -74.07892122 4.60932892
265297290 -74.0774336 4.60827314
264154179 -74.07252943 4.6161533
264154175 -74.07255709 4.61631063
829603965 -74.07418192 4.61254682
264377260 -74.06858138 4.61679577
265804306 -74.07087316 4.61039309
265296896 -74.07896916 4.61365591
264377261 -74.06811091 4.61615053
265296892 -74.07937711 4.61311201
262567717 -74.06877392 4.61502308
262567499 -74.07119327 4.61621759
