1383986770 142089214
1383986770 142089259
142203117 1383031690
142203117 1383031768
1163510853 1163510841
1163510853 34557142
1163112000 1163111974
1163112000 1163111946
1163112003 1163111950
1163112003 1163111959
1163112003 1163111990
1163112002 1163111949
1163112002 1163111976
142204167 142204289
142204167 142204047
1383031447 34557147
1383031447 1383031964
142204003 142204023
142204003 142203987
1383031928 142194217
1383031928 142194061
1383992270 142282512
1383992270 142281949
370527968 142201538
370527968 1387142263
142204364 365857423
142204364 1383031947
142204364 1383031815
1393995815 142281370
1393995815 1393995812
1393995816 1393995792
1393995816 1393995790
1393995817 1393995826
1393995817 1393995835
1393995810 1393995833
1393995810 1393995822
1393995811 1393995803
1393995811 1393995796
1393995812 1393995833
1393995813 1393995845
1393995813 1393995787
1393995818 1393995796
1393995818 1393995834
142193448 142193469
142193448 1383986764
142282540 142282524
142282540 142282549
142200786 142201223
142200786 1383992359
142200786 142200756
142282549 142282562
365857449 1387106630
365857449 365857451
365857449 365857445
142192586 142192600
142192586 1383031613
142192586 142193059
365857445 446253711
1383992300 142281296
1383992300 142281306
1383031537 142193426
1383031537 142192810
142281845 142281850
142281845 142281801
142281845 142281830
1383981844 1383981811
1383981844 1383981858
1383981844 1383981814
1383031902 1383031669
1383031902 365857456
1383981841 1383981834
1163111988 142203987
1163111988 1163112005
1163111988 1163111993
1383981843 1383981847
1383981843 1383981827
1163111987 1163111995
1163111987 1163111959
1163111986 1163111964
1163111981 1383031391
1163111981 142193484
1163111981 1163111954
142281697 142281689
142281697 142281830
544723663 544723695
544723661 544723695
142194043 1387106639
142194043 1383031634
142194043 142194027
142194043 142194437
142281986 142282826
142281986 142281637
142281986 255556889
1163112005 984930885
1163112005 1163111964
142281596 142282689
142281596 142282471
142281596 142281648
142201604 142201629
142201604 142280753
142201604 142200756
365857746 365858112
142281346 142281323
142281346 142281355
142281346 142281416
255556888 1387142311
255556888 255556889
255556888 984930878
142203987 142204345
142281021 142282579
142281021 142281035
142281021 142280814
544723809 544723806
544723809 544723701
544723809 1383986740
544723806 544723803
544723803 1383981850
544723803 544723812
142194462 142202659
142194462 1383031613
142194462 142202685
142204457 142204441
142204457 1383031384
142204457 142194061
984930899 984930897
984930899 984930894
984930897 984930900
984930897 984930891
984930896 1387142285
984930896 984930894
984930896 1387142288
984930894 984930891
142192600 1163128968
142282487 1383992311
142282487 142282471
142282487 142282495
142087751 142087820
142087751 1383986741
142201119 142201223
142201119 142200802
1387142295 1387142325
1387142295 1387142284
1387142295 1387142356
1163128951 142192437
1163128951 1163128930
1163128951 1163128961
1163128941 1383031613
1163128941 142192416
142088003 142089422
142088003 544723729
142088003 544723720
306636480 1383992343
306636480 1393995824
142204047 142204023
142204047 142192643
142282934 142282919
142282934 142282961
142282934 1163111966
142204289 142204304
142193484 142192537
142193484 1163111991
142194217 142194235
1387142346 1387142325
1387142346 1387142268
1387142346 1387142352
142202419 142201583
142202419 142201355
142202419 142202399
1163510883 1163510841
1163510883 1163510821
142281801 142281787
365858151 142204520
365858151 365858112
1383992343 306636478
142202399 142202386
142281653 1383992365
142281653 142281660
984930868 984930903
984930868 984930862
984930868 984930869
984930869 1387142241
984930869 984930870
142204427 142204441
142204427 142204418
984930862 984930900
1109971074 1109971136
1109971074 34565322
1109971074 34565323
142089214 142089097
142089214 364115575
1383031615 142203694
1383031615 142203717
142193141 142192622
142193141 142193122
142089354 142089370
1393995787 142280753
1393995787 1393995831
142192416 142192437
142192416 142204320
142194646 34557146
142194646 34565320
142194646 142196689
142281898 142281911
142281898 142281889
142282278 142282206
142282278 1383992253
142282278 142282217
142282373 1383992311
142282373 142282369
142281579 142281671
142281579 142281584
1383981834 1383981849
1383981836 1383981847
1383981836 1383981858
142204399 142204471
142204399 142202685
142204399 142190352
142282680 142282682
142282680 142282672
142282682 142282689
142194426 1383031634
142194426 142194061
142282689 142201994
142202827 1383031512
142202827 142202703
142200992 142200978
142200992 142200802
1383031768 142203694
142192643 142192622
142192643 1163111960
142192643 1163128963
1383981880 1383981827
142282206 142281710
142282755 142282744
142282755 142282019
1163372562 142201994
1163372562 1169361512
142281370 1393995798
142281370 142282238
142194398 1383031384
142194398 1383031815
142194252 1383031669
142194252 1383031431
142194252 1387106761
1163111963 1163111952
1163111963 1163111968
1163111963 1163111993
1163111962 1163111950
1163111962 1163111990
1163111960 1163111952
1163111960 1163111946
1163111966 1163111949
1163111966 1163111976
1163111964 1163111991
306636014 306636015
306636014 1393995839
306636014 142282797
306636015 306636016
306636016 306636478
1387142300 1387142361
1387142300 1387142311
1387142308 1387142239
1383986764 142193426
1163510841 34557143
1387142287 1387142239
1387142287 1387142263
1387142284 1387142297
1387142284 1387142281
1387142285 1387142361
1387142285 984930903
1387142281 1387142356
1387142281 1387142339
1383031431 142194437
1163128930 1163128967
1163128930 142202871
1387142288 1387142264
1387142288 1387142339
1383992265 142281671
1383992265 142281660
1383992264 142281617
1383992264 142281627
1393995809 1393995828
1393995809 1393995800
1393995808 1393995803
1393995808 142282967
1393995808 1393995836
1393995808 1393995782
1393995803 1393995825
1393995803 1393995795
1393995802 1393995828
1393995802 1393995819
1393995801 1393995845
1393995801 142281089
1393995800 1393995797
1393995807 1393995806
1393995807 1393995842
1393995806 1393995795
1393995805 1393995784
1393995805 1393995837
1393995804 1393995823
1393995804 1393995840
142089259 142089279
1109971136 34557143
1109971136 1163510838
1109971134 34565322
142203076 1163128967
142203076 1383031551
142203076 1387142339
142200821 142200802
142200821 142200756
1163372584 1169361507
1163372584 142201960
365857453 365857451
365857453 365857456
365857450 1387106630
365857450 446221488
365857450 365857451
365857456 365857423
142282019 142282225
142282019 1163111976
142281850 142281862
446221472 446221487
446221472 446221469
142282720 142282704
142282720 142282728
142282238 142282266
142282238 142281875
142282728 142282744
142282728 142281364
142193078 142193048
142193078 142193059
142193078 142193122
142280753 142280814
1387106627 1387106761
1387106627 1387106638
1387106627 1387106707
1387106627 1387106735
1383986740 544723812
142281584 142281323
142282655 142281035
142282655 142282672
142281617 142281923
142281035 142281080
1383031967 365857423
1383031967 142194350
544723729 544723727
544723729 1383982209
544723727 1383986783
544723725 1383986783
544723725 1383986720
544723725 544723812
544723720 1383986720
984930880 984930881
984930880 984930878
984930881 984930882
984930882 984930883
984930883 984930885
984930885 984930878
142202703 142190352
142089422 142193469
142089422 142089449
142089420 1383986741
142089420 142089370
1383981878 1383981826
1383981878 1383981859
142281923 142281911
142281923 142281648
1383981872 1383981808
1383981872 1383981852
1383031964 1383031881
1383981849 1383981826
142282909 1163111950
142282909 142282961
142282909 1383981803
142281323 142281306
34557147 142194667
34557147 34557148
1393995846 1393995780
1393995846 1393995781
34557144 142192437
34557144 142195613
34557144 1163510838
34557143 34565323
1393995841 1393995832
1393995841 1393995838
1393995840 1393995786
1393995840 1393995789
1393995840 306636478
1163111952 1163111978
1163111954 142193886
1163111954 1163111991
34557148 1169361507
1387142336 1387142251
1387142336 1387142327
1387142336 1387142255
142283116 1383981821
142283116 1383981803
142283116 1383981850
142203849 1163128923
142203849 142204023
142203849 142203717
142203849 142194687
1383031460 142194027
1383031460 1383031568
1383992353 142282225
1383992353 142282217
1383992359 142201355
142201994 142202386
1393995832 1393995781
1393995830 1393995827
1393995830 1393995826
1393995831 142281364
1393995831 1393995780
1393995836 1393995844
1393995837 1393995786
1393995834 142280725
1393995835 1393995789
1393995838 1393995821
1393995839 1393995785
1393995839 1393995824
544723696 544723691
544723695 544723693
142282562 142282579
544723693 544723699
544723693 544723691
544723691 544723701
142281787 142281637
142281787 142282704
544723699 544723701
1383986719 142089449
1383986719 142089370
1387106707 1387106645
1387106707 1387106639
1387106707 1387106634
142201538 142201558
1393995784 1393995824
1393995785 1393995793
142281710 142282524
142281710 142281830
1393995782 1393995791
1393995783 1393995829
1393995783 1393995842
34565322 142196689
34565320 142194667
1393995788 1393995822
1393995788 1393995825
1383981821 142282967
1383981826 1383981811
1383981825 1383981858
142282266 1383992253
516658825 1169361512
1393995791 1393995794
142204483 142204471
142204483 142204520
142204483 365858112
142193048 142192810
142196677 142196689
142192537 1383031936
142192537 1163111946
34557146 142195613
34557146 142194667
142281364 142281355
1163111959 1163111977
142282782 142282770
142282782 142282797
142204331 142204345
142204331 142204320
142193886 1383031492
142193886 142282704
1163510838 1163510821
142202446 142201629
142202446 142201960
142194687 142195613
1163128923 1163128967
1163128923 1163128962
1387142297 1387142325
1387142297 1387142352
1383031391 142193821
142193469 1383031936
142204345 142202659
142089097 364115573
142192810 142282919
142282225 142282369
142280725 1393995829
142280725 1393995794
142193908 142087820
142193908 142194235
142193908 1383031568
1169361507 1169361512
142203098 1383031690
142203098 1383031551
142281627 142281637
142282524 142201960
142281416 142281399
1383031512 142202871
142282826 142282814
1383981814 1383981805
446221469 446221488
1383981862 1383981808
1387142251 1387142268
1387142251 1387142352
1387142255 1387142268
1163128968 1163128963
142282919 1163111977
142204304 142204320
142194235 142193059
1383992365 142281648
1393995821 142281296
1393995821 142281089
1393995823 1393995793
1393995825 1393995792
1393995825 1393995789
1393995827 1393995797
1393995827 142281949
1393995829 1393995844
142087820 142089279
1393995799 1393995790
1393995799 1393995798
364115573 364115574
364115575 364115574
1393995794 142282744
142281080 142281089
142281875 142281862
142281875 142281682
1383981852 1383981805
1383981850 1383981859
1163111995 1163111977
1163111993 1163111978
142204471 142204418
142281682 142281689
142281682 142281399
1383031669 142194350
1393995819 1393995789
142282770 142282369
142281671 142281889
142281296 142282814
142193821 1383031492
142282814 142282797
142282495 142282512
142204418 1383031947
142201558 142201583
446221487 446221488
142201583 142281089
142281889 142281949
142282967 142282961
1163111978 1163111974
