194500358 971304810
194500358 971304903
194500358 192916931
194500358 180474761
195586319 243462078
195586319 195586318
195586319 194118101
195586318 195581629
195586318 1058616068
1058508977 1058537244
1058508977 616070210
1058508977 1294124211
1058508977 206106090
235431740 315203194
206114731 206114827
206114731 195890708
206114731 206114764
195994113 180474774
195994113 205501574
195994113 1058395286
195994113 205501527
192924339 195720746
192924339 237634348
192924339 195720727
192924339 192923255
206106101 206106097
206106101 206106100
206106101 206106106
206106100 206106096
206106100 206106105
206106100 206106099
206106105 206106109
206106105 206106104
206106105 243462081
206106104 206106108
206106104 206106099
206106104 206106120
206106106 206107611
206106106 206106071
206106106 243462081
206106109 206106057
206106109 206106108
206106109 243462082
206106108 235375394
206106108 206106121
1058485208 206106096
1058485208 206106095
1058485208 1058485244
195581629 1058616146
195581629 194118101
195581629 195587922
205501506 205501486
205501506 205501458
205501506 205501416
205501506 205501518
1122463472 1122463509
1122463472 248697432
283261261 194506335
283261261 205501566
283261261 235382054
283261261 205501533
195722965 195723052
195722965 237634348
195722965 195722988
195722965 1292326255
206114830 206114834
206114830 206114752
237640591 205501476
237640591 237640584
237640591 205553429
237640591 237640598
206114639 1131889823
1058485277 616070209
1058485277 1058485263
1058485277 1058485244
248775791 247464357
195720636 195720654
195720636 195720762
195720636 195587058
195720636 1289820454
247464361 248697487
247464361 247464357
243462078 243462079
243462078 243462072
237640549 237640557
237640549 195720784
237640549 195577553
237640549 237640538
206106095 616070209
206106095 206105906
206106095 206106099
247464369 247464370
247464369 248697490
205501565 205501564
205501565 205501574
205501565 1131889819
205501565 180474772
205501564 205501557
205501564 205501573
205501564 205501563
205501567 205501533
205501567 205501566
205501567 205501558
205501567 205501568
205501566 283334289
205501561 205501555
205501561 205501560
205501561 205501570
205501561 205501562
205501560 205501554
205501560 205501569
205501560 205501559
205501563 205501572
205501563 205553448
205501563 205501562
205501562 205501556
205501562 205501571
205501569 194329050
205501569 205501570
205501569 205501568
205501568 205501531
205501568 205501559
194505421 180474248
194505421 615027116
194505421 206114703
248697487 1122463451
248697487 248697494
248697487 248697490
195720417 194502598
195720417 194502599
195720417 195587062
195720417 1289820459
283334289 237640573
283334289 205501558
283334289 247464375
195587922 1058616077
195587922 195587935
195587922 195720811
195587062 195587938
195587062 193830084
195587062 195720434
205501570 181122620
205501570 205501571
1058616146 1058616077
1058616146 195738245
1058616146 1058616068
1376764787 1376764735
1376764787 1376764805
1058616140 1058616110
1058616140 237640557
1058616140 1058616074
1058616140 248697385
1376764782 1376764803
1376764782 1376764777
205500367 205501521
205500367 181122617
205500367 194504395
205500367 205500358
248697377 248697391
248697377 248697379
248697377 226823244
1376764821 1376764803
1376764821 1376764744
1376764822 1376764813
1376764822 1376764668
1376764822 1376764672
248697379 248697380
194506335 206114705
194506335 206114780
194506335 206107604
205501361 205501389
205501361 205501476
205501361 192920707
205501361 237640584
206105906 206106088
206105906 206106119
206105906 243462073
205501364 205501284
205501364 205501438
205501364 205501378
205501364 205553457
616070209 615029643
248697391 248697394
248697395 248697394
248697395 248697396
248697396 248697400
205526951 205526935
205526951 205526737
205526951 205526970
205526951 1058371732
237640573 1058616085
237640573 205501552
194504395 631347230
194504395 195890701
1376764739 1376764803
1376764739 1376764676
1376764739 1376764735
205501545 205553457
205501545 205501539
205501545 205501546
205501545 205501553
206107613 206107611
206107613 206106071
206107613 206107615
1376764735 1376764692
971304789 971304810
971304789 192916931
971304789 1058337186
1058371734 205527011
1058371734 1058387259
1058371734 180484520
1058371734 1058371723
1058371737 1058337185
1058371737 1058371733
195575907 199509161
195575907 237634356
195575907 1292326255
1058371733 205526935
1058371733 971304810
1058371733 1058371732
1058371732 1080489615
1058371732 971304886
195575909 195720676
195575909 192921756
195575909 195720399
195723030 195723052
195723030 205553429
195723030 195722988
195723030 237640584
1058616125 1058616085
195626913 315203207
1122463403 248697426
1122463403 1122463485
1058387249 1131889821
1058387249 1131889823
205553448 205501557
205553448 243462066
205553448 243462064
194498276 205501389
194498276 199509202
194498276 192920707
194498276 205501403
194498276 199509191
194500360 205501518
194500360 205501521
194500360 205501416
194500360 181122617
194500363 195720654
194500363 192921756
194500363 195587058
194500363 194500364
194500364 195722871
194500364 195816626
206114764 206111962
206114764 206114774
206114764 206114767
193830084 195738282
193830084 194502599
193830083 195587938
193830083 195720775
193830083 195720784
193830083 237640538
206114834 206114827
195720676 192923255
195720676 195720727
315203207 248697428
206106097 206106096
206106097 1058508993
206106096 616070210
195720775 194502598
195720775 237640531
195720775 1289820461
206106091 1058508993
206106091 1058537237
206106090 1058485266
206106090 1058537237
195587938 194502598
195587938 195587932
195587932 195720434
195587932 195720784
195587932 195587928
243462064 205501549
243462064 243462065
205526737 205526715
205526737 194502593
195587935 243462077
195587935 194118101
195587935 195588296
248697441 248697449
248697441 1058616157
248697441 248697439
205501403 199509202
205501403 205501416
205501403 181122617
248697449 32382578
248697449 247464375
235375394 235377251
235375394 206106057
206114694 180474774
206114694 195890708
206114694 205501527
1058616068 195720453
192921756 192923255
192921756 195722871
248697434 248697435
248697434 248697432
248697435 248697439
248697432 195615851
195738245 195720434
195738245 195720453
195738245 195587928
205501538 205501547
205501538 205501536
205501538 195867142
205501538 205501535
205501539 205501552
205501539 205501534
205501539 237640615
205501533 205501531
205501533 206114780
1376764769 1376764686
1376764769 1376764703
205501531 194329050
205501531 206114798
205501536 205501548
205501536 205501537
205501536 193830079
205501537 205501549
205501537 205501575
205501537 243462061
205501534 237640612
205501534 205553457
205501534 205501284
205501535 205553457
205501535 205501438
205501535 205501546
1376764779 1376764648
1376764779 1376764666
243462057 193823640
243462057 971304867
243462057 243462058
243462055 193830077
243462055 195866927
243462055 243462058
437364804 437364805
437364804 243462083
437364804 437364803
437364805 235382054
437364805 206107604
437364800 206107602
437364800 437364801
437364800 437364803
437364801 206107604
437364801 437364802
243462059 243462063
243462059 243462060
243462059 193830075
243462059 193830077
243462058 243462060
1058616110 1058616059
1058616110 195580209
1058616110 248697387
615027116 180474249
615027116 1058395288
195890701 205501521
195890701 631347231
195890701 205501519
195720784 195720795
195890708 206114767
195890708 194504396
180484518 180484520
180484518 180474771
180484518 180474768
1122463449 1122463510
1122463449 1122463504
1122463447 1122463466
1122463447 32382078
1122463445 1122463469
1122463445 1122463426
205526904 205526795
205526904 1058337186
205526904 205526935
1376764648 1376764632
1376764648 1376764658
237640525 195576804
237640525 195720762
237640525 237640514
237640525 1289820458
1376764640 1376764628
1376764640 1376764709
1376764646 1376764655
1376764646 180478424
180474774 1080484846
180474774 1080484852
180474771 205526839
180474771 205501550
205526767 971304867
205526767 180474762
205526767 971304836
205526767 180474761
195723103 195577553
195723103 195723121
195723103 195723068
195723103 237640538
192923255 195720654
206106119 243462074
206106119 206106099
206106119 206106120
195722988 199509161
195722988 237634403
199509214 199509202
199509214 181122617
199509214 205500358
199509191 199509202
199509191 199509175
206114801 206114798
206114801 206114810
206114801 206114817
206114801 206114783
193830079 193830077
193830079 205501523
193830079 195867142
193830077 243462061
193830075 243462063
193830075 971304950
193830075 180474762
193830075 180484525
206114777 194506336
206114777 206114774
206114777 181122620
206114777 206114767
971304886 971304810
971304886 180474761
971304886 971304836
206114798 194506336
206114798 206114780
1294124211 1058485266
1294124211 1058485253
1058485263 1058485229
195816626 195587058
195816626 1289820460
247464370 247464371
247464371 247464373
247464373 247464375
247464375 32382578
205501530 206114767
205501530 181122620
205501530 194504396
205501530 205501571
205501574 1131889823
205501574 205501573
205501575 243462062
205501575 205501550
205501575 180474768
205501572 205501571
205501572 194504396
205501572 205501573
205501573 205501527
1058616085 237640615
1058616085 1122463510
205501476 205501486
205501476 205501354
32382578 248697405
32382578 32382078
248697497 1122463464
248697497 248697494
248697497 248697498
248697494 235382054
195587058 1289820459
315203194 195615851
237634348 237634356
237634348 237640514
248697498 32382078
195720453 195738282
315203758 315203734
1058616157 1058616059
1058616157 1122463510
1058616157 205501544
615029643 206106089
615029643 1058485248
615029643 615029647
615029647 243462071
615029647 243462072
248697405 248697406
248697406 1300238545
248697406 248697400
205527011 205526988
205527011 1058387263
180474766 243462063
180474766 180474768
205501378 205501486
205501378 205501458
205501378 205501354
248697382 248697380
248697382 248697385
616070210 1058485244
248697387 248697385
1122463485 1122463466
237640566 243462105
237640566 1058616074
237640566 195720811
243462080 206106071
243462080 243462081
243462080 243462082
243462082 243462083
243462083 206106057
631347230 631347231
631347230 193823635
631347231 193823637
1376764686 1376764667
1376764686 1376764813
1376764725 1376764777
1376764725 1376764744
1376764725 1376764694
205501284 205501354
205501284 237640606
1376764689 1376764806
1376764689 1376764703
1058537244 1058508993
1058537244 1058537237
194502596 205501518
194502596 205501458
194502596 205501523
194502596 195867142
205527032 1058387263
205527032 1058387266
205527032 205526918
205526839 1058387266
205526839 180474772
205526935 205526715
1058387259 1058387266
1058387259 1058387263
237640514 195723052
237640514 195720746
1058485229 1058485255
1058485229 1058485244
206114752 206114823
195580209 237640557
195580209 205501544
195580209 195577553
195580209 1058616059
437364803 437364802
195720762 195720746
195720762 1289820461
206106088 243462071
206106088 206106089
206106089 1058485243
1122463509 1122463464
1080484852 1058395300
1080484852 1058395285
1080484852 180474248
1122463504 1122463469
971304915 193823635
971304915 971304903
971304915 192916931
1058395294 1058395297
1122463512 1122463451
1122463512 1122463426
205501486 205501389
1058616059 32382078
1058395299 1376764675
1058395299 1058395285
194118101 243462079
193823640 195866927
193823640 193823639
1058387268 1058387250
1058387268 1058395286
205501438 205501458
205501438 195867142
1376764806 1376764669
193823639 193823637
193823639 971304792
193823639 205501519
1376764805 1376764771
194506336 194329050
194506336 206114810
193823635 193823637
193823637 971304903
1376764628 1376764651
1376764628 1376764669
206106057 235382054
195723068 195723088
195723068 1289820456
195723068 237640531
1300238545 248697412
180484520 971304934
180484520 180474768
180484520 180484525
205526970 205526988
205526970 194502593
205526970 1080489615
237634417 199509161
237634417 237634403
237634417 199509175
237640557 195720795
237640557 1058616074
971304903 971304792
1058387264 1058387261
1058387264 1058387267
1376764658 1376764670
1376764657 1376764655
1376764657 1376764665
1376764657 1376764700
1376764655 1376764675
1376764653 1376767160
1376764653 1376764694
1376764653 1376764661
1376764651 180478421
205526715 205526795
194502599 1289820460
180474762 180484525
180474761 971304792
195577553 205553475
206106121 235377251
206106121 243462106
206106121 206106120
206106120 243462068
195720727 237634356
1131889821 1131889820
1131889820 1131889819
1131889823 1131889822
1131889822 1058387250
195720399 195722871
1080489615 971304836
1080489615 1058371723
206114817 206114820
206114817 206114813
206114810 206114774
205553429 195576804
205553429 1289820455
206114813 206114783
1058387260 1058387267
1058387260 1131889819
1058387261 205526918
1058387261 1058387266
1058387261 180474772
180484525 1058371723
180484525 971304863
180484525 971304836
971304950 243462060
971304950 971304867
206114780 206114783
206114783 206114705
1058485255 1058485214
1058485255 1058485248
1058485253 1058485214
195720434 195738282
1376764670 1376764709
315203745 315203734
315203745 1131889819
195576804 1289820456
195576804 195723052
248697412 248697413
248697413 248697426
181122620 194329050
1376764666 1376764672
1376764667 1376764665
1376764667 1058395288
1376764667 1376764700
1376764665 1376764675
1376764665 1376764797
1376764661 1376764675
205501389 205501416
195615851 226823244
1376764744 180478421
1376764668 1376764632
243462073 243462072
243462073 243462074
243462075 243462079
243462075 243462074
243462075 243462077
243462077 243462068
237640598 195723088
237640598 1289820455
237640598 205501354
237640598 237640606
205501549 205501548
205501549 205501550
205501548 205501547
205501548 205501556
237640606 237640612
237640606 195723121
205501547 205501555
205501547 205501546
205501546 205501554
194504396 205501527
205501544 205553475
205501544 237640615
205501544 1122463510
180474772 205501557
180478421 180478425
180478425 180478424
243462062 243462063
243462062 243462061
1289820459 1289820454
1289820459 1289820460
1289820458 1289820456
1289820458 237640531
1289820458 1289820461
1289820456 1289820455
1289820455 195723088
1289820454 194502598
1289820454 1289820461
195720654 195720746
237640584 237634403
195723088 195723121
206111962 206114823
206111962 206114820
206114827 206114823
1080484846 1058395300
1080484846 1058395297
206114820 206114774
971304863 971304934
971304867 971304792
247464357 248697428
1376764700 1376764672
1376764703 1376764692
205501518 205501522
205501519 195866927
205501519 205501522
1376767160 1376767164
1376767162 1376767163
1376767163 1376767164
1376764798 1376764771
235377251 243462067
1058337185 1058337186
1058616134 195720795
1058616134 1058616077
1058616134 1058616074
1058616134 195720811
1376764797 1376764692
237634403 192920707
205526988 1058371723
206107602 206106071
206107602 206107606
206107604 283261014
206107604 206107606
206107606 206107615
206114705 283261014
248775778 226823244
195587928 195720795
195587928 1058616077
195723121 205553475
199509175 192920707
32382078 243462105
1058485248 1058485243
195866927 205501523
235382054 235375963
315203734 205526918
248697426 248697428
1376764676 1376764771
205501521 205501522
205501523 205501522
243462105 243462069
243462105 195588296
243462106 243462068
243462106 243462069
243462106 195588296
243462066 205501556
243462066 243462065
243462067 243462069
243462067 235375963
195588296 195720811
237640612 205553475
237640612 237640615
205501558 205501552
205501558 205501559
205501559 205501553
205501554 205501555
205501554 205501553
205501555 205501556
205501557 205501550
205501552 205501553
237640538 237640531
