315896492 -66.89950582 10.51085067
316075793 -66.90547969 10.51010552
316084409 -66.9155492 10.50316958
316075792 -66.90543074 10.5103885
316084407 -66.91346697 10.50273171
316084406 -66.91229183 10.502451
316075694 -66.90180238 10.51603949
316084403 -66.9108897 10.50257137
316075791 -66.90629432 10.51053904
316084401 -66.9101868 10.50683868
316084400 -66.90907678 10.50545742
316084339 -66.9026124 10.50171909
316084338 -66.90420907 10.50197122
703007894 -66.90307366 10.49958816
703007893 -66.90330341 10.49951532
703007892 -66.90120391 10.49929287
316075622 -66.90390523 10.51431198
316084331 -66.91446643 10.50425227
316084330 -66.91532314 10.50442737
316084333 -66.91206074 10.50370317
316084332 -66.91326807 10.5039636
316084335 -66.90841151 10.502896
316084334 -66.91078317 10.50346077
316084337 -66.90537483 10.50229971
316084336 -66.90697393 10.50260984
316075594 -66.90216473 10.5136395
316075596 -66.9022431 10.51349198
316075795 -66.90724349 10.50993076
316075759 -66.91421908 10.51013561
316075758 -66.91328818 10.5099549
316075757 -66.9120511 10.50970202
316075756 -66.91085676 10.50948518
267241071 -66.91727436 10.50700238
316075753 -66.90844998 10.50904572
316075618 -66.90220119 10.51446093
316075750 -66.90712103 10.50879878
315896379 -66.89997412 10.50762004
266535438 -66.90899858 10.51154327
267240469 -66.91514947 10.51159792
316075818 -66.90326913 10.50580091
316075819 -66.91082876 10.51546944
315896466 -66.90065062 10.5082486
316075814 -66.90244879 10.50655109
316075815 -66.90213899 10.50602647
316075816 -66.90216188 10.50581223
316075810 -66.91186628 10.5106558
316075811 -66.9125494 10.507354
316075812 -66.91433986 10.51016093
266535436 -66.91157366 10.5120969
316084410 -66.91468989 10.50775138
316692305 -66.91754108 10.51431282
316084412 -66.9167722 10.50346563
316084413 -66.91124048 10.50228772
316084414 -66.91103982 10.50235562
315896553 -66.90148621 10.51289779
316076162 -66.91335272 10.51174729
316084374 -66.90548589 10.50107989
316076011 -66.91217708 10.51571796
316084328 -66.91541962 10.50444657
316084322 -66.91303924 10.50519046
316084323 -66.91423148 10.5054503
316084320 -66.91060279 10.50467724
316084321 -66.91178883 10.5049307
558651263 -66.89985761 10.49911744
316084327 -66.91653131 10.50466768
316084324 -66.91508233 10.50562783
316084325 -66.9152177 10.50557083
316075740 -66.90310962 10.50703448
316075741 -66.90241149 10.50692007
316075584 -66.90105991 10.51474256
316075743 -66.90175007 10.50643232
316075744 -66.90140709 10.50632386
316075745 -66.90225844 10.50817861
316075746 -66.90293201 10.50823284
316075747 -66.90470201 10.50848572
316075748 -66.9057676 10.50862419
262480931 -66.91600853 10.51558712
315932768 -66.90116032 10.49945238
316075589 -66.90160012 10.51431341
315896471 -66.90072497 10.50851179
316075805 -66.90804681 10.5112313
315896475 -66.90108179 10.50895033
316076069 -66.90668886 10.51547514
315896479 -66.90040528 10.50951309
316084393 -66.90987951 10.50231857
316252407 -66.91160417 10.50102658
316075847 -66.90556091 10.51569567
316075846 -66.90582309 10.51543323
316075845 -66.90762998 10.51550816
316075844 -66.90758698 10.51534421
316075843 -66.90694342 10.51494574
316084399 -66.90898273 10.50591994
316084398 -66.90775973 10.50572263
316075802 -66.90753141 10.51364612
316084319 -66.90943008 10.50440608
316084317 -66.90813432 10.5041449
316084313 -66.90672918 10.50385338
315932823 -66.90064517 10.50400132
316084351 -66.91109204 10.50169378
316084310 -66.90400933 10.50326396
316075735 -66.90870722 10.50785942
316075734 -66.91110788 10.50828699
316075737 -66.90602476 10.50741979
316075736 -66.90732312 10.5076306
316075731 -66.91447632 10.5089132
316075730 -66.91565867 10.50916474
316075733 -66.91232049 10.50853383
316075732 -66.9135699 10.50875662
262480924 -66.91571667 10.51627351
316076156 -66.91447649 10.5140596
316076157 -66.91354744 10.51320247
316075739 -66.90489178 10.5072633
316076151 -66.9162397 10.51306048
316076152 -66.91450331 10.514646
262480922 -66.91617566 10.51355962
316076015 -66.91090521 10.51512184
315896518 -66.89955041 10.50867993
315896443 -66.90069521 10.50554418
316076013 -66.91241026 10.51436957
316076012 -66.91221438 10.51543977
316252352 -66.90684367 10.49936302
315896510 -66.89968419 10.51098956
316252350 -66.90671157 10.49995663
316252351 -66.9075558 10.49951138
315932785 -66.9002539 10.50393158
316084347 -66.90732798 10.50081016
316075620 -66.90141857 10.51600596
316075617 -66.90227059 10.51395206
316076014 -66.91145556 10.51510038
558656375 -66.9026124 10.50174022
316075800 -66.90646573 10.51456738
316084300 -66.91279424 10.50611582
316084301 -66.91156964 10.50591298
316084302 -66.91036441 10.50569748
316084303 -66.90787004 10.50523488
316084304 -66.90647143 10.5050131
316084305 -66.90515011 10.50479131
316084306 -66.9038546 10.50459484
316084307 -66.90237872 10.50436032
316084308 -66.90228199 10.50432226
316084309 -66.90255842 10.50297252
1213265099 -66.91468788 10.50339531
315896521 -66.90002617 10.5087676
316084326 -66.91629402 10.50583687
316075727 -66.90447369 10.51254449
316075725 -66.90401738 10.51336441
316075722 -66.90253051 10.5122041
316075723 -66.90258558 10.51204937
316075790 -66.9064167 10.50980436
316075592 -66.90199407 10.51363489
316076150 -66.91595673 10.51430251
315896455 -66.90120072 10.50639938
316075728 -66.90441083 10.5122119
316075729 -66.90426129 10.51195658
558652297 -66.89955276 10.49886941
316252262 -66.91275828 10.50007792
267240477 -66.91200441 10.51088437
267240380 -66.9139527 10.515222
315896507 -66.89966189 10.51111387
315896504 -66.89954287 10.51117966
267240384 -66.91460498 10.51613337
316075825 -66.90887117 10.5139586
316075824 -66.90988857 10.51417251
316075827 -66.90988161 10.5129583
316075826 -66.9099868 10.51359298
316075821 -66.9086467 10.51500718
316075820 -66.90968514 10.51521413
316075823 -66.91105332 10.51442078
316075822 -66.90554548 10.5143518
316252330 -66.91044228 10.49952991
316075799 -66.90663723 10.51350757
316075798 -66.9068026 10.51229731
316075829 -66.90908868 10.51270986
316075828 -66.90909572 10.51277893
316084375 -66.90721256 10.50139673
267240485 -66.91125758 10.51366934
267240486 -66.9113435 10.51377898
316084376 -66.90867537 10.50171423
316084370 -66.90526352 10.50352112
316084373 -66.90320643 10.50049324
316084372 -66.90370188 10.50583972
316075619 -66.901507 10.51524899
316075716 -66.90175167 10.51250577
316075715 -66.90250688 10.51074992
316075714 -66.90179098 10.51082729
316076039 -66.90951792 10.51597177
316076038 -66.90980274 10.51603103
316076033 -66.91365296 10.51635406
316076032 -66.91348868 10.51613873
316075650 -66.9045187 10.51466452
316075651 -66.90339779 10.5162083
316076037 -66.91001631 10.51634342
316076035 -66.9106188 10.51644568
316084353 -66.91574911 10.50271268
267241070 -66.91744603 10.50610786
316084380 -66.90560852 10.49973468
316076030 -66.91309984 10.51594486
316084382 -66.90571513 10.49914887
316084384 -66.90743359 10.50011706
316084385 -66.90770952 10.49889607
316084386 -66.90886983 10.50043767
316084387 -66.90915197 10.49922288
316075836 -66.90494651 10.51257383
316075785 -66.9043835 10.51067147
316075834 -66.90436447 10.51100976
316075787 -66.90603088 10.50735961
316075780 -66.90205023 10.50871446
316075833 -66.90450026 10.5113504
316075782 -66.90240537 10.51077993
316075783 -66.90499588 10.50607098
316084357 -66.91112741 10.50154794
316075788 -66.90753753 10.50644439
316075789 -66.90668618 10.51108093
316075838 -66.90458441 10.51358468
316075839 -66.90477829 10.51434769
316084366 -66.90330358 10.49951432
315896537 -66.90117843 10.51214451
316075606 -66.90177841 10.51623563
316075599 -66.90207127 10.5133463
316084453 -66.90933067 10.50549782
316252270 -66.91541802 10.49902096
316075840 -66.90720091 10.51483786
316084368 -66.9021716 10.50558692
316252265 -66.90696831 10.49875106
316075794 -66.90450596 10.50994887
316692304 -66.91758408 10.51335921
316075797 -66.90700469 10.51117128
266535584 -66.90627789 10.50624013
315896438 -66.90069521 10.5077808
1213265278 -66.91715693 10.50173251
316084408 -66.91470883 10.50299692
315932761 -66.89983464 10.49891627
315896532 -66.90124532 10.51132576
267240478 -66.91186703 10.51096878
316252268 -66.9176461 10.49953787
316252269 -66.91644573 10.49924484
316076071 -66.90765278 10.51580941
315896527 -66.9010967 10.5108873
267240471 -66.91409863 10.51134009
316252263 -66.91166779 10.49982328
316252260 -66.91512768 10.50061017
316076070 -66.9066679 10.51560598
316084446 -66.91550654 10.50205093
316252264 -66.9084276 10.49905189
1213264992 -66.91717437 10.50189092
316084428 -66.91702676 10.5023075
316084359 -66.90735673 10.50067228
316084358 -66.90880118 10.50100781
316084297 -66.91611364 10.50676852
316075837 -66.90493352 10.51285361
316084421 -66.91249609 10.5012715
316084420 -66.91188899 10.50111853
316084298 -66.91494051 10.50650868
316084422 -66.91371532 10.50152313
316084425 -66.91591289 10.50204599
316084424 -66.91487932 10.5017895
316084355 -66.91575397 10.5026038
316075576 -66.89993749 10.5151459
558661945 -66.91111861 10.50191917
1213264674 -66.91460221 10.50354886
316075623 -66.90410086 10.5152552
316075832 -66.90521767 10.51141989
1213264735 -66.91673801 10.50363604
316252261 -66.91394298 10.50033248
316075778 -66.90359351 10.50832311
266535591 -66.91380526 10.50759883
316075830 -66.9092782 10.51159239
315896547 -66.90023429 10.51166942
316075773 -66.90346493 10.50926851
316075831 -66.90691509 10.51169809
315896544 -66.90020462 10.5109531
316075766 -66.90556552 10.50965382
316084299 -66.91408329 10.50635663
1213264776 -66.91504972 10.50098048
315896556 -66.90085883 10.5136794
315896550 -66.90055398 10.5122103
316252259 -66.91610048 10.50083388
316252258 -66.91730094 10.50109623
316084455 -66.90954474 10.50443609
316084451 -66.91480908 10.50190794
316084452 -66.91454321 10.50171046
267240465 -66.91641614 10.51193932
316075809 -66.91134576 10.50709692
316084439 -66.91566713 10.50216929
316084348 -66.908784 10.50115181
315896540 -66.90099998 10.51256109
316075685 -66.90352913 10.51626287
316075813 -66.9158859 10.50801164
316084431 -66.91516313 10.50309767
316084436 -66.91552162 10.50297839
315932783 -66.9004969 10.5025189
316075803 -66.90777633 10.51249001
315896386 -66.90014511 10.5053322
266535445 -66.90364288 10.51065378
316075621 -66.90394312 10.51372248
315896382 -66.89978083 10.50867264
316692485 -66.91619427 10.51343163
315896374 -66.90037561 10.505398
316076158 -66.91506917 10.51202196
267240611 -66.91676801 10.50940756
316075801 -66.90728029 10.5147299
316075808 -66.91034848 10.5118156
315896457 -66.9010149 10.50653819
316075786 -66.90534499 10.51079787
316075768 -66.90455499 10.50947319
315896488 -66.89966189 10.5108946
316075601 -66.90193531 10.51344219
316075762 -66.91178162 10.51087624
316075763 -66.9106302 10.51062931
316075760 -66.91544392 10.51035841
316075761 -66.91652184 10.5105812
266535440 -66.90715892 10.5112116
316075764 -66.90827849 10.51010552
316075765 -66.90691886 10.50988273
316076165 -66.91353469 10.512748
316076164 -66.9135637 10.51228842
316252408 -66.91152337 10.50070882
316076166 -66.91410148 10.51301254
316076161 -66.91353059 10.51145442
316076160 -66.91351818 10.51120221
316076163 -66.91331962 10.51193043
316692580 -66.91649401 10.5131904
316076042 -66.90976653 10.51627469
316084362 -66.90353877 10.4992445
316076040 -66.90850463 10.51572408
316076041 -66.90952882 10.51611183
316076168 -66.91479659 10.51285789
316252404 -66.9142112 10.49876841
316075804 -66.90798353 10.51149558
