626124774 626124775
626124774 626124867
626124774 626124870
626124775 626124777
626124775 626124796
626124775 626124797
626124777 626124868
626124777 626124872
626124777 264770637
626124770 626124763
626124770 626124796
626124770 626124771
626124770 626124766
626124771 626124868
626124771 626124772
626124771 626124764
626124772 265075229
626124772 265075232
626124741 626124738
626124741 626124802
626124741 264898982
344785413 344787634
344785413 344784279
344785413 616663163
626124706 626124694
626124706 626124705
626124706 626124707
626124706 626124625
344785415 706450363
344785415 616663163
483067981 265639879
483067981 483067972
483067981 264770465
626124572 344787590
626124572 344785409
626124572 626124575
482988522 482988523
482988522 477364098
482988522 626124834
264899112 264771066
264899112 265639898
264899112 264770582
626124576 344787510
626124576 626124577
626124576 344787509
626124576 626124575
626124577 626124579
626124577 344787985
626124577 626124584
626124575 344787507
626124575 626124585
344787634 344787605
344787634 344787632
482988529 482988526
482988529 626124786
626124579 344787749
626124579 344787748
626124579 626124580
264898981 482988509
264898981 264898980
264898981 264898982
265639931 265639914
265639931 264770618
265639931 263302955
265626176 264771112
265626176 265626175
265075351 626124615
265075351 265075353
265075351 264943308
265075351 265075345
265626175 265084897
265626175 265084900
265639909 265639917
265639909 265639911
265639909 265020996
265639909 264770628
264770331 264770628
264770331 264770322
264770331 265020996
264770331 264770329
263302941 263302955
626124978 344787868
626124870 626124798
626124870 626124797
482988514 482988513
626124675 264943304
626124675 626124617
626124675 626124660
626124675 626124673
264943310 264943309
264943310 265075311
264943310 265075313
626124673 626124661
626124584 344787749
626124584 344787510
626124584 344787986
846883102 846883103
846883102 846883101
483068567 483068570
483068567 264770467
265639914 264770623
265639914 264770621
265639914 265639913
344787868 616060595
344787868 626124580
344785409 626124585
616060568 344787747
616060568 616060561
616060566 616060565
616060566 344787747
616060565 344787604
616060564 344787604
616060564 616060563
616060563 344787748
616060562 344787748
616060562 616060561
626124661 626124665
626124661 626124660
626124661 626124692
626124745 626124738
626124745 626124744
626124745 482988509
265639917 265639916
265639917 265639920
264899106 264899027
264899106 264899105
264899107 264770582
264899107 264771070
264899107 264770584
626124707 626124695
264899105 264898986
264898983 264898984
264898983 482988512
264898983 264898982
264899108 264770610
626124788 626124789
626124788 626124930
626124788 626124885
626124788 626124786
264898979 264898978
264898979 482988507
264898979 264898980
265639911 264770629
265639911 264770628
264899025 264899026
264899025 265626289
264899025 264770617
482988523 626124898
482988523 265075302
265626299 264770616
265626299 265626301
265626299 265626289
264899026 264899027
264899026 265626300
344787745 344787747
264899020 264899015
264899020 616060595
264899020 264899023
264899023 263302958
264899023 263302955
264899023 264770617
626124867 626124796
626124867 626124752
626124867 626124866
344787749 344787586
265639913 264770623
265639913 264770622
264770322 264770468
264770322 265639876
265639919 265639920
626124786 626124883
626124786 626124933
264943304 264943305
626124868 265075229
626124868 626124796
616060655 344787583
265020995 265020996
616060656 616060658
616060658 626124580
616060658 344787583
264770636 264770626
264770636 626124872
264770636 264770637
264943308 265075350
264943308 264943309
264943308 264943305
626124866 482988512
626124866 626124934
264770625 264770626
264770625 264770623
482988526 265075242
482988526 626124883
264770468 264770467
626124898 265075303
626124898 626124897
626124898 626124834
265075229 264770637
265021185 265021183
626124897 626124928
626124897 626124896
626124897 265075304
264770465 265639887
264770465 483067972
264770465 264770467
264770465 483068043
265021181 265626235
265021181 265021095
265021181 265021180
265021181 265021183
264770467 265639879
264770323 264770622
264770323 265639876
264770323 483093087
265075237 265075236
265075237 626124887
265075237 265075309
265075237 265075238
265075236 265075234
265075236 265075311
265075236 626124888
265075234 265075233
265075234 626124890
265075234 265075313
265075233 265075316
265075233 626124891
265075233 265075232
265075232 626124764
626124715 265075256
626124715 626124719
626124715 626124716
483068043 483067972
483068043 264770621
626124718 626124695
626124718 626124719
626124718 626124636
626124719 264770633
626124719 264770634
265075316 265075315
265075316 265075317
265075239 265075238
265075239 265075304
265075239 626124885
265075239 265075241
265075238 626124886
265075238 265075306
265639879 265639880
626124816 265075343
626124816 265075307
626124816 626124858
626124811 626124831
265626289 265626300
265626289 265626302
265626301 264770615
265626301 265626302
626124790 626124789
626124790 626124887
626124790 626124791
626124790 626124907
626124791 626124910
626124791 626124793
626124791 626124888
265639876 483068570
626124795 626124763
626124795 626124793
626124795 626124891
626124795 626124916
265626302 265626250
626124911 344784195
626124911 626124645
626124911 626124912
626124911 344784191
264770623 264770629
264770329 264898943
263302958 265084916
263302958 265084905
264898975 482988503
264898975 264898976
629737279 626124665
629737279 626124692
629737279 629737276
629737279 626124634
626124888 626124890
626124888 626124887
482988509 482988508
482988509 626124750
626124886 626124789
626124886 626124887
626124886 626124885
626124885 626124883
626124883 265075241
629737276 626124694
629737276 616060605
344787604 344787605
344787605 344787590
265021180 265626237
265075353 265075343
626124722 265075347
626124721 626124626
265075303 265075302
265075303 265075304
265075303 265075241
265075302 265075273
265075307 265075306
265075307 265075308
265075306 265075304
626124805 626124760
626124805 626124802
626124805 626124766
264899027 265084896
265084897 265084903
265084897 264771114
265084896 265021095
265084896 265626251
626124925 626124789
626124925 626124907
626124925 626124930
626124925 482988505
265075309 265075308
265075309 626124685
265075309 265075311
264770621 264770612
264770621 265639887
265639898 264770581
265639898 264771061
483068570 483093087
264770609 265639893
264770609 264770581
264770609 264770610
264770631 264770633
264770631 264770629
265075259 265075347
265075259 265075273
265075259 265075258
265075258 626124626
265075258 265075256
626124892 626124872
344784195 344784279
265075256 264770634
265075256 626124626
626124872 626124797
626124634 616060605
626124636 616060605
626124833 626124834
265075315 265075350
265075315 265075313
626124831 626124858
265075317 265075347
265075317 265075349
265021089 264770613
265626300 265626251
265626303 264770616
265639893 265639882
265639893 483067972
626124933 626124930
626124933 482988503
626124930 482988504
626124583 344787586
626124617 265075350
626124617 626124619
626124617 264943305
265075350 265075349
482988513 264898984
482988513 482988512
482988513 626124748
265021186 265021183
264770633 264770634
264943309 265075345
264943309 265075313
264770618 264898985
264770618 264770619
264770618 264770617
264770619 264771070
264770619 264770584
264898976 482988504
264898976 264898977
264898977 482988505
264898977 264898978
264770612 264770611
264770612 264770584
626124744 626124743
264770610 264770582
264770610 264770611
265075242 265075273
265075242 265075241
264770617 264770616
626124743 626124914
626124743 626124916
265021094 265021095
265021094 265021093
265021094 265626251
264771070 264771066
264771070 264898985
626124981 616060605
626124625 616060604
626124625 626124621
626124625 626124626
264771066 264898986
264771066 264771061
265021183 264770613
626124585 344787511
626124585 344787508
626124797 626124798
265639880 265639882
265639880 265639932
265639887 483093087
265639887 264770622
265626251 265626250
265626250 264770615
265626250 265021093
626124907 626124910
626124907 482988506
626124645 264899015
626124645 616060594
616060595 616060594
626124615 626124613
626124615 264943305
626124705 626124621
626124705 626124692
626124705 626124660
264898985 264898986
264898984 263302955
265084904 265084903
265084904 265084905
264770615 264770613
265021093 264770613
264770629 265639937
264770628 264770622
264770582 264770581
265075343 265075345
265075343 265075342
626124580 344787586
626124752 626124766
626124752 626124750
626124750 482988512
264898980 482988508
344787587 344787586
626124891 626124764
626124891 626124890
344787583 846883101
482988508 482988507
482988508 626124914
482988505 482988504
482988505 482988506
482988504 482988503
482988507 626124910
482988507 482988506
626124619 626124621
626124619 626124660
626124619 265075349
344787588 344787590
626124910 626124914
626124858 265075342
482988506 264898978
626124914 626124793
264771117 264771114
626124916 626124738
626124916 626124760
626124695 626124694
626124694 626124692
344787511 344787510
344787511 344787512
626124890 626124793
626124763 626124760
626124763 626124764
264771112 264771114
626124621 265075347
265626235 265626236
265626235 264771114
265626237 265626236
626124685 265075345
