1224744792 -103.35143982 20.67576
1366865440 -103.35348894 20.66204746
1341833214 -103.35018647 20.66667536
1235402690 -103.35452503 20.66319478
1341833211 -103.35147812 20.66585679
1341833213 -103.35170217 20.6629144
1396648351 -103.36062722 20.66250394
1340665278 -103.36080617 20.66244669
1340673513 -103.36075496 20.66247469
1367220469 -103.34431419 20.67085651
291180174 -103.34562043 20.67439099
291180175 -103.34482633 20.67442468
1340665276 -103.35450508 20.66631771
1367220460 -103.34625041 20.67173862
1340665274 -103.35359179 20.66608192
1287228745 -103.34793677 20.67016651
1219002095 -103.34188202 20.67720186
1341816969 -103.35290346 20.6617432
1341816968 -103.35438471 20.66155444
1341846741 -103.34958482 20.6728032
1341816967 -103.35476341 20.6615303
1341816964 -103.35441246 20.66159761
1341936583 -103.35365507 20.66957181
1394257876 -103.34957761 20.6658339
1394257877 -103.34753821 20.6690254
1354204819 -103.34872048 20.66556308
1339256735 -103.35124083 20.6663286
1339256734 -103.3494896 20.66947978
1339256736 -103.35118082 20.6664509
1339256731 -103.34870933 20.67034563
801436652 -103.34625553 20.6704934
962441224 -103.35252879 20.67145472
1223706863 -103.34346661 20.67698368
1223706860 -103.34551146 20.67288317
1341930160 -103.35494404 20.66824429
801436659 -103.35130721 20.67943681
1341930162 -103.35158088 20.67278963
1341930163 -103.35208556 20.66920351
1341930164 -103.35267791 20.66747533
1341930165 -103.35651062 20.66869364
1341846732 -103.34961441 20.67355389
1339138247 -103.36070274 20.6656863
1341846737 -103.3495357 20.67130511
1341846736 -103.3496735 20.6750773
1341846734 -103.34951969 20.67058887
1341846739 -103.34964307 20.67428286
1212439171 -103.35863233 20.67328407
1223706926 -103.34566678 20.67519389
1223706921 -103.3426622 20.67697119
559369299 -103.35482837 20.67490899
803055722 -103.36056402 20.66831159
1223706928 -103.34525657 20.67285392
1223706929 -103.34267176 20.67722441
1396648300 -103.35938812 20.66920418
1224744846 -103.35848204 20.67117737
1374247039 -103.3425203 20.66682741
377728181 -103.35852286 20.67225277
1341936518 -103.35846218 20.67030573
1339256780 -103.34943679 20.6695066
1212438970 -103.35925829 20.6731482
1374247042 -103.34340518 20.66710963
1365122025 -103.35857667 20.67280128
1374261419 -103.34605629 20.66729931
1365122020 -103.35858271 20.67343059
1223706814 -103.34345496 20.67720639
801504795 -103.35667239 20.66318698
1374261410 -103.34395377 20.67151172
801504793 -103.35487673 20.66975211
801504792 -103.35485586 20.67218563
801504790 -103.35484211 20.67345222
1215403163 -103.34897914 20.67728526
1369105748 -103.34293218 20.67594038
1369105749 -103.34723277 20.66998018
1218937879 -103.34389191 20.67524728
1369105744 -103.34788572 20.67193224
1369105745 -103.34790919 20.66830522
130153815 -103.35462972 20.67718954
1340673512 -103.36091397 20.66227604
1369105740 -103.34724266 20.67285777
1369105741 -103.34746638 20.67658554
337905135 -103.36052647 20.67026919
130154243 -103.35682418 20.67340444
1340673514 -103.36027661 20.6622177
1394294002 -103.34590181 20.6647031
1369529306 -103.34868628 20.6720713
1374261384 -103.34688593 20.66576752
1374261389 -103.3460495 20.66756619
1369529307 -103.35554779 20.67713489
1394317038 -103.34980786 20.67801457
1396648364 -103.35938268 20.6771079
377728164 -103.35573009 20.67220893
1396648366 -103.35943372 20.67561558
1396648361 -103.3594095 20.67623023
1396648363 -103.35966322 20.66434637
477086476 -103.35042049 20.67800007
801436683 -103.35040683 20.6787246
1365115083 -103.36039127 20.67227162
801436688 -103.35237909 20.67869552
291180173 -103.34802042 20.67432268
1339256692 -103.35698067 20.66202383
1339256690 -103.357138 20.66209046
1339256696 -103.34850397 20.67028721
377749715 -103.35843066 20.67938861
1339256698 -103.34816978 20.67117041
1369529293 -103.35141459 20.67649351
1369529291 -103.34872659 20.67282466
1340670201 -103.36046168 20.6619307
962439066 -103.35356932 20.67215671
377726496 -103.35854524 20.6756217
1223706795 -103.34267176 20.67717412
1366924874 -103.34398168 20.67043062
1226380784 -103.3587045 20.66281483
1226380786 -103.35868723 20.66272673
803055871 -103.36052161 20.66622676
1374246939 -103.34367809 20.66639742
1370702226 -103.34595973 20.66752789
377748289 -103.35526917 20.67810677
291180106 -103.34647186 20.67438093
1212439238 -103.3592577 20.67287152
1374261350 -103.34407313 20.67142203
1374261423 -103.34445149 20.66745429
1374261352 -103.34407657 20.67120394
1374261353 -103.34750292 20.66462138
1268347759 -103.35879938 20.66262313
1374261427 -103.34388286 20.66940242
1374261357 -103.34208016 20.67460146
1374261358 -103.34409987 20.67124258
1374261428 -103.34797214 20.66408653
1374246938 -103.34283361 20.66364539
962447810 -103.35166244 20.67104477
1339256741 -103.34789972 20.67177022
377745923 -103.3564651 20.6756699
801436664 -103.35427709 20.67938526
1394417762 -103.34298994 20.66312236
28791315 -103.35644666 20.67486708
1394290420 -103.35244858 20.67349924
1340662696 -103.36057249 20.66921961
1218926555 -103.34808823 20.67582337
801504789 -103.35484052 20.6741309
377726520 -103.35844457 20.67864782
1365117487 -103.35774577 20.67271209
1365117484 -103.35484949 20.67272827
1396648323 -103.35951947 20.66601386
1396648325 -103.35953883 20.66536443
313660408 -103.35675411 20.67154081
1396648328 -103.35935049 20.67810861
313660407 -103.35770026 20.6715605
1369529337 -103.35240918 20.67803578
1369529336 -103.34970719 20.67578456
1369529331 -103.3523433 20.67643366
1354204730 -103.34847824 20.66627974
1369529333 -103.35240457 20.67725341
1365117489 -103.35853057 20.67270069
1374237207 -103.34515079 20.66846456
1341936521 -103.35366127 20.6694662
1374247019 -103.34423197 20.66494601
1341826535 -103.35317554 20.66312211
1341839819 -103.35172706 20.67002863
1215403159 -103.34897973 20.6773954
1341839817 -103.35094973 20.66996057
1215403153 -103.34977844 20.67737168
1369105711 -103.34728792 20.67360686
1341936588 -103.34863892 20.66860722
1369105713 -103.34747752 20.6692041
1369105712 -103.34656264 20.67586713
1369105715 -103.34378462 20.67594927
1369105714 -103.34734962 20.66990432
1369105717 -103.34734794 20.66999451
1369105716 -103.34972094 20.66261844
1369105719 -103.34490839 20.67670951
1369105718 -103.34795227 20.66818838
559367703 -103.35479308 20.67716691
1337167467 -103.35468101 20.67272534
1394317042 -103.34983854 20.67874706
377745100 -103.35648564 20.67715257
377745106 -103.35637609 20.67811792
1341833208 -103.3506608 20.66560533
1341833201 -103.35046341 20.6661131
1341833200 -103.3498408 20.6675511
1341833206 -103.35164962 20.66282388
1341826543 -103.35260373 20.66304826
962426129 -103.34637773 20.67286481
315800044 -103.36053569 20.66685323
1340673505 -103.36032212 20.66236396
1224435528 -103.35342784 20.67638856
377647638 -103.35743539 20.6762889
1340665263 -103.36089846 20.66232432
1224435523 -103.35481336 20.67636174
1224435520 -103.34893447 20.67655134
1287228732 -103.35359908 20.67136378
1287228733 -103.35084797 20.67089934
1226380770 -103.35868958 20.6627792
28791320 -103.35746892 20.67484143
962457355 -103.35569606 20.6715274
962432415 -103.35359497 20.67148733
1394257904 -103.34617171 20.66911282
1394257905 -103.35027574 20.66666564
1394257902 -103.3490902 20.6673206
1339256706 -103.35307898 20.66325982
801504776 -103.35466643 20.67413559
1366865481 -103.35721252 20.66702883
1218926677 -103.34850816 20.67735039
1224744780 -103.35749616 20.67403987
1396648347 -103.34941416 20.66388779
1370702184 -103.34882257 20.66249782
1340670197 -103.360531 20.66671903
1218926598 -103.34505264 20.67738031
1339138243 -103.35651129 20.66312479
803055886 -103.35894481 20.66278859
1339121831 -103.358273 20.66400531
1341816984 -103.35240734 20.66417236
801504804 -103.35072283 20.6727799
801504803 -103.35066424 20.67352447
1339256791 -103.34879181 20.67013231
1374246979 -103.34192602 20.66665491
1374246976 -103.34214529 20.66590322
1374246975 -103.34494996 20.66315941
1374246974 -103.34259213 20.6644415
1223706779 -103.34345698 20.67715442
1369105759 -103.34633247 20.67174122
1369105758 -103.34733813 20.6758455
1369105755 -103.34821429 20.66705121
1369105754 -103.34738683 20.67658939
1369105757 -103.34831094 20.66708121
1369105751 -103.34496773 20.67665134
1369105750 -103.34788312 20.67207012
1369105753 -103.34492171 20.67593108
1369105752 -103.3479501 20.67289691
1224744820 -103.35482242 20.67569999
1394298785 -103.35370863 20.66204922
1224744827 -103.35845547 20.67018872
1394294016 -103.34686908 20.66609031
1396648373 -103.3594095 20.67398019
1396648372 -103.36037518 20.66245516
1224744828 -103.35768333 20.67065367
1374261414 -103.3452264 20.66447084
1396648375 -103.34929858 20.66385502
1396648374 -103.35936407 20.67023172
477086481 -103.3482039 20.67807307
1369529345 -103.35235018 20.67575372
477086484 -103.34667169 20.67886701
1341936570 -103.35673634 20.67025251
1374247020 -103.34254888 20.66890034
1374247021 -103.34245852 20.66240436
377640734 -103.35414223 20.67868671
1339232000 -103.35615053 20.66765973
1341536522 -103.36039764 20.67169537
1370702249 -103.34591799 20.6674102
1341536527 -103.36016303 20.67227414
1341536524 -103.36015901 20.67266373
1341536525 -103.36046352 20.67160593
1370702242 -103.34618428 20.66737651
1374261366 -103.34238292 20.67075383
1341536529 -103.36013889 20.67397399
801436698 -103.35038789 20.6794617
801436699 -103.34826341 20.67881672
1370702244 -103.34212392 20.67451881
1370702245 -103.34601471 20.66730669
377749724 -103.3541092 20.67940689
1369529285 -103.34864713 20.6712663
1369529287 -103.34876666 20.67357283
1369529286 -103.34880958 20.6743034
1369529288 -103.35646913 20.67628999
1219002040 -103.34187749 20.67661479
1369529335 -103.34884729 20.67510177
1370702238 -103.34591673 20.66744633
377728171 -103.35679191 20.67221982
377648639 -103.3573939 20.67713824
1339145555 -103.35596881 20.66452172
1339145557 -103.35421456 20.66409323
1339145553 -103.35343454 20.66389559
1366865505 -103.35393813 20.66213639
1366865502 -103.35836369 20.66730049
1341513136 -103.35935937 20.67334308
377728175 -103.35773127 20.67223382
377748296 -103.35525962 20.67868973
1374261369 -103.34781917 20.66403397
337907754 -103.35876594 20.6628626
377748685 -103.35744511 20.6756533
1374261368 -103.34616877 20.66735463
801436694 -103.35235629 20.67942072
291180119 -103.35684883 20.67406996
1367220409 -103.34216993 20.66977507
1374271119 -103.34291718 20.67166586
559369415 -103.354506 20.67808338
1339138219 -103.35774301 20.66494408
1339231981 -103.35118434 20.6664519
1287228761 -103.34618168 20.66925347
1374246946 -103.3431414 20.66261542
1374261430 -103.34410909 20.67130636
1374261345 -103.34594129 20.66750702
1374261344 -103.34401412 20.67117091
1374246942 -103.34225954 20.66754859
1374261342 -103.34303059 20.66908164
1374261341 -103.34551322 20.6633288
1374261340 -103.3437941 20.67137191
377647636 -103.3546448 20.6763666
1374261349 -103.3460552 20.66730124
1374261348 -103.34320736 20.67255351
1394257898 -103.34563937 20.66835401
1339256758 -103.3479133 20.67284637
1394257890 -103.34937468 20.66646506
1394257891 -103.35012126 20.66668257
1394257892 -103.34639123 20.66862256
1394257894 -103.35056944 20.66275381
1394257895 -103.34760401 20.6709726
1394257896 -103.34973259 20.66532437
1394257897 -103.34681292 20.6676962
801436678 -103.34905332 20.67877816
1223706847 -103.34295213 20.67700623
801436671 -103.35133873 20.67872049
1223706842 -103.344871 20.6752275
1341930146 -103.35402538 20.66792519
1341930147 -103.35682159 20.66876162
1341930144 -103.35680323 20.66922933
962457310 -103.35152749 20.67351022
1341930148 -103.35590813 20.66853958
962426219 -103.34443531 20.67263381
1223706945 -103.3436392 20.67715098
559367536 -103.35048956 20.67731569
377726513 -103.35849512 20.67712433
1374261331 -103.34212157 20.67452309
1374261337 -103.34184547 20.67055157
1374261334 -103.34393248 20.67117443
1374261335 -103.34381438 20.67145732
1374261338 -103.34266966 20.67000046
1374261339 -103.34721559 20.66515514
1396648336 -103.35013744 20.66410413
1365117491 -103.35680541 20.67271578
1396648332 -103.36049889 20.66254443
1396648331 -103.35743212 20.66619944
1374237143 -103.34189233 20.66423648
1369529308 -103.35559573 20.67568339
1369529309 -103.35138458 20.67727638
1374237237 -103.34538506 20.66776183
1341936536 -103.35561074 20.67004631
1287228721 -103.3554312 20.66353634
1370702207 -103.3461308 20.66732043
1215403146 -103.34812762 20.67657246
1215403142 -103.34505742 20.67837507
1369105724 -103.34500637 20.67738039
1369105725 -103.34657664 20.67661848
1369105727 -103.34738432 20.67515081
1389790776 -103.34438301 20.67072818
1369105728 -103.34727996 20.67180618
1340662688 -103.35374702 20.66868668
1374261417 -103.34586669 20.66407253
1374261416 -103.3432864 20.67240858
1396648342 -103.35949273 20.66674912
377745115 -103.3562916 20.6794146
1396648341 -103.35298879 20.66492866
1396648346 -103.36037819 20.66269496
377745111 -103.35632001 20.67866702
1396648344 -103.35833578 20.66645307
801504806 -103.3507898 20.67135506
801504805 -103.35076164 20.67209594
1396648349 -103.35946071 20.66754121
1354204793 -103.34870447 20.66236028
801504802 -103.35059861 20.6750431
1365113640 -103.36051976 20.67037514
1366865428 -103.35280858 20.66307467
1366865427 -103.34673933 20.6660313
1366865420 -103.35757973 20.6656117
1366865423 -103.35287949 20.66299311
1389011823 -103.34194413 20.67674337
801436704 -103.34664 20.67811431
801436708 -103.353254 20.67868428
1224435539 -103.35558718 20.67633182
1340665259 -103.35540773 20.66655793
1369532357 -103.36034442 20.67827223
1339121833 -103.35832169 20.66576308
1340662686 -103.35157996 20.6680831
337893346 -103.35467213 20.6734611
1369105747 -103.34200867 20.67571432
1369529327 -103.35053181 20.67651069
1226380765 -103.35884841 20.66262489
1226380764 -103.35891421 20.66265909
1374246994 -103.3430036 20.66617991
1339256714 -103.34798731 20.6735901
1224744760 -103.35465226 20.67570158
962441244 -103.35249736 20.67213634
1394417734 -103.34472583 20.66371881
1339231972 -103.35123924 20.66632818
801436632 -103.34900714 20.67803351
130154244 -103.35686291 20.67485459
1374271122 -103.34349017 20.6703629
1339231979 -103.35699928 20.66788462
1339138222 -103.36069293 20.66564498
1339138223 -103.3568588 20.66474392
1339138220 -103.35830216 20.66507953
1374271125 -103.34214814 20.67136194
1341846754 -103.34949597 20.66955111
1341846753 -103.34956269 20.67207264
1341936559 -103.35175674 20.66927929
801551300 -103.35474178 20.6749105
1374261376 -103.34410389 20.67127057
1374261377 -103.34222391 20.6696579
1374261374 -103.3439868 20.67150041
1339231997 -103.35839277 20.66814957
1374261370 -103.34425938 20.66818369
1339231995 -103.35532449 20.66744164
1369105774 -103.34981783 20.66264727
1366802662 -103.36043419 20.66246572
1366802668 -103.36043511 20.6624689
1339256762 -103.35421649 20.66179123
1365122046 -103.35859511 20.67335784
291260325 -103.34195762 20.67463381
1365122044 -103.3593463 20.67268318
1374246980 -103.34392117 20.6656728
1374237168 -103.34537911 20.66853656
1369105760 -103.34323821 20.67596721
1374261383 -103.34465014 20.66671082
1369105762 -103.34859559 20.66629172
1369105763 -103.3475864 20.66923226
1369105765 -103.34716622 20.6717553
1369105766 -103.34732279 20.6743505
1369105767 -103.34723361 20.6699226
1369105768 -103.34723537 20.67435411
1369105769 -103.34795613 20.67359077
1341930152 -103.35239493 20.66833364
1354204858 -103.34813123 20.66345437
1374271128 -103.34319781 20.6710482
1218926531 -103.34805671 20.67512516
1341936575 -103.35262519 20.66938682
1396648306 -103.35936147 20.67034479
377751037 -103.35736373 20.67813904
1339138229 -103.35895017 20.66272371
1396648302 -103.35387241 20.66517676
1354204756 -103.34784264 20.6681396
1366778419 -103.35838867 20.67815907
1396648301 -103.35931294 20.67938878
1223706908 -103.34324198 20.67720823
477086493 -103.3533208 20.67805992
1374237211 -103.34604556 20.6671393
962447792 -103.35161902 20.6721158
1341936546 -103.35487673 20.66986669
377728159 -103.35484999 20.67214891
1223706905 -103.34502657 20.67366118
1340670185 -103.36070174 20.66192333
1341536530 -103.36044533 20.6739677
1341536533 -103.36015591 20.67332833
1341536532 -103.36043351 20.67477161
1341536538 -103.36041164 20.67560578
1341839830 -103.35364342 20.67012963
1370702254 -103.3461966 20.66744801
1215403134 -103.34504618 20.67813661
1367220375 -103.3441686 20.67075458
962426208 -103.34308348 20.67302533
1396648365 -103.35933708 20.67864363
962457357 -103.35581517 20.67344434
1339033327 -103.35477238 20.6774394
1365117492 -103.35576429 20.67270547
1366865434 -103.35357997 20.66200027
1367414661 -103.34746269 20.67809177
801504741 -103.3418562 20.6791333
291180169 -103.35065309 20.6742495
291180168 -103.35148852 20.67422151
291180165 -103.35353906 20.67417767
291180164 -103.35579966 20.67410022
291180166 -103.3524319 20.67420826
291180161 -103.35856108 20.67400718
291180163 -103.3564237 20.6740822
291180162 -103.35777519 20.67402688
1224435545 -103.3497688 20.67727998
1396648298 -103.35580276 20.6657215
1224435540 -103.35285569 20.67640692
1287228759 -103.35355323 20.67275023
1223706850 -103.34188059 20.677025
1287228755 -103.35354166 20.67494478
1339256720 -103.3498398 20.66878391
1287228757 -103.35353797 20.67348097
559369413 -103.3543071 20.67868713
1287228753 -103.35319457 20.67940672
1374261404 -103.34379653 20.67141072
1374261406 -103.34384791 20.67149378
1374261400 -103.34193558 20.67191221
1374261402 -103.34264737 20.67389763
1374261403 -103.3438215 20.67127359
1396648311 -103.35940153 20.67334342
1374261408 -103.34619643 20.66743309
1341816970 -103.35438413 20.66171504
1396648313 -103.35475612 20.66543342
1394257887 -103.34676179 20.66779577
1041147116 -103.34247001 20.67748827
1394257884 -103.34745187 20.66617438
1394257883 -103.34826383 20.66940778
1374271126 -103.34264326 20.67226911
1394257881 -103.35060481 20.66268348
1394257880 -103.34612569 20.66853464
1223706872 -103.34211713 20.67698552
1223706878 -103.34294057 20.67672451
1341930155 -103.35197207 20.66723108
1341930157 -103.35610342 20.67004707
1341930156 -103.35742089 20.6701707
1341930151 -103.35311603 20.66762109
1341930150 -103.35041773 20.66623062
1339231993 -103.35333329 20.66690461
1341930159 -103.35509852 20.66830363
1341930158 -103.35097764 20.66688592
1223706953 -103.34557181 20.67364198
1223706951 -103.3432362 20.67694956
1223706955 -103.34184304 20.67661664
1223706954 -103.34324198 20.67716506
962426204 -103.34497578 20.67360468
1223706891 -103.34323812 20.6769981
1374261373 -103.3473823 20.66515966
1389011828 -103.34357927 20.67670289
130153753 -103.34650941 20.67516631
1374261327 -103.3423224 20.67452736
377726503 -103.35851691 20.67626451
1374261328 -103.34348707 20.67236181
1224744877 -103.3577555 20.67066557
1287228751 -103.35341719 20.67721577
1224744871 -103.35776614 20.67338097
1287228722 -103.3557285 20.66281332
1369529315 -103.35135558 20.67800024
1369529313 -103.34862953 20.67072231
1369529312 -103.35242964 20.67733899
1369529311 -103.34894092 20.6765495
962447759 -103.35164182 20.67139773
1341936501 -103.35766447 20.67029039
1341936503 -103.34977173 20.66889984
1340665261 -103.36090667 20.66211854
1365122012 -103.3585434 20.67337158
1365122014 -103.35860316 20.67400433
1365122017 -103.35853401 20.67276272
1374237226 -103.34574264 20.66787339
337907780 -103.35673852 20.67014061
1370702179 -103.34595151 20.66734491
1341826520 -103.35323832 20.66303887
1369105738 -103.34407439 20.67534577
1370702210 -103.34864102 20.66246773
1374261346 -103.34249616 20.67385698
1369105733 -103.34622376 20.6716066
1369105732 -103.34742623 20.6758429
1369105731 -103.34729564 20.67515458
1223706808 -103.34212668 20.67718669
1369105737 -103.34410766 20.67594139
1369105735 -103.34730377 20.67086757
1369105734 -103.34718826 20.67361013
1340673509 -103.36076921 20.66195291
1369105723 -103.34883154 20.66559888
377749718 -103.35732534 20.67940094
1374261398 -103.34442534 20.66963443
1374246940 -103.34452399 20.66422223
1366778429 -103.35846419 20.67808112
1374261394 -103.34653624 20.66642148
1374261395 -103.34483991 20.6659313
1374261397 -103.34391614 20.67117862
1374261390 -103.34352889 20.67022887
1374261391 -103.34598873 20.66626348
801504810 -103.35114754 20.6690839
1396648299 -103.34827112 20.66352092
377751045 -103.35430877 20.67807743
1396648355 -103.35937128 20.67167291
1396648354 -103.35938527 20.67225981
377751041 -103.35551476 20.67810442
1396648356 -103.35942274 20.67479776
801504819 -103.34866918 20.66849851
1396648295 -103.359425 20.66831738
1396648297 -103.35564653 20.6656801
1367414626 -103.34754743 20.67808934
337902178 -103.34642291 20.67361918
294101534 -103.35465428 20.67491469
294101532 -103.354233 20.67861052
294101533 -103.35466299 20.67755097
1370702263 -103.34618294 20.66749109
1340665247 -103.35259887 20.66582703
1340665246 -103.35556078 20.66660068
1340665248 -103.36056067 20.66250629
1367220308 -103.34270948 20.66987541
1340662691 -103.35285418 20.6684701
1340662690 -103.35051722 20.66775713
1340662692 -103.35476458 20.66890411
803055787 -103.36054667 20.66758547
1340662694 -103.3549349 20.66894049
1340662697 -103.35576924 20.66911869
1394417743 -103.34594489 20.66547608
1340662699 -103.35842823 20.66919169
1223706797 -103.34381086 20.67657934
962457336 -103.35146421 20.67501678
1366802670 -103.36040376 20.6762086
1212438815 -103.35863266 20.67295601
801504775 -103.35471002 20.66970827
1366865486 -103.35477984 20.66245742
962441255 -103.3525469 20.67119991
1339256751 -103.35275376 20.66371387
1340670179 -103.36030938 20.66206506
28791321 -103.35855412 20.67480891
325769979 -103.3463266 20.67161096
1339138239 -103.35836008 20.66383373
1339138238 -103.35869771 20.66269438
1339138237 -103.35613938 20.66454527
1339138236 -103.35893776 20.66268977
1226380783 -103.35888496 20.66285531
377745093 -103.3565112 20.67631606
1212439228 -103.35859872 20.67307998
1369105730 -103.3498439 20.66258122
1374237182 -103.34214328 20.66341799
1374246929 -103.34236481 20.66518833
1223706788 -103.3434589 20.67694956
1374261365 -103.34505398 20.66520023
1339231980 -103.35517018 20.66740082
1223706785 -103.34410959 20.67673951
1374261361 -103.34480009 20.66996618
1339231984 -103.35424968 20.66715774
1374261363 -103.34615729 20.66752378
1339231986 -103.35224959 20.66661652
1223706981 -103.34212484 20.67723522
1226380743 -103.35883701 20.66287048
1223706823 -103.34211897 20.67702676
1223706827 -103.34266422 20.67701612
1223706825 -103.3457599 20.67663558
377748303 -103.35524897 20.67940303
1394290419 -103.35247213 20.6727846
1394290418 -103.35240751 20.67500874
1374246992 -103.34329906 20.66707702
1396648358 -103.35936926 20.67158909
1374246999 -103.34302749 20.66779544
1369105776 -103.34718818 20.67082809
1369105775 -103.34715306 20.67286029
1394417778 -103.34582872 20.66342528
1369105772 -103.34728038 20.67168204
1369105771 -103.34323142 20.67535491
1369105770 -103.34571196 20.67589361
1369105778 -103.34716907 20.67163301
1370702258 -103.34609987 20.66755789
631801088 -103.36033561 20.67863558
377750329 -103.35734847 20.67865117
1366802684 -103.35970437 20.66668081
1396648319 -103.35207273 20.66465457
1366802683 -103.3596799 20.66682389
1366802680 -103.36037811 20.67709692
1369529329 -103.35288117 20.67723572
1396648315 -103.359396 20.67268083
1396648314 -103.35115123 20.66439523
1369529324 -103.35559079 20.67632989
1396648316 -103.36014476 20.66324247
1224744808 -103.35344024 20.67572597
1354204720 -103.34779821 20.66825921
1374261351 -103.34399258 20.67251244
1341936551 -103.35470541 20.66982989
1374237215 -103.34470714 20.66975697
1223706918 -103.34363551 20.67697479
1340670191 -103.36028448 20.66228568
1235402691 -103.35622278 20.66385016
1340670193 -103.34579871 20.66276336
1221698230 -103.35669569 20.6654169
1235402695 -103.35436376 20.6636614
1374247002 -103.3436423 20.66638594
1226380745 -103.35891924 20.66282933
1374271134 -103.34355278 20.67191707
1341826526 -103.34575546 20.66201896
1226380742 -103.35872486 20.66265808
1341826528 -103.35261999 20.66296
1341839823 -103.34921149 20.66965329
1370702267 -103.34593819 20.6675035
1341839825 -103.35259199 20.67007707
1341839824 -103.34973938 20.67652997
1341839826 -103.34933906 20.66950669
1396648322 -103.35655923 20.66594522
1367220347 -103.34423423 20.67062517
1368308314 -103.36031273 20.67937571
377726448 -103.35849671 20.67157517
1374247038 -103.3432683 20.66546787
801504821 -103.35262879 20.66926864
801504823 -103.35562406 20.66992226
