1224744792 962457336
1224744792 1369529293
1224744792 1369529336
1224744792 1369529345
1366865440 1366865434
1366865440 1366865423
1341833214 1394257891
1341833214 1341833200
1341833214 1394257905
1341833214 1341930150
1235402690 1366865486
1235402690 1287228721
1235402690 1235402695
1341833211 1339256735
1341833211 1341833208
1341833211 1396648319
1341833213 1341826543
1341833213 1394257894
1341833213 1341833206
1341833213 1396648314
1396648351 1340673513
1396648351 1396648332
1396648351 1340665248
1340665278 1340665263
1340665278 1340673513
1367220469 1374261376
1367220469 1367220375
1367220469 1367220460
1367220469 1389790776
291180174 1223706926
291180174 291180106
291180174 1223706953
291180174 291180175
291180175 962426204
291180175 1374261327
291180175 1223706842
1340665276 1396648313
1340665276 1340665259
1340665276 1340665274
1340665276 1339231984
1367220460 1369105759
1340665274 1339231993
1340665274 1340665247
1340665274 1396648302
1287228745 1394257883
1287228745 1339256696
1287228745 1394257895
1287228745 1369105717
1219002095 1223706808
1219002095 1223706850
1341816969 1341826528
1341816969 1366865434
1341816968 1341816964
1341846741 1341846732
1341846741 1369529291
1341846741 801504804
1341846741 1341846753
1341816967 1341816970
1341816964 1341816970
1341936583 1341839830
1341936583 1341936575
1341936583 1341936551
1341936583 1341936521
1394257876 1394257890
1394257876 1341833201
1394257876 1394257896
1394257876 1369105723
1394257877 1369105713
1394257877 1394257892
1394257877 1354204720
1354204819 1369105723
1354204819 1354204730
1354204819 1396648375
1354204819 1374261373
1339256735 1339231972
1339256735 1339256736
1339256735 1339231986
1339256734 1339256780
1339256734 1341936503
1339256736 1339231981
1339256736 1341930150
1339256736 1341930158
1339256731 1339256696
1339256731 1339256791
1339256731 1341846734
801436652 1287228761
801436652 325769979
801436652 1374261361
801436652 1369105776
801436652 1369105749
962441224 962447759
962441224 962441244
962441224 962441255
962441224 962432415
1223706863 1223706788
1223706863 1223706918
1223706860 1223706953
1223706860 962426129
1223706860 1223706928
1341930160 1341930146
1341930160 1339231980
1341930160 1340662692
801436659 801436694
801436659 801436671
801436659 801436698
1341930162 1394290419
1341930162 801504804
1341930162 962457310
1341930162 962447792
1341930163 801504810
1341930163 801504821
1341930163 1341930152
1341930164 1341930155
1341930164 1341930151
1341930164 1341930152
1341930165 1341930147
1341930165 1341930157
1341930165 1341930148
1341846732 1341846739
1341846732 801504803
1341846732 1369529287
1339138247 803055871
1339138247 1339138222
1341846737 801504806
1341846737 1369529285
1341846737 1341846753
1341846737 1341846734
1341846736 1369529335
1341846736 1341846739
1341846736 1369529336
1341846736 801504802
1341846734 1287228733
1341846734 1341846754
1341846739 291180169
1341846739 1369529286
1212439171 1365122046
1212439171 1212438815
1223706926 130153753
1223706926 1369105770
1223706926 1223706842
1223706921 1223706872
1223706921 1223706827
559369299 28791315
559369299 801504789
559369299 1224744820
559369299 294101534
803055722 803055787
803055722 1396648295
803055722 1340662696
1223706928 962426204
1223706928 962426219
1223706929 1223706795
1223706929 1223706981
1396648300 1340662699
1396648300 1340662696
1396648300 1396648295
1396648300 1396648374
1224744846 377726448
1224744846 1224744877
1224744846 1341936518
1374247039 1374246992
1374247039 1374246942
1374247039 1374246979
377728181 377726448
377728181 1396648354
377728181 377728175
377728181 1365117489
1341936518 1396648306
1341936518 1341936501
1341936518 1224744827
1339256780 1341839826
1212438970 1212439238
1374247042 1374261423
1374247042 1374246939
1374247042 1374246992
1365122025 1212439228
1365122025 1365122017
1374261419 1374261394
1374261419 1370702207
1374261419 1374261349
1374261419 1374237211
1365122020 1365122014
1223706814 1223706908
1223706814 1223706779
801504795 1339256690
801504795 1339138239
801504795 1339138237
801504795 1339138243
1374261410 1374261406
1374261410 1374261374
801504793 801504775
801504793 801504823
801504793 1341936546
801504793 1340662694
801504792 377728164
801504792 377728159
801504792 1365117484
801504792 962439066
801504792 1341936546
801504790 801504789
801504790 1365117484
801504790 962457357
801504790 337893346
1215403163 1224435545
1215403163 1215403159
1215403163 1369529311
1215403163 1218926677
1369105748 1369105760
1369105748 1369105747
1369105748 1223706878
1369105749 1369105776
1369105749 1369105717
1369105749 1369105767
1218937879 1223706842
1369105744 1369105772
1369105744 1339256741
1369105744 1369105750
1369105745 1341936588
1369105745 1369105718
1369105745 1369105763
1369105745 1354204720
130153815 377751045
130153815 559367703
130153815 1287228751
130153815 377647636
1340673512 1340665261
1340673512 1340665263
1369105740 1369105711
1369105740 1369105775
1369105740 1339256758
1369105740 1369105728
1369105741 1367414626
1369105741 1369105754
1369105741 1215403146
1369105741 1369105732
337905135 1340662696
337905135 1365113640
337905135 1396648374
130154243 1224744871
130154243 291180119
130154243 1365117491
130154243 962457357
1340673514 1340670191
1340673514 1340670179
1394294002 1394417743
1394294002 1374261339
1394294002 1374261417
1394294002 1374261414
1369529306 1369529291
1369529306 1369529285
1369529306 1369105750
1369529306 1341846753
1374261384 1394417743
1374261384 1366865427
1374261384 1374261339
1374261389 1394257898
1374261389 1370702258
1374261389 1370702226
1374261389 1394257880
1369529307 1369529324
1369529307 377745100
1369529307 559367703
1369529307 377751041
1394317038 477086476
1394317038 801436632
1394317038 1215403153
1394317038 1394317042
1396648364 1396648328
1396648364 377726513
1396648364 1396648361
1396648364 1366802680
377728164 377728171
377728164 1365117492
377728164 962457355
1396648366 377726496
1396648366 1341536538
1396648366 1396648361
1396648366 1396648356
1396648361 1366802670
1396648361 377726503
1396648363 1396648316
1396648363 1339138239
1396648363 1396648325
477086476 801436683
477086476 1369529315
477086476 559367536
801436683 801436671
801436683 801436698
801436683 1394317042
1365115083 1341536522
1365115083 1341536527
801436688 801436694
801436688 1369529337
801436688 801436671
801436688 801436708
291180173 1218926531
291180173 1339256714
291180173 1369105766
291180173 1369529286
1339256692 1339256690
1339256692 1339138243
1339256690 1339138238
1339256696 1339256698
377749715 377749718
377749715 377726520
377749715 1396648301
1339256698 1369529285
1339256698 1339256741
1339256698 1394257895
1369529293 1369529327
1369529293 1369529331
1369529293 1369529309
1369529291 1339256758
1369529291 1369529287
1340670201 1340670179
1340670201 1340670185
962439066 962441244
962439066 1287228759
962439066 962432415
377726496 28791321
377726496 377748685
377726496 377726503
1223706795 1223706954
1366924874 1374261390
1366924874 1374261398
1366924874 1367220347
1226380784 1226380770
1226380784 337907754
1226380786 1226380770
1226380786 1339138238
803055871 1340670197
803055871 1396648323
1374246939 1374261383
1374246939 1374247002
1370702226 1374261345
377748289 559369415
377748289 377751041
377748289 377748296
291180106 1369105768
291180106 130153753
291180106 337902178
1212439238 1365122044
1374261350 1374261430
1374261350 1374261374
1374261423 1374261383
1374261423 1374261370
1374261423 1374237237
1374261352 1374261358
1374261352 1374261344
1374261353 1374261369
1374261353 1374261339
1374261353 1374261417
1268347759 1226380765
1268347759 1226380742
1374261427 1374261390
1374261427 1374261398
1374261427 1374261342
1374261427 1374261370
1374261357 291260325
1374261357 1374261331
1374261357 1374261327
1374261358 1374261376
1374261428 1396648299
1374261428 1374261369
1374261428 1374261373
1374246938 1374246974
1374246938 1374237182
1374246938 1374246940
1374246938 1394417762
962447810 962447759
962447810 962441255
962447810 1341839819
962447810 1287228733
377745923 1369529308
377745923 28791315
377745923 377748685
377745923 1369529288
801436664 559369413
801436664 377749724
801436664 377748303
1394417762 1374246946
1394417762 1394417734
28791315 130154244
28791315 291180163
1394290420 1394290419
1394290420 291180166
1394290420 962457310
1394290420 1287228757
1218926555 1369105732
1218926555 1215403146
1218926555 1369529336
1218926555 1218926531
801504789 291180164
801504789 801504776
377726520 377750329
377726520 1396648365
377726520 1366778429
1365117487 1224744871
1365117487 1365117491
1365117487 377728175
1365117487 1365117489
1365117484 1365117492
1365117484 1337167467
1396648323 1396648342
1396648323 1339121833
1396648323 1396648325
1396648325 1339138222
1396648325 1339138220
313660408 313660407
313660408 377728171
313660408 962457355
313660408 1341936570
1396648328 1369532357
1396648328 1366778429
1396648328 1396648365
313660407 377726448
313660407 1224744828
313660407 377728175
1369529337 477086493
1369529337 1369529315
1369529337 1369529312
1369529336 1341839824
1369529331 1224435540
1369529331 1369529333
1369529331 1369529345
1354204730 1369105755
1354204730 1369105762
1354204730 1394257884
1369529333 1369529309
1369529333 1369529312
1369529333 1369529329
1365117489 1365122044
1365117489 1365122017
1374237207 1374237168
1374237207 1374261370
1374237207 1374237237
1341936521 801504775
1341936521 801504821
1341936521 1340662688
1374247019 1374261365
1374247019 1374246980
1374247019 1374246974
1374247019 1374246940
1341826535 1341826520
1341826535 1366865428
1341826535 1339256706
1341839819 1341839817
1341839819 1341839825
1341839819 1341936559
1215403159 801436632
1215403159 1215403153
1215403159 1218926677
1341839817 801504810
1341839817 1341846754
1341839817 1287228733
1215403153 559367536
1369105711 1369105769
1369105711 1369105766
1369105711 1369105734
1341936588 801504819
1341936588 1394257883
1341936588 1341936503
1369105713 1369105763
1369105713 1369105767
1369105712 1369105725
1369105712 1369105770
1369105712 1369105758
1369105712 130153753
1369105715 1369105760
1369105715 1223706797
1369105715 1369105737
1369105714 1369105763
1369105714 1369105717
1369105717 1369105735
1369105717 1369105767
1369105716 1370702184
1369105716 1369105730
1369105716 1369105774
1369105716 1396648375
1369105719 1223706785
1369105719 1369105751
1369105718 801504819
1369105718 1369105757
1369105718 1354204756
559367703 1339033327
559367703 1224435523
1337167467 337893346
1337167467 1287228759
1337167467 1341936551
1394317042 801436678
377745100 377648639
377745100 377745093
377745100 377745106
377745106 377751037
377745106 377745111
377745106 377751041
1341833208 1396648314
1341833208 1341833201
1341833208 1394257896
1341833201 1341930150
1341833200 1340662690
1341833200 1394257902
1341833206 1341826528
1341833206 1394257881
1341826543 1341826528
1341826543 1341816984
1341826543 1366865428
962426129 1369105775
962426129 1369105759
962426129 337902178
315800044 803055787
315800044 1366802683
315800044 1340670197
1340673505 1340670191
1340673505 1396648372
1340673505 1366802668
1224435528 1224744808
1224435528 1224435540
1224435528 1287228751
1224435528 377647636
377647638 377648639
377647638 377745093
377647638 377748685
377647638 377726503
1224435523 1224744820
1224435523 1369529324
1224435523 377647636
1224435520 1369529311
1287228732 1341839830
1287228732 962441255
1287228732 962432415
1287228733 801504806
28791320 130154244
28791320 1224744780
28791320 28791321
28791320 377748685
962457355 1341936536
962457355 962432415
1394257904 1287228761
1394257904 1394257892
1394257904 1394257880
1394257905 1341930158
1394257902 1394257890
1394257902 801504819
1394257902 1369105757
1339256706 1339256751
1339256706 1235402695
801504776 291180165
801504776 337893346
801504776 294101534
1366865481 1339231979
1366865481 1366865502
1366865481 1340665246
1366865481 1396648331
1224744780 291180119
1224744780 291180162
1396648347 1396648336
1396648347 1369105774
1396648347 1396648375
1396648347 1369105723
1370702184 1396648299
1370702184 1354204793
1370702184 1370702210
1340670197 1366802684
1218926598 1369105724
1339138243 1235402691
1339138243 1287228722
803055886 1226380745
803055886 1396648316
803055886 1339138229
1339121831 1339138239
1339121831 1339138220
1339121831 1339138219
1341816984 1339256751
1341816984 1396648319
801504804 801504803
801504804 801504805
801504803 962457310
801504803 291180169
1339256791 1341839823
1374246979 1374246976
1374246976 1374246929
1374246976 1374246994
1374246975 1374246946
1374246975 1394417734
1374246975 1374261341
1374246974 1374237143
1374246974 1374246929
1223706779 1223706945
1369105759 325769979
1369105759 1369105765
1369105758 1369105754
1369105758 1369105731
1369105758 1369105732
1369105755 1369105757
1369105755 1354204756
1369105754 1369105725
1369105754 1367414661
1369105757 1369105762
1369105751 1369105724
1369105751 1223706825
1369105751 1369105753
1369105750 1339256758
1369105750 1369105728
1369105753 1369105737
1369105753 1369105770
1369105753 1223706842
1369105752 1339256758
1369105752 1339256714
1224744820 1369529308
1224744820 1224744760
1394298785 1366865434
1394298785 1366865505
1224744827 1340662699
1224744827 1341930156
1224744827 1396648374
1394294016 1366865427
1394294016 1394257884
1394294016 1374261373
1394294016 1374261368
1396648373 1341536529
1396648373 1396648311
1396648373 1365122014
1396648373 1396648356
1396648372 1396648346
1224744828 1224744877
1224744828 1341936501
1374261414 1374261365
1374261414 1374246940
1374261414 1374261341
1396648375 1396648299
1396648374 1396648306
477086481 1367414626
477086481 1215403146
477086481 801436632
477086481 801436699
1369529345 1224744808
1369529345 1394290418
477086484 801436699
477086484 801436704
477086484 801504741
1341936570 1341936501
1341936570 1341936536
1341936570 337907780
1374247020 1374246999
1374247020 1374261377
1374247020 1374261342
1374247021 1374246946
1374247021 1374237182
377640734 559369413
377640734 377749724
377640734 801436708
377640734 377751045
1339232000 1339231979
1339232000 1396648322
1339232000 1341930148
1339232000 1339231995
1341536522 1341536525
1341536522 1396648355
1370702249 1370702179
1370702249 1370702238
1341536527 1396648354
1341536527 1341536524
1341536524 1396648315
1341536524 1341536533
1341536525 1396648358
1341536525 1365113640
1370702242 1374261408
1370702242 1374261368
1374261366 1374271128
1374261366 1374261338
1374261366 1374261337
1374261366 1374271125
1341536529 1341536530
1341536529 1341536533
801436699 801436678
1370702244 1374261331
1370702245 1370702179
1370702245 1374261349
377749724 1287228753
1369529285 1369529313
1369529287 1339256714
1369529287 1369529286
1369529286 1369529335
1369529288 377745093
1219002040 1223706850
1219002040 1223706955
1369529335 1218926531
1369529335 1369529311
1370702238 1370702267
377728171 1365117491
377728171 377728175
377648639 377726513
377648639 377751037
1339145555 1235402691
1339145555 1339145557
1339145555 1396648297
1339145557 1396648302
1339145557 1235402695
1339145557 1339145553
1339145553 1339256751
1339145553 1396648341
1366865505 1339256762
1366865505 1366865486
1366865505 1341826520
1366865502 1396648349
1366865502 1339231997
1366865502 1396648344
1341513136 1396648311
377748296 559369413
377748296 377745111
377748296 377748303
1374261369 1354204858
1374261369 1394417778
337907754 1339138239
337907754 1226380743
1374261368 1370702207
801436694 1287228753
291180119 130154244
291180119 291180163
1367220409 1374261338
1367220409 1374261337
1374271119 1374271128
1374271119 1374271126
1374271119 1374271134
1374271119 1374271125
559369415 559369413
559369415 1339033327
559369415 377751045
1339138219 1366865420
1339138219 1339138220
1339138219 1339138223
1339231981 1339231972
1287228761 1369105767
1374261430 1374261376
1374261345 1374237226
1374261345 1370702267
1374261344 1374261334
1374246942 1374246999
1374261342 1367220308
1374261341 1394417778
1374261340 1374261404
1374261340 1374261403
377647636 1224744760
1374261348 1374261346
1374261348 1374271126
1374261348 1374261416
1394257898 1374261361
1394257898 1394257880
1339256758 1369105769
1394257890 1369105762
1394257890 1394257891
1394257892 1394257887
1394257892 1394257880
1394257894 1396648336
1394257894 1369105774
1394257894 1394257881
1394257895 1369105735
1394257896 1396648336
1394257897 1394257887
1394257897 1394257884
1394257897 1374261408
1394257897 1354204756
801436678 801436632
1223706847 1223706878
1223706847 1223706891
1223706847 1223706827
801436671 1369529315
1223706842 801551300
1341930146 1340662688
1341930146 1341930151
1341930146 1339231984
1341930147 1339231979
1341930147 1341930144
1341930144 1340662699
1341930144 1341930156
1341930144 1340662697
1341930144 337907780
962457310 291180168
1341930148 1341930159
1341930148 1340662697
1223706945 1223706918
559367536 1369529309
559367536 1224435545
559367536 1369529327
559367536 1041147116
377726513 1366778429
377726513 377726503
1374261331 1374261346
1374261334 1367220375
1374261334 1374261397
1374261335 1374261404
1374261335 1374261406
1374261338 1374271122
1374261339 1374261373
1396648336 1396648314
1365117491 1365117492
1396648332 1396648346
1396648331 1396648322
1396648331 1366865420
1396648331 1396648344
1374237143 1374237182
1369529308 1369529324
1369529309 1369529315
1374237237 1374237226
1341936536 1341936546
1341936536 801504823
1287228721 1235402691
1287228721 1396648313
1287228721 1287228722
1215403146 1369529311
1215403142 1215403134
1369105724 1215403134
1369105725 1223706825
1369105725 801436704
1369105727 1369105732
1369105727 1218926531
1369105727 1369105731
1369105727 1369105766
1389790776 1369105733
1389790776 1374261361
1389790776 1367220347
1369105728 1369105772
1369105728 1369105765
1340662688 1340662691
1340662688 1340662692
1374261417 1394417778
1374261416 1374261328
1374261416 1374271134
1396648342 1366802684
1396648342 1396648349
1396648342 1366802683
1396648342 1396648344
377745115 377749718
377745115 377745111
377745115 377748303
1396648341 1340665247
1396648341 1396648319
1396648341 1396648302
1396648346 1396648316
377745111 377750329
1396648344 1339121833
801504806 962447759
801504806 801504805
801504805 1341846753
801504805 962447792
1396648349 803055787
1396648349 1396648295
1354204793 1370702210
801504802 962457336
801504802 1369529327
801504802 291180169
1365113640 1396648306
1366865428 1366865423
1366865427 1374261394
1366865420 1339121833
1366865420 1221698230
1366865423 1341826520
1366865423 1341826528
1389011823 1223706878
801436704 1215403134
801436704 1367414661
801436708 477086493
801436708 1287228753
1224435539 377745093
1224435539 1369529324
1340665259 1339231980
1340665259 1396648297
1369532357 631801088
1369532357 1366802680
1339121833 1339138220
1340662686 801504810
1340662686 1341930155
1340662686 1340662690
1340662686 1341930152
337893346 1287228757
1369105747 1223706955
1369529327 1341839824
1226380765 1226380764
1226380764 1339138236
1374246994 1374247002
1374246994 1374247038
1339256714 1369105769
1224744760 294101534
1224744760 1224744808
962441244 1394290419
962441244 962447792
1394417734 1374246940
1374271122 1367220375
1374271122 1374271128
1339231979 1339231997
1339138223 1339138237
1339138223 1221698230
1374271125 1374261400
1341846754 1341839826
1341936559 1341936503
1341936559 1341936575
801551300 294101533
1374261377 1367220308
1374261374 1374261328
1339231997 1340662699
1339231997 1396648295
1374261370 1374246999
1339231995 1339231980
1339231995 1341930159
1339231995 1340665246
1369105774 1369105730
1366802662 1340665248
1339256762 1341816970
1365122046 1365122012
1365122044 1396648315
1374246980 1374261395
1374246980 1374247002
1374246980 1374247038
1374237168 1374237226
1374237168 1374237215
1369105760 1369105771
1374261383 1374237211
1374261383 1374261395
1369105762 1369105723
1369105763 1394257883
1369105765 1369105775
1369105765 1369105778
1369105766 1369105768
1369105768 1369105731
1369105768 1369105734
1341930152 1340662691
1354204858 1396648299
1354204858 1340670193
1354204858 1370702210
1374271128 1374261403
1341936575 801504821
1341936575 1341839825
1396648306 1396648358
377751037 377750329
377751037 1366778419
1339138229 1339138236
1396648302 1396648313
1354204756 1354204720
1366778419 1366778429
1396648301 1396648365
1396648301 1368308314
1223706908 1223706954
477086493 377751045
477086493 1287228751
1374237211 1374261391
962447792 962447759
1341936546 1341936551
1223706905 1223706953
1223706905 962426204
1340670185 1340673509
1341536530 1341536532
1341536533 1396648311
1341536532 1396648356
1341536532 1341536538
1341536538 1366802670
1341839830 1341839825
1370702254 1374261408
1370702254 1370702263
1367220375 1367220347
962426208 962426204
1396648365 631801088
962457357 291180164
962457357 1365117492
1367414661 1367414626
291180169 291180168
291180168 962457336
291180168 291180166
291180165 1287228755
291180165 291180166
291180165 1287228757
291180164 291180163
291180166 1394290418
291180161 28791321
291180161 1365122014
291180161 291180162
291180162 1224744871
1224435545 1341839824
1396648298 1396648322
1396648298 1339138237
1396648298 1340665246
1396648298 1396648297
1224435540 1369529329
1287228759 1394290419
1287228759 1287228757
1223706850 1223706823
1287228755 294101534
1287228755 1224744808
1287228755 1394290418
1339256720 801504810
1339256720 801504819
1339256720 1341936503
1339256720 1340662690
1374261404 1374271134
1374261400 1374271126
1374261402 1374261328
1374261402 1374261327
1374261402 1374261346
1374261403 1374261397
1396648311 1396648315
1396648313 1396648297
1394257887 1374261363
1394257887 1354204720
1394257883 1341839823
1394257881 1369105730
1223706872 1223706823
1223706878 1389011828
1341930155 1341930158
1341930155 1339231986
1341930157 337907780
1341930157 801504823
1341930156 337907780
1341930151 1339231993
1341930151 1340662691
1339231993 1339231984
1339231993 1339231986
1341930159 1340662694
1341930158 1340662690
1223706953 337902178
1223706951 1223706891
1223706951 1223706788
130153753 1369105731
1374261328 1374261351
1287228751 1369529329
1224744871 1365122012
1287228722 1366865486
1369529311 1341839824
1340665261 1340673509
1365122012 1365122017
1369105738 1369105737
1370702210 1341826526
1369105733 325769979
1223706808 1223706981
1369105735 1369105776
1369105735 1369105772
1369105734 1369105775
1369105734 337902178
377749718 377750329
1374261398 1374237215
1374261394 1374261391
1374261395 1374261365
1374261395 1374261391
1374261390 1367220308
1374261391 1394417743
1396648355 1396648358
1396648355 1396648354
1396648354 1396648315
1396648356 28791321
294101532 294101533
1370702263 1374261363
1340665247 1339231986
1340662691 801504821
1340662692 801504775
1340662692 1340662694
1340662694 1340662697
1340662697 801504823
1394417743 1374261365
962457336 1394290418
1366802670 1366802680
801504775 1341936551
962441255 1341839825
325769979 1369105778
1339138238 1226380742
1339138236 1340670191
1226380783 1226380745
1226380783 1226380743
1374246929 1374247038
1339231980 1339231984
1374261361 1374237215
1374261363 1370702258
1223706825 1369105770
1374246992 1374246999
1396648358 377726448
1369105776 1369105778
1394417778 1340670193
1369105772 1369105778
631801088 1368308314
1396648319 1396648314
1374237215 1367220347
1340670193 1341826526
1221698230 1396648322
1341839823 1341839826
