411258938 -79.8898108 -2.1862942
411258903 -79.895892 -2.2033756
411258934 -79.8900743 -2.1871426
411258935 -79.890741 -2.1869788
411258936 -79.8908414 -2.1873233
345699462 -79.8845465 -2.1895603
411258930 -79.8918967 -2.1907937
411258931 -79.8910517 -2.188035
411258932 -79.8904004 -2.1881883
411258933 -79.8901861 -2.1875129
345585801 -79.8820102 -2.2005267
345585800 -79.8823278 -2.2007068
405776145 -79.886359 -2.1862011
405776148 -79.8866268 -2.1861447
405775902 -79.8840526 -2.1966211
345619958 -79.881727 -2.1988456
411258923 -79.891456 -2.1916404
411258866 -79.8972032 -2.2030462
405775547 -79.8853075 -2.2018779
345583297 -79.8838556 -2.1990944
345621607 -79.8805769 -2.1957065
345643234 -79.8820057 -2.1946115
345583298 -79.8838556 -2.1992402
345583299 -79.884156 -2.200561
405775614 -79.8917298 -2.2002082
411258937 -79.8905013 -2.1861741
405775611 -79.8911125 -2.2003693
406047655 -79.8841552 -2.2033581
412072507 -79.891409 -2.1866668
412072508 -79.8919701 -2.1865895
412072509 -79.8927827 -2.1863331
345687808 -79.8805196 -2.1882495
405775619 -79.8911606 -2.1984235
405775949 -79.8823068 -2.1961113
405775821 -79.8882263 -2.1942797
405775827 -79.887456 -2.1943935
405775824 -79.8873263 -2.1934491
405775941 -79.8823806 -2.1970278
405775943 -79.8822098 -2.1962475
405775946 -79.8821959 -2.1961344
412142339 -79.882981 -2.2029487
345618360 -79.8810034 -2.1974312
405775508 -79.8862909 -2.202814
405775462 -79.8884565 -2.2016763
405775460 -79.8885354 -2.2022505
405775466 -79.8883754 -2.2010861
412272562 -79.8859049 -2.1954151
405775500 -79.8867204 -2.2015106
405775469 -79.8876761 -2.2012658
405775503 -79.8861258 -2.2022186
405775505 -79.885983 -2.2017032
405775660 -79.8829388 -2.2002165
405775664 -79.8828263 -2.1999193
405775666 -79.8837584 -2.1988631
405775669 -79.8838247 -2.1991286
405775579 -79.8881594 -2.1995136
345659898 -79.8871687 -2.191015
345659896 -79.8871 -2.1909807
345659891 -79.886894 -2.1892311
345686513 -79.880905 -2.1940014
411887402 -79.8939969 -2.1878549
345585799 -79.8824651 -2.2006982
411887403 -79.8939495 -2.1877127
411887400 -79.8956116 -2.1979069
411887401 -79.8947158 -2.1901931
405776174 -79.8839953 -2.1874773
405775766 -79.8903932 -2.1960169
345644703 -79.886024 -2.1953286
405775479 -79.887382 -2.2025343
411887404 -79.8946289 -2.1874994
410950181 -79.8886299 -2.1904875
411887398 -79.894305 -2.1983375
411887399 -79.8949515 -2.1981246
411887396 -79.8933136 -2.1976341
411887397 -79.8936001 -2.1985587
411887394 -79.8962799 -2.1976977
411887395 -79.8940501 -2.1973659
411887391 -79.8959367 -2.1964334
410914181 -79.8849702 -2.2006496
410914180 -79.8854826 -2.1998982
410914183 -79.889578 -2.1978766
410914182 -79.8851363 -2.2012544
410914185 -79.8878684 -2.1973951
410914184 -79.8878351 -2.197153
410914187 -79.8879068 -2.1976745
410914189 -79.8814757 -2.1962968
410914188 -79.885117 -2.1964442
405776074 -79.8848214 -2.1863537
405775544 -79.8845402 -2.202076
345583300 -79.8841341 -2.2006677
411887439 -79.892107 -2.1914903
411887438 -79.8957002 -2.1956946
411887437 -79.8966462 -2.1988939
405776104 -79.8874571 -2.186731
405776107 -79.8882401 -2.1865674
405776101 -79.8865774 -2.1868915
411887432 -79.8946225 -2.1994383
411887431 -79.8939303 -2.1996245
411887430 -79.8948791 -2.2002331
405776063 -79.8850722 -2.1880123
405776061 -79.8841208 -2.1881693
405776067 -79.8849575 -2.1872534
405776065 -79.8856545 -2.1871031
405775711 -79.8900384 -2.1968977
412072394 -79.8932604 -2.1879366
412072397 -79.8952329 -2.1894254
412072396 -79.8931234 -2.1898722
405775716 -79.8911245 -2.1958504
405775489 -79.8870617 -2.2033303
405775896 -79.8852252 -2.1963199
411269958 -79.8971623 -2.1953305
411269959 -79.8972054 -2.1954359
412072527 -79.8914284 -2.1862896
405775482 -79.8879411 -2.2030986
405775485 -79.8874463 -2.2032311
411262242 -79.8940123 -2.1903663
411262241 -79.8972111 -2.2007008
405775430 -79.8909771 -2.2023228
411258905 -79.8954239 -2.2018978
405775905 -79.8840694 -2.1966999
411258907 -79.8958636 -2.2010549
405775907 -79.8839907 -2.196723
405776203 -79.882869 -2.1913878
405776200 -79.8826435 -2.1905847
405776047 -79.8839012 -2.1902366
411258909 -79.894486 -2.2014169
411258908 -79.8952025 -2.2012286
405776197 -79.8812486 -2.1903311
405776194 -79.8810513 -2.1897815
345629485 -79.8837011 -2.1949689
345629486 -79.8837297 -2.1951033
405776191 -79.8823124 -2.1894152
405775899 -79.8852377 -2.1964133
405776291 -79.8829214 -2.1861261
412072430 -79.8949542 -2.1884854
412072431 -79.8945285 -2.1895688
412072432 -79.8957813 -2.1882823
411264538 -79.8946729 -2.1876326
405775540 -79.8846774 -2.2025517
412072435 -79.8960811 -2.1892496
345634870 -79.8818815 -2.1940083
405775625 -79.8926115 -2.1978942
411264532 -79.896564 -2.1962959
405775627 -79.8924085 -2.1972071
411264530 -79.8969442 -2.1974738
411264537 -79.8970928 -2.1953897
405775623 -79.8921125 -2.1989989
405775622 -79.8918884 -2.1981598
405775879 -79.8849877 -2.1955806
405775617 -79.8914168 -2.1992269
405775870 -79.8850863 -2.1955624
405775873 -79.8850611 -2.1954644
405775876 -79.8849625 -2.1954836
405775971 -79.8825515 -2.1936158
405775970 -79.8833364 -2.1934357
411887026 -79.896288 -2.189875
405775972 -79.8823876 -2.1928216
405775974 -79.8831563 -2.1926323
405775976 -79.8815074 -2.1930006
405775978 -79.8830122 -2.1920537
345661143 -79.8917005 -2.1901831
405775439 -79.8898391 -2.2013498
410926984 -79.8874757 -2.187727
345637172 -79.8817235 -2.1999976
405775433 -79.8901259 -2.2025396
410926982 -79.8875932 -2.1889123
410926983 -79.8875246 -2.1882854
411887027 -79.8969452 -2.1897296
410952356 -79.8805612 -2.1863274
412072433 -79.8964294 -2.188113
345584329 -79.8860185 -2.1991201
411887050 -79.8959253 -2.1916116
411887370 -79.8928416 -2.1913471
411887371 -79.8931137 -2.1922212
411887372 -79.8938048 -2.1920724
411887373 -79.8941164 -2.1930786
411887374 -79.8948048 -2.1929288
411887375 -79.8934296 -2.1932359
405776028 -79.8878945 -2.1881985
411887377 -79.8949421 -2.1933524
411887378 -79.8942488 -2.1935063
411887379 -79.8935606 -2.1936566
412072434 -79.8967535 -2.189119
405776025 -79.8866602 -2.1884578
405776022 -79.8851772 -2.1887068
345582568 -79.8838384 -2.2022592
405776020 -79.88595 -2.1892716
405775756 -79.8904957 -2.1938632
405775750 -79.8899212 -2.1919747
405775753 -79.8902186 -2.192849
405776243 -79.8799804 -2.1866112
405775759 -79.8906368 -2.1943002
411250082 -79.8945543 -2.2016375
411250083 -79.8940454 -2.2015327
345670793 -79.8801841 -2.189051
410910240 -79.8823167 -2.2006996
405776098 -79.8864365 -2.1869126
405776093 -79.8822951 -2.1868822
405776090 -79.8824851 -2.1877949
405776096 -79.8865633 -2.1878208
412072574 -79.8935872 -2.1865288
412072576 -79.8938008 -2.1871795
405775373 -79.8902921 -2.2032291
405775370 -79.8893812 -2.2034636
345665285 -79.8865293 -2.1875455
412072579 -79.892211 -2.186927
412072578 -79.8952761 -2.186708
405775378 -79.8918706 -2.2028198
405775836 -79.8877537 -2.1965602
405775830 -79.8875422 -2.1950204
405775833 -79.8876476 -2.1957879
405775936 -79.8824989 -2.1970799
405775839 -79.8871114 -2.1973611
405775933 -79.8824839 -2.1970044
405775932 -79.8832978 -2.1968013
412072580 -79.8929035 -2.1867266
412072581 -79.8920898 -2.1865387
412072582 -79.8924223 -2.187627
412072583 -79.8917573 -2.1878446
412072585 -79.8954514 -2.1872219
345619959 -79.8825681 -2.1988971
345619811 -79.8817012 -2.1995318
345617906 -79.8827999 -2.197765
345617907 -79.8827484 -2.1977221
345681977 -79.8852831 -2.1894073
405776185 -79.8817822 -2.1879792
405775476 -79.8878428 -2.2024187
345645550 -79.8801988 -2.1942281
405775473 -79.8877587 -2.2018374
405775575 -79.887457 -2.1997506
405775574 -79.8873797 -2.1992162
405775577 -79.8882665 -2.2002784
405775576 -79.8875689 -2.2005247
405775570 -79.8869075 -2.1999517
405775572 -79.886818 -2.1994172
405775672 -79.8842922 -2.1982571
412082498 -79.8919028 -2.1883882
405775677 -79.8852416 -2.198312
406047189 -79.8846638 -2.1940199
405775675 -79.8843586 -2.1984736
406047185 -79.8847766 -2.1940008
405775679 -79.8857235 -2.197807
345648364 -79.8840535 -2.1909351
412082496 -79.891933 -2.1885091
405775843 -79.8867977 -2.1951917
405775844 -79.8867035 -2.1945404
405775846 -79.8865671 -2.1935972
405775848 -79.8864383 -2.1927066
729814360 -79.8869412 -2.1901162
729814363 -79.8869283 -2.1900242
345632329 -79.8828943 -2.1952777
405776136 -79.8890981 -2.1864182
405775792 -79.8879884 -2.1923883
405775794 -79.8881026 -2.193296
405775798 -79.8888746 -2.1931361
405775402 -79.8934335 -2.20054
405775405 -79.8919367 -2.200857
405775408 -79.892088 -2.2013315
345662523 -79.887814 -2.1910015
410914192 -79.8807869 -2.1965645
410914193 -79.8855297 -2.1921238
410914190 -79.8814941 -2.1964135
410914191 -79.8807618 -2.1964592
410914196 -79.8868712 -2.1901361
410914197 -79.8868584 -2.1900431
410914194 -79.8854017 -2.1914867
410914195 -79.8870151 -2.1911841
410914198 -79.8860375 -2.1899138
410914199 -79.8850889 -2.1899014
405776118 -79.8891419 -2.1894559
411887427 -79.8969361 -2.199755
405776116 -79.8890996 -2.1893502
411887429 -79.8955601 -2.2000797
405776114 -79.8888601 -2.1885894
405776112 -79.8886608 -2.1879543
405776110 -79.8885199 -2.1875245
405776056 -79.8833506 -2.1883004
405775708 -79.8885971 -2.1972281
405776053 -79.8826501 -2.188474
405776050 -79.8838296 -2.1902528
405775703 -79.8870131 -2.1966815
405775700 -79.8869084 -2.1959577
405775706 -79.887188 -2.1978908
405776059 -79.8834374 -2.1882819
411269963 -79.894647 -2.1971467
411269962 -79.8933259 -2.1905262
411269964 -79.8953019 -2.1969069
411269968 -79.8954828 -2.1873593
405775497 -79.8871531 -2.2013983
405775495 -79.8873054 -2.2019403
405775658 -79.8840412 -2.2000434
405776235 -79.8803608 -2.1876551
411258916 -79.8924085 -2.1947137
411258917 -79.893103 -2.1945627
411258914 -79.8942911 -2.1960032
411258915 -79.8929036 -2.1963112
411258912 -79.8938652 -2.1968877
411258913 -79.8936555 -2.1961422
411258910 -79.8941642 -2.2003789
411258911 -79.8931324 -2.1970495
411258854 -79.8939468 -2.2022793
345647445 -79.8840736 -2.1910222
411258918 -79.8928783 -2.1938067
411258919 -79.8927419 -2.1933859
411887428 -79.8962321 -2.1999105
405776288 -79.8828246 -2.1861439
405775652 -79.8859735 -2.1990695
411264528 -79.8973226 -2.198712
345687799 -79.8912199 -2.1860491
405775639 -79.8902778 -2.1976861
411264524 -79.8950172 -2.2006263
411264525 -79.8956808 -2.2004675
411264526 -79.8943 -2.2008169
411264527 -79.8976365 -2.199616
412072526 -79.8913074 -2.1863379
405775633 -79.8908786 -2.197539
412072524 -79.8920039 -2.1861396
412072525 -79.8915299 -2.1861493
405775809 -79.889816 -2.1961786
345630356 -79.8836484 -2.1982805
405775804 -79.8893351 -2.1946244
405775806 -79.8895602 -2.195352
405775801 -79.8891791 -2.1941202
405775962 -79.8829693 -2.1959636
405775960 -79.8830732 -2.1959335
405775966 -79.8820482 -2.195421
405775964 -79.882159 -2.1954049
412087496 -79.8960953 -2.1994688
412087497 -79.8974547 -2.1991278
405775968 -79.8826969 -2.1944399
405775969 -79.8835395 -2.1942414
410939540 -79.88259 -2.1985191
405775447 -79.8891357 -2.2015114
405775441 -79.8896918 -2.2007384
405775443 -79.8890597 -2.200907
405775523 -79.8856117 -2.2029858
405775520 -79.8857959 -2.2036564
405775526 -79.8848577 -2.203177
345659892 -79.8868253 -2.1892911
405775683 -79.8853253 -2.1971086
412087498 -79.8967803 -2.1992876
405775681 -79.8852503 -2.1971721
411258921 -79.8921757 -2.1939626
411887376 -79.8924009 -2.1923911
405775605 -79.8905755 -2.1986337
412072451 -79.8921411 -2.1892451
410939539 -79.8842604 -2.1981163
410939538 -79.8833781 -2.197635
405775893 -79.8851034 -2.1963572
410939531 -79.8886024 -2.1922561
410939533 -79.8811256 -2.1947902
410939532 -79.8818931 -2.194615
410939535 -79.8842282 -2.1974465
410939534 -79.8803998 -2.1949654
410939537 -79.8834782 -2.1976099
410939536 -79.8841373 -2.1974681
405776012 -79.8860881 -2.190285
405776010 -79.8828924 -2.189231
405776017 -79.885859 -2.1886036
405776015 -79.8867306 -2.1891521
405776014 -79.8861013 -2.1903765
345629338 -79.8836537 -2.1951207
345582473 -79.8937406 -2.2015944
405775747 -79.889507 -2.1906359
405775743 -79.8903478 -2.1904749
405775740 -79.8905096 -2.1910706
345698122 -79.8821341 -2.1862711
405775594 -79.8901387 -2.1996585
405775591 -79.8904237 -2.2005479
405775984 -79.8839534 -2.193288
410914169 -79.8809766 -2.1911065
410914168 -79.8807163 -2.188861
411258926 -79.8906207 -2.188945
410914167 -79.8797723 -2.188186
405775491 -79.8869326 -2.202649
345651125 -79.8807399 -2.1904661
405776084 -79.8831924 -2.1876577
405776087 -79.883278 -2.1876262
405776081 -79.8829444 -2.1866071
405776031 -79.8880918 -2.1887734
410914200 -79.8851147 -2.1900291
345582281 -79.8927427 -2.2033847
345645794 -79.879866 -2.1931297
412072563 -79.8934695 -2.1861396
405775928 -79.8831998 -2.1969008
405775927 -79.8833155 -2.1968751
405775763 -79.8908973 -2.1950388
405775922 -79.8848492 -2.1948798
412072419 -79.8971141 -2.1879461
405775568 -79.8870075 -2.2006639
412072411 -79.8976821 -2.1866232
405775562 -79.88631 -2.2001667
345657858 -79.881338 -2.195545
405775647 -79.8872817 -2.198539
405775397 -79.8924469 -2.2000147
405775644 -79.8879871 -2.1982593
405775390 -79.8927969 -2.2011525
405775641 -79.8887061 -2.1980952
410931253 -79.8825011 -2.190049
405775399 -79.8932032 -2.199811
405775649 -79.8866731 -2.1987683
411887368 -79.8942418 -2.1910305
405775853 -79.8862435 -2.1913599
405775850 -79.8863282 -2.1919455
405775925 -79.88496 -2.1948631
405775855 -79.8871015 -2.191813
405775992 -79.8843316 -2.1923598
405775858 -79.887206 -2.1925734
405775997 -79.8842431 -2.1917658
405775995 -79.8841943 -2.1917762
405775364 -79.8880453 -2.2038192
345669936 -79.8812299 -2.1918837
405775367 -79.8887265 -2.2036417
405775783 -79.8891583 -2.1921443
405775780 -79.8894325 -2.1930042
405775786 -79.8889219 -2.191403
411887189 -79.8971093 -2.1924682
411887188 -79.8962562 -2.192642
411887187 -79.8963747 -2.193037
411887186 -79.8958582 -2.1939681
411887185 -79.8961135 -2.1947803
405775789 -79.887897 -2.1916616
411887183 -79.8973368 -2.1961264
411887182 -79.896602 -2.1938075
411887181 -79.8974858 -2.1936168
405775411 -79.8922937 -2.2019765
405775417 -79.8916609 -2.202142
405775414 -79.8914601 -2.201493
405775989 -79.8843878 -2.1923509
578395034 -79.8811959 -2.1983211
345585514 -79.8862074 -2.1964184
412072420 -79.8942625 -2.188674
405776121 -79.8899239 -2.1891741
410903369 -79.8863496 -2.1971728
410903368 -79.8866494 -2.1986391
412072422 -79.8893337 -2.1900235
405776124 -79.8898816 -2.1890684
405776042 -79.8837188 -2.1897449
411887356 -79.8974512 -2.1912807
405776045 -79.8837858 -2.1897356
411887355 -79.8967628 -2.19143
410947536 -79.8797528 -2.1902402
412272563 -79.8861671 -2.1961321
405775437 -79.8899656 -2.2018745
405775736 -79.8907331 -2.1918096
405775734 -79.8910143 -2.1926765
405775731 -79.8913248 -2.1936947
405776127 -79.8896703 -2.188371
345589515 -79.8830694 -2.2005646
411258850 -79.8965357 -2.2032139
411258929 -79.8912625 -2.1887295
411258928 -79.8912338 -2.1886194
405776229 -79.8799382 -2.1908383
405776224 -79.8801495 -2.1915076
411258922 -79.8917298 -2.1925238
405776226 -79.8803538 -2.1921628
411258920 -79.8920425 -2.1935328
411258927 -79.8905824 -2.1888253
405776221 -79.8852291 -2.1905565
411258925 -79.8910475 -2.190322
411258924 -79.8912302 -2.1909117
411258847 -79.8926308 -2.1906698
411258849 -79.8944658 -2.203734
405775517 -79.8850509 -2.203847
411262296 -79.8970584 -2.2001305
405775603 -79.8904164 -2.1981195
412072454 -79.8914337 -2.1868086
405775600 -79.8897416 -2.19836
412072452 -79.89154 -2.1871211
412072519 -79.8959121 -2.1865024
412072518 -79.8944611 -2.1869716
412072517 -79.8930922 -2.1874069
412072516 -79.8914622 -2.18687
412072515 -79.8950854 -2.1860953
405775608 -79.8908269 -2.1994461
405775818 -79.8882982 -2.1948513
405775814 -79.8883922 -2.195599
405775811 -79.8884974 -2.1964355
405775957 -79.8831009 -2.196079
405775955 -79.8829901 -2.1960998
405775952 -79.8823368 -2.1962267
316512638 -79.8944815 -2.2018663
405775324 -79.8914132 -2.2037213
411887433 -79.8953028 -2.1992553
405775321 -79.8920962 -2.2035488
405775867 -79.8859 -2.1947055
405775328 -79.8904681 -2.2039593
411887435 -79.8959721 -2.1990753
405775565 -79.8865534 -2.200829
405775457 -79.8886288 -2.2029301
405775454 -79.889293 -2.2027619
405775450 -79.8892058 -2.2020685
411262294 -79.897685 -2.2021653
411262295 -79.8974396 -2.2013772
316512636 -79.894636 -2.2019692
411262297 -79.8963535 -2.2003025
411264534 -79.8963477 -2.1955528
405775511 -79.8864762 -2.2034827
411262298 -79.8965321 -2.2008793
411262299 -79.8967421 -2.2015573
411262353 -79.8947127 -2.2020815
345659889 -79.8880355 -2.1889566
345589322 -79.8844968 -2.1989343
411887174 -79.895442 -2.1900286
412072398 -79.8974402 -2.1889722
405776005 -79.8832193 -2.1904372
405776007 -79.8830615 -2.1899186
405776000 -79.8840173 -2.1910359
405775393 -79.8926594 -2.2006919
405776003 -79.8834278 -2.1912206
345587595 -79.8839706 -2.2027179
405775770 -79.8901317 -2.1951968
405775776 -79.8897577 -2.1940242
405775774 -79.8899032 -2.1944804
412072395 -79.8925878 -2.1881784
405776039 -79.8835364 -2.18908
405775713 -79.8906374 -2.1967828
405776131 -79.889471 -2.1877198
405775580 -79.8880843 -2.198967
405775583 -79.8887844 -2.1987181
411887389 -79.8952046 -2.1965927
405775585 -79.8888526 -2.1992603
411887385 -79.8940484 -2.1952237
411887384 -79.8926601 -2.1955255
411887387 -79.8954407 -2.1949246
411887386 -79.8947353 -2.1950773
411887381 -79.8944838 -2.1942653
411887380 -79.895189 -2.1941125
411887383 -79.8933984 -2.1953627
411887382 -79.893796 -2.1944129
410914178 -79.8864274 -2.1975029
410914179 -79.8853365 -2.1993711
405776034 -79.8843212 -2.1888692
410914174 -79.8806793 -2.1931946
410914175 -79.8805804 -2.1928779
410914177 -79.8863029 -2.1968804
410914170 -79.88144 -2.1909149
410914171 -79.8805361 -2.189928
410914173 -79.8817059 -2.193825
345643276 -79.8841271 -2.1941207
405776036 -79.8836224 -2.1890552
410910260 -79.8928808 -2.1987752
410910261 -79.8935554 -2.2009814
410910262 -79.8868219 -2.2020531
410910263 -79.8848659 -2.1979158
411887406 -79.896114 -2.1871202
405776176 -79.8810099 -2.1861035
411887405 -79.8960745 -2.1870096
405776070 -79.8855408 -2.1862683
345619813 -79.8826711 -2.1994031
405776078 -79.8838101 -2.1864944
345645656 -79.8800249 -2.1936541
345645655 -79.8807399 -2.193408
405775723 -79.8921837 -2.1964644
345583408 -79.8848941 -2.2003723
405775376 -79.8911877 -2.2029982
345680504 -79.8849962 -2.1894669
405775913 -79.8838149 -2.195866
411887388 -79.8945219 -2.1967449
405775910 -79.8839848 -2.1966435
405775917 -79.8838627 -2.1957286
405775915 -79.8837965 -2.1957533
405775919 -79.8838881 -2.1958477
405776218 -79.8852502 -2.1906551
345586042 -79.8823621 -2.2004495
412142344 -79.8853124 -2.1974307
412142340 -79.8831191 -2.2036222
405776182 -79.8814681 -2.1871899
345659902 -79.8885591 -2.1907234
405776188 -79.8820376 -2.188612
316512308 -79.8935763 -2.2010553
405775553 -79.8858023 -2.2010514
405775550 -79.8854438 -2.2023741
405775556 -79.8856252 -2.2004126
412072429 -79.8926325 -2.1882871
412072428 -79.8933145 -2.1880694
412072427 -79.8935418 -2.1888723
412072426 -79.8938223 -2.1897236
405775559 -79.886191 -2.1996432
412072424 -79.8914765 -2.1894334
412072423 -79.8908229 -2.1895974
405775655 -79.8846818 -2.1996884
412072421 -79.8901367 -2.1897962
345679253 -79.8816949 -2.1917428
405775386 -79.8936865 -2.2039298
405775384 -79.8932222 -2.2024665
345646022 -79.8896882 -2.1912307
405775381 -79.8925088 -2.202651
405775388 -79.8930207 -2.2017922
411887033 -79.8967746 -2.1868777
345632309 -79.8827986 -2.1952878
405775864 -79.8857538 -2.1938077
411887036 -79.8968764 -2.1946167
405775861 -79.8856657 -2.1928941
411887034 -79.8976328 -2.1895783
345620454 -79.8816387 -2.1972911
405775986 -79.8844889 -2.1931415
405775987 -79.8845847 -2.1931358
405775980 -79.8836378 -2.1919297
405775982 -79.88379 -2.1924933
410914202 -79.8877406 -2.1876836
410914203 -79.8883777 -2.1896965
412072559 -79.8942652 -2.1863326
410914201 -79.8857653 -2.1879161
410914206 -79.8887291 -2.1907986
410914204 -79.8881857 -2.1890653
410914205 -79.8883437 -2.1895899
405775939 -79.8823986 -2.1971025
345687956 -79.8830156 -2.1865631
411887190 -79.8972357 -2.1928395
405775630 -79.8916134 -2.1973815
345618626 -79.8809888 -2.1973704
405775427 -79.8907734 -2.2016694
405775424 -79.8906164 -2.2011659
405775421 -79.8913098 -2.2010072
411262300 -79.8973717 -2.2035902
411262306 -79.8967067 -2.2037631
411262307 -79.8960736 -2.2039277
411255951 -79.8947074 -2.2020642
411262308 -79.8956732 -2.2026566
405775930 -79.883184 -2.1968293
412072425 -79.8928643 -2.1890357
345620293 -79.882448 -2.1982024
345584585 -79.8894845 -2.1998785
345620353 -79.8824222 -2.1974047
345620352 -79.8817012 -2.1975591
345657864 -79.8816462 -2.197211
410910226 -79.8817224 -2.1982706
345590587 -79.8824308 -2.1972246
410910220 -79.8865406 -2.1980999
410910221 -79.8875941 -2.2039323
411887369 -79.8935288 -2.1911813
405776133 -79.889343 -2.1873223
411887367 -79.8944982 -2.191921
411887366 -79.895617 -2.1931976
411887365 -79.8954978 -2.1927842
411887364 -79.8951986 -2.1917692
411887363 -79.8949291 -2.1908804
411887362 -79.8956637 -2.1907145
411887361 -79.896509 -2.1905486
411887360 -79.8971567 -2.1904064
405775720 -79.8919391 -2.1956757
316512642 -79.8940266 -2.2017806
405775727 -79.8916733 -2.1948713
405775729 -79.8914458 -2.1941221
316512644 -79.8938549 -2.2016176
411258904 -79.8951804 -2.2035544
345644139 -79.8913964 -2.1966368
345668806 -79.8828618 -2.1951766
405775588 -79.8889529 -2.2000577
411262234 -79.8969853 -2.2023429
411258906 -79.8960738 -2.20173
411262232 -79.8963121 -2.2024953
411262233 -79.8949755 -2.1958529
411262231 -79.8949548 -2.2028379
