819210958 -77.04526837 -12.06472527
819210950 -77.04654233 -12.06322491
819210954 -77.04630437 -12.06388113
696749354 -77.04416112 -12.06514151
108067778 -77.03674146 -12.05995789
528024389 -77.04551278 -12.0652343
108067773 -77.03620083 -12.06016836
1273591294 -77.05275299 -12.05628402
528023636 -77.04732294 -12.06722257
912508088 -77.04385359 -12.05638704
912508082 -77.04517273 -12.05409534
912508083 -77.0432889 -12.05353342
912508080 -77.05064838 -12.05414563
912508084 -77.04983776 -12.05602804
1273881029 -77.04894299 -12.06865999
1273963515 -77.03742333 -12.05363274
915282596 -77.05121776 -12.05228686
263388544 -77.0447984 -12.06762038
263388545 -77.04441224 -12.06623552
915282248 -77.05252031 -12.06889761
263388541 -77.04545067 -12.0687283
915282240 -77.05383819 -12.05277963
915282124 -77.05121927 -12.05466372
915282083 -77.05120896 -12.05418134
915282080 -77.05164783 -12.05898551
819211388 -77.05304921 -12.06751971
1273466461 -77.05191497 -12.05621001
817654794 -77.04848668 -12.06174894
1119649494 -77.03696769 -12.05784029
1119649495 -77.03687934 -12.0587074
1119649496 -77.03677792 -12.05970199
817654799 -77.04848668 -12.06183469
1119649491 -77.03631717 -12.05782663
1119649492 -77.03624248 -12.05862299
1119649493 -77.03798776 -12.05786493
1273833071 -77.04671441 -12.05482867
263389400 -77.04540776 -12.06709156
263389401 -77.04460963 -12.06610962
263389402 -77.04428341 -12.06566471
888357852 -77.03815507 -12.05587851
888212510 -77.03885889 -12.05594129
915282566 -77.0538791 -12.051779
915282560 -77.05109547 -12.05528314
263405665 -77.03574527 -12.06814768
593974690 -77.03923214 -12.05792361
915282332 -77.05119823 -12.05217857
593974692 -77.0482742 -12.05815243
593974695 -77.0460064 -12.05657923
593974694 -77.04716226 -12.05848897
263405669 -77.03612346 -12.06562708
915282237 -77.05108424 -12.0521043
1273870317 -77.04374001 -12.06408397
912508059 -77.04448189 -12.05362612
912508058 -77.05190348 -12.05423683
1273639571 -77.04863697 -12.06827702
912508055 -77.04927198 -12.05598336
912508057 -77.05085591 -12.05610834
912508051 -77.04368276 -12.05554298
912508053 -77.04778562 -12.05673799
108065289 -77.03760446 -12.06419729
1273710078 -77.03810704 -12.05783099
1273747066 -77.04338102 -12.066203
108065281 -77.03797192 -12.06001062
108065280 -77.03797754 -12.05980677
819211075 -77.04953593 -12.06539473
912507976 -77.04690343 -12.05154908
912507974 -77.04399876 -12.05186382
912507979 -77.04178762 -12.05872047
107774944 -77.04203178 -12.06047983
819210853 -77.05215519 -12.06332918
309998773 -77.05153367 -12.05721123
915282191 -77.04634896 -12.05955204
912507991 -77.05136889 -12.05614874
912507990 -77.04386406 -12.05357809
912507992 -77.04354773 -12.05958507
912507995 -77.04030477 -12.05802503
912507994 -77.04462673 -12.05182451
912507997 -77.04776643 -12.05390398
819210989 -77.04587044 -12.0610312
819210988 -77.04692053 -12.06023299
915282693 -77.05108859 -12.05245416
108064673 -77.03719031 -12.06557762
593974679 -77.04721423 -12.06265661
108064677 -77.03744051 -12.06416569
915282694 -77.04731447 -12.05873053
791159840 -77.03767713 -12.06465989
1356144841 -77.05246909 -12.055403
1273631247 -77.0399213 -12.0580837
316811913 -77.03622698 -12.05395469
107774938 -77.04179306 -12.0597108
915282280 -77.05054134 -12.06073163
107774936 -77.04167907 -12.05969772
1273880356 -77.04041768 -12.06220961
1273579230 -77.04623497 -12.05467897
308131616 -77.03896023 -12.06466961
308131617 -77.03898739 -12.06456744
308131618 -77.03902787 -12.06451413
308131619 -77.03910013 -12.06447029
1273786097 -77.04666437 -12.05466472
308131757 -77.0397136 -12.06457783
819211095 -77.05316957 -12.06408078
1273833330 -77.05319396 -12.056827
888212348 -77.03965333 -12.05343099
593974685 -77.04717492 -12.05763829
819211101 -77.05235418 -12.0647422
1334721342 -77.04303199 -12.06221673
819211109 -77.05136553 -12.0655441
1273512377 -77.04635952 -12.05456464
1334827357 -77.03941126 -12.06473558
915282401 -77.04998319 -12.06035486
528038100 -77.03631339 -12.06449829
915282409 -77.05322673 -12.05483689
915282271 -77.04966786 -12.05170868
915282170 -77.04754372 -12.06448638
915282592 -77.05253841 -12.05381941
817654769 -77.04798519 -12.06180032
263405670 -77.03615791 -12.06543069
817654760 -77.04804529 -12.06195203
817654765 -77.04800087 -12.06187802
257946605 -77.03573471 -12.05567717
888212294 -77.03970807 -12.05282624
888357965 -77.03981921 -12.05160181
888212292 -77.03685218 -12.05381329
915282530 -77.05391263 -12.05440363
819211039 -77.05253791 -12.06324109
1273467913 -77.04087097 -12.06393402
108152621 -77.03592607 -12.0592451
108152622 -77.03617937 -12.05934023
817654869 -77.04895347 -12.06920607
817654946 -77.05382277 -12.06622823
817654860 -77.0535569 -12.06538878
817654861 -77.04999224 -12.06834466
912508006 -77.04378536 -12.05470169
912508004 -77.04506519 -12.05470722
912507929 -77.04511087 -12.05632987
1273851289 -77.03787201 -12.06589949
912508037 -77.04207461 -12.05541633
1273649352 -77.03955904 -12.06215404
819210961 -77.04517189 -12.06481957
1273530914 -77.03778056 -12.0528637
528024391 -77.03960287 -12.06443232
1273969597 -77.04896504 -12.06585699
1273936218 -77.05216701 -12.05702599
308131653 -77.03887197 -12.06496382
915282612 -77.04828082 -12.06391533
791160068 -77.03733079 -12.06462192
525904786 -77.03908814 -12.05991322
525904784 -77.03910834 -12.0601231
525904781 -77.0388024 -12.06440969
1273982886 -77.041984 -12.06303103
563843258 -77.03566271 -12.05706253
819211286 -77.05277562 -12.0616673
819211141 -77.05258929 -12.0634617
107774940 -77.04204008 -12.06000701
1273716746 -77.04390002 -12.06395003
308131628 -77.03912913 -12.06489106
308131621 -77.03928361 -12.06446744
308131620 -77.0391961 -12.06444833
308131623 -77.03940422 -12.06458839
308131622 -77.03935812 -12.06451857
308131625 -77.03939022 -12.06478713
308131624 -77.03942031 -12.06469602
308131627 -77.0392142 -12.06489819
308131626 -77.03932719 -12.0648546
528038386 -77.03617669 -12.0641232
915282137 -77.05190323 -12.05957568
915282130 -77.05318449 -12.05536159
1273790891 -77.04016203 -12.06449602
108064684 -77.03782717 -12.05979369
1273584465 -77.05246264 -12.05579829
108064683 -77.03779791 -12.0600081
108152619 -77.03572867 -12.05925348
315564780 -77.03653862 -12.05573417
912508016 -77.04929747 -12.0540375
263403726 -77.04353767 -12.06504571
263403724 -77.04302168 -12.06572347
309998774 -77.05163778 -12.05707544
915282576 -77.04976333 -12.05239851
1333868911 -77.0463177 -12.05449138
1333868912 -77.03941461 -12.05599091
1273563053 -77.04649732 -12.05455509
593974682 -77.0458665 -12.05888509
593974683 -77.04945756 -12.05780618
593974680 -77.04807203 -12.06160527
593974681 -77.04589148 -12.0590068
593974686 -77.04593842 -12.05754743
593974687 -77.04191603 -12.05724232
593974684 -77.0482991 -12.05772102
915282342 -77.04213974 -12.05458593
593974688 -77.04587639 -12.05846038
593974689 -77.04184218 -12.05809217
819211045 -77.05199074 -12.06336698
1354143299 -77.04200412 -12.05622853
819211281 -77.05285483 -12.06166713
817654731 -77.05118901 -12.06735232
263403097 -77.04448089 -12.06902208
915282617 -77.05042198 -12.05236003
915282615 -77.05186744 -12.05470948
912508049 -77.04206078 -12.05244897
819211288 -77.05206584 -12.06171977
263403099 -77.04442079 -12.0686024
912508040 -77.04762628 -12.05500268
912508041 -77.05082331 -12.05700554
791159924 -77.03753732 -12.06464447
411309439 -77.03720104 -12.05579158
791159921 -77.03957756 -12.05426524
912507964 -77.04910736 -12.05501098
819210871 -77.05207657 -12.06208698
912507967 -77.04340298 -12.05190104
912507961 -77.04572853 -12.05372276
912507969 -77.04211292 -12.05180322
912507952 -77.04699982 -12.05235039
263403592 -77.04049831 -12.06845974
1273760965 -77.04374404 -12.06323203
472197625 -77.03571744 -12.06514369
472197627 -77.03581744 -12.06536699
472197626 -77.03579464 -12.06521921
263402345 -77.04800766 -12.06826729
108064668 -77.0371598 -12.06578449
817654852 -77.05364223 -12.06531804
593974693 -77.04723007 -12.05668836
108064663 -77.03697909 -12.06701319
915282687 -77.05352547 -12.06808281
819210992 -77.04367849 -12.06279634
819211214 -77.04754129 -12.06535173
411309440 -77.0373867 -12.05564641
411309443 -77.03740983 -12.05352956
411309442 -77.03745233 -12.05407514
791159858 -77.04721657 -12.06730547
1355562709 -77.05317158 -12.0657083
915282488 -77.04427654 -12.06352439
1273491275 -77.05023297 -12.05872198
1273673158 -77.05339999 -12.06445504
909271542 -77.04304012 -12.05820147
1273986291 -77.04143599 -12.06347804
888212409 -77.03851507 -12.0533258
888212404 -77.03687959 -12.05368613
1273856652 -77.04934499 -12.06629403
915282263 -77.05212736 -12.05859122
1273816732 -77.04403497 -12.06441899
915282148 -77.0518267 -12.0552414
915282142 -77.05330754 -12.05379334
915282268 -77.04981647 -12.05322572
915282140 -77.0534621 -12.05197321
108171080 -77.03698411 -12.06832823
817654771 -77.04799743 -12.06171533
289363042 -77.03662864 -12.05557961
1273753452 -77.04149073 -12.0647712
315564778 -77.03828691 -12.05588789
1273652247 -77.04211803 -12.05825997
108171076 -77.03737018 -12.06575742
593974691 -77.04837437 -12.05679054
108171074 -77.03739793 -12.06557293
472207542 -77.03556891 -12.05823382
915282331 -77.05098307 -12.05150583
263405667 -77.03595213 -12.06686223
108171078 -77.03717572 -12.06705267
915282318 -77.05347501 -12.05310267
593974678 -77.04453587 -12.05941709
912507984 -77.05051762 -12.0560816
262577558 -77.03760303 -12.05294056
593974677 -77.04445021 -12.05931257
593974676 -77.0444808 -12.05833298
593974675 -77.04451391 -12.05744257
593974674 -77.04460771 -12.05645434
888357999 -77.03976079 -12.05224529
308131799 -77.03926877 -12.06499299
915282648 -77.05098198 -12.05238158
915282649 -77.05056422 -12.05413716
263389398 -77.04705581 -12.0690976
263389399 -77.04623178 -12.06807359
263403102 -77.04340801 -12.06704127
263403103 -77.04260971 -12.06600049
912508035 -77.0439447 -12.05946521
263403101 -77.04421476 -12.06807359
819210897 -77.05048334 -12.05762404
263403105 -77.04196246 -12.06483239
791160066 -77.03842354 -12.05416399
819211313 -77.04790716 -12.06347469
791159813 -77.04417009 -12.06504093
912508038 -77.05088793 -12.05526403
888357901 -77.03873057 -12.05149494
525863374 -77.04239497 -12.0519536
912507959 -77.05018628 -12.05605553
912507955 -77.04521313 -12.05650841
912507956 -77.05254529 -12.05428586
1273867076 -77.03765718 -12.05279187
912507953 -77.04921474 -12.05686547
1273675457 -77.0531057 -12.05672868
107775132 -77.0414365 -12.05957182
108064661 -77.0367868 -12.06832077
819210791 -77.0508042 -12.06111108
819210978 -77.04520148 -12.06157501
819211216 -77.04675381 -12.06441539
819210877 -77.05211999 -12.06171583
1273969330 -77.03802448 -12.05324508
108161647 -77.0359948 -12.06050406
817654923 -77.05387541 -12.06612798
263390442 -77.04466973 -12.06931587
819210806 -77.05169033 -12.06217097
819210802 -77.05151867 -12.06201364
819211176 -77.05279096 -12.06209729
915282235 -77.0490652 -12.05217882
1273548923 -77.03570587 -12.05638888
888212443 -77.0390376 -12.05421671
107774957 -77.04121731 -12.05980057
915282109 -77.04853538 -12.06019569
107774954 -77.04104087 -12.06001263
107774952 -77.04099469 -12.06029233
107774951 -77.04103467 -12.06044396
915282101 -77.04272781 -12.05983258
108153165 -77.03602053 -12.0602355
108153166 -77.03584032 -12.06028588
108153167 -77.03557419 -12.06026911
1356144892 -77.05181748 -12.05534584
1356144895 -77.05382973 -12.05551398
1273547636 -77.03951201 -12.06283196
1273978438 -77.04656463 -12.05457462
915282541 -77.05201463 -12.05957501
817654725 -77.05286682 -12.06930346
1273586519 -77.04199297 -12.05834102
1333868906 -77.03626998 -12.05586912
1333868904 -77.0362046 -12.05582989
1333868903 -77.03646452 -12.05625569
915282466 -77.04532226 -12.06036819
1273879151 -77.05388304 -12.05592997
915282352 -77.05096907 -12.05229767
915282216 -77.05391187 -12.05396953
915282212 -77.04649791 -12.05239113
915282211 -77.0492134 -12.06100429
915282210 -77.05103587 -12.05517836
1273845074 -77.04260896 -12.05768497
107774773 -77.04150238 -12.05968607
819211293 -77.04968924 -12.06354904
915282607 -77.04756384 -12.06099968
912508077 -77.04230101 -12.05873556
316811013 -77.05193332 -12.05709841
819211295 -77.04868492 -12.06439192
912508079 -77.04921968 -12.05512749
817654749 -77.04845676 -12.06191524
257946613 -77.03573471 -12.05533309
819211052 -77.05152261 -12.06375372
263403171 -77.04561622 -12.06535986
308131630 -77.03899242 -12.06480397
912508034 -77.04749376 -12.05488869
912508043 -77.05046314 -12.05697461
915282119 -77.05093839 -12.05957383
819210839 -77.05183861 -12.06349271
915282106 -77.05247052 -12.05221293
263358749 -77.03812078 -12.06753648
915282077 -77.05098709 -12.05217823
315564705 -77.03570118 -12.0565281
915282674 -77.0517967 -12.05224814
263408975 -77.03829253 -12.06856887
107774958 -77.04134581 -12.05973242
107772857 -77.04157379 -12.05814489
1273867684 -77.0467124 -12.05478567
107772858 -77.04173841 -12.05620632
1273878512 -77.04085404 -12.06162698
817654835 -77.05219098 -12.06652143
1273515077 -77.039611 -12.061457
308131773 -77.03946457 -12.0648748
912508090 -77.04377899 -12.05461099
912508092 -77.04770759 -12.05230496
819211080 -77.04837789 -12.06635119
1273890947 -77.04224401 -12.06444699
819211120 -77.04916729 -12.06732676
819211122 -77.04811193 -12.0681828
1273793836 -77.04861937 -12.06778047
915282526 -77.046356 -12.05377482
915282390 -77.05187314 -12.0531559
915282397 -77.05103503 -12.05244553
915282253 -77.05117669 -12.05319479
915282250 -77.05113562 -12.05244553
915282255 -77.05364172 -12.0534335
915282098 -77.04848316 -12.05396634
915282158 -77.04930803 -12.0595336
915282159 -77.0530114 -12.05218309
915282095 -77.05195872 -12.05956193
817654785 -77.04829876 -12.06155196
817654784 -77.04821134 -12.06154601
817654787 -77.04838149 -12.06158859
817654788 -77.04844754 -12.06165389
819211390 -77.0520386 -12.06833326
915282453 -77.05332396 -12.05358538
525863645 -77.04980323 -12.05691803
915282325 -77.0484208 -12.05247311
525863467 -77.0461457 -12.05170859
525880176 -77.03814836 -12.05787591
1273778977 -77.04015306 -12.06298678
915282635 -77.0458541 -12.0623811
915282634 -77.0421669 -12.05448786
912508023 -77.04782879 -12.0558697
915282630 -77.05341851 -12.05299203
912508026 -77.0402637 -12.05852258
915282632 -77.04840286 -12.0522426
819210887 -77.05206584 -12.05947451
888357935 -77.03828976 -12.05415208
819210883 -77.05206584 -12.06008304
888212385 -77.03856192 -12.05275373
819211064 -77.05053941 -12.06456576
912507948 -77.04078774 -12.05233623
912507946 -77.05014471 -12.05694728
1273486796 -77.04620102 -12.05479003
1273781273 -77.03597099 -12.05585101
912507940 -77.0450413 -12.05480009
819211255 -77.04991387 -12.06183812
915282091 -77.05032928 -12.0516065
915282181 -77.05051091 -12.05320702
1273841009 -77.04216799 -12.05811798
263412788 -77.03806932 -12.06715879
817654903 -77.04721314 -12.05860883
915282188 -77.05113344 -12.05211302
263401823 -77.04885029 -12.06929156
1273503266 -77.04886697 -12.06809404
316632833 -77.03619471 -12.05388294
1273911824 -77.04990398 -12.05903102
819210987 -77.04792091 -12.05945833
819211165 -77.05241989 -12.06210802
108066866 -77.03662998 -12.05967249
1273746898 -77.04215399 -12.05820197
108066861 -77.0401404 -12.06001673
107774948 -77.04133239 -12.06073272
107774949 -77.0412018 -12.0606582
819210983 -77.04720987 -12.0640434
1355562681 -77.04893201 -12.06263893
107774941 -77.04208643 -12.06015847
819211206 -77.05081358 -12.06931964
1273987609 -77.04310064 -12.05770886
107774945 -77.04179549 -12.0607126
107774946 -77.04164739 -12.06076323
909271522 -77.04311992 -12.05733511
909271525 -77.04318228 -12.0563271
263403252 -77.04639842 -12.06631087
1273479807 -77.04149903 -12.06468638
819211251 -77.05066388 -12.06273096
819211145 -77.05251637 -12.06337746
912508010 -77.04915598 -12.05402476
888212372 -77.04009481 -12.05431168
309998790 -77.04191728 -12.06062836
915282558 -77.05118029 -12.05241921
819211116 -77.05035669 -12.06636217
915282555 -77.05252844 -12.05314517
888212423 -77.03993136 -12.05603701
888212426 -77.03691102 -12.05403097
31035148 -77.04189759 -12.05447387
915282665 -77.0532963 -12.05393499
915282200 -77.04551522 -12.0625127
915282204 -77.05103939 -12.05211721
915282358 -77.04953962 -12.05790818
915282206 -77.04653219 -12.06183167
915282207 -77.0509969 -12.05241049
915282164 -77.05251662 -12.05476346
309998764 -77.04172517 -12.05944978
912507936 -77.04255959 -12.05815771
912507934 -77.04375468 -12.05826668
912507932 -77.04706654 -12.05383357
912507938 -77.05326278 -12.05435702
912508064 -77.04060074 -12.05435719
912508066 -77.04508003 -12.05367247
817654755 -77.0481276 -12.06201431
817654752 -77.04838317 -12.06197902
817654753 -77.04828267 -12.0620351
912508068 -77.04524507 -12.05178579
912508069 -77.04225256 -12.05345303
915282529 -77.05253531 -12.05361531
915282528 -77.05120988 -12.0551953
819211188 -77.05296111 -12.06334477
1273566591 -77.035828 -12.05599803
888357954 -77.03865312 -12.05210053
912508025 -77.0450377 -12.05564976
1273985975 -77.04186397 -12.05836801
1273883165 -77.04051239 -12.06231723
525863415 -77.04583683 -12.05174883
915282065 -77.05120443 -12.05238208
1334827340 -77.04359023 -12.0649639
915282709 -77.04984782 -12.05407237
915282063 -77.05056322 -12.06065678
263358750 -77.03798558 -12.06849117
915282706 -77.0538356 -12.0554154
915282068 -77.0524789 -12.05530099
915282700 -77.05387507 -12.05489698
819211338 -77.05259147 -12.05966344
1273720438 -77.04399801 -12.06823997
912508072 -77.04045498 -12.05609652
912508019 -77.04083828 -12.05169133
915282668 -77.05206584 -12.05963628
915282669 -77.04909596 -12.05242868
263110778 -77.03911563 -12.0652084
819211336 -77.05246281 -12.05958993
915282600 -77.05132538 -12.06003283
819211297 -77.04650453 -12.06622194
