1259832053 1239245247
1259832053 1259830807
1259830807 1259831134
1259830807 1239245246
1259830807 1259836473
792215676 1259834609
792215676 824748985
792215676 1259836430
792215677 792215666
792215677 792215693
1260317845 1260318221
1260317845 1260328341
1260317845 959094165
1259836118 1259831134
1259836118 1259830583
1259836118 959094158
819553075 959094168
819553075 823753546
819553075 1259651312
819553075 824748879
792221697 807387312
792221697 807369274
792221697 1260320207
819553077 823753546
1096638598 1260318001
1096638598 1096638527
1096638598 1259832739
1096638598 1260327469
1260317996 1260317905
1260317996 1260317590
1260317996 1260321551
1260317996 1260318174
1259835155 1259831952
1259835155 959100103
1259835155 1259834633
1259836757 1259830824
1259836757 267783363
1259836757 1259836341
1259836757 267783362
1259835441 1259830994
1259835441 1259834097
1259835441 1259836042
1259834389 1259836837
1259834389 1259831074
1259830678 267783362
1259830678 1259831432
1259830678 1259837125
1259830678 1259832345
959094162 959094159
959094162 1259832739
959094162 1260324162
959094162 959094164
959094164 1260318001
959094164 1260318221
959094164 959094165
959094165 1260317976
959094165 959094166
959094166 1260318307
959094166 1260328341
959094166 959094167
959094167 959094168
959094167 1259651264
959094167 1259651312
959094168 959094151
959094168 1259651382
806143389 824716825
806143389 500944031
806143389 792219505
824748985 824748778
824748985 807387261
1259832781 1259833247
1259832781 1259835910
792211651 267783054
792211651 823753595
792211651 500944811
792211651 792210524
1259832943 1259836026
1259832943 1259836418
1259832943 1259836162
1259651312 807368370
1259651312 1260318307
1259833343 1259835719
1259833343 1259832715
1259833343 824748846
1259833343 1259836739
1259836181 1259831303
1259836181 959094101
1259831432 1259830982
1259831432 1239245240
1259831432 1259831410
1260328337 1260327466
1260328337 1260318249
1260328337 1260321551
1260328337 1260328405
1260321551 1260326056
1260321551 1260318147
959094158 959094159
959094158 1259831668
959094158 959094156
1259836189 1259832345
1259836189 1259836739
1259836051 1259830578
1259836051 1259836213
1259836051 1259836341
1259836051 1259837237
1260317590 1260328379
1260317590 1260326056
1260317590 1260320207
500944811 792215659
1260320429 1260327466
267783057 267783362
267783057 1259837237
267783057 1259836341
267783057 1259835657
267783056 267783363
267783056 1259830578
267783056 1096638450
267783056 1259836341
1259830601 1259837164
1259830601 1259832757
1259833629 1259830689
1259833629 1259834189
1259834760 1259836071
1259834760 1259836002
1259834760 1096688371
1259832588 1259836837
1259832588 1259837097
1259832028 959094076
1259832028 824748813
1259832028 1259835072
1260317905 1260328379
1259833454 1259833247
1259833454 1259832249
1259831303 959094076
1259831303 1259834449
1259830689 1259836430
1259830689 792215666
1259832345 824748846
1259832345 1259835461
1259836089 1259832885
1259836089 1259831074
1259651264 1260328341
1259651264 1259651403
1259836430 1259833675
1259832739 1259835910
1259832739 1260320359
1259835883 792219518
1259835883 1259834720
1259835883 1259830595
1259835883 824748861
1259830824 824748861
1259830824 824748846
1259830824 1259830595
824748778 807369280
824748778 807368370
792220382 807387312
792220382 792220365
792220382 807387261
792220382 792220372
807368370 1260327469
807368370 807369277
1260318174 500938361
1260318174 1260318147
1259835461 1259837164
1259835461 267783362
823753523 1260318108
823753523 823753546
823753523 1260327466
823753523 807369277
1260327469 1260317976
1259834855 1259831997
1259836739 1259830701
1259836739 1259836931
1259833045 1259834872
959094102 1259831134
959094102 1259834131
959094102 959094156
959094102 959094101
792215693 792215664
792215693 792210524
959094101 959094155
959094101 1259834449
1259831278 792219520
1259831278 824748869
1259831278 792219506
1259831278 1259831997
1259835135 1259836540
1259835135 1259830595
1259830891 1259831468
1259830891 1259834189
1259834097 1259830903
1259836418 792219514
1259836418 792219516
1259831997 1096638527
1259830899 1259832757
1259832685 1259835850
1259832685 1259836958
267783363 824748861
267783363 267783364
1259835850 1259833675
1259835850 1259833276
1260327466 1260326056
1259830583 1259836473
1259651403 1259651382
267783365 824748869
267783365 267783368
267783365 267783364
267783364 1096638450
267783364 824748865
807369280 807369274
807369280 807369277
807369280 807387269
267783369 824716825
267783369 267783368
267783369 267783370
267783369 807387269
267783368 267783054
267783368 792219506
824748846 1259836965
1259831641 1259834872
1259831641 1259836042
1260326056 1260318108
1259836965 1259832715
1259836965 1259830595
1259836965 1259834131
1260318147 1260324425
1260318147 1260328405
1260318307 1260317976
1259832757 1259830850
1259835315 1259831134
1259834029 1259835910
823753535 1260322142
823753535 1260328405
500938361 1260322142
1260318221 1260324162
1259832249 792219518
1259832249 1259836540
1259832249 792219516
1259831323 1259831668
1259831323 1259836903
792208838 792208935
792208838 823753591
1259830968 792215666
1259830968 1259834189
1259835657 1259831952
1259835657 1259834633
1259835719 1259836931
1259835719 824748813
1259835719 1259835072
1259835826 1259835967
1259835826 1259836903
1259835826 959094155
792215664 792215659
1259835557 959094159
1259835557 1259836473
1096638450 792210523
1096638450 1096638504
792219518 792219520
792219518 1259835055
1259836002 1259831668
1259836002 1259834502
267783370 500931700
267783370 807387270
807369274 792220365
824748879 792210523
824748879 824748869
824748879 807387269
500931700 807387271
1259830927 1259830994
1259830927 1259832885
792219516 1259836162
1260321504 1260328405
1260321504 1260318249
1259836325 1259831668
1260318181 1259651382
1260318181 959094151
1260318001 1260317976
792210523 267783054
792210523 792210524
1259835055 1259833247
1259835055 1260320359
500929877 500929882
500929877 792208935
1259834131 1259834449
1259830578 1096638504
1259830578 1259833276
792220365 792219502
792220365 807387264
1260320359 1096638527
1259836026 1259830982
807369277 807387312
1259834984 1259830994
1259834984 1259834633
1259834633 1259837237
1259837237 1259837177
1259835910 1259830982
823753595 823753584
1259830850 1259836010
1259830850 1259830701
1259830850 1259836931
823753591 823753584
1259836010 1259836795
792219502 807387310
792219502 807387271
792219502 792220372
824748869 824748865
792219506 959094151
1260318249 807387261
806156103 792211678
806156103 500944031
807387271 807387270
807387271 807387272
807387270 807387269
807387270 792220372
807387272 500929882
807387272 1260318959
824716825 806143429
1259834720 792219520
1259834720 824748865
959094159 1259836071
1259834609 1096638504
1259834609 1259836958
1259836903 959094156
1259836903 1259834502
1096688371 1096688644
1096688371 1259832536
1259836042 959100103
500923322 807387310
500923322 792208935
959094155 959094156
1096638527 792219520
1239245240 1259836473
1259836795 1259836931
1259836795 824748813
1260324425 1260322142
1259834449 959094075
824748861 824748865
792208935 823753584
807387261 792219505
807387264 807387310
1260320207 1260318108
1260320207 1260318959
1259837164 1259830701
1259833247 1259836162
1259832885 1259837177
1259835072 1259832715
1259835072 959094075
1259830994 1259837177
1259837097 1259836213
1259837097 1259833276
1260328379 1260318959
1260318108 807387312
1259831410 1096688644
1259831410 1259832536
792220372 792219505
1259836071 1096688644
1259837177 1259831714
1259833276 1259834189
959094076 959094075
1259831714 1259833371
959094075 959094073
959094073 1259832715
959100103 959100104
1259836213 1259833371
