1259832053 -71.6149902 10.6553676
1259830807 -71.614316 10.6552892
792215676 -71.6201331 10.6615485
792215677 -71.6261466 10.6613903
1260317845 -71.6088601 10.6613975
1259836118 -71.6120274 10.6539902
819553075 -71.6118824 10.6640738
792221697 -71.6138299 10.6680644
819553077 -71.612101 10.6651165
1096638598 -71.6122745 10.6602283
1260317996 -71.6106591 10.6686621
1259835155 -71.6204981 10.6527606
1259836757 -71.619185 10.6574258
1259835441 -71.6221894 10.6532842
1259834389 -71.6232563 10.6558119
1259830678 -71.6180391 10.655756
959094162 -71.610316 10.6586122
959094164 -71.6101872 10.66051
959094165 -71.6102194 10.6612692
959094166 -71.610316 10.6621232
959094167 -71.6105627 10.6631248
959094168 -71.6107773 10.6642319
806143389 -71.6241814 10.6628595
824748985 -71.6149085 10.6623799
1259832781 -71.6131096 10.6579306
792211651 -71.6230172 10.6629677
1259832943 -71.6128346 10.6565358
1259651312 -71.6116766 10.6628874
1259833343 -71.6168345 10.6535606
1259836181 -71.6145954 10.6518525
1259831432 -71.6125119 10.6560515
1260328337 -71.6102049 10.6665735
1260321551 -71.6104589 10.667689
959094158 -71.6113888 10.6538464
1259836189 -71.6180031 10.654554
1259836051 -71.6202209 10.6572966
1260317590 -71.6117334 10.6684596
500944811 -71.624671 10.6627254
1260320429 -71.6110909 10.6655206
267783057 -71.6194279 10.6556834
267783056 -71.6191687 10.6584945
1259830601 -71.6195424 10.6527286
1259833629 -71.6246147 10.6605521
1259834760 -71.60856 10.6540058
1259832588 -71.6238108 10.6563431
1259832028 -71.6163208 10.6519764
1260317905 -71.6108444 10.6692986
1259833454 -71.6136862 10.6576517
1259831303 -71.6149902 10.651898
1259830689 -71.6246746 10.6610092
1259832345 -71.617953 10.654687
1259836089 -71.6230484 10.6555122
1259651264 -71.6093724 10.6633641
1259836430 -71.6237649 10.6611958
1259832739 -71.6120274 10.6587762
1259835883 -71.6162014 10.6585634
1259836341 -71.6192686 10.6574109
1259830824 -71.617028 10.6577676
824748778 -71.613821 10.6625811
792220382 -71.6158147 10.6666357
1259837125 -71.6180996 10.6574609
807368370 -71.6127117 10.6628083
1260318174 -71.609568 10.6688778
1259835461 -71.6193936 10.6547163
823753523 -71.6123584 10.666175
1260327469 -71.6125158 10.6611081
1259834855 -71.6142887 10.6614238
1259836739 -71.6178897 10.653648
1259833045 -71.6261532 10.6537823
959094102 -71.6144036 10.6537831
792215693 -71.625814 10.6614852
959094101 -71.6145324 10.65256
1259831278 -71.6157741 10.6611575
1259835135 -71.6160901 10.6577824
1259830891 -71.6254463 10.6574464
1259834097 -71.6230346 10.6534417
1259836418 -71.6150996 10.6564567
1259831997 -71.6154252 10.6612059
1259830899 -71.6195087 10.6526767
1259832685 -71.6210941 10.6593806
267783363 -71.6190829 10.6585029
267783362 -71.6193499 10.6556859
1259835850 -71.6236651 10.6592071
1260327466 -71.6113064 10.6663603
1259830583 -71.6120362 10.6542692
1259651403 -71.6083328 10.6636025
267783365 -71.6188597 10.6606539
267783364 -71.6189799 10.6595489
807369280 -71.6144498 10.6657394
267783369 -71.6188683 10.6648797
267783368 -71.6186022 10.6638001
824748846 -71.6167748 10.6545434
1259831641 -71.6246701 10.652965
1260326056 -71.6115456 10.6674602
1259836965 -71.6162232 10.6543738
1260318147 -71.6093944 10.6678961
1260318307 -71.6113203 10.6619594
1259832757 -71.6189069 10.6527075
1259835315 -71.6158772 10.6549405
1259834029 -71.6113177 10.6576604
1259830595 -71.6162498 10.657826
823753535 -71.607943 10.6670739
500938361 -71.6084248 10.6691139
1260318221 -71.6088837 10.6606904
1259832249 -71.6152497 10.6576326
1259831323 -71.6111325 10.6528812
792208838 -71.6234876 10.6686754
1259830968 -71.6259175 10.6587677
1259835657 -71.6195719 10.6537056
1259835719 -71.6168995 10.6526472
1259835826 -71.6105914 10.6517218
792215664 -71.6258569 10.6617646
1259835557 -71.6120451 10.6549492
1096638450 -71.6190566 10.6595459
792219518 -71.6153802 10.6585541
1259836002 -71.6089592 10.6531079
267783370 -71.619246 10.6659088
807369274 -71.6149325 10.6678164
824748879 -71.6173365 10.6630354
1259831952 -71.619647 10.6526971
500931700 -71.6196107 10.6668247
792219514 -71.615069 10.655955
1259830927 -71.6221198 10.6545451
792219516 -71.615171 10.657099
1260321504 -71.6088758 10.665801
1259834872 -71.6251829 10.6534417
1259836325 -71.6108309 10.6539448
1260318181 -71.6088975 10.6657141
1260318001 -71.6112134 10.6603715
1259831134 -71.6143958 10.6545133
792210523 -71.6187612 10.662782
1259835055 -71.6137394 10.6586629
500929877 -71.6222906 10.6675053
1259834131 -71.6151055 10.6540164
1259830578 -71.6201793 10.6584953
792220365 -71.6160615 10.6675873
1259833675 -71.6236029 10.6607564
1260320359 -71.6138646 10.6590205
1259836026 -71.6126128 10.656405
807369277 -71.6134173 10.6659888
1259834984 -71.6210248 10.6539049
1259834633 -71.6204704 10.6538367
1259837237 -71.6204172 10.6556655
1259835910 -71.6121604 10.6577127
823753546 -71.6120974 10.6650986
1259835967 -71.6105382 10.6514777
1259836540 -71.6157619 10.6575471
823753595 -71.6233838 10.6639388
1259830850 -71.6183228 10.6526881
823753591 -71.6258711 10.6666359
1259836010 -71.6183539 10.6520284
792219502 -71.6169037 10.6674212
824748869 -71.6173005 10.6608381
792219506 -71.6163404 10.6642265
1260318249 -71.6099496 10.6655749
806156103 -71.6254368 10.6630458
1260324162 -71.6096571 10.6585881
807387271 -71.6180169 10.6671751
807387270 -71.6178422 10.6662126
807387272 -71.6181771 10.6681926
824716825 -71.6247754 10.6636583
1259834720 -71.6162145 10.6597073
1259831074 -71.623187 10.6555667
959094159 -71.6110455 10.6546161
1259834609 -71.62011 10.6597212
1259836903 -71.6110793 10.6525587
1096688371 -71.6082379 10.6548721
959094151 -71.6109997 10.6652833
1259836042 -71.6223416 10.6527606
500923322 -71.6220331 10.6684669
959094155 -71.6117214 10.6521172
1096638527 -71.6141869 10.659941
959094156 -71.6117643 10.6528236
792210524 -71.6227856 10.6621403
1239245246 -71.6143021 10.6559108
1239245247 -71.615029 10.6558844
1239245240 -71.6125184 10.6560136
1259836795 -71.6177305 10.6520122
1260324425 -71.6082853 10.6681294
1260328341 -71.6091155 10.6623779
1259834449 -71.6151764 10.6525693
1259830903 -71.6256403 10.6556075
1259831468 -71.6251552 10.6565883
824748813 -71.6169465 10.6519918
824748861 -71.6170967 10.6585184
792208935 -71.6227592 10.6679548
807387261 -71.61534 10.6644909
1260317976 -71.6113203 10.6611932
1259651382 -71.6086138 10.6646627
807387264 -71.61646 10.6693898
1259836958 -71.6209555 10.6597484
1260320207 -71.6128164 10.6682554
1259837164 -71.6194739 10.6537561
1259833247 -71.6134201 10.6578522
792215659 -71.6254393 10.6629266
824748865 -71.6172147 10.6596572
1259832885 -71.6218703 10.655662
1259836931 -71.6178083 10.652671
1259835072 -71.6162941 10.6526128
500944031 -71.6246882 10.6628013
1259830994 -71.6218703 10.6543816
1259836837 -71.6236444 10.6560707
1259837097 -71.6238108 10.6568198
1260328379 -71.6119167 10.6690797
807387269 -71.6176517 10.6651164
792219520 -71.6155572 10.6597402
1096638504 -71.6200985 10.6594481
1259831668 -71.6109285 10.6536484
1260318108 -71.6125546 10.6672859
1259830701 -71.6182588 10.6536708
1259836162 -71.6130297 10.6569979
1259831410 -71.6091983 10.6561949
792220372 -71.6167401 10.6664512
1259836071 -71.6095003 10.6542499
792215666 -71.6260071 10.660705
1260322142 -71.608196 10.6681452
1259837177 -71.6215238 10.655662
1259833276 -71.6236999 10.6586178
807387312 -71.6136285 10.6670513
792211678 -71.6256413 10.6630979
807387310 -71.6173419 10.6692773
792219505 -71.6163553 10.6642977
959094076 -71.6158176 10.6519536
1259831714 -71.6214545 10.6559889
959094075 -71.6157555 10.6526233
500929882 -71.6220674 10.6674463
959094073 -71.6157769 10.6534879
1259834189 -71.6251691 10.6587132
267783054 -71.6186967 10.6638001
1259830982 -71.6124489 10.6563713
959100103 -71.6213237 10.6527182
959100104 -71.6214739 10.6522753
1259836213 -71.6211349 10.6571683
1096688644 -71.6093537 10.6550303
1259834502 -71.609518 10.651992
1259832715 -71.6162498 10.6535021
806143429 -71.6253025 10.664367
1259833371 -71.6210803 10.6565746
1260318959 -71.6129759 10.6688656
1260328405 -71.6091312 10.6667972
823753584 -71.6251449 10.6658806
1259832536 -71.6079742 10.6562478
1259836473 -71.6123467 10.6549405
