370075937 370071487
370075937 365767892
365767889 370072645
365767889 365767888
365767889 365767890
365767889 365765006
365767888 369913680
365767888 365767887
365767887 365768313
365767887 365767886
365767887 369913682
365767886 356989515
365767886 365768313
365767886 365768371
330614439 330614436
330614439 330614923
330614439 369913421
330614439 365765006
369913681 369913680
369913681 369913682
369913682 369913641
330614436 365768312
330614436 330613691
330614436 365763449
369914224 369913666
358007375 330611456
358007375 358007509
358007375 365765964
358007375 338509714
316077475 365044478
316077475 316077477
316077475 316076855
316077475 316077473
316077477 316076852
316077477 1142182326
316077477 316078415
316077472 316077509
316077472 316076853
316077472 309857489
316077472 316077473
316077473 315063962
316077473 316076854
339062451 339062462
339062451 339062452
339062451 339062551
339062453 339062452
339062453 339062349
339062453 356992730
339062453 339062552
339062452 339060884
339060257 339060260
339060257 339060252
358106862 358106859
358106862 316077507
339060252 339060251
370072560 370072650
370072560 369913680
370072560 369913422
330613873 356997996
330613873 365309397
330613873 330613875
330613875 356997694
330613875 369913181
330613875 330613876
330613876 358019637
330613876 358020095
330613876 330613877
330613877 358017762
330613877 369913418
330613877 330613685
365765963 358097570
365765963 365765964
339062427 339062432
339062427 339059779
339062427 339062428
315063407 316077480
315063407 316076852
315063407 315065183
339062428 339059772
339062428 343287715
339062428 339062429
339062429 339059773
339062429 343288070
339062429 339058105
365307126 356997776
365307126 365307127
365307126 365306389
365307126 358027263
368789533 368789530
368789533 368789540
368789530 368789524
1249365994 1249365944
1249365994 1249365959
1249365994 369916196
339054203 339054425
339054203 339054204
339054203 365075582
365075582 339054019
365075582 365072209
1249365997 1249365971
1249365997 1249365948
339062356 339059949
339062356 339062355
339062356 339059927
339062356 339062397
358097570 358097569
358097570 358097574
339062355 339062397
339062355 365769910
358097574 358098106
339062350 365769640
339062350 339062349
338509713 356990763
338509713 356995076
338509713 338509714
1142182326 365044478
1142182326 316078417
1142182326 316077486
338509716 338509715
338509716 339057038
338509715 358098868
338509715 338509596
338509715 316078420
338509714 338509597
338509714 358097569
338509714 358007509
339059951 339059949
339059951 339059927
365770650 365770649
365770650 365069571
365770650 365770852
365770650 365770594
339058106 365770648
339058106 339058107
339058106 339058105
339058107 339058198
339058107 365770593
339058105 365042542
339058105 339059739
339057499 339057529
339057499 365473230
339057499 339054293
365046313 339057330
365046313 315063359
338509595 338509596
338509595 339056979
339054293 339054425
339054293 339054206
358015115 338509397
358015115 358013908
358015115 358021554
358015116 365307127
358015116 358028381
358015116 358021554
358015116 358027263
358098858 358097568
358098858 338509596
358098858 358098868
358098858 343288067
339057330 339057390
339057330 339057329
370071491 370073222
370071491 369915634
370071491 365767890
370071491 369913422
358021969 358021968
358021969 358021972
358021968 358021541
339057626 339058198
339057626 339057625
339057625 339057623
339057623 339058198
339057623 339057620
339057620 339057618
339057620 339059742
365308120 365303074
365308120 358027263
365308120 358013911
365308120 365308121
369915395 365768380
369915395 369915396
369915396 369915397
369915397 369915398
369915398 369915400
339050620 339052389
316077528 330611865
316077528 358031212
316077528 316077503
316077528 358013908
1381297912 606309781
1381297912 1381297911
1381297911 369917919
1381297911 1381297909
1381297910 1381297909
356996169 330611461
356996169 365763868
356996169 356996167
316077526 316077531
316077526 316077516
316077526 368799657
619532080 619532098
619532080 619532092
368788292 358106124
368788292 368789524
365770850 365042542
365770850 365770648
365770850 365770851
358020095 358020098
358020098 358020103
1249405287 1249405254
1249405287 1249405274
356990767 356990769
356990767 356990763
1194621452 1249365985
1194621452 1249366033
1194621452 1194621393
1249405281 1249366049
1249405281 1249365988
356990763 338509708
365473349 365473353
358013908 358013911
358013908 358013417
356990769 356990771
330611456 358008034
330611456 358098106
330611456 330610901
339060924 339059769
339060924 339061068
339060924 339059933
339062835 339062834
339062835 339062838
370072645 370072646
370072645 369913422
370072646 370072650
356991719 356991718
356991719 356991721
339059787 339059769
339059787 339062433
339059787 339059779
339059787 339059786
339059786 339062341
339059786 339062395
356991712 356992540
356991712 356991711
330613690 365768312
330613690 330613688
330613690 330613691
330613690 356996585
356991711 356991820
356991716 356992543
356991716 356991718
1249405264 602749280
1249405264 1249365992
1249405264 602749278
1249366033 369915719
1249366033 597553407
1249366033 330615109
369912930 369913518
369912930 369913181
369912930 358019637
369912930 365309397
358104034 358029501
358104034 358013911
358104034 358104033
358104033 358031212
369914229 365769911
369914229 369914228
369914228 369913666
339061072 339059935
339061072 339062121
339061072 339061073
339061072 339061069
339061073 339061974
339061073 339059939
358017742 1194621373
358017742 1249366055
358017742 358019482
358017742 358017743
358003984 339062433
358003984 358004360
358003984 358003983
358003984 365769910
358003981 358003979
358003981 339062349
358003981 358004362
358003981 358003983
358003983 365769640
358003983 358004361
339061351 339059941
339061351 339061418
339061351 339062833
356995692 330611459
356995692 356993118
356995692 356995069
339049964 339049962
339049962 339050344
339049962 339049961
365307278 330611695
365307278 1235397470
365307278 358010309
365307278 338509398
339049961 339049959
365305973 365305972
365305973 365306389
365305973 358027267
365305972 365306388
358013911 358028381
339054018 339054019
339054018 339053972
339054018 365770594
339054019 339054424
339054019 365069876
365769640 365769910
339062550 365768381
339062550 339062462
339062550 339062551
339062550 339059947
339062551 339062552
339062551 365769118
339062552 365768969
339062552 365310900
339053206 339053273
339053206 339053632
339053206 339050340
316078420 358099048
316078420 316078417
316078420 316077486
369913666 369914148
369913666 369913659
356998577 356998576
356998576 369912926
356998576 365309397
356998576 369916196
365770649 365771040
365770649 365770648
365770649 365770851
356997157 358010310
356997157 358017762
356997157 330613687
343278429 339061066
343278429 343279795
343278429 343457634
358010800 358010310
358010800 330613688
358010800 330613687
369913421 369915637
369913421 365768312
369913421 330615052
602749290 602749280
602749290 602749278
339061699 339061700
339061699 339062573
339061699 339061695
365768381 365768380
365768381 339062566
365768381 369914325
365768381 365769118
365768380 365768378
365307279 356996434
365307279 330611695
365307279 1235397468
339053972 339055505
339053972 339058198
339059769 339059768
339059769 339061067
339059768 339061066
339059768 339059779
339059768 339059767
365310867 365310863
365310867 380761114
365084181 339053273
365084181 339052964
365084181 339052389
365310900 370071617
365310900 370071816
365310900 356992728
339059767 339059772
339059767 339061064
339059767 339059766
339059766 339059773
339059766 339059734
339059766 339061063
1235397473 1235397465
1235397473 358021554
1235397473 358021560
1235397471 330611694
1235397471 1235397470
1235397471 1235397468
1235397471 330611695
1235397470 1235397465
1235397470 358008858
339053376 339053273
339053376 339053632
339053376 339053377
339053377 339055348
368836821 368769318
368836821 309857486
339057618 339057617
330615108 369915719
330615108 330615052
330615108 330615109
330615109 606309781
358019482 358019478
1356990432 1356990436
1356990432 1356990448
1356990448 1356990439
358010309 358010310
358010309 330611687
358010309 338509399
356995070 358007509
356995070 356995069
356995070 356995074
356995076 356995074
316076833 365472776
316076833 316076832
316076833 316076844
316076833 316076834
316076832 358009700
316076832 316076840
316076834 316076851
316076834 316076845
339057617 339057616
339057617 339059731
339057616 339058948
339057616 339057615
369917919 369915637
369917919 619532097
365767890 365767891
365767891 369915634
365767891 365765008
365767891 365767892
330613685 606309780
330613685 369913419
330613685 358020851
365770595 365069570
365770595 365069571
365770595 365770594
358106124 316077512
358106124 316077507
316076843 338509442
316076843 368769316
316076843 338509446
1249366055 1249405254
1249366055 1249365992
339057390 339049959
339057390 339057429
330610901 358101469
330610901 330610900
330610901 330611693
330610900 358008034
330610900 1235397468
330610900 330611694
316077481 316077480
316077481 316077483
316077481 315063359
316077481 315065183
316077480 339057329
316077480 316076845
316077483 315063515
316077483 316077484
316077483 339057429
316077486 315065163
316077486 358098106
369915637 330614923
606309781 330615114
606309781 606309782
606309782 597553407
369915634 370071487
369915634 369915633
380761114 365310870
380761114 380761412
365072193 358003979
365072193 339062349
365072193 356993118
358106857 358106859
358106857 358029501
365770593 365771040
365770593 365770648
369913659 369913656
369913656 369915400
369913656 369913643
358106859 365303074
330611461 330613691
330611461 330611459
330611461 356996585
370076939 370076937
370076939 370076942
370076939 370079427
370076937 1356990436
370076937 370075649
338509446 338509062
338509446 309857486
358010310 330611688
365044478 315065163
343212468 339059602
339052389 339049944
358097568 343287717
358097568 338509597
358097568 358097569
358097569 358098868
365308121 365308855
1249365988 1249365992
365769115 365768969
365769115 370071816
365769115 365768373
338509707 365763663
338509707 338509708
343288070 343288069
343288070 365771069
369913392 369913183
365769118 365768969
358101469 315065163
358101469 358098106
358101469 358101472
339062834 339062833
358099048 358099050
339056979 339049951
339062838 339061974
339062568 339062566
339062568 339062570
343288067 343288068
343288067 365042531
343288067 343287717
343288069 343288068
343288069 365042539
343288068 343287716
343288068 365069577
339062566 339060264
370075644 370075646
370075646 370075649
358021972 338509399
358021972 338509398
365307127 356997367
365307127 358021560
315063515 315065183
315063515 339057038
339057615 339057614
315063961 316076840
315063961 309857487
315063961 316076854
315063961 316076844
315063962 315065163
315063962 309857489
315063962 358101472
358021541 358021560
365472438 316076851
365472438 339057529
368769314 368769316
368769316 316076841
368769316 368769318
358019478 358019637
365473181 365472776
365473181 365473179
368769318 368839748
370071617 370071814
370071617 356993502
316077516 316077514
316077516 316077510
316077514 316077531
316077514 316076853
316077514 316077509
316077512 368789540
316077510 368789540
316077510 316077505
316077510 316077509
619532094 619532097
619532094 619532092
619532097 330614923
619532097 330614929
365774779 365775116
365774779 339050340
365774779 364144614
619532092 1381297899
619532092 330614929
343457318 343283894
343457318 339062237
343457318 339058916
365066337 339054204
365066337 365042531
365066337 365067096
339058917 343283894
339058917 339059734
339058917 339061063
339058917 339058916
339058916 339058948
339058916 339059733
365473230 365472776
365473230 364144614
364144613 365473353
364144613 364144614
368839748 316076842
368839748 368827372
339061063 339061064
339061063 343288071
365305667 365309939
365768377 365768969
365768377 365768378
365768377 365768373
365768371 370071814
365768371 365768373
365763449 365768313
365763449 365310870
365763449 365765006
369913183 369913181
365771040 365770594
339059734 339059733
339059734 339059739
356991722 356987170
356991722 356991721
358017743 369913418
365310863 356989515
358031212 316077505
330614923 365765008
369912926 369916198
330614929 330614930
330614929 1381297905
356993116 358003978
356993116 356993503
356993116 356993118
330613401 365310870
330613401 365763868
330613401 330613691
356993114 356993503
356993114 356993113
356993502 356989515
356993502 356992727
356993505 358004364
356993505 338509597
356993505 356993504
356993504 358003978
356993504 356994214
356993504 356993503
356996434 330611687
356996434 330611459
338509397 1235397465
338509397 358008858
338509397 330611923
339059929 339062341
339059929 339059930
339059929 339059927
358027263 358027267
339055505 339055504
339055504 339055348
339049959 339049956
339049953 339049951
339049953 339049955
339049951 339049950
339049950 339049948
339049950 339054209
339049956 339049955
339049956 339057038
370076947 370076945
370076947 370073222
370076945 370076942
370079411 370079416
370079411 370073226
370079416 370079423
370079416 1356990464
365309939 356998088
365309939 365306388
356992730 356987170
356992730 356992728
365771069 365042542
365771069 365042539
339054205 365067096
339054205 339054204
339054205 339054206
339062233 339062234
339062233 343457634
339062233 339062299
339054206 339054209
339062235 343288071
339062235 339062234
339062235 339062236
339062234 343280874
339062237 339062236
339062236 343283895
339062236 343283894
339060251 339061418
356996167 365763453
356996167 356990484
356997367 356997776
356997367 358017762
356997367 338509399
369915326 369915331
365770851 365770852
365770851 365042539
365770852 365042535
339059779 339059772
365310870 365763453
1249366016 1249366036
1249366016 1249366049
316069803 365778477
316069803 365775116
339059772 339059773
339059773 339059739
365763868 365764657
343305854 343305855
343305854 339061069
343305855 343457017
370073223 370073222
370073223 370073225
370073222 369915633
370073225 370073226
309857486 368822201
370073226 369913422
339062156 339061069
339062156 339062121
316077531 309857487
316077531 368827372
365069570 365069876
365069571 365069577
365069577 365042531
365069577 365042535
316078417 316078415
316078415 315065183
356990481 356990480
356990481 356990482
369913641 369913642
356990480 356990479
1194621373 1194621532
1194621373 369913419
1194621373 608732805
356992542 356992543
356992542 356992540
330613687 606309780
330613687 591435614
358027267 365308855
1249366045 1249365943
1249366045 369916198
1249366049 602749280
1249366049 1249405274
330613688 365768311
330613688 330611688
338509398 1235397465
338509398 358021560
369914320 369914702
369914320 369914324
369914324 369914325
369914325 365769911
370071814 370071816
597457830 597457829
369913643 369913642
356990484 356990482
356990484 356987170
339054425 339054424
316076851 365472774
316076852 316076855
316076852 316076845
316076855 316076854
316076855 316076844
316076854 316076853
339059602 339059601
339059601 343283895
356997694 356997776
356997694 356997996
356997694 358020103
365763660 365763663
365763660 365763453
316076853 309857487
673045029 330615114
338509062 338509064
673045020 370075664
369914148 369915332
369914148 369914702
369914148 365769911
330611688 330611687
330611688 356996585
330611687 330611695
365067096 338509596
358008858 330611694
358008858 358008855
358008853 330611923
358008853 358008855
380761413 380761412
380761413 365763453
358099050 358099051
358099051 358098868
356992727 356993503
356992727 356992728
369915719 606309780
358101472 330611865
358101472 330611693
339050344 339050154
339050344 339050342
370079423 370079427
343288071 343283894
343288071 343280874
339050340 365778477
339059733 339059731
339050342 365778477
358009700 365473177
358009700 358009702
358009702 338509442
309857487 316076842
339062570 339062571
339062571 339062572
339050155 339050154
330611865 309857489
330611865 330611923
338509603 356989515
338509603 338509602
338509602 356991818
365765006 365765008
602749278 1249365959
358003979 358003978
358003979 358004363
365765009 365765008
365775118 365775116
316077503 316077509
316077503 309857489
316077503 316077505
316077505 316077507
356998088 356997776
356998088 356997996
356998088 365306389
358008034 358007509
358008034 330611459
358004364 358003978
358004364 358004363
339062399 339062397
339062399 339062395
339062397 339062433
339057529 339057329
1194621532 1249365985
343457634 343280874
358013417 330611923
1356990420 1356990464
1356990420 1356990463
365763453 365764657
370075649 370075664
358020103 358017762
356991820 356991818
330614930 1381297903
369913518 369913519
365472776 365472775
365472774 365472775
358004360 358004361
358004360 339062432
358004361 343287715
358004361 358004362
358004362 343287716
358004362 358004363
358004363 343287717
339059938 339059937
339059938 339059939
339059939 339059941
339059935 339059937
339059935 339059933
339059930 339059931
339059931 339059933
365768312 365768311
365768311 591435617
365768311 330615052
339049948 339049946
339049944 339049946
356993113 356993112
343287715 343287716
365306389 365306388
597553407 1194621393
1194621393 608732805
339062433 339062432
356993112 356994568
365473177 365473179
369916198 369916197
369916193 369916196
369916197 1249365943
369916197 369916196
339059949 339059948
339059949 339062462
339059948 339059947
339059941 339059942
343287717 343287716
339059942 339059944
339059944 339061700
339059944 339059947
369915332 369915331
1356990439 1356990463
339059742 339059739
591435617 591435616
591435616 591435614
370071484 370071487
365308855 365308854
339062299 343279795
365072209 365042531
1381297903 1381297905
1381297905 1381297908
1381297908 1381297909
338509597 356991818
338509597 356994212
1249366036 597457829
369913419 330615052
369913419 369913418
369913418 358019637
369915633 370075664
356990772 356990771
356990772 356990479
339060264 339060263
330611923 330611693
339060260 339060261
339060261 339060262
339060262 339060263
316076842 316076841
316076840 316076841
316076844 316076845
1249405274 608732805
339061069 339061068
339061068 339061067
339061068 343457017
339061064 339061066
339061064 343280874
339061067 339061066
339061067 343279795
330611694 330611693
370071487 370075664
339062572 339062573
343457017 343279795
356994214 356994568
356994214 356994213
356994212 356994213
1249365943 1249365944
365042539 365042535
1249365944 1249365948
