370075937 -75.5631821 6.2415217
365767889 -75.5650662 6.2426397
365767888 -75.565564 6.2428104
365767887 -75.5661261 6.2430063
365767886 -75.5666111 6.2431687
330614439 -75.5641722 6.2443797
369913681 -75.5660036 6.2422013
369913682 -75.5661004 6.2422214
330614436 -75.5654867 6.2451397
369914224 -75.5665872 6.2375939
358007375 -75.5693049 6.2454513
316077475 -75.5710933 6.2487111
316077477 -75.5714403 6.2478415
316077472 -75.5703124 6.2505656
316077473 -75.5707463 6.2495851
339062451 -75.5698727 6.2399862
339062453 -75.5694949 6.2410379
339062452 -75.5696837 6.2406198
339060257 -75.5688513 6.2364624
358106862 -75.5677571 6.2524277
339060252 -75.5684222 6.2357116
339060884 -75.5703233 6.2386211
370072560 -75.5657986 6.2420225
330613873 -75.5622991 6.2505296
330613875 -75.562977 6.2495487
330613876 -75.5635228 6.2487722
330613877 -75.5635571 6.248721
365765963 -75.5701546 6.2457329
339062427 -75.5721058 6.2387555
315063407 -75.5728737 6.2474575
365765964 -75.5701117 6.2457329
339062428 -75.5727925 6.2389944
339062429 -75.5729427 6.2390546
365307126 -75.564668 6.2510842
368789533 -75.5693855 6.2527925
368789530 -75.5694198 6.2528352
1249365994 -75.5578863 6.2496777
339054203 -75.5751229 6.2428062
365075582 -75.575131 6.2425003
1249365997 -75.557691 6.2502575
339062356 -75.570495 6.2382371
358097570 -75.5701775 6.2457214
339062355 -75.570495 6.2384931
358097574 -75.5701603 6.2460201
339062350 -75.5699457 6.2404043
338509713 -75.5689541 6.2440071
1142182326 -75.5709412 6.2476639
338509716 -75.5725218 6.2453415
338509715 -75.571435 6.2449744
338509714 -75.5697713 6.2443185
339059951 -75.5703405 6.2377934
365770650 -75.5737522 6.2417951
339058106 -75.5745419 6.2396108
339058107 -75.5749624 6.2397559
339058105 -75.5734706 6.2392333
339057499 -75.5749658 6.249827
365046313 -75.5749937 6.247466
338509595 -75.5725647 6.2452221
339054293 -75.5751915 6.244214
358015115 -75.5665011 6.249634
358015116 -75.5663809 6.2498899
358098858 -75.5707711 6.2445836
339057330 -75.575028 6.247449
370071491 -75.5644867 6.2413767
358021969 -75.5649476 6.2489685
358021968 -75.5649476 6.2490452
339057626 -75.5754903 6.2399265
339057625 -75.5753873 6.2398753
339057623 -75.5751899 6.239662
339057620 -75.5750097 6.2393122
369913680 -75.5659287 6.242136
365308120 -75.566625 6.2523043
369915395 -75.5678404 6.2389932
369915396 -75.5677717 6.2389505
369915397 -75.5676687 6.2389505
369915398 -75.5675829 6.2389847
339050620 -75.575555 6.2455789
316077528 -75.5682291 6.2504397
1381297912 -75.5583764 6.2434786
1381297911 -75.5584793 6.2434134
1381297910 -75.5575663 6.2432124
356996169 -75.5671517 6.2454661
316077526 -75.5712159 6.2527713
619532080 -75.5579834 6.2399082
368788292 -75.5694971 6.2529717
365770850 -75.5737265 6.2401654
358020095 -75.5643983 6.2490367
358020098 -75.5644841 6.249105
1249365971 -75.5575204 6.2503124
1249405287 -75.5588385 6.2476483
356990767 -75.5678126 6.243717
1194621452 -75.5602818 6.2463292
1249405281 -75.5585751 6.2476451
356990763 -75.5683027 6.243766
365473349 -75.5751254 6.2528723
358013908 -75.567574 6.2501374
356990769 -75.5676581 6.2438193
330611456 -75.5688014 6.2468952
339060924 -75.57098 6.2374066
339062835 -75.5695423 6.2360102
370072645 -75.5653451 6.2421104
370072646 -75.5654395 6.2420251
356991719 -75.5683876 6.2430173
339059787 -75.5716419 6.2377951
339059786 -75.5710357 6.237546
356991712 -75.5680529 6.2435207
330613690 -75.5653149 6.2461572
356991711 -75.5681302 6.243589
356991716 -75.5681216 6.2430003
1249405264 -75.5592374 6.2486338
1249366033 -75.5605072 6.2459715
369912930 -75.561961 6.2491123
358104034 -75.5673941 6.2513524
358104033 -75.5677914 6.2513185
369914229 -75.5680034 6.2384557
369914228 -75.5679176 6.2384471
339061072 -75.5703405 6.2366245
339061073 -75.5701431 6.2368208
358017742 -75.5598297 6.2475615
358003984 -75.5709386 6.2394466
358003981 -75.5701832 6.2412725
358003983 -75.5705952 6.2402742
339061351 -75.5693878 6.2367952
356995692 -75.5674263 6.2453637
339049964 -75.5755893 6.2466198
339049962 -75.5753616 6.2467693
365307278 -75.5663589 6.247842
339049961 -75.5752071 6.2467949
365305973 -75.5646938 6.2520483
365305972 -75.5642818 6.2526967
358013911 -75.5672822 6.250837
339054018 -75.5751341 6.2418207
339054019 -75.5751396 6.2423041
365769640 -75.5701044 6.2400801
339062550 -75.5695208 6.2388259
339062551 -75.5691603 6.2396876
339062552 -75.5687397 6.2406944
339053206 -75.5752945 6.243958
316078420 -75.5710139 6.2460678
369913666 -75.5672567 6.2380546
356998577 -75.5625769 6.2525818
356998576 -75.5606715 6.2513958
365770649 -75.5739496 6.241249
356997157 -75.565169 6.2481281
343278429 -75.5731715 6.2362279
358010800 -75.5647255 6.2470435
369913421 -75.5637033 6.2453155
602749290 -75.5577088 6.248615
339061699 -75.5694395 6.2369238
358028381 -75.5669818 6.2502995
365768381 -75.5689629 6.2385869
365768380 -75.5679519 6.2394539
365307279 -75.5667967 6.2469973
339053972 -75.5751899 6.2402507
339061695 -75.5686239 6.2364795
339059769 -75.5716848 6.2376927
339059768 -75.5724229 6.2379999
365310867 -75.5669168 6.2440111
365084181 -75.5753885 6.2448723
365310900 -75.5683502 6.2416306
339059767 -75.5730752 6.2382729
339059766 -75.5732135 6.2383377
1235397473 -75.5660514 6.249626
1235397471 -75.5668797 6.2479989
1235397470 -75.5668526 6.2480653
339053376 -75.5754576 6.2428232
339053377 -75.5754748 6.2424137
368836821 -75.5735056 6.2522819
339057618 -75.5750612 6.2390562
365309397 -75.5613636 6.2499409
330615108 -75.5616115 6.2453666
330615109 -75.5609452 6.2450548
358019482 -75.5600083 6.2474811
1356990432 -75.5664572 6.2394554
1356990448 -75.5665347 6.2393591
358010309 -75.5657913 6.2475671
356995070 -75.5678126 6.2449115
356995076 -75.5687825 6.2439729
356995074 -75.5685336 6.2440241
316076833 -75.573838 6.2497325
316076832 -75.5735789 6.250744
316076834 -75.5740955 6.2487769
339057617 -75.5751642 6.2389624
339057616 -75.5753015 6.238877
369917919 -75.5591481 6.2429174
365767890 -75.5640534 6.242179
365767891 -75.5635556 6.2418207
365767892 -75.5631821 6.2415559
330613685 -75.5635914 6.2486784
365770595 -75.5747477 6.2423662
358106124 -75.5693511 6.2529887
316076843 -75.5740285 6.2517414
1249366055 -75.5596945 6.2477141
339057390 -75.5750268 6.2469911
330610901 -75.5684495 6.2477996
330610900 -75.5676464 6.2474836
316077481 -75.5740175 6.2471358
316077480 -75.5737607 6.2478042
316077483 -75.5742328 6.2465842
370072650 -75.5656626 6.2419825
316077484 -75.5743502 6.2462795
316077486 -75.5705048 6.2475087
369915637 -75.5620835 6.2444873
606309781 -75.5582949 6.2436704
606309782 -75.5578313 6.2445251
369915634 -75.5640638 6.2411092
380761114 -75.5665349 6.2444038
365072193 -75.5696197 6.2411689
358106857 -75.5674223 6.2521632
365770593 -75.5748766 6.2405835
369913659 -75.5670679 6.2384898
369913656 -75.5670593 6.2393345
358106859 -75.5675262 6.2523043
330611461 -75.5667139 6.2460718
370076939 -75.5651906 6.2398153
370076937 -75.5652764 6.2395337
338509446 -75.5738315 6.2521355
358010310 -75.5656501 6.2474914
339058198 -75.5751985 6.2398497
365044478 -75.5706249 6.2485326
343212468 -75.5755678 6.2358914
339052389 -75.5753747 6.2451864
358097568 -75.5706369 6.2445395
358097569 -75.5705844 6.2446639
365308121 -75.566213 6.2529953
1249365988 -75.5588102 6.2478159
365769115 -75.5677527 6.2414111
338509707 -75.5676238 6.2435804
343288070 -75.5726032 6.2398855
369913392 -75.5617462 6.2495638
338509708 -75.5676667 6.2435549
365769118 -75.5685595 6.2394402
358101469 -75.5693278 6.2480934
339062834 -75.5694478 6.2360187
339062833 -75.5693706 6.2360614
358099048 -75.5703234 6.2458068
339056979 -75.5747195 6.2458607
339062838 -75.5700229 6.236215
339062568 -75.5694908 6.2374948
343288067 -75.5717955 6.2420193
343288069 -75.5723017 6.2406603
343288068 -75.5718305 6.2419236
339062566 -75.5693019 6.2378105
370075644 -75.5648387 6.23909
1356990436 -75.5664039 6.2396047
370075646 -75.5648215 6.2391242
358021972 -75.565411 6.248252
365307127 -75.5655328 6.2494594
358098106 -75.5696797 6.2472231
315063515 -75.5733458 6.246263
1249365992 -75.5595739 6.2480178
339057615 -75.5754045 6.2388173
339057614 -75.5755332 6.2387917
315063961 -75.5725591 6.2503383
315063962 -75.5698684 6.2492437
358021541 -75.5649905 6.2490964
365472438 -75.5749452 6.2490073
368769314 -75.5738058 6.2514786
368769316 -75.5737457 6.2515895
358019478 -75.560347 6.2474924
365473181 -75.5746448 6.250125
368769318 -75.5733974 6.2522217
315065163 -75.5701778 6.2483828
370071617 -75.5680061 6.2424825
316077516 -75.5705661 6.2524674
316077514 -75.5709168 6.2517406
316077512 -75.5693168 6.2527754
316077510 -75.5696368 6.2520266
619532094 -75.5592456 6.2412629
619532097 -75.5599835 6.2422668
365774779 -75.5751277 6.2496475
619532092 -75.5591963 6.2408899
343457318 -75.5751628 6.2369446
365066337 -75.5720841 6.2431488
339058917 -75.5740041 6.2377296
339058916 -75.5747508 6.237977
365473230 -75.5749538 6.2500738
364144613 -75.575023 6.2513026
368839748 -75.5729152 6.2519695
339061063 -75.5735192 6.2375714
364144614 -75.5750997 6.2501164
365305667 -75.5627369 6.2526797
365768377 -75.5674351 6.2400801
365768371 -75.567199 6.2420081
365763449 -75.5659832 6.244564
365768373 -75.5673407 6.2412661
369913183 -75.5620467 6.2493728
369913181 -75.5621541 6.2491909
365768378 -75.5675209 6.2398497
339052964 -75.5755344 6.2448382
365771040 -75.5747736 6.2415476
339059734 -75.5737122 6.2385402
1249405254 -75.559452 6.2477665
356991722 -75.5684992 6.2431709
356991721 -75.5684563 6.243077
358017743 -75.5600381 6.2474071
365310863 -75.5673545 6.2438063
358031212 -75.5679202 6.2512246
330614923 -75.5625411 6.2435613
369912926 -75.5597818 6.2526566
330614929 -75.5586585 6.2415453
356993116 -75.5693148 6.242034
330613401 -75.5662848 6.2447664
356993114 -75.5686383 6.2436274
356993502 -75.5678953 6.2427568
356993505 -75.5700717 6.2436274
356993504 -75.5693249 6.2433287
356996434 -75.5663964 6.2467629
356993118 -75.5694287 6.2416207
338509397 -75.5668616 6.2488831
339059929 -75.5706323 6.2375972
358027263 -75.5653976 6.2515534
339055505 -75.575243 6.2401697
339055504 -75.5753546 6.2401527
1381297899 -75.5609248 6.2389358
339059927 -75.5705379 6.2376996
339049959 -75.5749753 6.2466754
339049953 -75.5746881 6.2460225
339049951 -75.574834 6.2458434
339049950 -75.5749713 6.245758
339049956 -75.574735 6.2463854
339049955 -75.5746881 6.2462785
370076947 -75.5650189 6.2399091
370076945 -75.565079 6.2398409
370076942 -75.5651391 6.2398153
370079411 -75.5654309 6.2410695
370079416 -75.565367 6.2400211
365309939 -75.5631317 6.2519886
356992730 -75.5692858 6.24154
365771069 -75.5731686 6.2400972
339054205 -75.5751143 6.243429
339054204 -75.5751225 6.2432853
339062233 -75.5734615 6.2355084
339054206 -75.5751057 6.2439239
339062235 -75.5742058 6.2358223
339062234 -75.5740795 6.2357644
339062237 -75.5754045 6.2363259
339062236 -75.5746478 6.2359975
339060251 -75.5683321 6.2356348
356996167 -75.567598 6.2448432
339054209 -75.5750371 6.2456474
356997367 -75.5647587 6.2490708
369915326 -75.5683811 6.2369454
619532098 -75.5578236 6.2401987
365768969 -75.5681561 6.2404214
365770851 -75.5734003 6.2410528
365770852 -75.57316 6.2417353
339059779 -75.5723805 6.23809
365310870 -75.5664639 6.2445128
1249366016 -75.5580193 6.2470136
316069803 -75.575495 6.2484785
339059772 -75.5730409 6.2383667
339059773 -75.5731831 6.2384232
365763868 -75.5663952 6.2448541
343305854 -75.5707431 6.2359382
343305855 -75.5711949 6.235405
370073223 -75.564976 6.2408733
370073222 -75.5647614 6.2407794
370073225 -75.5651476 6.2410354
309857486 -75.5737028 6.2523915
370073226 -75.5652249 6.2411804
339062156 -75.5703834 6.236343
316077531 -75.5715978 6.2521044
339053273 -75.5754233 6.2435058
365069570 -75.5750538 6.2423724
365069571 -75.5737522 6.2423411
356995069 -75.5675465 6.2452869
365069577 -75.5724531 6.2421335
316078417 -75.5714661 6.2462204
316078415 -75.5719858 6.2464152
356990481 -75.5677697 6.2442545
369913641 -75.5661838 6.2422184
356990480 -75.5676753 6.2442033
1194621373 -75.5599058 6.2472952
365069876 -75.5751053 6.2423553
339057038 -75.573526 6.2457938
356992542 -75.5680014 6.2431026
356992543 -75.5680529 6.2430344
356992540 -75.5679585 6.2432648
330613687 -75.5643147 6.2476458
358027267 -75.564977 6.2522275
1249366045 -75.5581226 6.2513449
1249366049 -75.5584367 6.2474018
330613688 -75.5647689 6.2469813
338509399 -75.5653166 6.2482091
338509398 -75.5660156 6.2485246
369914320 -75.5684326 6.2373379
369914324 -75.5686643 6.2382935
369914325 -75.5686219 6.2384121
365042542 -75.573217 6.2399748
370071814 -75.5676653 6.2422822
597457830 -75.5575664 6.2473962
370071816 -75.5680314 6.2415135
369913643 -75.5663688 6.2420812
356990484 -75.5680615 6.2442118
356990482 -75.5678727 6.2442716
339054425 -75.5752345 6.2424564
339054424 -75.5752512 6.241886
316076851 -75.5747649 6.2490329
365770648 -75.5742672 6.2403617
316076852 -75.5725407 6.2482277
316076855 -75.5721699 6.2491383
316076854 -75.5717565 6.2500031
365303074 -75.567552 6.2528759
339059602 -75.5754906 6.2360791
339059601 -75.5752245 6.2353453
356997694 -75.5637926 6.2504784
365763660 -75.5670046 6.2444275
316076853 -75.571248 6.2510776
673045029 -75.5575193 6.2438302
338509062 -75.573831 6.2522533
673045020 -75.5628049 6.2385929
338509064 -75.5739083 6.2523813
369914148 -75.5671966 6.2372185
330611688 -75.5656943 6.2474327
315063359 -75.5749594 6.247466
330611687 -75.5658402 6.2475009
365067096 -75.5720388 6.243276
358008858 -75.5671706 6.2482091
358008853 -75.5673766 6.2483371
380761413 -75.566554 6.2444648
380761412 -75.5665368 6.2444306
358008855 -75.5672907 6.2482603
358099050 -75.5702891 6.2457641
358099051 -75.5702891 6.2457044
356992727 -75.5685936 6.2430429
339053632 -75.5753546 6.2421833
369915719 -75.5611198 6.2463053
358101472 -75.5689158 6.2488698
339050344 -75.5753147 6.2471744
370079423 -75.5653193 6.2398835
343288071 -75.5739416 6.2364906
339050340 -75.5751946 6.2485211
339059733 -75.5744174 6.2388258
339050342 -75.5753062 6.2476338
356996585 -75.566259 6.2466776
358009700 -75.5742328 6.2510379
358009702 -75.5742945 6.2510929
309857487 -75.5719604 6.2514615
339057429 -75.5748809 6.2468461
339062570 -75.5695165 6.2372047
339062571 -75.569465 6.2371023
339050155 -75.5753919 6.2469696
339050154 -75.5753404 6.2470464
330611865 -75.5685467 6.2496633
338509603 -75.5676409 6.2434695
338509602 -75.5676924 6.2434695
365765006 -75.5645874 6.2435835
602749278 -75.5586545 6.2492443
358021554 -75.5664239 6.2498046
369915400 -75.5673683 6.2392065
358003979 -75.5701443 6.2413741
339061974 -75.5701002 6.2363088
365765009 -75.5623733 6.242072
365765008 -75.5630414 6.2425872
365775118 -75.5753405 6.2491952
365775116 -75.5752588 6.2492279
316077503 -75.5692072 6.2509076
316077505 -75.5688643 6.2516683
316077507 -75.5684609 6.2526068
316077509 -75.569987 6.2512906
356998088 -75.5635179 6.2512975
358008034 -75.568192 6.2466733
358004364 -75.5705336 6.2425459
339062399 -75.5708383 6.237674
1249365959 -75.5580624 6.2496339
369913422 -75.5655081 6.2417948
339062397 -75.5705808 6.2383224
339062395 -75.5709156 6.2375972
339057529 -75.5750001 6.2489141
1194621532 -75.5598303 6.2471658
343457634 -75.5731887 6.2361767
358013417 -75.5678658 6.2494292
1356990420 -75.5667479 6.2394747
365769911 -75.568424 6.2383106
365769910 -75.5703963 6.2392098
365763453 -75.5665926 6.2444957
370075649 -75.5648215 6.2392848
339062341 -75.5708211 6.2375034
358020103 -75.5644999 6.2492066
356991820 -75.5682332 6.2436316
330614930 -75.5579736 6.241209
369913518 -75.5610769 6.2489587
369913519 -75.5609138 6.2490441
365472776 -75.5746019 6.2499629
365472774 -75.5747049 6.2498775
365472775 -75.5746791 6.2499287
358004360 -75.5716837 6.2397644
358004361 -75.571349 6.240575
358004362 -75.5709456 6.2415732
358004363 -75.5708996 6.2416813
356997776 -75.5639073 6.2505938
358017762 -75.5645957 6.2490282
339059938 -75.5701602 6.2368634
339059939 -75.5700658 6.236889
339059935 -75.5704177 6.2370341
339059937 -75.5702718 6.236889
339059930 -75.5706581 6.2374948
339059931 -75.5706409 6.2373839
339059933 -75.5705379 6.2371962
365768312 -75.56477 6.2458695
365768313 -75.5661604 6.2441752
365768311 -75.5643231 6.2467533
339049948 -75.5751087 6.2456898
339049944 -75.5754863 6.2458348
356993113 -75.5686555 6.2436956
339049946 -75.5753232 6.2457239
343287715 -75.57207 6.2408651
365306389 -75.5642646 6.2517753
365306388 -75.5638527 6.2524322
597553407 -75.5596191 6.2454876
356993503 -75.5688425 6.2431453
1194621393 -75.5594423 6.2458037
339062433 -75.5712932 6.2385955
339062432 -75.5720458 6.238892
356993112 -75.568707 6.2437468
358007509 -75.569076 6.2453679
356992728 -75.5690485 6.2419252
368789540 -75.5693662 6.2526256
365473177 -75.5743787 6.2509867
369916198 -75.5583748 6.2516074
339062349 -75.5696636 6.2410669
368789524 -75.5697116 6.252929
369916193 -75.5600641 6.2488052
368799657 -75.5711237 6.2529481
369916197 -75.5587938 6.2509467
369916196 -75.55912 6.2504263
339059949 -75.570186 6.2377593
339059948 -75.5701087 6.2377081
339059941 -75.5699028 6.237017
343287717 -75.5716377 6.2419713
339059942 -75.5698341 6.2370938
339059944 -75.5698255 6.2372815
339059947 -75.5700143 6.2375801
369915332 -75.5672224 6.2371332
358003978 -75.5697798 6.2422366
369915331 -75.5673254 6.2370308
1356990439 -75.5666268 6.2393254
365473179 -75.5744903 6.2508587
365778477 -75.5752063 6.248385
339059742 -75.5748981 6.2391842
339059731 -75.5749324 6.2389965
358098868 -75.5707151 6.2447143
343283895 -75.5748434 6.2354828
343283894 -75.5743989 6.2366545
591435617 -75.5639793 6.247093
591435616 -75.5639371 6.2472041
591435614 -75.5639754 6.2473444
356989515 -75.5675808 6.2434951
370071484 -75.5631478 6.2404125
365764657 -75.5664124 6.2447346
365308855 -75.5652345 6.2523896
365308854 -75.5648311 6.253038
339057329 -75.5750173 6.2482827
339062299 -75.5727266 6.2351996
1356990464 -75.5666074 6.2398841
1356990463 -75.5667189 6.2393543
365072209 -75.5751053 6.2424747
1381297903 -75.557706 6.2416352
1381297905 -75.5583063 6.2419632
1381297908 -75.5578734 6.2425924
1381297909 -75.5578219 6.2426963
338509597 -75.5698056 6.2442331
338509596 -75.5714832 6.2448382
339061418 -75.568684 6.2363856
315065183 -75.5731312 6.2468091
606309780 -75.564106 6.2479342
1249366036 -75.5578908 6.2469897
369913419 -75.56227 6.2481823
369913418 -75.5622528 6.2482335
369915633 -75.5643752 6.24066
358020851 -75.5646271 6.2489753
369914702 -75.5683811 6.2372953
356990772 -75.5675894 6.2440497
356990771 -75.5675894 6.2439815
365473353 -75.5749751 6.2519493
356987170 -75.5684821 6.2434695
339060264 -75.5694435 6.2373071
330611923 -75.5678572 6.2493353
339060260 -75.5689028 6.2369146
339060261 -75.5689629 6.2369744
339060262 -75.569392 6.2371877
339060263 -75.569435 6.2372389
339061700 -75.5696195 6.237017
597457829 -75.557756 6.2470868
339062121 -75.5703062 6.236232
316076842 -75.5724923 6.2517482
365770594 -75.5747393 6.2418207
316076840 -75.5731148 6.2505568
316076841 -75.5728273 6.2511117
356991818 -75.5682951 6.2436863
316076844 -75.5730054 6.2494509
316076845 -75.5734591 6.2485434
1249405274 -75.5585196 6.247261
356990479 -75.5676152 6.2441265
369913642 -75.566277 6.2421803
309857489 -75.5695142 6.2501561
339061069 -75.5705293 6.2364283
339061068 -75.5712489 6.2367228
339061064 -75.5733757 6.237522
339061067 -75.571968 6.2370101
339061066 -75.5727233 6.2372917
608732805 -75.5586695 6.2470005
370079427 -75.5652506 6.2398323
343280874 -75.5738067 6.2364327
343287716 -75.5716806 6.241869
356997996 -75.563372 6.2512036
330611694 -75.5672049 6.2481494
330611695 -75.5663932 6.2477737
330611693 -75.5681576 6.2485504
1249365985 -75.5598487 6.2470141
370071487 -75.5637314 6.2408562
339062572 -75.5693964 6.2370341
339055348 -75.5755435 6.2402295
343457017 -75.5716952 6.2356051
339062573 -75.569388 6.2369494
365763663 -75.5673909 6.2440691
339062462 -75.5701645 6.2391074
339059739 -75.5736779 6.238634
338509442 -75.5742945 6.2511697
602749280 -75.5581667 6.2478777
368827372 -75.5724239 6.2528266
358021560 -75.5655693 6.2493948
356994214 -75.5691275 6.2438236
358029501 -75.567341 6.2517515
339058948 -75.5755933 6.2382627
356994212 -75.5692048 6.243943
356994213 -75.5691533 6.2438919
356994568 -75.5689988 6.2438663
358019637 -75.5622439 6.2482774
330611459 -75.5668341 6.2461657
1235397465 -75.5665278 6.2487492
330613691 -75.5658213 6.2454234
330615052 -75.5632484 6.2462029
368822201 -75.5745353 6.2528778
330615114 -75.5582187 6.2436314
1235397468 -75.5672883 6.2472786
1249365943 -75.5582632 6.2505768
365042539 -75.5728939 6.2408736
1249365944 -75.5580195 6.2503976
365042531 -75.5724188 6.2422273
1249365948 -75.5578968 6.2503074
356991718 -75.5683104 6.2429917
365042535 -75.5726505 6.2415618
343279795 -75.5724229 6.235918
370075664 -75.5640233 6.2404893
