274186960 -99.13009553 19.41711582
274186961 -99.12881369 19.41701038
274196684 -99.12230832 19.41688037
274196685 -99.12217983 19.41787799
274196686 -99.12204564 19.41900527
274196687 -99.12189736 19.41990473
268498272 -99.13492141 19.41454283
274196682 -99.12260203 19.4145782
274196683 -99.12249063 19.41545922
270982064 -99.13158743 19.4244168
274196688 -99.12188906 19.42002292
268842055 -99.13923223 19.41012179
274184814 -99.1364372 19.41578704
274184815 -99.13474833 19.41565771
274195645 -99.12379469 19.41011257
274195644 -99.12422091 19.41008776
274195646 -99.12184237 19.41021777
274188328 -99.12969789 19.41093794
274188329 -99.12784901 19.41102
270987785 -99.13150931 19.42483899
270987784 -99.13240449 19.42495273
294080118 -99.1262992 19.40887574
274186201 -99.13236074 19.42061158
274189642 -99.13458471 19.40833528
274189643 -99.13456644 19.40855371
274193342 -99.12291174 19.42240078
294080113 -99.1349225 19.40841641
268840709 -99.13897088 19.41223663
294080116 -99.12809879 19.40890172
274187130 -99.13029343 19.41572954
271025234 -99.12292884 19.42385999
274195948 -99.12238686 19.41245691
274195949 -99.12228368 19.41368209
274195946 -99.12236876 19.41018944
274195947 -99.12240203 19.4112122
274195945 -99.1223442 19.40947287
274197643 -99.12480596 19.40888588
274197642 -99.12481678 19.41006136
274187870 -99.13125349 19.41095898
274179881 -99.13333916 19.42270806
274179880 -99.13115157 19.42276489
274191886 -99.13318871 19.41010453
270989350 -99.12670564 19.42536336
270989351 -99.12615453 19.42533579
274183606 -99.12764902 19.41071942
274191927 -99.12987869 19.40955258
268500280 -99.13559934 19.42384087
274181267 -99.12848109 19.42119437
274181268 -99.12950737 19.42123553
268861551 -99.13844131 19.4241495
268860322 -99.13636017 19.41629758
268860323 -99.13467339 19.4161374
268860321 -99.13848892 19.41647737
274194119 -99.12571708 19.41576927
268615854 -99.13976389 19.42431194
268500466 -99.1376229 19.42418009
274194117 -99.1268778 19.41586994
274191969 -99.12895048 19.40955778
274192923 -99.12739539 19.41866823
274184813 -99.13854089 19.41598217
268862315 -99.1381176 19.41975813
274191752 -99.13156404 19.4099995
268633491 -99.13428623 19.42606082
268842056 -99.1372815 19.41001308
268842057 -99.13566162 19.40992541
270983034 -99.13243886 19.42467747
270983037 -99.13156102 19.42455954
274196949 -99.12307359 19.41364563
274196948 -99.12298801 19.41458667
274196947 -99.12285868 19.41549283
274196946 -99.12269607 19.41691332
274196945 -99.12257831 19.41793373
274196944 -99.12243841 19.419059
274196943 -99.12234403 19.41994228
274196942 -99.12232987 19.42006977
274196941 -99.12225837 19.42070059
274197387 -99.1259796 19.41051742
274197388 -99.12620658 19.41049286
274197389 -99.12614464 19.41006773
274180733 -99.12391488 19.42128339
274180732 -99.1257346 19.42151817
274180731 -99.12656608 19.42170206
274184453 -99.13445672 19.41749527
270978752 -99.12816451 19.42325288
274190321 -99.13278243 19.41007108
268863152 -99.13907431 19.42104953
268863153 -99.13891162 19.42236331
274190327 -99.13265436 19.41103542
268515155 -99.13509441 19.41338998
274186630 -99.12871579 19.41827177
274194529 -99.1247768 19.41980734
274194528 -99.12412946 19.41968068
270980131 -99.12812537 19.42448821
274180161 -99.13286718 19.42357978
274193714 -99.12419149 19.4213191
274186321 -99.13295292 19.42032827
274190886 -99.13262469 19.40855958
274180606 -99.128264 19.4224017
274180605 -99.12869567 19.4223924
274186959 -99.13063549 19.41721179
274193438 -99.12397431 19.41360397
274193439 -99.12363023 19.41699252
268635285 -99.12592319 19.42313093
269959441 -99.13431163 19.42355991
274195098 -99.12310813 19.41802928
274190296 -99.13301176 19.40852873
270499543 -99.12782663 19.41342594
274193868 -99.12568632 19.42288349
274193866 -99.12638671 19.4228063
274193865 -99.12630096 19.42266758
274193864 -99.12602637 19.4225219
274193863 -99.12585471 19.42258669
274193862 -99.12569956 19.42272072
274193861 -99.1261868 19.42260169
274187776 -99.13515334 19.41132242
274195343 -99.12382478 19.41112368
274195344 -99.1218588 19.41124589
268861104 -99.13702309 19.42397381
270977800 -99.12376996 19.42267822
270979376 -99.1261044 19.42276707
274191826 -99.13133228 19.41200236
274188420 -99.12774701 19.41049663
274197615 -99.12483279 19.41110248
30384659 -99.12766428 19.4089319
270103550 -99.12616031 19.42557878
270103551 -99.12616031 19.4257066
274180102 -99.13383042 19.42000708
274187540 -99.13317211 19.41506603
269958349 -99.1330613 19.42597063
274188223 -99.13093573 19.41076837
274184274 -99.13422312 19.4178189
274188650 -99.13547973 19.40867231
269964058 -99.13112391 19.42585337
271024411 -99.12203214 19.42511048
269964052 -99.12562538 19.42563896
268861637 -99.14076678 19.42372328
269960576 -99.13388876 19.42053237
269960578 -99.13399102 19.42061904
268861638 -99.14063754 19.42440866
270977798 -99.12355832 19.4243494
274186177 -99.1325184 19.41916428
274186176 -99.13235479 19.41914357
274186175 -99.13230056 19.41811033
274186174 -99.1325495 19.41808603
274184395 -99.14063963 19.41804412
274186172 -99.13259158 19.417665
842889554 -99.13401223 19.42052256
274184396 -99.13834081 19.41785268
271023912 -99.12464553 19.42331701
274184398 -99.13613562 19.41764489
842889558 -99.1341605 19.41943333
271023911 -99.12455493 19.42415922
274186179 -99.13236929 19.42045777
269960876 -99.13369363 19.42224027
269960877 -99.1336301 19.42216223
270978275 -99.12785547 19.42300998
270978274 -99.13004423 19.42343092
274188034 -99.13090531 19.4118949
269963309 -99.13326113 19.42353024
268633507 -99.13429738 19.42595152
270979993 -99.12588321 19.42346168
269957872 -99.14049664 19.42527871
274193892 -99.1262495 19.42314518
274193890 -99.12591053 19.42323562
274193891 -99.12606928 19.42322623
270499541 -99.12767283 19.41222657
268508488 -99.13492158 19.42393333
268508486 -99.13572691 19.42251134
268508487 -99.13508872 19.42303998
274186670 -99.1287489 19.41785946
274185996 -99.13171248 19.4190626
270980276 -99.12577542 19.42435251
856460905 -99.13379338 19.42226089
274192051 -99.1284945 19.40927966
30339495 -99.13527756 19.4103378
274186479 -99.13151953 19.4203364
268512386 -99.13602891 19.4182027
268863848 -99.13426368 19.4186658
268512385 -99.13436276 19.41806398
268639106 -99.13525593 19.42604339
274191440 -99.1322035 19.40859319
274186913 -99.13022537 19.41620613
274191565 -99.13200007 19.41002507
274191566 -99.13185347 19.41095269
274197368 -99.1269944 19.40994611
274179680 -99.12706321 19.42048141
274186592 -99.12867941 19.41872557
274186595 -99.12990652 19.41844008
1122529123 -99.13385264 19.42046246
274193583 -99.12551792 19.42269976
274187634 -99.13255772 19.41386851
274194473 -99.12497947 19.41569601
274194475 -99.12451872 19.41820472
274194474 -99.12468971 19.41708238
274194479 -99.12442392 19.41819139
274197366 -99.12570157 19.41054743
274197367 -99.12560577 19.41014476
274187027 -99.13220182 19.41594697
269958386 -99.13306474 19.42586544
270982285 -99.13091947 19.4243375
274188184 -99.12792998 19.41143591
274191597 -99.13170888 19.41202147
269958263 -99.1389946 19.42480924
269958260 -99.13964998 19.4249016
274195270 -99.1277025 19.41098312
274187706 -99.13501814 19.41220051
271025139 -99.12273312 19.42508751
274186850 -99.13016158 19.41665297
274186851 -99.12884981 19.41652423
269961134 -99.13387912 19.42263983
274194120 -99.12377398 19.41557632
274189963 -99.13379053 19.41018281
270980821 -99.12822461 19.42339051
269963909 -99.12563669 19.42552337
269963908 -99.12885803 19.42599913
274181269 -99.13137461 19.42129278
274177647 -99.13266308 19.41330734
269963900 -99.13134879 19.42570551
269963902 -99.13083381 19.42584306
268842937 -99.13938377 19.40903852
274194058 -99.12615419 19.41350322
30384650 -99.12182494 19.40911571
274194057 -99.12518382 19.4182975
268842939 -99.1358632 19.40894112
268842938 -99.13743623 19.40896568
268863406 -99.13820066 19.41907702
274183319 -99.13324344 19.41013646
268615846 -99.14071272 19.41747926
274186296 -99.13244649 19.42025543
268842607 -99.13550303 19.41077768
269961132 -99.1336301 19.42270462
269961133 -99.13374166 19.42262357
269961130 -99.13354427 19.42291501
268842609 -99.13910683 19.41106987
268842608 -99.13715376 19.41092378
269988105 -99.130824 19.42601967
274188764 -99.13507287 19.40829898
274188762 -99.13398289 19.40838004
268839961 -99.13929702 19.40964973
274179179 -99.13105216 19.41083937
274179178 -99.13287824 19.41192483
270978609 -99.133829 19.42375001
270988547 -99.12801892 19.42542137
274186173 -99.13259351 19.41785779
842889557 -99.13480474 19.41310097
274180608 -99.1272881 19.4222629
274186171 -99.13265252 19.41692027
274186647 -99.12996142 19.41805518
842889555 -99.13387644 19.41979971
270980120 -99.12301467 19.42316378
274187563 -99.12910169 19.41406062
268839960 -99.13734747 19.40958058
274186480 -99.13074714 19.42021486
274180610 -99.1273487 19.42190683
274180611 -99.12746169 19.42124198
274180612 -99.12765698 19.42122287
268498093 -99.1375374 19.41472874
274193441 -99.12325531 19.42007053
268840655 -99.13681849 19.41324808
268840656 -99.13883987 19.41336157
268498094 -99.13661263 19.41466521
274191799 -99.13147058 19.41108806
274184768 -99.13980002 19.41608979
268865290 -99.13702569 19.41895422
274194796 -99.12239809 19.42234194
274195542 -99.12528893 19.40885336
274195238 -99.12429408 19.4146264
270980578 -99.12922792 19.42319379
274195234 -99.12424974 19.41111622
274195235 -99.1241883 19.40892754
274195236 -99.12405352 19.4170284
274195237 -99.12418109 19.41561672
274186896 -99.12864949 19.41909764
274186897 -99.12732783 19.41908247
274184151 -99.12545129 19.417147
274188418 -99.13036576 19.41042078
268840138 -99.13904464 19.41160397
30384662 -99.12992488 19.40877491
274185917 -99.13391131 19.41934298
30384665 -99.1334783 19.40849151
274189654 -99.13381073 19.41322184
274189802 -99.13327856 19.413264
269957300 -99.1375224 19.42530402
269957301 -99.13539147 19.42517611
269957302 -99.13444976 19.42507134
274189658 -99.13429931 19.41023269
274192239 -99.13043718 19.408734
274200332 -99.1272109 19.40822581
274200333 -99.12669013 19.40822522
270499538 -99.12665979 19.40891002
270499539 -99.1273482 19.4110433
268615852 -99.14018843 19.42116302
268615850 -99.14037619 19.41981044
268615851 -99.14056914 19.41858861
270980645 -99.12920143 19.42326881
268615855 -99.13973103 19.42442677
274183763 -99.12765942 19.4100472
842889563 -99.13414257 19.41938648
842889560 -99.13860937 19.41538731
268499920 -99.13764344 19.42403609
270991627 -99.12219852 19.42371791
274180160 -99.13285008 19.4227208
270991624 -99.12227614 19.4231839
269963310 -99.1331152 19.4235869
269959205 -99.13324419 19.4245722
270990547 -99.12236666 19.42251561
274191572 -99.13181919 19.41129526
270991629 -99.12204756 19.42501199
270979982 -99.12360827 19.42398496
274183321 -99.1298134 19.41004083
274183320 -99.13117227 19.40997637
274187930 -99.12936312 19.41271046
274186294 -99.13291864 19.42064402
274186295 -99.13298092 19.42030564
270499544 -99.12795613 19.41358662
270499547 -99.12819862 19.4137432
856460904 -99.13354737 19.42138506
274195146 -99.12348598 19.41459756
274195147 -99.12360568 19.41362099
274195144 -99.12320368 19.41695631
274195145 -99.12336864 19.41553927
268639289 -99.13623637 19.41711758
268840137 -99.13707338 19.41148084
268840136 -99.13541444 19.41135092
270981014 -99.12971801 19.42544651
270103549 -99.12608714 19.42436684
274179731 -99.12824263 19.42306027
274180301 -99.13172514 19.42351272
274193186 -99.12620046 19.41914542
274194595 -99.1241971 19.41933904
274193648 -99.1238034 19.42198772
274193647 -99.12404371 19.42235996
274193646 -99.12538264 19.42254621
268863172 -99.13856352 19.4209974
270980948 -99.13105157 19.42342522
274194697 -99.12336813 19.41918624
268863171 -99.13840627 19.42238519
274187628 -99.13464397 19.41458306
274187625 -99.13056492 19.41423513
274187626 -99.13247239 19.41443772
274187627 -99.13325668 19.41448977
268840041 -99.13723214 19.41045347
268840040 -99.13919719 19.41061457
269998804 -99.126783 19.42579227
269998802 -99.12657488 19.42441252
269998803 -99.12674637 19.42565983
268861390 -99.13703181 19.42352094
268639288 -99.13650861 19.41531413
274194327 -99.12519379 19.4146699
274194321 -99.1259045 19.41479772
294027873 -99.1249622 19.40887541
274194328 -99.12387264 19.41460603
274181842 -99.12963126 19.41145619
274181843 -99.12898753 19.41471851
274181840 -99.1299833 19.40877021
274181841 -99.12980803 19.41008072
274181844 -99.12891888 19.41559283
274190927 -99.13240349 19.41004887
274196794 -99.12278299 19.40902527
274196792 -99.12285139 19.4111842
274184616 -99.14077206 19.41710652
274184617 -99.13844466 19.41689747
274183625 -99.12771272 19.4103207
274190058 -99.13398289 19.40888999
268840819 -99.13534788 19.41178141
268861479 -99.13649243 19.42316471
268861478 -99.13649243 19.42339948
268861572 -99.13867181 19.42237387
268862658 -99.14035431 19.41996827
274188372 -99.13110723 19.41044416
274196681 -99.12269507 19.41366306
268840611 -99.13522048 19.41260611
268840612 -99.13689032 19.41275028
268840613 -99.13889754 19.4128667
274188017 -99.12945189 19.41229497
274184184 -99.13606227 19.41802828
274196817 -99.12333058 19.41115436
274188150 -99.13096297 19.41148058
274183729 -99.12841253 19.41369039
274193440 -99.12351121 19.4180639
274177652 -99.1320517 19.41682321
274197145 -99.12625813 19.41271088
274197146 -99.12608647 19.41271088
274197147 -99.12607666 19.41350683
271024180 -99.12194857 19.4258009
274191733 -99.13176822 19.40862789
274184504 -99.13629579 19.4167243
274193442 -99.12323863 19.42016868
274197222 -99.12453364 19.41565167
274196867 -99.12329622 19.41013948
270494874 -99.12695969 19.40893282
274187453 -99.13456627 19.41520416
274196791 -99.12282406 19.41244794
274196868 -99.12326151 19.40899527
274188570 -99.13504722 19.40855002
274188572 -99.13375968 19.40848523
274193985 -99.124827 19.41977674
274178361 -99.13064522 19.41335042
268839418 -99.13751083 19.40839906
274193983 -99.12475609 19.42044159
269958983 -99.13318594 19.4249695
268839417 -99.13943783 19.4084553
271024165 -99.1233424 19.42605269
271024985 -99.12474117 19.42451688
274187871 -99.13102274 19.4110516
274192053 -99.12754467 19.40945828
30628130 -99.12819636 19.41341664
274187404 -99.13102123 19.41770272
274192052 -99.12771717 19.40931101
274187403 -99.13104746 19.41724407
271023660 -99.12469214 19.42277696
30339493 -99.13419646 19.4180214
270978923 -99.12641562 19.42297268
270491432 -99.12921929 19.41338277
274186914 -99.12888401 19.4160628
274187869 -99.13147662 19.4109138
274179798 -99.12839141 19.4228902
268840697 -99.13872328 19.41435323
274193287 -99.12590617 19.41914642
856460898 -99.13387502 19.42231428
274193329 -99.1227047 19.42010967
274187658 -99.13061353 19.41383339
274195425 -99.12431923 19.41237049
856460890 -99.13778333 19.42241981
856460893 -99.14003253 19.4223121
856460894 -99.13437332 19.42328834
270486924 -99.12189359 19.41246713
270486922 -99.12177339 19.41370573
274197016 -99.12346863 19.41363381
270980119 -99.1236983 19.4232062
268862663 -99.13591458 19.41952269
274193513 -99.12385487 19.41241953
268497325 -99.13599564 19.41367329
270490864 -99.13315459 19.41209481
268865288 -99.13879201 19.41844477
268865289 -99.13698051 19.4196366
268865286 -99.1391961 19.41847746
268865287 -99.13862102 19.41980549
268865285 -99.13902301 19.41984321
269958111 -99.1386382 19.4253963
274193802 -99.12400943 19.4225219
268840711 -99.13695168 19.41232473
268840710 -99.13698303 19.41210797
274189657 -99.13410384 19.41119971
274189656 -99.13396588 19.41214116
268840717 -99.13701144 19.41191066
268840716 -99.13528552 19.41218584
274195086 -99.12337434 19.41459513
274195085 -99.12324551 19.41552812
274195084 -99.12308231 19.416946
274195083 -99.12296119 19.41798712
274195082 -99.12302246 19.41799567
274195081 -99.12285407 19.41911591
274195080 -99.12273253 19.41998528
274187129 -99.12790509 19.41554279
274194078 -99.12783627 19.41596499
270980975 -99.13103984 19.42355237
270980974 -99.1307308 19.42556788
274195233 -99.12438662 19.41358486
274184153 -99.12877781 19.41749427
274184152 -99.12760711 19.41737013
270989347 -99.12565648 19.4253357
274179879 -99.12927754 19.42284661
274184155 -99.1319056 19.41778763
274184154 -99.13002538 19.41760717
274184250 -99.1343983 19.41784924
274184159 -99.13590553 19.4181022
270989348 -99.12466624 19.42518139
274188632 -99.13557311 19.40835413
274188631 -99.13534218 19.40844013
268623457 -99.13859176 19.41549753
268623456 -99.13866913 19.41482111
268623455 -99.13878061 19.41387043
274188067 -99.12800819 19.41183682
274188066 -99.12954878 19.4118421
268623459 -99.13828281 19.41840362
268623458 -99.138403 19.41729461
268615863 -99.1395525 19.42547291
274197481 -99.12624061 19.41106937
274197480 -99.1262324 19.4106952
274192897 -99.12633541 19.41845844
274197071 -99.12630884 19.4122891
271023938 -99.12485349 19.42420297
274192899 -99.12739061 19.41344614
274192898 -99.12658293 19.4172641
274180157 -99.13295292 19.42084627
274197270 -99.12582797 19.41107909
274180159 -99.13285846 19.42134013
268515132 -99.13513666 19.41314884
268515133 -99.1366858 19.4141985
274187940 -99.13082853 19.41235549
274195174 -99.12398311 19.41812978
274186755 -99.13430576 19.41718908
269959010 -99.13448044 19.42472408
269957299 -99.14045372 19.42557811
270491260 -99.13086717 19.41216857
270491261 -99.13069978 19.41297709
274186180 -99.13229243 19.42132211
270491263 -99.13032218 19.41334137
274179729 -99.12806057 19.4223924
274197419 -99.12589871 19.41010294
274193651 -99.12301366 19.42170441
270978628 -99.13361484 19.42363334
274179508 -99.12714217 19.42022299
268862317 -99.13414097 19.4193698
274193657 -99.12409208 19.42016407
274195089 -99.12341708 19.4124357
270978627 -99.13347604 19.42323478
274195494 -99.12533989 19.41109057
269958017 -99.13915067 19.4254393
274193927 -99.12584607 19.42100008
268486618 -99.13590729 19.4083823
268861160 -99.13704907 19.42244294
274189282 -99.13540773 19.40819379
274195088 -99.12348464 19.4136266
268486613 -99.13556221 19.41036479
268486610 -99.13454188 19.41697911
268486611 -99.1348251 19.41516577
268486614 -99.13575281 19.40953112
274187541 -99.1323651 19.41499311
270979040 -99.12919448 19.42337434
274187543 -99.12805269 19.41463771
274187542 -99.13042611 19.41480007
268639290 -99.13580017 19.42075441
274183593 -99.12830952 19.4130428
269998826 -99.12796921 19.4258563
269998827 -99.12796779 19.42597658
274188649 -99.13542483 19.40850954
268508491 -99.13449477 19.42429082
274181875 -99.1300118 19.4085693
274196158 -99.12217287 19.41456881
274179181 -99.12789763 19.40891572
270982751 -99.13261228 19.42377432
274191970 -99.12757501 19.40961427
270500593 -99.1274497 19.40940137
274191975 -99.12991767 19.40926072
274195599 -99.12531592 19.41003932
270977994 -99.12603592 19.42292096
274193330 -99.1238034 19.42023112
274196155 -99.12174623 19.41781739
274196156 -99.12188177 19.41684416
274196157 -99.12205444 19.41541949
274186522 -99.12984173 19.41889388
274179833 -99.12843374 19.42308508
274193512 -99.12376049 19.40896392
274187311 -99.13100463 19.41534992
274187312 -99.13035923 19.41526879
274187313 -99.12895333 19.41515454
274178477 -99.1313555 19.40866083
274189948 -99.13373403 19.41049286
271025376 -99.1217469 19.42363711
274189413 -99.13593529 19.40812849
274188419 -99.12976109 19.41044542
274189947 -99.1336156 19.41114271
274189946 -99.13344108 19.41211157
274189945 -99.13342256 19.41224786
274183736 -99.12809494 19.41228189
274183737 -99.12750854 19.40927279
274183734 -99.12845536 19.41309947
274183732 -99.12861772 19.41340222
274183733 -99.12860129 19.4132614
274183730 -99.12853256 19.4136095
274183731 -99.12860129 19.41351236
856460901 -99.13351216 19.42183056
274197236 -99.12469692 19.41464593
274197237 -99.1248669 19.41356273
268861219 -99.13562549 19.42348707
274196326 -99.12175202 19.42110544
274188568 -99.13461723 19.41125972
274188569 -99.13475143 19.41027418
274188567 -99.13444691 19.41216832
274187165 -99.13345651 19.41324866
274187164 -99.13287497 19.41695648
271024871 -99.12200557 19.42546881
274197194 -99.12534752 19.41232841
274197193 -99.12537409 19.41273519
270989647 -99.12346754 19.425185
274188495 -99.13437072 19.4127895
274200291 -99.12759714 19.40822623
274187868 -99.13302693 19.41107389
274178984 -99.13012889 19.40875856
842889544 -99.13882093 19.41551479
274177648 -99.13285083 19.41207939
274186860 -99.13212144 19.41641602
270981180 -99.13172648 19.42366569
274193888 -99.12570023 19.42306429
269963560 -99.13363873 19.42234839
268639495 -99.13675043 19.41372006
274190414 -99.13254657 19.41172768
274193290 -99.12399217 19.42019072
268508494 -99.13797377 19.4209373
274187910 -99.13074848 19.41274198
269959440 -99.13434801 19.42307326
270491259 -99.13107747 19.41198953
274184310 -99.1319336 19.41760289
269963146 -99.13361903 19.42247622
274192103 -99.13085761 19.40870048
