274186960 274186959
274186960 274186961
274186960 274186850
274186960 274184154
274186961 274184153
274186961 274186851
274196684 274196685
274196684 274196946
274196684 274196156
274196684 274196683
274196685 274196686
274196685 274196945
274196685 274196155
274196686 274196687
274196686 274196944
274196687 274196943
274196687 274196688
268498272 268498094
268498272 268486611
268498272 268515155
274196682 274196158
274196682 274196948
274196682 274196681
274196682 274196683
274196683 274196947
274196683 274196157
270982064 270982285
270982064 270981180
270982064 270983037
274196688 274196326
274196688 274196942
268842055 268840040
268842055 268842056
268842055 268839961
274184814 274184813
274184814 268860322
274184814 268639288
274184814 274184815
274184815 268486611
274184815 268860323
274195645 274195644
274195645 274195343
274195645 274196867
274195645 274193512
274195644 274197642
274195644 274195234
274195644 274195235
274195646 274195344
274195646 274195946
274195646 30384650
274188328 274181842
274188328 274188223
274188328 274188419
274188328 274188329
274188329 274188184
274188329 274188420
270987785 269963900
270987785 270983037
270987785 270987784
270987784 270983034
294080118 274195542
294080118 294080116
294080118 270499538
294080118 294027873
274186201 274186294
274186201 274186180
274186201 274186179
274189642 274188764
274189642 274188762
274189643 274189658
274189643 274188570
274189643 274188572
274193342 274193651
274193342 274194796
274193342 274193802
294080113 294080116
294080113 274188572
268840709 268840710
268840709 268840138
268840709 268840613
294080116 30384662
294080116 274179181
274187130 274181844
274187130 274187312
274187130 274187027
274187130 274186913
271025234 270991627
271025234 270980120
271025234 271025139
271025234 270979982
274195948 274195949
274195948 274195947
274195948 270486924
274195948 274196791
274195949 274196158
274195949 274196681
274195949 270486922
274195946 274196867
274195946 274195947
274195946 274195945
274195947 274196792
274195947 274195344
274197643 274197642
274197643 294027873
274197643 274195235
274197642 274197615
274197642 274195599
274187870 274179179
274187870 274191799
274187870 274187871
274187870 274187869
274179881 274180160
274179881 856460901
274179880 274180160
274179880 274181269
274179880 270980948
274179880 274179879
274191886 274191565
274191886 274187868
270989350 270988547
270989350 269998802
270989350 269998803
270989350 270989351
270989351 270103549
270989351 270103550
270989351 270989347
274183606 274195270
274183606 270500593
274183606 274183625
274191927 274183321
274191927 274191969
274191927 274191975
268500280 268861219
268500280 269957301
268500280 268861104
274181267 274181268
274181267 274186896
274181267 274180612
274181268 274186522
274181268 274181269
274181268 274179879
268861551 268499920
268861551 268861572
268861551 268615854
268860322 274184504
268860322 268860323
268860322 268860321
268860323 268486610
268860321 274184813
268860321 274184617
274194119 274194473
274194119 274184151
274194119 274194321
274194119 274194117
268615854 856460893
268615854 268861638
268615854 268615855
268500466 269957300
268500466 268499920
268500466 268508488
268500466 268615855
274194117 274192899
274194117 274194078
274194117 274192898
274191969 274192051
274191969 274191970
274191969 274181841
274192923 274184152
274192923 274192897
274192923 274186897
274184813 274184768
274184813 268623457
268862315 268863406
268862315 268865287
268862315 268508494
268862315 268865289
274191752 274183320
274191752 274191565
274191752 274191733
274191752 274187869
268633491 268633507
268633491 269958349
268842056 268840041
268842056 268839960
268842056 268842057
268842057 268486613
268842057 268486614
270983034 270982751
270983034 270983037
274196949 274195088
274196949 274196681
274196949 274196948
274196948 274196947
274196948 274195086
274196947 274196946
274196947 274195085
274196946 274196945
274196946 274195084
274196945 274196944
274196945 274195083
274196944 274196943
274196944 274195081
274196943 274196942
274196943 274195080
274196942 274193329
274196942 274196941
274197387 274197388
274197387 274197366
274197387 274197419
274197388 274197389
274197389 274197368
274197389 274197419
274180733 274193657
274180733 274193714
274180733 274193648
274180732 274193927
274180732 274193714
274180732 274180731
274180731 274180610
274180731 274193861
274180731 274179680
274184453 274184250
274184453 274184398
274184453 268486610
270978752 270979040
270978752 270978923
270978752 270980821
274190321 274183319
274190321 274190296
274190321 274190927
268863152 268615852
268863152 268863172
268863152 268863153
268863153 268861572
268863153 856460893
274190327 274190414
274190327 274187868
274190327 274191566
268515155 268515132
268515155 268515133
274186630 274186595
274186630 274186592
274186630 274186670
274194529 274193985
274194529 274194528
274194529 274193657
274194528 274194595
270980131 269998802
270980131 270980821
270980131 270988547
274180161 274180160
274180161 269963310
274180161 274180301
274193714 274193647
274186321 274186296
274186321 274186294
274190886 274191440
274190886 274190296
274190886 274190927
274180606 274179729
274180606 274180612
274180606 274180605
274180606 274179798
274193438 274195233
274193438 274193513
274193438 274195147
274193438 274194328
274193439 274195236
274193439 274193440
274193439 274195144
274193439 274194120
268635285 270977994
268635285 274193890
269959441 268508491
269959441 856460894
274195098 274193440
274195098 274195144
274195098 274195082
274190296 30384665
270499543 270499541
270499543 274192899
270499543 30628130
270499543 270499544
274193868 271023660
274193868 270977994
274193868 274193888
274193866 270979376
274193866 274193865
274193866 270978275
274193866 270978923
274193865 274193861
274193864 274193863
274193864 274193861
274193863 274193862
274193862 270979376
274193862 274193583
274193861 270979376
274187776 274187706
274187776 30339495
274187776 274188568
274195343 274195234
274195343 274193513
274195343 274196817
274195344 270486924
268861104 268499920
268861104 270978609
268861104 268861390
270977800 271023660
270977800 270980119
270977800 270990547
270979376 270977994
274191826 274191597
274191826 270491259
274191826 274191799
274188420 274188419
274188420 274183625
274197615 274195234
274197615 274195494
30384659 274179181
30384659 270494874
30384659 274183737
270103550 269963909
270103550 270103551
270103550 269998803
270103551 269964052
270103551 269998804
274180102 274180157
274180102 269960877
274180102 842889555
274187540 274187541
274187540 274187627
274187540 274187453
274187540 274187164
269958349 269964058
269958349 269958386
274188223 274179179
274188223 274188418
274184274 30339493
274184274 274186172
274184274 274186755
274188650 30339495
274188650 274188632
274188650 274188649
269964058 269988105
271024411 271024871
271024411 270991629
269964052 269963909
268861637 268861638
269960576 269960578
269960576 1122529123
269960578 268639290
270977798 271024985
270977798 270979982
270977798 270989647
274186177 274186296
274186177 274186176
274186177 274185917
274186176 274185996
274186176 274186175
274186175 274186174
274186174 274186173
274184395 268615851
274184395 274184396
274184395 268615846
274186172 274184310
274186172 274186173
274186172 274186171
842889554 842889558
274184396 274184398
274184396 268623459
274184396 268623458
271023912 270979993
271023912 271023660
271023912 271023911
271023912 270980119
274184398 268639289
274184398 274184184
842889558 842889563
271023911 271023938
271023911 270979982
274186179 274186296
274186179 274186479
269960876 269960877
269960876 856460905
270978275 274179731
270978275 274179833
270978274 270980975
270978274 270979040
270978274 270980645
274188034 274188066
274188034 270491260
274188034 274188150
269963309 269963146
269963309 269963310
268633507 268639106
268633507 269957302
268633507 269958386
270979993 270980276
270979993 274193890
269957872 269957299
274193892 270978923
274193892 274193891
274193890 274193888
274193890 274193891
270499541 270499539
270499541 274197071
268508488 268508491
268508488 270982751
268508488 268508487
268508486 268861160
268508486 268508487
268508486 268861219
268508486 268639290
268508486 269963560
268508486 268508494
274186670 274184153
274186670 274186647
274185996 274186479
274185996 274184155
270980276 271023938
270980276 270989347
270980276 270103549
856460905 856460898
274192051 274179181
274192051 274192052
274192051 274191975
30339495 274188569
274186479 274186480
274186479 274181269
268512386 274184159
268512386 274184184
268512386 268623459
268512386 268862663
268512386 268512385
268863848 268865290
268863848 268862317
268863848 268512385
268512385 274184250
268639106 269957301
274191440 274191565
274191440 274191733
274186913 274186914
274186913 274186850
274186913 274186860
274191565 274190927
274191565 274191566
274191566 274187868
274191566 274187869
274197368 270499538
274197368 270499539
274179680 274180611
274179680 274186897
274186592 274186522
274186592 274186896
274186595 274186647
274186595 274186522
1122529123 842889555
274193583 274193646
274193583 274193802
274187634 274187658
274187634 274187626
274187634 274177647
274194473 274194327
274194473 274194474
274194473 274197222
274194475 274194479
274194475 274194057
274194475 274194474
274194474 274184151
274194474 274195236
274194479 274194595
274194479 274195174
274197366 274197270
274197366 274197367
274197367 274197419
274187027 274187541
274187027 274186860
269958386 269958983
269958386 269963900
270982285 270980975
270982285 270980974
274188184 274181842
274188184 274188067
274191597 274177648
274191597 274191572
269958263 269958260
269958260 268615863
269958260 268615855
274195270 270499539
274195270 30628130
274187706 274188567
274187706 274187628
271025139 270991629
271025139 270989647
274186850 274177652
274186850 274186851
274186851 274186914
269961134 269959440
269961134 269961133
274194120 274195237
274194120 274194328
274194120 274195145
274189963 274183319
274189963 274189658
274189963 274190058
269963909 270989347
269963908 270979040
269963908 269998826
274181269 274186180
274177647 274177648
274177647 274178361
274177647 274189802
269963900 269963902
269963902 269988105
269963902 270980974
268842937 268839417
268842937 268839961
268842937 268842938
274194058 274192899
274194058 274197147
274194058 274194321
30384650 274196794
274194057 274193985
274194057 274184151
274194057 274192897
268842939 268486618
268842939 268486614
268842939 268842938
268842938 268839418
268842938 268839960
268863406 268865290
268863406 268623459
274183319 274187868
274183319 30384665
268615846 274184616
268615846 268623458
274186296 274186295
268842607 268486613
268842607 268840136
268842607 268842608
269961132 269961133
269961132 269961130
269961130 269963146
269961130 270978627
268842609 268840040
268842609 268842608
268842609 268840138
268842608 268840041
268842608 268840137
274188764 274189282
274188762 274188572
268839961 268839960
274179179 274187871
274179179 274188372
274179178 270490864
274179178 274190414
274179178 274187868
274179178 274177648
270978609 270978628
270978609 274180301
270988547 269998826
274186173 30339493
274186173 274184155
842889557 268515133
842889557 274189654
274180608 274180610
274180608 274179729
274186171 274177652
274186171 274187164
274186647 274184154
842889555 274185917
270980120 270991624
270980120 270980119
274187563 274187625
274187563 270491432
274187563 274181843
268839960 268486614
274180610 274180611
274180611 274179729
274180611 274180612
274180612 274179508
268498093 268623456
268498093 842889560
268498093 268515133
268498093 268498094
274193441 274193290
274193441 274194697
274193441 274195080
274193441 274193442
268840655 268639495
268840655 268515132
268840655 268840612
268840655 268840656
268840656 268623455
268840656 268840613
268498094 268515133
268498094 268639288
274191799 274191572
274184768 842889544
268865290 268865289
274194796 274193329
274195542 274195599
274195542 294027873
274195238 274197236
274195238 274195237
274195238 274194328
274195238 274195233
270980578 274179833
270980578 270980948
270980578 274179879
270980578 270980645
274195234 274195425
274195235 274193512
274195236 274195237
274195236 274195174
274195237 274197222
274186896 274186897
274184151 274192898
274188418 274188419
274188418 274188372
274188418 274181841
268840138 268840137
30384662 274181840
274185917 30339493
30384665 274188572
274189654 274187165
274189654 274189656
274189802 274189945
274189802 274187165
269957300 269957301
269957300 269958111
269957301 269957302
269957302 269958983
269957302 269959010
274189658 274188569
274189658 274189657
274192239 274192103
274192239 274178984
274200332 274200333
274200332 274200291
274200333 270494874
270499538 270494874
270499539 274197481
268615852 268862658
268615852 856460893
268615850 268615851
268615850 268862658
268615850 268508494
268615851 268865286
270980645 270979040
270980645 274179833
274183763 274183321
274183763 274191970
274183763 274183625
842889563 268862317
842889563 269963560
842889560 268623457
842889560 842889544
842889560 268623456
268499920 856460890
270991627 270991624
270991627 271025376
270991627 270991629
274180160 274180159
270991624 270990547
269959205 269958983
269959205 269959010
269959205 270978627
274191572 274190414
270979982 270980119
274183321 274183320
274183321 274181841
274183320 274178477
274183320 274188372
274187930 274188017
274187930 274187910
274187930 270491432
274186294 274186295
270499544 270499547
270499547 274187543
270499547 274183729
270499547 30628130
856460904 274180159
274195146 274195086
274195146 274194328
274195146 274195147
274195146 274195145
274195147 274195088
274195144 274195084
274195144 274195145
274195145 274195085
268639289 274184504
268639289 268486610
268639289 268623458
268840137 268840136
268840137 268840717
268840136 268840819
270981014 270980974
270103549 269998802
274179731 274179833
274179731 274179729
274180301 270980948
274193186 274193287
274193186 274193927
274193186 274192897
274194595 274194697
274193648 274193647
274193648 274193651
274193647 274193646
274193647 274193802
268863172 268863171
268863172 268508494
270980948 270980975
274194697 274193440
274194697 274195081
268863171 856460890
268863171 268861572
274187628 274187627
274187628 274187453
274187625 274187658
274187625 274187626
274187625 274187542
274187626 274187541
274187626 274187627
274187627 274187165
268840041 268840040
268840041 268486613
269998804 269998827
269998804 269998803
269998802 270978923
269998803 269998826
268861390 268861478
268861390 268861160
268639288 268623457
268639288 268486611
274194327 274197236
274194327 274194321
274181842 274188066
274181842 274188150
274181843 274187543
274181843 274187542
274181843 274187313
274181840 274181875
274181840 274191975
274181840 274178984
274181841 274188419
274181844 274186914
274181844 274187129
274181844 274187313
274196794 274196792
274196794 274196868
274196792 274196817
274196792 274196791
274184616 274184617
274184617 274184504
274184617 268623458
268840819 268840717
268840819 268840716
268861479 268861478
268861478 268861219
268862658 268865285
274196681 274197016
274196681 274196791
268840611 268515132
268840611 268840612
268840611 268840716
268840612 268840711
268840612 268840613
274188017 274188066
274188017 274187940
274188017 274183736
274184184 274184250
274196817 274196867
274188150 274187871
274183729 274183730
274193440 274195174
274177652 274184310
274177652 274186860
274197145 274197146
274197145 274197071
274197146 274197147
274197146 274197193
274197147 274197237
271024180 271024871
271024180 271024165
274191733 274178477
274193442 274193651
274193442 274193330
274193442 274193329
274197222 274197236
274196867 274196868
274187453 274186755
274196791 274195089
274196868 274193512
274188570 274188631
274188570 274188569
274193985 274193287
274193985 274193983
274178361 274187658
274178361 270491261
274178361 270491263
268839418 268839417
268839418 268486618
274193983 274193927
271024165 270989647
271024985 271023938
271024985 270989348
274192053 274191970
274192053 274192052
274192053 274183737
30628130 274183593
30628130 274183732
274187404 274184154
274187404 274184155
274187404 274187403
270978923 270977994
270491432 274183732
270491432 270491263
274179798 274179833
274179798 274179879
268840697 268623456
268840697 268623455
268840697 268515133
856460898 269959440
274193329 274195080
274195425 274197194
274195425 274193513
274195425 274195233
856460890 268508494
856460890 268861160
856460894 269959440
270486924 270486922
274197016 274195089
268862663 268639290
268862663 268862317
268862663 268865289
274193513 274195089
268497325 268639495
268497325 274188495
270490864 274177648
270490864 274189945
270490864 274189946
268865288 268865286
268865288 268865287
268865288 268623459
268865286 268865285
268865287 268865285
269958111 269958017
268840711 268840710
268840711 268840716
268840710 268840717
274189657 274189947
274189657 274189656
274189657 274188568
274189656 274188567
274189656 274189946
274195086 274195085
274195086 274195088
274195085 274195084
274195084 274195083
274195083 274195082
274195082 274195081
274195081 274195080
274187129 274187543
274187129 274194078
274194078 274184152
270980975 270981180
274195233 274197237
274184153 274184154
274184153 274184152
274184152 274192898
270989347 270989348
274184155 274184310
274184155 274184159
274188632 274188631
274188631 274188649
268623457 842889544
268623455 268639495
274188067 274188066
274188067 274183736
268615863 269957299
268615863 269958017
274197481 274197270
274197481 274197480
274192897 274192898
274197071 274197194
274180157 274180159
274197270 274195494
274180159 274186180
268515133 268639495
274187940 274187910
274187940 270491260
274186755 274187164
269959010 268508491
270491260 270491259
270491261 274187910
270491261 270491263
270978628 270978627
274193657 274193290
274193657 274193330
274195089 274195088
274195494 274195599
268486618 274189413
274187541 274187542
274187542 274187312
268639290 268508494
274183593 274183736
274183593 274183734
269998826 269998827
274181875 274178984
274196158 274196157
270982751 270981180
270500593 274183737
274196155 274196156
274196156 274196157
274187311 274187312
274187312 274187313
274178477 274192103
274189948 274189947
274189947 274189946
274189947 274187868
274189946 274189945
274189945 274188495
274183734 274183733
274183732 274183731
274183732 274183733
274183730 274183731
274197236 274197237
274188568 274188567
274188568 274188569
274188567 274188495
274197194 274197193
269963560 269963146
