1041636953 967504857
1041636953 293545313
1041636953 345387496
1041636953 293541412
345369806 345369951
345369806 345369891
345369806 345369824
345369804 345369891
345369804 345369790
345369804 345363424
345369803 345363417
345369803 345369801
345369803 345369790
345369801 345369865
345369801 345363408
345363300 345369906
345363300 345369746
345363300 345363288
618524639 345369766
618524639 618524627
618524639 618524671
618524636 1041637042
618524636 618524635
618524636 345369867
618524635 345369820
618524635 618524632
618524632 618524678
618524632 618524680
618524632 618524631
618524631 984956896
618524631 618524649
618524631 618524657
345376869 345376850
345376869 345376865
345376869 345376904
295779476 295779501
295779476 295782112
295779476 345381861
345376902 345376872
345376902 345376900
345376902 345376876
345376900 345376847
345376900 345376904
345376906 345376816
345376906 345376978
345376906 345376813
345376907 345376909
345376907 345376987
345376907 345376800
345376904 345376977
345376909 345376803
345376909 345376989
345369891 345363456
345369891 345369792
345369893 345369789
345369893 345369948
345369893 345363400
345369893 345369896
345376895 1041993265
345376895 345376879
345376895 345376898
345369896 345363417
345369896 345369949
345369896 345363424
345381853 1041993267
345381853 345381885
345381853 345381859
345381853 345381846
1269361532 984956895
1269361532 1269361524
1269361532 1269200984
345381856 345381885
345381856 345381850
345381856 295779077
345381856 344483427
932375209 932375248
932375209 984956632
932375209 932375220
345376860 345376861
345376860 345376853
1269361732 1269361666
1269361732 1269361683
1269361732 618524657
932375206 984956633
932375206 932375234
932375206 932375207
618524680 293543874
618524680 1269200975
618524680 618524657
932375200 984956895
932375200 932375201
932375200 932375252
932375201 984956635
932375201 932375202
932375202 932375217
932375202 932375203
932375203 984956631
932375203 1269361609
295779501 295779079
295779501 295779645
1269361711 1269361575
1269361711 1269361477
1269361711 1269361699
1269361711 1269361722
345369736 345369799
1269361497 1269361499
1269361497 1269361480
1269361497 1269361764
1269361497 1269361683
1269361499 1269361653
1269361499 1269361500
1269361499 1269361663
345376835 345376829
345376835 345376980
345376835 345376977
345376835 345376838
1269200961 932276399
1269200961 1269200960
1269200961 1269200979
1269200960 932289015
1269200960 1269200959
1269200960 932289012
345376838 345376845
345376838 345376827
983940595 983940596
983940595 983940594
345369748 345369885
345369748 345369918
345369748 345369970
345369746 345369877
345369746 345369964
345369746 345369966
345369742 345369781
345369742 345369885
345369742 345369900
1269889992 1269890022
1269889992 1269889997
1269889997 1269890020
345363288 345369924
345363288 345369964
1269361669 1269361687
1269361669 1269361666
1269361669 1269361683
1269361666 1269361707
345376971 345376784
345376971 345376973
345376971 345376786
345376971 345376913
1269361663 1269361779
1269361663 1269361764
1269361663 1269361590
967504877 345381865
967504877 967504861
967504877 293541405
967504877 345384614
345369968 345363321
345369968 345369910
345369968 345369966
345369968 345369970
345369841 345369849
345369841 345363436
345369841 345363447
345369960 345369924
345369960 345369869
345369960 345369964
345369849 345369852
345369964 345369873
345369966 345369906
345369966 345369881
345363343 345369781
345363343 345369751
345363467 345363472
345363467 345363462
345363462 345369828
967504897 967504854
967504897 967504901
345363349 345369783
345363349 293973336
345363349 293973337
345376784 345376787
345376786 345376911
345376786 345376769
345376786 345376986
345376787 345376973
345376787 345376791
345376782 345376778
345376789 345376911
345376789 345376986
345376789 345376795
345387501 345387494
345387501 345387509
345387501 345387499
345387501 345387504
1283481465 1283481457
1283481465 1283481471
345387504 293545313
345387504 345387496
345387504 295782114
345387508 295782154
345387508 345387509
345387508 345387506
345387508 345387499
345387509 295782114
345387509 344483431
932375234 984956627
932375234 1154812872
345376769 345376765
344483427 344482408
344483427 295784466
344483427 295779270
344483429 295779444
344483429 344483430
344483428 295782112
344483428 345381861
344483428 295779270
984956626 984956896
984956626 983940592
984956626 345369755
984956627 932375252
984956627 984956636
345363361 345363392
345363361 345369955
345363361 293973336
618524649 618524650
618524649 618524662
618524649 618524648
618524649 345369900
618524648 618524650
618524648 618524671
618524648 345369787
345369774 345369776
345369774 345369770
345369774 345369772
345369777 618524626
345369777 345369770
345369777 618524628
345369776 345369918
345369776 345369900
345369770 345369918
345369772 618524662
345369772 345369900
1269361593 1269361786
1269361593 1269361590
1269361593 1269361599
1269361590 1269361582
1269361599 1269361779
1269361599 1269361603
1269361599 1269361782
345369789 345369959
345369789 345363417
345369789 345363408
345369781 984956896
345369783 345369953
345369783 345369787
345369785 345369959
345369785 345363392
345369785 345369955
345369787 345369957
932225369 932375224
983940594 983940592
1269200980 1269361548
1269200980 1269200974
1269200980 1269361699
1269200980 1269200979
1269200987 1269200976
1269200987 967504854
1269200987 1269200988
1269200986 1269200977
1269200986 1269200988
1269200986 1269200985
1269200985 293543874
1269200985 1269200989
1269200984 1269361809
1269200984 1269361608
1269200989 967504903
1269200989 1269200988
1269200988 1269200978
345376847 345376872
345376847 345389320
345376847 345376842
345376845 345376853
345376845 345376977
345376842 345376829
345376842 345376977
1269361699 1269361572
1269361699 1269361474
1269361691 1269361480
1269361691 1269361581
1269361691 1269361764
1269361691 1269361722
1269361693 1269361786
1269361693 1269361581
1269361693 618524869
345363382 345363378
345363382 345363386
345363382 345363369
345369927 345369887
345369927 345369933
345369927 345369869
345363386 345369943
345363386 345363396
1269361575 1269361578
1269361575 1269361572
345363389 345369943
345363424 345369951
1269361572 1269361548
345381891 345381865
345381891 345381888
345381891 293541405
345381891 345381861
345365867 345369828
345365867 345363472
345365867 345363459
345365867 345363456
345365867 611533266
345387541 293542785
345387541 345387578
345387541 345387538
984956633 932375211
984956633 984956634
984956632 932375211
984956632 932375207
984956632 932375221
345193354 345193192
345193354 345193337
1041993267 1041993265
1041993267 345376898
1041993267 967504861
1041993265 345381846
1041993265 967504863
345376898 345376886
345369816 618524678
345369816 345369946
345369816 345363413
345369951 345369867
345369951 345369949
345369953 345369955
345369953 293973336
345369953 345369957
345369955 345363365
345369957 345363365
345369957 345369903
345369959 345363378
345369959 345363396
345363332 345363321
345363332 345369885
345363332 345369970
295779645 295779444
295779645 295782112
1041637090 967504855
1041637090 293545313
1041637090 293544066
1041637090 345387515
345381850 295784466
345381850 345381843
345381850 345381883
345381865 293974119
345381865 345381895
1269361524 1269361506
345381861 295779077
295779267 345381843
295779267 295784466
295779267 344482406
1269361707 1269361710
1269361707 1269361471
932375205 1154812878
932375205 932375253
932375205 1269361609
345376803 345376795
345376803 345376800
345376800 345376816
345376806 345376810
345376806 345376818
345376806 345376797
1269200959 1269200976
1269200959 967504852
1269361793 1269361782
1269361793 1269361811
1269361793 1269361603
1269361796 1269361809
1269361796 1269361779
1269361796 1269361603
1269361796 1269361504
1269361798 1269361504
295779270 295779077
295779270 344482409
345193392 1369510134
345193392 345193192
345193392 345193337
1269361779 1269361500
345363294 345369887
345363294 345369933
345363294 345369755
1369510125 1369510135
1369510125 1369510134
1369510126 1369510135
1369510126 1369510134
1369510126 618524628
1269889697 932348836
1269889697 1269889694
1269889697 1269889686
1269889694 1269889689
1269889694 1269889672
1269361710 1269361687
1269361710 1269361477
967504860 293973331
967504860 967504857
967504860 345381895
967504860 967504861
967504861 345376886
967504863 345376879
967504863 293541401
1041637042 293543874
1041637042 967504857
1041637042 345369818
345363378 345363365
345369918 345369914
345369852 345369856
345369852 345363436
345369852 345369792
345369914 345363327
345369914 345369970
345369914 345369910
345369910 345369906
345369910 345363316
345363374 345369940
345363472 345369799
345369943 345369946
345369943 345369940
345387534 967504851
345387534 345387553
345387534 345387531
345387534 345387538
345387531 293541414
345387531 345387572
345387531 967504852
345387538 345387565
345376973 345376986
345376973 345376975
932375224 984956631
932375224 932375223
932375224 932375216
344483431 295782154
344483431 295782155
932375223 932375222
932375223 932375255
932375223 932375214
345376975 345376791
345376975 345376989
345376975 345376915
932375221 932375222
932375221 932375220
932375221 932375247
345376978 345376982
345376978 345376821
345376978 345376980
345369856 345369861
345369820 345369867
345369820 345363419
345369824 345369818
345369824 345369826
345369826 345363451
345369826 345363456
984956896 984956895
984956895 1269361643
618524650 618524678
618524650 345369903
618524657 1269361643
345369766 345363337
345369766 293973337
345369764 345369762
345369764 345363316
345369762 345369760
345369760 345369757
293544066 295784468
293544066 295782115
293544066 295782116
1269361581 1269361578
1269361581 1269361582
1269361582 1269361764
1269361578 1269361722
293543874 1269200975
295782114 295782155
295782114 295782115
295782115 967505007
295782115 293545313
295782116 345387515
345369924 1369505600
345193192 345193198
345376850 345376853
345376850 345376876
967505007 295782155
967505007 295784468
983940596 1154812872
1269889675 1269889663
1269889675 1269889684
1269889675 1269889677
1269889675 1269889673
345363436 345369865
1269889677 1269889687
1269889677 1269890020
345193337 345193331
345193337 345193279
1269889672 1269889668
1269889672 1269889659
1269889672 1269889673
1269889673 1269889661
1269889673 1269889689
1269361643 1269361653
345387572 344486404
345387572 345387553
345387578 345387565
345387578 293542860
1269890025 1269890022
1269890020 1269889664
967504855 967504903
967504855 967504854
967504855 967504857
967504851 932289015
967504851 967504850
967504851 967504852
967504850 932348836
967504850 1269889668
967504852 932276399
345369869 345369873
345369865 345369861
932348836 932276399
345369867 345369818
345363321 345369881
345369940 345363357
345369940 345363369
345369946 345369948
345369946 345363400
345363327 345363337
345363327 345363316
345369948 345369949
345369948 345363413
345369949 345363419
345363447 345363459
345363447 345369795
345381883 345381885
345381883 345381879
345381883 345381846
932276399 1283481457
345193331 345193279
1283481457 618524869
295779077 345381888
295779079 295779444
295779079 345381895
295779079 345387506
345369792 345369794
345369792 345369790
345381885 345381888
293541401 345381879
293541401 345381846
345376886 345376876
293541405 345381859
1269361548 1283481471
932375255 932375253
932375255 932375245
932375253 984956631
345381888 345381859
618524869 1283481471
932375252 984956635
345381879 345381843
295782154 344483430
618524662 618524671
618524662 618524626
344483430 345387506
345376818 345376982
345376818 345376967
932289012 1269200977
932289012 1269200978
932375222 932375245
345376816 345376821
345376810 345376987
345376810 345376813
1154812882 1154812878
1154812882 1269198844
345376813 345376982
932375220 932375249
1269361786 1269361782
345389320 345389318
1269361604 1269361809
1269361604 1269361603
1269361604 1269361608
1269361604 1269361811
1269361765 1269361500
1269361608 1154812878
1269361608 1269361609
1269361808 1269361506
1269361809 1269361506
1369510135 618524627
1269889689 1269889684
345376861 345376863
1269889684 1269889687
1269889684 1269889686
1269889687 1269198844
1269889686 1269198844
345376865 345376863
1269361500 1269361504
345363369 345369903
345369906 345369757
345369903 345363357
345363400 345363396
345369828 345369836
345363408 345363392
345384614 345387498
345384614 345387492
345387521 344486404
345387521 345387513
345387521 345387527
345387527 345387511
345387527 345387515
293542785 293542860
345376967 345389311
345363310 345369751
345363310 345369936
345363310 345369881
345363316 293973338
618524628 618524626
618524627 345363337
345376911 345376765
345376915 345376797
345376915 345376987
345369885 345369751
345369881 345369877
1269361504 1269361506
932375211 932375214
932375217 984956631
932375217 984956635
932375217 932375216
932375216 984956636
932375216 932375214
932375214 984956634
1269361722 1269361478
1269361480 1269361478
1269361480 1269361687
345376824 345376982
345376824 345389311
345376824 345376980
345376824 345376829
345376827 345376980
345376827 345376821
345376989 345376987
345376989 345376984
1269200978 1269200976
1269200978 1269200977
1269200979 1269200977
1269200979 1269200974
1269200977 1269200975
1269200974 1269200975
1269200974 1269361471
345376984 345376793
345376984 345376986
345376984 345376795
295784466 344482407
345369757 293973338
345369755 345369936
1269889663 1269889661
1269889663 1269889664
1269889661 1269889659
1269889668 1269889657
344486404 293541414
345389311 345389313
345389313 345389315
1269361653 1269361683
345389318 345389315
345387565 345387553
344482408 344482409
344482408 344482407
345369877 345369873
345369877 345369936
1369505678 345376765
345369873 345369933
344482406 344482407
293973338 293973339
293973339 1369505600
345363459 293973331
293973331 345369799
345363456 345369794
293973337 618524671
345376791 345376797
345387511 345387513
345387511 293541412
345387513 293541414
345387515 293541412
345376778 345376775
345376778 345376765
345381895 345387498
932375245 932375247
932375247 932375249
932375248 1154812872
984956636 984956635
984956636 984956634
345387506 345387498
345369797 345369795
345369795 345369794
1269361478 1269361477
1269361474 1269361471
1269361474 1269361477
1154812878 1269361811
345376879 345376872
345369933 345369936
1269889659 1269889657
967504903 967504901
345363413 345363419
345387494 345387496
345387494 345387492
345387492 345387499
345387498 345387499
