1041636953 -100.31785 25.6861531
345369806 -100.3206046 25.6900457
345369804 -100.3216327 25.6908296
345369803 -100.3224657 25.6910942
345369801 -100.3235094 25.6910697
345363300 -100.3216833 25.7002624
618524639 -100.3238037 25.6969302
618524636 -100.3168782 25.6906955
618524635 -100.3168773 25.6913305
618524632 -100.3168907 25.6923747
618524631 -100.316883 25.6924689
345376869 -100.3237031 25.690177
295779476 -100.3230007 25.6850435
345376902 -100.3252495 25.689438
345376900 -100.3251863 25.6902961
345376906 -100.3254639 25.6941615
345376907 -100.3255508 25.6949487
345376904 -100.3246518 25.6902553
345376909 -100.3257006 25.6956976
345369891 -100.3216292 25.6901024
345369893 -100.3216351 25.6920806
345376895 -100.3261976 25.6884406
345369896 -100.3216332 25.6915366
345381853 -100.325432 25.6869982
1269361532 -100.3140123 25.6965519
345381856 -100.3256513 25.685332
932375209 -100.3135045 25.7021131
345376860 -100.3236379 25.6904542
1269361732 -100.3163839 25.6921267
932375206 -100.3154082 25.7013366
618524680 -100.3167116 25.6922531
932375200 -100.3167246 25.6990161
932375201 -100.3153491 25.6990495
932375202 -100.3133857 25.699097
932375203 -100.3124089 25.6991207
295779501 -100.3229563 25.6850383
1269361711 -100.3134288 25.6907309
345369736 -100.3216168 25.6868619
1269361497 -100.3141907 25.6921637
1269361499 -100.3141345 25.692637
345376835 -100.3249991 25.6917486
1269200961 -100.3128015 25.6878961
1269200960 -100.3128195 25.6877788
345376838 -100.3238746 25.691986
983940595 -100.3166954 25.7011798
345369748 -100.3207108 25.6974264
345369746 -100.3207422 25.7002753
345369742 -100.3197178 25.6964721
1269889992 -100.3087328 25.6924786
1269889997 -100.3087328 25.6919593
345363288 -100.3216825 25.7012252
1269361669 -100.3155451 25.6917077
1269361666 -100.3154557 25.6912474
345376971 -100.3269856 25.6978184
1269361663 -100.3131948 25.69263
967504877 -100.3228214 25.6867869
345369968 -100.3207212 25.6986712
345369841 -100.3232493 25.6898011
345369960 -100.3207456 25.7021787
345369849 -100.3230558 25.6900203
345369964 -100.3207475 25.7012232
345369966 -100.3207322 25.6993545
345363343 -100.3178365 25.6974723
345363467 -100.3186415 25.6871912
345363462 -100.3186056 25.6874652
967504897 -100.315971 25.6863457
345363349 -100.3245139 25.6956903
345376784 -100.3277931 25.6978195
345376786 -100.3259607 25.697817
345376787 -100.3278336 25.6970709
345376782 -100.3269206 25.700004
345376789 -100.3250006 25.6971031
345387501 -100.3198348 25.6855265
1283481465 -100.3123892 25.687593
345387504 -100.3188912 25.6854219
345387508 -100.3208835 25.6848016
345387509 -100.319946 25.6847004
932375234 -100.3163867 25.7013163
345376769 -100.3258011 25.6988393
344483427 -100.32566 25.6851954
344483429 -100.3228103 25.6848941
344483428 -100.3237652 25.6849974
984956626 -100.3169232 25.7003366
984956627 -100.316711 25.7000093
345363361 -100.3241771 25.6941536
618524649 -100.3216469 25.6956624
618524648 -100.3219193 25.6956963
345369774 -100.3225607 25.6969629
345369777 -100.3232758 25.6973975
345369776 -100.321701 25.6969599
345369770 -100.322572 25.697407
345369772 -100.322546 25.6964796
1269361593 -100.3121845 25.6927235
1269361590 -100.3121979 25.6926104
1269361599 -100.312076 25.6935726
345369789 -100.3225799 25.6920577
345369781 -100.3178346 25.6964904
345369783 -100.3232875 25.6957077
345369785 -100.3233097 25.6929477
345369787 -100.3226215 25.695708
932225369 -100.3102503 25.7001392
983940594 -100.316752 25.7012302
1269200980 -100.313569 25.6897644
1269200987 -100.3150059 25.6859993
1269200986 -100.3146003 25.6889411
1269200985 -100.3167041 25.6890391
1269200984 -100.3126747 25.6965789
1269200989 -100.3167133 25.6880893
1269200988 -100.3147297 25.6880026
345376847 -100.3269489 25.6904382
345376845 -100.3236572 25.6909627
345376842 -100.3268466 25.6911417
1269361699 -100.3134969 25.6902613
1269361691 -100.3133116 25.6916762
1269361693 -100.3114031 25.6916576
345363382 -100.3216415 25.6939115
345369927 -100.3188402 25.7022045
345363386 -100.3216397 25.6934123
1269361575 -100.3124416 25.6906247
345363389 -100.3203329 25.6934082
345363424 -100.3216313 25.6910088
1269361572 -100.3125049 25.6901313
345381891 -100.3236483 25.6859494
345365867 -100.32162 25.6877867
345387541 -100.3092609 25.6852602
984956633 -100.3154006 25.7010425
984956632 -100.3134848 25.7016132
345193354 -100.3278808 25.701198
1041993267 -100.3254106 25.687148
1041993265 -100.3263926 25.6872316
345376898 -100.3252684 25.6883405
345369816 -100.3197824 25.6926668
345369951 -100.3206251 25.6909461
345369953 -100.3232938 25.6949296
345369955 -100.3233 25.6941573
345369957 -100.322617 25.6949366
345369959 -100.3225854 25.6929598
345363332 -100.3197593 25.6979021
295779645 -100.3229395 25.6849044
1041637090 -100.317051 25.6852222
345381850 -100.3266159 25.6854298
345381865 -100.3228998 25.6858664
1269361524 -100.3137335 25.6960121
345381861 -100.323749 25.6851363
295779267 -100.3275648 25.6854115
1269361707 -100.3151716 25.6908917
932375205 -100.310406 25.6991834
345376803 -100.3246921 25.6956911
345376800 -100.32453 25.6949433
345376806 -100.3278211 25.6944368
932375207 -100.3154142 25.7015683
1269200959 -100.3131004 25.6858048
1269361793 -100.3110684 25.6943023
1269361796 -100.3129688 25.694459
1269361798 -100.3143883 25.694589
295779270 -100.324699 25.6851055
345193392 -100.3273082 25.7003443
1269361779 -100.3130692 25.693647
345363294 -100.3178914 25.7012899
1369510125 -100.3276833 25.6995625
1369510126 -100.3275041 25.6995561
1269889697 -100.3118197 25.6874015
1269889694 -100.3108831 25.6873062
1269361710 -100.3148447 25.6908818
967504860 -100.3226737 25.6869173
967504861 -100.3228559 25.6869304
967504863 -100.327383 25.6873202
1041637042 -100.3168979 25.6898898
345363378 -100.3225911 25.6939113
345369918 -100.321703 25.6974295
345369852 -100.3230042 25.6901579
345369914 -100.3217097 25.6978784
345369910 -100.3217018 25.698663
345363374 -100.3202453 25.6941798
345363472 -100.321619 25.6875086
345369943 -100.3206814 25.6934093
345387534 -100.3111875 25.6854357
345387531 -100.3121551 25.6855785
345387538 -100.3101561 25.6853592
345376973 -100.3269454 25.697081
932375224 -100.312453 25.7000978
344483431 -100.3199633 25.6845716
345376977 -100.3248316 25.6910286
932375223 -100.3124737 25.7006423
345376975 -100.3268704 25.6957082
932375221 -100.3124843 25.7016303
345376978 -100.325366 25.6936531
345369856 -100.3230386 25.6902998
345369820 -100.3197762 25.6913656
345369824 -100.3202248 25.6900351
345369826 -100.3203568 25.6891215
984956896 -100.3169362 25.6965092
984956895 -100.3167567 25.696507
618524650 -100.3216573 25.6955254
618524657 -100.3166974 25.6923474
345369766 -100.3247828 25.6969329
345369764 -100.3250207 25.6986774
345369762 -100.3249448 25.6988651
345369760 -100.3249358 25.6990259
293544066 -100.3171736 25.6844143
293974119 -100.3229828 25.6850961
1269361581 -100.3123093 25.6916709
1269361582 -100.3122528 25.6921477
1269361578 -100.3123728 25.6911605
293543874 -100.3166921 25.6898898
295782112 -100.3230335 25.6849152
295782114 -100.3189904 25.6845986
295782115 -100.3180459 25.6845427
295782116 -100.3161697 25.684297
345369924 -100.3216705 25.7021661
345193192 -100.3276886 25.7002853
345193198 -100.3276038 25.6997263
345376850 -100.3234866 25.690161
345376853 -100.3235888 25.6906371
967505007 -100.3180652 25.684386
983940596 -100.3165462 25.7012282
1269889675 -100.3092937 25.6906321
345363436 -100.3233407 25.690181
1269889677 -100.3091616 25.6915048
983940592 -100.3168871 25.7016268
345193337 -100.3270166 25.7012463
1269889672 -100.3098877 25.6871679
1269889673 -100.3097313 25.688001
1269361643 -100.3167039 25.6926535
345387572 -100.3122182 25.6847327
345387578 -100.3093499 25.6843718
1269890025 -100.3086453 25.6929744
1269890022 -100.3087097 25.6929202
1269890020 -100.3087579 25.6914785
967504855 -100.3168983 25.686211
967504854 -100.3159343 25.6860941
967504857 -100.3178313 25.6862945
967504851 -100.3111469 25.6855853
967504850 -100.3108211 25.6855532
967504852 -100.3121497 25.6857266
345369869 -100.3198397 25.7021909
345369865 -100.3234084 25.6905577
932348836 -100.3118985 25.6867834
345369867 -100.3197739 25.6908931
345369861 -100.3231117 25.6904116
345363321 -100.3197805 25.6986878
345369940 -100.320699 25.6941791
345369946 -100.3206646 25.6926727
345363327 -100.3249749 25.6978377
345369948 -100.3206516 25.6921043
345369949 -100.3206392 25.6915616
345363447 -100.3231325 25.6892955
345381883 -100.3265057 25.6862662
932276399 -100.3119899 25.6868995
345193331 -100.3271124 25.7020818
1283481457 -100.3119525 25.6872086
295779077 -100.3246979 25.685234
295779079 -100.3228466 25.6850255
345369792 -100.3224006 25.6901451
345381885 -100.3255424 25.6861594
293541401 -100.3273523 25.6871655
345376886 -100.3230696 25.688094
293541405 -100.323537 25.686848
1269361548 -100.3125574 25.6897225
932375255 -100.3102081 25.7007104
932375253 -100.3103401 25.6996945
345381888 -100.3245843 25.6860531
618524869 -100.3116527 25.6896851
932375252 -100.3167213 25.6995379
345381879 -100.3274395 25.6863697
295782154 -100.3208967 25.6846879
295782155 -100.3190132 25.6844621
618524662 -100.3228313 25.6964572
293545313 -100.3179508 25.6853265
344483430 -100.3218634 25.684796
932289015 -100.3111516 25.6857269
345376818 -100.3278998 25.6936595
932289012 -100.3129497 25.6879548
932375222 -100.3124959 25.7011526
345376816 -100.324365 25.6941453
345376810 -100.3264146 25.6943998
1154812882 -100.3106674 25.6966162
345376813 -100.326447 25.6941731
932375220 -100.3124851 25.7021344
1269361786 -100.3112688 25.6927182
1269361782 -100.3111664 25.6935276
345193279 -100.3267411 25.7020943
345389320 -100.3274995 25.6906363
1269361604 -100.3118559 25.6952444
1269361603 -100.3119705 25.694374
1269361765 -100.3143736 25.6937346
1269361764 -100.3132519 25.6921638
1269361608 -100.3116775 25.6965995
1269361609 -100.3113403 25.6991541
1269361808 -100.314406 25.6954646
1269361809 -100.3128524 25.6953321
1369510135 -100.3275398 25.6994725
1369510134 -100.3276361 25.6996412
1269889689 -100.3107436 25.688142
345376861 -100.3237389 25.6903642
1269889684 -100.310406 25.6907151
1269889687 -100.3102992 25.6915827
1269889686 -100.3113743 25.6908586
345376865 -100.3237716 25.6902277
1269361500 -100.3140065 25.6937135
345369818 -100.3197696 25.6900013
345363369 -100.3216424 25.6941777
345369906 -100.3216984 25.6993696
345363365 -100.3226126 25.6941602
345369903 -100.3216447 25.6949467
345369900 -100.3217139 25.6964728
345363400 -100.3216372 25.6926792
345369828 -100.3205204 25.6876608
345363408 -100.3237224 25.692035
345384614 -100.3216392 25.686653
345387521 -100.3141453 25.6848916
345387527 -100.3151109 25.6849997
345381859 -100.3244658 25.6869128
293542785 -100.3082557 25.6851727
345376967 -100.3279859 25.6928933
345369836 -100.3175313 25.6877169
345363310 -100.3187999 25.6993447
345363316 -100.325131 25.6985802
618524628 -100.3242577 25.6973645
618524627 -100.324435 25.6973557
618524626 -100.3232857 25.6967484
345376911 -100.3251614 25.6978145
345363337 -100.3248747 25.6973756
345376913 -100.3270572 25.6991288
345376915 -100.3268282 25.694935
345369887 -100.3179078 25.7022172
345369885 -100.3197419 25.6974368
345369881 -100.3197871 25.6993545
345381843 -100.3275536 25.6855276
345381846 -100.3264138 25.6870801
1269361504 -100.3139013 25.6945411
932375211 -100.3134508 25.7011042
1269361506 -100.3137867 25.6954035
932375217 -100.3133855 25.6996124
932375216 -100.3134072 25.7000798
932375214 -100.3134183 25.7006198
293542860 -100.3083711 25.6842823
1269361722 -100.3133706 25.6911953
1269361480 -100.3142531 25.6916971
345376863 -100.3237825 25.690285
345376824 -100.3266201 25.6928641
345376827 -100.3240817 25.6929241
345376989 -100.3262416 25.6957025
345376821 -100.3242401 25.6936503
1269200978 -100.3138014 25.6879689
1269200979 -100.3136579 25.689003
1269200976 -100.3140801 25.6859048
1269200977 -100.3136867 25.688872
1269200974 -100.3142789 25.6897742
1269200975 -100.3144174 25.6897805
345376829 -100.3267954 25.6915084
345376987 -100.3263429 25.6949402
345376984 -100.3261476 25.6964104
345376982 -100.3265154 25.693656
295784466 -100.3266142 25.685301
295784468 -100.3171903 25.684269
345369757 -100.3251369 25.6993788
345376980 -100.3252203 25.6928972
345369755 -100.3178741 25.700324
1269889663 -100.3082883 25.6905397
1269889661 -100.3087726 25.6878908
1269889664 -100.3081318 25.6914565
345376986 -100.3260572 25.697091
1269889668 -100.3101695 25.6854796
344486404 -100.3132888 25.6848146
345363392 -100.3239033 25.6929353
345389311 -100.3270762 25.6928258
345389313 -100.3274577 25.6926325
1269361653 -100.3155642 25.6926462
345389318 -100.327698 25.6908663
345387565 -100.3102465 25.6844682
344482408 -100.325762 25.684424
344482409 -100.3248032 25.6843193
345369877 -100.3198071 25.7002893
1369505678 -100.3257566 25.7006495
345369873 -100.3198118 25.7012417
344482406 -100.3276665 25.6846248
344482407 -100.326716 25.6845283
293973338 -100.3253579 25.6993752
293973339 -100.3256515 25.7006935
345363357 -100.3207167 25.6949563
345363459 -100.3228539 25.6879333
345369970 -100.320712 25.697894
293973331 -100.3227648 25.6874543
345363451 -100.3197743 25.6890581
345363456 -100.3216251 25.6892535
345369751 -100.3187754 25.6974593
293973336 -100.3243373 25.6949187
293973337 -100.3246736 25.6964588
345376793 -100.3268937 25.696418
345376791 -100.3277838 25.6957164
345376797 -100.3277774 25.6949224
345376795 -100.324849 25.6963971
345387511 -100.3150194 25.6858547
345387513 -100.3140453 25.685753
1283481471 -100.3124326 25.6897173
345387515 -100.3160539 25.6851053
1369505600 -100.3258792 25.7021099
293541414 -100.3131703 25.6856957
345376778 -100.3266851 25.6993154
345381895 -100.3227391 25.6858485
932375245 -100.3101436 25.7012034
293541412 -100.3159544 25.6859444
932375247 -100.3100792 25.7016953
932375248 -100.3161515 25.702046
932375249 -100.3100131 25.7022001
984956631 -100.3124299 25.6996315
345376775 -100.3263166 25.6987959
984956636 -100.3153836 25.7000376
984956635 -100.3153671 25.6995642
984956634 -100.3153884 25.7005688
618524671 -100.3230835 25.6964484
345387506 -100.3218497 25.6849115
618524678 -100.3172992 25.6926227
1269198844 -100.311262 25.6917305
345389315 -100.327604 25.6923346
345369797 -100.3224705 25.6883736
345369795 -100.3225066 25.6892777
345369794 -100.3224549 25.6892811
1269361478 -100.3143205 25.6912297
345369790 -100.3224278 25.6908406
295779444 -100.3228758 25.6849024
1269361474 -100.3144464 25.6903566
1269361477 -100.3143767 25.6908397
1269361471 -100.3144895 25.6900379
345369799 -100.3216164 25.6872948
1154812872 -100.3162985 25.7015922
1154812878 -100.3107753 25.6966182
345376879 -100.3271909 25.6885467
345376872 -100.3270791 25.6894097
345376876 -100.3233557 25.6894663
1269361811 -100.3109616 25.6951463
1269361687 -100.3148123 25.6917017
1269361683 -100.3155556 25.6921584
345369933 -100.3188271 25.7012736
1269889659 -100.3089242 25.6870269
345369936 -100.3188135 25.7003096
345363396 -100.3216382 25.6929757
967504903 -100.3167298 25.6873146
967504901 -100.3165718 25.6869645
1269889657 -100.3092568 25.6854048
345363417 -100.3225094 25.6915145
345363413 -100.3197798 25.6921254
345376765 -100.3254869 25.6993566
611533266 -100.3185763 25.6875346
345363419 -100.3197772 25.6915833
345387494 -100.3197269 25.6863898
345387496 -100.3188009 25.6862686
345387492 -100.3206991 25.6865277
345387498 -100.3217514 25.685739
345387499 -100.3207872 25.6856321
345387553 -100.3112883 25.6846238
