1243936349 -51.21937193 -30.02416007
1243936348 -51.21908837 -30.02514553
834249407 -51.22089726 -30.02665578
1243936346 -51.22022579 -30.02473448
1243936341 -51.21910899 -30.02416241
356073075 -51.20739712 -30.03207828
297623758 -51.21611757 -30.03316416
297623759 -51.21603928 -30.03190972
611922228 -51.21125271 -30.02136697
611922229 -51.21027463 -30.02106756
330950586 -51.22064832 -30.03517389
1250703487 -51.21185612 -30.02719507
611922226 -51.21074711 -30.02031428
611922227 -51.21138389 -30.02126228
297232386 -51.22067992 -30.02391867
297227207 -51.2171928 -30.02092331
412541513 -51.21356528 -30.02620299
611920122 -51.22604333 -30.02567166
299381610 -51.20583222 -30.02800812
1243936347 -51.21942289 -30.02410726
1150050953 -51.20851242 -30.0287624
830118343 -51.22146447 -30.03495411
834296812 -51.2251064 -30.02520898
477240809 -51.22484539 -30.02590971
412537645 -51.2072895 -30.0283972
297623612 -51.21229433 -30.02539321
1246428055 -51.2219564 -30.03571662
297614685 -51.22154854 -30.03392633
1246428058 -51.22278403 -30.03584352
1250703545 -51.21140711 -30.02624322
1250703547 -51.21277621 -30.02753412
1250703546 -51.21323813 -30.0276487
1250703540 -51.2119117 -30.02605052
1250703543 -51.21293672 -30.02677908
1250703542 -51.21197221 -30.02593217
1250703549 -51.21278107 -30.026522
1246436750 -51.22015597 -30.02336161
1246436752 -51.22009478 -30.02309548
299849316 -51.21112782 -30.02641472
611903060 -51.21990393 -30.02218814
297360393 -51.22229746 -30.03509208
1250703400 -51.21313168 -30.02692098
1250703404 -51.21321802 -30.0276798
1250703405 -51.21119228 -30.026651
1250703408 -51.21378564 -30.02647213
477242780 -51.22360152 -30.03198072
295523700 -51.21534568 -30.03333943
297618281 -51.21932122 -30.03057759
830118426 -51.21797047 -30.03457433
630681022 -51.21909591 -30.02635311
297614226 -51.21811707 -30.03449403
296254572 -51.22486031 -30.03162449
629616873 -51.22352399 -30.02445092
297614228 -51.21799511 -30.03430351
297614229 -51.21805681 -30.0341715
1250703499 -51.21216081 -30.02555389
1250703491 -51.21172981 -30.02707454
445787045 -51.21463766 -30.02056373
627987211 -51.22157603 -30.02962943
832646913 -51.2139164 -30.02930899
356073037 -51.20975889 -30.03181132
611917293 -51.22191206 -30.02364508
297623555 -51.21507813 -30.03087054
297232892 -51.21808203 -30.02298241
660829804 -51.20573658 -30.0316032
314673840 -51.219342 -30.03238908
297614917 -51.22262947 -30.03423512
297614914 -51.22265512 -30.03460526
297614915 -51.22269082 -30.03446126
297614857 -51.221226 -30.03442337
297614855 -51.22149364 -30.03408927
622137805 -51.22313641 -30.03257776
297618060 -51.22475336 -30.03229454
297224498 -51.21560812 -30.03372868
321233875 -51.2065099 -30.0371609
330047976 -51.20572384 -30.0324263
416385607 -51.20879606 -30.02796344
1250703875 -51.21274989 -30.02637021
1250703876 -51.2130487 -30.02609134
1250703873 -51.212784 -30.02624163
1250703872 -51.21276774 -30.0261682
297617617 -51.22336993 -30.03076383
1250703878 -51.21275852 -30.02641287
830118411 -51.21761516 -30.03460878
330948361 -51.22064262 -30.03425682
660496127 -51.22086248 -30.02804902
297224992 -51.21988792 -30.02275233
297224997 -51.21863583 -30.02252291
297224996 -51.21868729 -30.02285727
295792301 -51.21617767 -30.0257937
1246428083 -51.2219792 -30.03581309
1250703538 -51.21258359 -30.02665687
1250703539 -51.21156678 -30.02592538
483973531 -51.21721761 -30.02667707
1250703536 -51.21258217 -30.02650172
1250703530 -51.21225024 -30.02701109
1250703531 -51.21215419 -30.02633601
1250703533 -51.2121878 -30.02711569
1246436709 -51.22015312 -30.02309548
1246436708 -51.22013082 -30.02310638
611918521 -51.2208266 -30.02949859
412540207 -51.20923938 -30.02683507
297232324 -51.22050139 -30.02400081
832646922 -51.2144629 -30.02680003
1246436845 -51.2200144 -30.02321861
490060007 -51.2080805 -30.02304201
611921589 -51.21221168 -30.02232736
1250703452 -51.21220607 -30.02625328
1250703451 -51.21253531 -30.02640013
1250703450 -51.21232643 -30.0260548
1250703457 -51.21368656 -30.02646073
611918517 -51.22173822 -30.029585
1250703455 -51.21262827 -30.02624574
1250703454 -51.21230221 -30.02609503
458237821 -51.21912047 -30.02477563
458237822 -51.22124008 -30.02331232
836568003 -51.21138372 -30.03709477
297615759 -51.22002781 -30.03155073
330954246 -51.22475956 -30.03391074
412540108 -51.21078467 -30.0293229
297226065 -51.21770502 -30.02124903
832646958 -51.2123836 -30.02347719
330047803 -51.2084234 -30.03299853
1250703392 -51.2118112 -30.02629234
330952394 -51.22591828 -30.03732871
1250703394 -51.2129943 -30.02754812
1250703395 -51.21313713 -30.02726028
297360226 -51.22449017 -30.03554311
1250703397 -51.2110689 -30.02714679
1250703399 -51.21330116 -30.02701142
686599296 -51.20960273 -30.03182004
299865380 -51.20650671 -30.02173342
298286742 -51.21461813 -30.02326832
299856654 -51.2079318 -30.02993822
296250795 -51.22321846 -30.02430181
297359908 -51.22605557 -30.03719493
611948561 -51.21780568 -30.02273171
477240516 -51.22507464 -30.03259914
299865384 -51.20692304 -30.0232161
297233100 -51.21918032 -30.02577501
330951213 -51.22124914 -30.03504749
490061848 -51.21726597 -30.0278274
1243936371 -51.22026736 -30.02473289
1243936373 -51.22032713 -30.02477446
297623562 -51.21508726 -30.02741979
330048305 -51.20996743 -30.037508
297232390 -51.2196756 -30.02604407
297232392 -51.21958122 -30.02640818
297232740 -51.21892467 -30.02510471
295747337 -51.20852801 -30.02889978
1150050827 -51.21506966 -30.02928921
297614966 -51.22238011 -30.0340316
297619972 -51.22573639 -30.03496476
1246436733 -51.22001214 -30.02318433
477240810 -51.2243921 -30.02569882
1246428046 -51.22213628 -30.03602197
416386481 -51.21001412 -30.02492441
330947402 -51.22341108 -30.03681213
686599284 -51.21083638 -30.0317793
295792343 -51.21928903 -30.02665687
297834660 -51.20845953 -30.02202427
1250703378 -51.21316387 -30.02727076
1250703379 -51.21325808 -30.02713028
1250703373 -51.21286757 -30.02652142
1250703376 -51.21313537 -30.02759631
1250703375 -51.21328264 -30.02731728
442753055 -51.21192846 -30.0252249
1246436746 -51.22003192 -30.02324988
321231519 -51.22221037 -30.03773741
1246436742 -51.2202102 -30.02312172
412540086 -51.21190968 -30.02948232
1246436748 -51.22003066 -30.02335029
611924552 -51.20845592 -30.03106843
1250703411 -51.21274058 -30.02567753
1250703410 -51.21344726 -30.02732457
611963070 -51.22474531 -30.03097531
457564753 -51.217257 -30.03183672
330047114 -51.20728489 -30.03513843
295523329 -51.20904827 -30.03661717
297233440 -51.21742942 -30.0250949
686599232 -51.20846422 -30.02994442
298286585 -51.21375982 -30.02223541
299852924 -51.21338532 -30.03214391
297223585 -51.21969639 -30.03236142
1250703458 -51.21302808 -30.02721762
299849251 -51.21109597 -30.0262946
611918516 -51.2172539 -30.02933137
297623395 -51.20981128 -30.0291965
297360462 -51.22110673 -30.03477323
297233214 -51.21802847 -30.02570393
1246436813 -51.22023761 -30.0231674
412540868 -51.21114878 -30.02460238
295747344 -51.21161498 -30.02287378
611922230 -51.20873998 -30.02231429
477240553 -51.2255913 -30.02864372
477240552 -51.22458622 -30.0286526
314674236 -51.21091341 -30.03308763
1250703461 -51.21229852 -30.02546857
297620730 -51.22370109 -30.02822387
477240656 -51.22465487 -30.02972263
297623304 -51.21391723 -30.02940571
1250703468 -51.21257311 -30.02564936
1250703469 -51.21334014 -30.02733983
297623301 -51.21592353 -30.02935928
442751477 -51.21321416 -30.02412302
297618295 -51.21598849 -30.03084547
832646967 -51.21072968 -30.021746
832646889 -51.21512574 -30.02733849
629616739 -51.22464398 -30.02496272
314673852 -51.21940068 -30.03243443
295520642 -51.20893067 -30.03689947
611947485 -51.21040103 -30.02398028
314674305 -51.20974891 -30.03306534
448665754 -51.21941987 -30.02702324
314673918 -51.21899893 -30.03128519
297623413 -51.21212552 -30.02948928
297623412 -51.21222912 -30.02942617
297615756 -51.21934888 -30.031123
296022313 -51.20966476 -30.02581667
611922553 -51.20788319 -30.02128541
1072817792 -51.2240471 -30.03332467
1243936282 -51.22020039 -30.02475803
1243936283 -51.2193897 -30.02412344
1243936285 -51.21944476 -30.02428739
330955280 -51.21909281 -30.03780681
660496082 -51.2224682 -30.02668528
1243936327 -51.22031992 -30.0248074
1243936325 -51.2203081 -30.02474471
356073053 -51.2084348 -30.03213662
330047944 -51.20571152 -30.03350371
484039325 -51.22485629 -30.0324118
297224095 -51.21797969 -30.03451298
297224096 -51.21786293 -30.03467751
297224097 -51.21766403 -30.03465647
297224098 -51.21759119 -30.03455363
297224099 -51.21760267 -30.03445707
299849027 -51.213992 -30.02868378
297621860 -51.22250307 -30.02620852
830118403 -51.21763293 -30.03441382
297232533 -51.21952967 -30.02558331
830118406 -51.21758801 -30.03451474
297232536 -51.21938433 -30.02623828
297617077 -51.22438271 -30.03216076
297232539 -51.21963269 -30.02689123
314671966 -51.21007346 -30.03633646
295792275 -51.21896607 -30.02652997
834378673 -51.22583286 -30.03100532
1250703887 -51.21298986 -30.02714067
295792271 -51.21915609 -30.02644028
295792377 -51.21480144 -30.02496657
1246428079 -51.22250449 -30.03541177
660496487 -51.21808899 -30.02257522
295792373 -51.21534702 -30.02539799
1250703522 -51.21266137 -30.02728777
1250703520 -51.21273824 -30.02576143
297233524 -51.21488861 -30.0204059
295523072 -51.21917034 -30.03273836
430256103 -51.21890178 -30.0222925
430256104 -51.21912499 -30.02226282
871727784 -51.21606074 -30.02589554
443399500 -51.21416919 -30.02799948
443399502 -51.21724317 -30.02940571
611921212 -51.21384029 -30.02401012
611921213 -51.2139739 -30.02390853
443399506 -51.21507209 -30.02935417
430256084 -51.21867522 -30.02245326
430256087 -51.21807499 -30.02155271
297232799 -51.2201765 -30.02283212
1250703393 -51.21224446 -30.02547058
1250703426 -51.21205159 -30.02595991
1250703427 -51.21336101 -30.02692593
1250703424 -51.2135543 -30.0263863
1250703425 -51.21323151 -30.02685661
1250703423 -51.2132896 -30.02708342
1250703420 -51.21324249 -30.0272374
1250703421 -51.2125991 -30.02586361
611963041 -51.22475302 -30.03106768
1250703396 -51.21161389 -30.02605907
445787402 -51.21489867 -30.02487278
330948942 -51.22183386 -30.03416387
412540133 -51.2108016 -30.03021616
1250703381 -51.21307787 -30.02704001
611922569 -51.20780021 -30.02134853
1250703389 -51.21189024 -30.02615161
297224858 -51.21834171 -30.02170492
297614474 -51.21944619 -30.03065638
314674340 -51.20973223 -30.03468522
297614471 -51.21935307 -30.03025103
477240500 -51.22286031 -30.03033284
414837904 -51.22544721 -30.03775627
477240504 -51.22589129 -30.03161108
477240667 -51.22471539 -30.03040626
490061853 -51.21726002 -30.02848672
317711601 -51.21283463 -30.03793606
1243936363 -51.2193824 -30.02419376
1243936362 -51.22030181 -30.02483171
330048277 -51.20842474 -30.03699192
295166566 -51.22430082 -30.03110112
412538571 -51.21907261 -30.02405798
611919828 -51.20852122 -30.02901202
611919822 -51.20841619 -30.02866827
611919823 -51.20857377 -30.02870641
479066847 -51.20638232 -30.02437272
1250703885 -51.21353519 -30.02630223
1250703886 -51.21309237 -30.02694127
297232797 -51.22030433 -30.02322632
1250703881 -51.21317116 -30.02690916
297614507 -51.21829284 -30.03452127
297614509 -51.21802403 -30.03441474
599030971 -51.2193534 -30.02632319
1250703888 -51.2128089 -30.02744527
1250703889 -51.21304367 -30.02725232
297617522 -51.22227131 -30.03190067
297618164 -51.22389346 -30.03190067
1246428034 -51.22202253 -30.03564369
1246436727 -51.21727301 -30.02651421
330947419 -51.22474053 -30.03575903
1246436729 -51.22023183 -30.02322423
330947414 -51.22459653 -30.03587227
297621192 -51.22322098 -30.03048162
929762909 -51.21451327 -30.03403018
330048209 -51.20926218 -30.03709368
1243936313 -51.22026653 -30.0248411
1243936310 -51.21923849 -30.02414314
483973567 -51.21718643 -30.0264671
297621190 -51.22307497 -30.03035304
388181854 -51.2223185 -30.03489611
1250703369 -51.21317871 -30.02617566
1250703368 -51.21299757 -30.02660582
1250703363 -51.21212049 -30.02630994
477240892 -51.22444482 -30.02711117
1250703364 -51.21185788 -30.02620902
477240890 -51.22416646 -30.02703757
1250703366 -51.21331332 -30.0262661
297224102 -51.21793544 -30.03441432
1107041547 -51.21101198 -30.0358462
297224101 -51.21781851 -30.03435498
297232278 -51.22003158 -30.02479692
297232277 -51.22015253 -30.02451839
660496451 -51.22055847 -30.02324468
297232272 -51.22049686 -30.0231767
660496453 -51.22048144 -30.02309003
297614595 -51.22042427 -30.0321968
297233051 -51.21846509 -30.02594843
297233053 -51.21884873 -30.02609302
297233054 -51.21902584 -30.02606092
297223560 -51.21946211 -30.03222564
477240711 -51.2257731 -30.0263376
314671953 -51.20908524 -30.03686971
477240712 -51.22548912 -30.02738492
477240714 -51.22570278 -30.02976094
297621684 -51.22290389 -30.02627742
477240716 -51.22575349 -30.03033284
1246436795 -51.22002261 -30.02315097
1246436791 -51.22020408 -30.02326698
297224975 -51.2184236 -30.02225394
295520527 -51.20568118 -30.03729987
1250703519 -51.21273379 -30.02717571
295523686 -51.21099882 -30.03555962
448659791 -51.21926472 -30.02835806
1250703513 -51.21276246 -30.02734142
1250703510 -51.21223247 -30.02542523
1250703516 -51.21262801 -30.02588783
1250703514 -51.21265484 -30.02737838
448659796 -51.21929037 -30.02802379
297352629 -51.22058931 -30.02361432
314674182 -51.2124333 -30.03227643
295165488 -51.22301638 -30.03247919
483959723 -51.2194373 -30.02871622
477240549 -51.22162498 -30.02438713
477240546 -51.22291831 -30.02503983
477240547 -51.22324571 -30.02519934
477240542 -51.22113238 -30.02588423
477240543 -51.219816 -30.02557284
1250703470 -51.21288316 -30.02731887
1250703473 -51.21258233 -30.02596972
1250703472 -51.21274394 -30.02622378
1250703475 -51.21260463 -30.02648906
477240786 -51.22227508 -30.02960302
295792394 -51.21289632 -30.02300697
295167310 -51.22015278 -30.03643637
297232891 -51.21816418 -30.02315826
297232896 -51.21811523 -30.02162429
1250703365 -51.21200893 -30.02626703
483851076 -51.21726798 -30.03291698
479066801 -51.20574069 -30.02329891
1250703367 -51.2127659 -30.02663147
330955139 -51.22022437 -30.0363445
457301828 -51.209289 -30.02285291
297224863 -51.219298 -30.02230817
297232810 -51.21932239 -30.02337007
297614931 -51.22141703 -30.03415096
297224867 -51.21999194 -30.02302818
297224868 -51.21996612 -30.0231472
297622317 -51.22242579 -30.02646124
297623408 -51.21058979 -30.029181
611922831 -51.20673813 -30.02153393
296024228 -51.21299866 -30.02290488
297232730 -51.21949673 -30.02692861
1243936359 -51.21955834 -30.02416828
842729634 -51.20969686 -30.03624786
297233065 -51.21930931 -30.02493757
611943597 -51.20721599 -30.02052601
297233776 -51.21579486 -30.02271981
297232738 -51.21887614 -30.02539983
1243936298 -51.22017776 -30.02483087
297232808 -51.21976009 -30.02335524
611922231 -51.20852599 -30.02209921
330047890 -51.20574974 -30.03075428
330950595 -51.2207997 -30.0347796
330048326 -51.21113939 -30.03819649
834383240 -51.22181827 -30.0296389
321233610 -51.20726393 -30.03704339
299855682 -51.21563376 -30.02772682
1150050741 -51.20830178 -30.03707272
477240871 -51.22390503 -30.02696683
297352671 -51.22059401 -30.02375522
297352676 -51.22071253 -30.02341902
477240753 -51.22312341 -30.02966488
1246428060 -51.22064262 -30.03445782
300259875 -51.21776503 -30.03469109
300259874 -51.2179387 -30.03462638
834378667 -51.22582264 -30.03090121
660496075 -51.2223822 -30.02814223
1072817735 -51.22364418 -30.03471221
1072817730 -51.22308846 -30.03417426
295747331 -51.20844327 -30.03168551
297233055 -51.21913489 -30.02595488
830128126 -51.219356 -30.02795782
830128127 -51.21944468 -30.02944896
314673648 -51.22026032 -30.0324486
1250703550 -51.21305147 -30.02666609
297615947 -51.21923756 -30.03094329
314673647 -51.2203977 -30.03232974
830128128 -51.21943378 -30.02952264
412538941 -51.21632259 -30.02352153
388181692 -51.22125174 -30.03462412
295165467 -51.21985481 -30.03657752
1243941800 -51.22209076 -30.0340135
297233068 -51.21966906 -30.02519196
297233063 -51.21911753 -30.02505643
430256091 -51.21988892 -30.02325859
430256096 -51.21862719 -30.02274587
297233067 -51.21964132 -30.02503338
297233066 -51.21947117 -30.02494093
443399498 -51.2107467 -30.0282646
443399499 -51.21092649 -30.0272462
660496621 -51.2203019 -30.02309414
297621173 -51.22296868 -30.03016117
314671981 -51.21024336 -30.03624493
297620920 -51.22480332 -30.03216822
412537499 -51.20578486 -30.02975507
330953967 -51.2223796 -30.03350991
299845194 -51.20995737 -30.02058217
297360242 -51.22133773 -30.03474432
1250703488 -51.21189946 -30.0253938
611923979 -51.20845324 -30.03025103
330954036 -51.22575156 -30.03313432
686599375 -51.21232207 -30.03168291
1250703480 -51.2127068 -30.02634121
1250703481 -51.21308776 -30.02675452
686599378 -51.21418001 -30.0312639
1250703484 -51.21221722 -30.02552297
1250703485 -51.21214773 -30.02719507
1250703486 -51.21200842 -30.02723371
330047614 -51.20652943 -30.03335778
330047228 -51.20651761 -30.03515327
330047229 -51.20835232 -30.0351536
932052023 -51.22064522 -30.03517154
297224100 -51.21768482 -30.0343756
299862337 -51.20815501 -30.02621531
295521693 -51.21542807 -30.03355568
330048046 -51.20900544 -30.03670627
330048045 -51.20902262 -30.03678808
330047822 -51.2057163 -30.03290927
912962040 -51.20828703 -30.03689704
1246436716 -51.22009252 -30.0233554
1246436717 -51.22015597 -30.02328969
299865385 -51.20684173 -30.02330964
1246436713 -51.22005748 -30.02327108
297232747 -51.22017097 -30.02354593
297232742 -51.21954124 -30.02438219
836567988 -51.21083202 -30.03786557
1243936301 -51.22022847 -30.02482928
1243936303 -51.21946136 -30.02410701
457564760 -51.20837026 -30.03467114
842729603 -51.20895238 -30.03666042
842729602 -51.20892011 -30.03680886
1250703515 -51.21252768 -30.02761727
295747349 -51.2108254 -30.02079322
1250703359 -51.21223842 -30.02607919
317711342 -51.22024373 -30.03430787
1250703355 -51.21213164 -30.02603703
297224489 -51.21740109 -30.03436671
297232262 -51.21777417 -30.02097712
1250703865 -51.21261469 -30.02595472
1250703862 -51.21341683 -30.02622176
297232267 -51.21989638 -30.02226559
611923657 -51.20750642 -30.02893197
457564794 -51.20979317 -30.03022789
484040270 -51.2234509 -30.03196748
611923653 -51.20755302 -30.02846719
484039322 -51.226043 -30.03330137
611903051 -51.21741484 -30.020869
297614854 -51.22154368 -30.03399933
330948250 -51.22127562 -30.03430033
830118386 -51.21788372 -30.03437601
1246428090 -51.22225237 -30.0360555
1246428094 -51.22042411 -30.03432153
611946140 -51.2104975 -30.02029257
1246428096 -51.22237072 -30.03604167
295523695 -51.21381447 -30.03410561
295523697 -51.21450967 -30.0337638
295523692 -51.21287377 -30.03458028
330948520 -51.223512 -30.03522661
1250703501 -51.21182461 -30.02542599
1250703500 -51.21170567 -30.0269442
1250703503 -51.21160911 -30.02684127
1250703504 -51.2116133 -30.02679433
830118379 -51.21796427 -30.03445548
295165496 -51.22425086 -30.03100029
297352632 -51.22103766 -30.02327058
297352633 -51.2210359 -30.02321057
297352631 -51.22090816 -30.02328818
330950597 -51.22077061 -30.03464172
830128125 -51.21920513 -30.02635956
611921592 -51.21233599 -30.02222712
611921595 -51.2117257 -30.02275819
490060019 -51.20702236 -30.02185253
477240639 -51.22446368 -30.02711142
479067536 -51.20663688 -30.02293949
330047141 -51.2073081 -30.03320733
297620919 -51.22487196 -30.03213101
832646948 -51.20767791 -30.02394289
297232885 -51.21919498 -30.02440918
297617080 -51.22403084 -30.03191551
443150637 -51.22463534 -30.03222983
299866367 -51.20675599 -30.02418664
297232888 -51.21889458 -30.02377014
297360232 -51.22217693 -30.03493961
912962039 -51.20819063 -30.03706233
297360230 -51.22356942 -30.03510432
1250703529 -51.21271669 -30.02716984
1243936334 -51.21967116 -30.02424397
330947055 -51.22111151 -30.0369967
686599382 -51.21516237 -30.03102107
477240520 -51.22597854 -30.03258338
314674241 -51.2125856 -30.03307288
686599386 -51.21725424 -30.03051699
330947059 -51.22263098 -30.0373956
479070551 -51.20586021 -30.02131659
611923927 -51.20582652 -30.02882627
306123823 -51.22175549 -30.03636269
1250703482 -51.21264176 -30.02658403
479066883 -51.20700577 -30.02544191
