1243936349 1243936283
1243936349 1243936363
1243936348 297233100
1243936348 297233063
834249407 660496082
834249407 660496127
834249407 477240542
834249407 295792343
1243936346 1243936371
1243936346 1243936282
1243936341 297232885
1243936341 1243936310
1243936341 412538571
356073075 356073053
356073075 330047976
356073075 686599296
297623758 295523700
297623758 483851076
297623758 297623759
297623759 297618295
297623759 457564753
611922228 295747349
611922228 832646967
611922228 611921589
611922229 611922230
611922229 832646967
611922229 295747349
611922229 299845194
330950586 330950595
330950586 932052023
330950586 295165467
1250703487 1250703491
1250703487 1250703486
611922226 611922227
611922227 611921592
297232386 297352671
297232386 297232324
297232386 477240549
297227207 297226065
412541513 1250703481
412541513 295792377
412541513 832646922
412541513 1250703411
611920122 477240711
611920122 834296812
299381610 479066883
299381610 611923927
299381610 412537645
1243936347 1243936303
1243936347 1243936283
1150050953 611919822
1150050953 295747337
830118343 330951213
830118343 297360462
830118343 297360393
834296812 477240809
834296812 629616739
477240809 477240711
477240809 477240892
477240809 477240810
412537645 299862337
412537645 611923653
297623612 412540868
297623612 611921212
297623612 1250703411
1246428055 1246428034
1246428055 1246428083
297614685 297614854
297614685 297614595
1246428058 1246428079
1246428058 1246428096
1246428058 330947402
1250703545 1250703538
1250703545 1250703405
1250703545 1250703539
1250703547 1250703546
1250703547 1250703888
1250703546 1250703404
1250703546 1250703410
1250703540 1250703539
1250703540 1250703542
1250703543 1250703519
1250703543 1250703538
1250703542 1250703426
1250703542 1250703499
1250703549 1250703875
1250703549 1250703550
1246436750 1246436716
1246436750 1246436717
1246436752 1246436795
1246436752 1246436709
299849316 299849251
299849316 443399499
611903060 1246436708
611903060 611903051
297360393 1246428079
297360393 330948520
1250703400 1250703399
1250703400 1250703481
1250703404 1250703397
1250703405 1250703504
1250703405 1250703397
1250703408 1250703885
1250703408 1250703420
477242780 622137805
477242780 295166566
477242780 297618164
295523700 686599382
295523700 295523697
295523700 295521693
297618281 297614474
297618281 686599386
830118426 297224095
830118426 300259874
630681022 297233051
630681022 830128125
297614226 297614509
297614226 297614507
296254572 611963041
296254572 297620919
296254572 477240504
629616873 477240547
629616873 296250795
629616873 629616739
297614228 297614509
297614228 297614229
297614229 295523072
297614229 297224100
1250703499 1250703501
1250703499 1250703510
1250703491 1250703500
445787045 297233524
445787045 611921592
445787045 297233776
627987211 834383240
627987211 297617617
627987211 830128128
832646913 297623304
832646913 297623412
832646913 299849027
832646913 1150050827
356073037 314674305
356073037 457564794
356073037 686599284
356073037 686599296
611917293 458237822
611917293 296250795
611917293 477240549
297623555 686599382
297623555 443399506
297232892 297232891
297232892 660496487
660829804 611924552
660829804 330047976
660829804 330047890
314673840 297223560
314673840 483851076
297614917 297614966
297614917 297614915
297614914 388181854
297614914 297614915
297614857 388181692
297614857 330948250
297614855 297614854
297614855 297614931
622137805 1072817792
622137805 330953967
622137805 295165488
297618060 443150637
297618060 484039325
297224498 295521693
297224498 297224489
321233875 295520527
321233875 330047228
321233875 321233610
330047976 330047822
416385607 443399498
416385607 611919823
416385607 412540207
1250703875 1250703873
1250703876 1250703369
1250703876 1250703878
1250703873 1250703872
1250703872 1250703865
297617617 443150637
297617617 484040270
1250703878 1250703480
830118411 297224097
830118411 297224098
830118411 297224489
330948361 317711342
330948361 297360242
330948361 297614931
660496127 660496075
660496127 830128126
660496127 611918521
297224992 297224863
297224992 297224867
297224997 430256096
297224997 430256084
297224996 297232810
297224996 430256096
295792301 871727784
295792301 445787402
295792301 297233440
295792301 483973567
1246428083 1246428046
1250703538 1250703536
1250703539 1250703501
483973531 871727784
483973531 490061848
483973531 295792343
1250703536 1250703531
1250703530 1250703529
1250703530 1250703504
1250703530 1250703533
1250703531 1250703452
1250703533 1250703522
1246436709 1246436742
1246436708 1246436716
611918521 830128127
611918521 611918517
412540207 296022313
412540207 443399499
297232324 297232277
832646922 443399500
832646922 295792373
832646922 832646889
1246436845 1246436733
1246436845 1246436746
490060007 611922231
490060007 832646948
490060007 490060019
490060007 416386481
611921589 611921595
611921589 295792394
611921589 611921592
1250703452 1250703451
1250703452 1250703454
1250703451 1250703455
1250703450 1250703426
1250703450 1250703468
1250703450 1250703454
1250703457 1250703427
611918517 834383240
611918517 477240786
1250703455 1250703454
458237821 297232885
458237821 297232742
458237821 297232740
458237822 297352632
458237822 297352633
836568003 317711601
836568003 314671966
836568003 836567988
297615759 297615756
297615759 297614595
297615759 297614474
330954246 1072817792
330954246 1072817735
330954246 297619972
330954246 330954036
412540108 297623395
412540108 412540133
412540108 412540086
297226065 297232799
297226065 430256087
832646958 412540868
832646958 295792394
832646958 295747344
832646958 442751477
330047803 356073053
330047803 457564760
330047803 330047141
1250703392 1250703364
330952394 414837904
330952394 330947414
330952394 297359908
1250703394 1250703395
1250703395 1250703378
1250703395 1250703458
297360226 1072817735
297360226 297360230
297360226 330947419
1250703399 1250703427
1250703399 1250703423
686599296 295747331
299865380 611922831
299865380 299865384
298286742 611921213
298286742 297233776
299856654 686599232
296250795 477240546
297359908 330947419
611948561 412538941
611948561 297232891
611948561 660496487
477240516 477240520
477240516 484039325
477240516 330954036
299865384 299865385
297233100 830128125
297233100 297233055
330951213 330955139
490061848 830128126
490061848 299855682
490061848 490061853
1243936371 1243936325
1243936373 1243936327
1243936373 1243936325
297623562 1150050827
297623562 832646889
330048305 330048209
330048305 330048326
297232390 297232392
297232390 599030971
297232390 477240543
297232392 295792343
297232740 297232738
295747337 297623408
295747337 611919823
295747337 611919828
1150050827 443399506
1150050827 611918516
297614966 1243941800
297619972 330947419
1246436733 1246436795
477240810 477240871
477240810 477240547
477240810 629616739
1246428046 1246428090
416386481 296022313
416386481 611947485
330947402 330947414
330947402 330947059
686599284 412540133
686599284 314674236
686599284 686599375
295792343 448665754
297834660 611922231
297834660 611922569
297834660 611922553
1250703378 1250703379
1250703378 1250703375
1250703379 1250703423
1250703379 1250703381
1250703373 1250703369
1250703373 1250703368
1250703373 1250703367
1250703376 1250703375
1250703375 1250703469
442753055 1250703501
442753055 1250703510
1246436746 1246436713
321231519 330947055
321231519 330947059
1246436742 1246436813
412540086 297623413
412540086 686599375
1246436748 1246436716
1246436748 1246436713
611924552 611923979
611924552 295747331
1250703411 1250703421
1250703410 1250703420
611963070 611963041
611963070 295165496
611963070 834378667
611963070 477240667
457564753 686599386
457564753 483851076
330047114 330047228
330047114 330047229
330047114 321233610
330047114 330047141
295523329 842729634
295523329 330048046
295523329 842729603
297233440 412538941
297233440 412538571
297233440 297233214
686599232 611923979
686599232 611919828
298286585 296024228
299852924 295523695
299852924 314674182
297223585 297223560
297223585 297614595
1250703458 1250703470
299849251 296022313
611918516 830128127
611918516 443399502
611918516 490061853
297623395 457564794
297623395 611919828
297360462 1246428060
297360462 297360242
297360462 932052023
297233214 297233051
297233214 483973567
1246436813 1246436729
412540868 611947485
295747344 611921595
295747344 611947485
611922230 611922231
611922230 457301828
477240553 477240552
477240553 477240712
477240553 477240714
477240552 297620730
477240552 477240656
477240552 477240639
314674236 314674305
314674236 314674241
314674236 295523686
1250703461 1250703426
1250703461 1250703468
1250703461 1250703510
297620730 660496075
297620730 477240753
297620730 477240890
477240656 477240753
477240656 477240714
477240656 477240667
297623304 297623413
297623304 686599378
297623304 443399506
1250703468 1250703520
297623301 443399502
297623301 297618295
297623301 443399506
297618295 686599382
297618295 686599386
832646967 611921595
832646967 457301828
832646889 871727784
832646889 299855682
314673852 295523072
314673852 297223560
295520642 330048209
295520642 314671953
295520642 330048277
295520642 842729602
611947485 457301828
314674305 314674340
448665754 830128126
314673918 483959723
314673918 297223560
297623413 297623412
297623412 297623408
297615756 297615947
296022313 832646948
611922553 611943597
611922553 611922569
1072817792 1072817730
1243936282 1243936298
1243936285 1243936310
1243936285 1243936359
330955280 295167310
660496082 297622317
660496082 660496075
660496082 477240871
1243936327 1243936362
356073053 295747331
330047944 295520527
330047944 330047822
330047944 330047614
484039325 297620919
297224095 830118379
297224096 300259875
297224096 300259874
297224096 297614507
297224097 300259875
297224098 830118406
297224099 830118403
297224099 830118406
299849027 443399500
299849027 443399498
297621860 297622317
297621860 477240546
297621860 297621684
297621860 477240542
830118403 297224100
297232533 297233068
297232533 297232536
297232533 297232278
297232536 297232539
297617077 443150637
297617077 297617080
297232539 297615947
314671966 314671953
314671966 314671981
295792275 295792271
295792275 1246436727
834378673 611963041
834378673 477240504
834378673 834378667
1250703887 1250703886
1250703887 1250703420
295792271 830128125
295792377 445787402
295792377 611921212
295792377 295792373
1246428079 1246428034
660496487 297232896
295792373 871727784
1250703522 1250703529
1250703520 1250703516
1250703520 1250703862
295523072 314673648
295523072 295521693
430256103 430256104
430256103 430256084
430256104 297224863
443399500 1250703515
443399502 686599386
443399502 830128128
611921212 295792394
611921213 445787402
611921213 296024228
430256084 297224975
430256087 297232896
297232799 660496621
297232799 660496453
1250703393 1250703484
1250703427 1250703425
1250703424 1250703425
1250703420 1250703889
1250703421 1250703473
611963041 295166566
1250703396 1250703389
445787402 412538941
330948942 1243941800
330948942 295167310
330948942 330953967
412540133 457564794
611922569 490060019
1250703389 1250703484
1250703389 1250703364
297224858 297224863
297224858 297232262
297614474 297614471
314674340 842729634
314674340 457564760
297614471 830128128
477240500 297620920
477240500 834383240
477240500 297621173
477240504 477240520
477240667 297621192
477240667 477240716
490061853 299855682
1243936363 1243936301
1243936362 1243936313
330048277 1150050741
330048277 912962039
412538571 297232888
611919828 611923657
611919822 611923653
611919822 611919823
479066847 299866367
479066847 479066801
479066847 479066883
1250703885 1250703862
1250703885 1250703881
1250703886 1250703881
297232797 297232747
297232797 660496621
297614507 317711342
599030971 830128125
1250703888 1250703889
297617522 295165488
297617522 297614595
297618164 297617080
1246436727 483973567
330947419 330947414
1246436729 1246436791
330947414 330948520
297621192 297621190
929762909 1107041547
929762909 295523697
929762909 295521693
1243936313 1243936301
297621190 297621173
388181854 297360232
1250703369 1250703366
1250703368 1250703366
1250703363 1250703365
1250703363 1250703475
1250703363 1250703359
477240892 477240890
477240892 477240639
1250703364 1250703365
477240890 477240871
297224102 830118379
297224102 830118386
1107041547 295523686
1107041547 314671981
297224101 297224100
297224101 830118386
297232278 297232277
297232278 477240543
297232278 1243936298
297232277 297232272
660496451 297232747
660496451 297352629
660496451 297352633
660496451 660496453
297232272 297232267
297614595 314673647
297233051 297233053
297233053 297233054
297233054 297233055
477240711 477240712
314671953 330048045
314671953 836567988
477240712 477240639
477240714 477240716
297621684 477240547
477240716 834378667
1246436791 1246436717
297224975 297232896
1250703519 1250703529
295523686 842729634
295523686 295523692
448659791 483959723
448659791 448659796
1250703513 1250703470
1250703513 1250703514
1250703513 1250703481
1250703516 1250703865
1250703514 1250703485
1250703514 1250703515
448659796 830128126
297352629 297352676
297352629 297352671
314674182 314674241
314674182 686599375
295165488 484040270
295165488 295165467
483959723 297232730
477240549 477240546
477240549 477240542
477240546 477240547
477240542 477240543
1250703473 1250703472
1250703472 1250703480
1250703475 1250703480
1250703475 1250703482
477240786 834383240
477240786 660496075
477240786 477240753
295167310 330955139
297232891 297232888
1250703365 1250703355
479066801 479067536
1250703367 1250703482
1250703367 1250703481
330955139 330947055
297232810 297232808
297614931 330948250
297224867 297224868
297224868 430256091
297623408 443399498
611922831 490060019
296024228 611921592
297232730 297232738
1243936359 1243936334
1243936359 1243936303
297233065 297233063
297233065 297233066
297233776 412538941
297232808 430256091
330047890 611923979
330047890 412537499
330950595 330950597
321233610 912962040
297352676 297352631
477240753 297621173
1246428060 330950597
1246428060 1246428094
1072817735 1072817730
1072817730 330953967
830128127 830128128
314673648 314673647
1250703550 1250703862
388181692 297360242
297233068 297233067
297233063 297232742
297233067 297233066
443399498 443399499
443399499 1250703515
297620920 297620919
412537499 611923927
299845194 611946140
297360242 297360232
1250703488 1250703484
611923979 457564794
330954036 484039322
686599375 686599378
686599378 686599382
686599378 295523697
1250703485 1250703486
330047614 330047228
330047614 330047141
330047229 457564760
330047229 912962040
330048046 330048045
912962040 912962039
912962040 842729603
1246436716 297232747
299865385 479067536
299865385 299866367
297232747 1243936334
297232742 1243936334
842729603 842729602
295747349 611946140
317711342 1246428094
297232262 297352633
297232262 297232267
611923657 611923927
611923657 611923653
484040270 295165496
484039322 477240520
1246428090 1246428096
295523695 295523697
295523695 295523692
295523692 314674241
1250703500 1250703503
1250703503 1250703504
297352632 297352631
479067536 479070551
832646948 479066883
297360232 297360230
330947055 306123823
330947059 306123823
