992034077 992020197
992034077 992034076
1002219328 992019989
1002219328 1002219326
1036684684 1036684690
1036684684 1036684685
992019989 992020162
992019989 992020060
1036684692 1036684693
1036684692 995388322
1036684692 1036684685
995388312 995388329
992020197 992020402
994519759 324277769
994519759 1001388747
994519759 324277767
994519759 489860289
1002219326 1002219338
534281312 534281303
995388314 995388338
995388314 995388329
1036684682 1036684689
1036684682 1036684686
1036684699 1036684707
1036684699 1036684696
1036684686 1036684687
1036684686 1036684685
562820826 534281293
562820826 582300962
562820826 562820827
320756107 100194114
320756107 994112707
1001388747 324278740
1001388747 995388322
1001388747 1036684696
534281293 534281303
1036684689 1036684688
995388338 324277769
324277769 324277772
324277769 995388322
1019758126 1019758119
1019758126 1019758154
1036684707 324278743
489860326 489860311
320756115 320756109
320756115 885714933
992020402 992020313
489860479 992020313
489860479 1002219338
489860479 992020060
489860479 989807833
562820832 100185761
562820832 100187710
562820832 562820827
562820832 885714933
324278742 324278740
489860311 992034076
100179101 994112707
100179101 320756109
995388322 582300962
995358731 582300962
100188744 100187710
100188744 994112673
994112707 994112634
994112707 994112673
885714933 1206805573
885714933 994112676
994112634 994112657
489860289 992020313
489860289 992034076
1001388738 1036684690
1001388738 1036684696
989807912 989807833
1036684690 994112673
1036684693 1036684695
994112615 994112657
994112615 994112676
1036684696 1036684695
100189732 994112673
100189732 100192918
1019758154 562820827
1036684687 1036684688
