634187798 634187802
634187798 634187803
634187798 634187797
875956141 248535996
875956141 815584065
875956141 248535995
836919026 836918966
836919026 248536777
836919026 279560170
836919026 836918984
476504089 476504094
476504089 248577943
476504089 476504088
1391988684 815645033
1391988684 815645043
1391988686 679335580
1391988686 279560170
476504085 476504084
476504085 476504087
476504085 815547606
476504084 476504083
476504087 634912578
476504087 476504030
1071689519 248967950
1071689519 476504037
1071689519 1071689510
248973516 836918966
248973516 476504038
248973516 816194916
476504083 248535995
476504083 248535990
476504083 815587143
634187797 601720478
634187797 634912521
634187797 476504033
248968241 1071689526
248968241 248967955
248968241 248967950
248535439 817621270
248535439 634912578
248535439 248535440
816213030 816213031
815686344 836919330
815686344 815686481
815686344 815686484
819331458 819331460
819331458 836919266
476504088 836919050
476504088 476504093
476504088 476504091
815686503 1334341440
815686503 815686499
248969972 248969969
248969972 340333293
815567034 815567037
766866845 766866839
766866845 836918861
766866845 248709612
875956259 816173457
875956259 815588875
875956259 875956282
816207517 836918861
816207517 816207516
248536738 248967955
248536738 248536740
837021206 836919191
837021206 249087946
837021206 249088533
248709619 248709636
248709619 506427642
248709619 1393198502
634187791 248973693
634187791 815593082
634187791 249088181
249087943 249087945
248535989 340333296
248535989 634912543
248535989 248535441
248535989 248535990
248709612 506427642
248709612 766866867
249087945 248974155
249087945 836919216
249087945 837021183
836918893 248709637
836918893 248538110
836918893 819238771
891939247 891939243
891939247 891939249
248969205 819646723
248969205 480112984
732551173 772815160
732551173 248538322
891939243 891939205
476504096 634187747
476504096 476504095
476504096 476504092
836919330 1334341461
634187802 476504033
634187803 248535996
634187803 601720478
634187803 601720475
476504092 836919133
476504092 476504091
476504093 476504035
476504093 836919013
891939249 891939209
819331446 819331486
819331446 819331441
340333296 248973693
340333296 340333293
815547608 815567029
815547608 815547606
634187729 601720475
634187729 634187739
340333293 248535443
601720478 634912578
601720478 476504030
1071689514 248967994
1071689514 476504026
1071689514 836918918
1071689514 1071689526
1071689512 1071689506
1071689512 480112984
1071689512 279561929
815547606 248982233
1071689510 248969114
1071689510 248967990
248973693 875956282
248973693 743841736
248973693 642547446
248973696 1393195152
248973696 633485321
248973696 634187744
815663356 836919216
1334341461 772815159
1334341461 836919321
1334341461 836919312
817621196 634912543
837021151 819331486
837021151 837021150
248535996 633485437
248535996 634187739
248975111 1391990338
248975111 836919068
248975111 634187691
837021143 249087720
837021143 249088533
634912554 634912552
634912554 634912555
248535998 815594069
248535998 633485437
248535998 1393195152
634912555 248981548
480112988 480112989
480112988 1393198502
480112988 816194916
480112988 279561929
816173457 816173461
1334341486 815686489
1334341486 815686492
476504030 248535995
248538110 248967994
248538110 836918918
248538110 836918902
815566948 836918966
248969112 476504034
248969112 836919001
248969112 836918976
836919321 815686327
836919321 772815162
480112984 772815160
480112984 816213022
480112984 642708976
875956282 816173461
248969114 480112989
248969114 1071689506
815645033 837021156
248968630 476504095
815686481 815686479
642547268 633485437
642547268 642547267
642547268 1393195152
815686486 815686327
815686486 815686484
815686327 815686489
248982233 248535440
1071689506 766866867
642547267 634187739
642547267 634187744
836918801 506427643
836918801 248709637
836918801 836918800
476504025 248967994
476504025 248967990
476504025 1071689526
766866867 766866839
728122924 772815160
728122924 816213026
836919102 836919054
836919102 248536777
836919102 836919148
634187679 634187677
634187679 248974154
634187679 634187691
815566883 1393194222
836918966 642547561
815567029 815567044
815567029 815567042
634187673 248974154
634187673 642547446
634187673 279560170
772815159 836919205
772815159 836919216
772815159 1393190194
836919133 837021172
836919133 836919139
837021154 634187695
837021154 837021156
837021154 249088527
248967994 248709636
837021156 837021183
837021150 249088533
248967990 506427660
836919139 249088527
836919139 634187747
815593082 815594069
815593082 633485437
815593082 891939205
634912507 634912509
634912507 634912521
634912507 248981548
642547446 642547561
642547446 249088181
836919312 837021183
836919312 249087826
815587144 815587146
815587144 248535440
815587144 248535441
815587144 815587143
642547561 679335580
476504038 476504037
476504038 248537661
815686492 815686359
476504034 476504037
476504034 476504035
476504035 248536742
476504036 248577943
476504036 476504037
476504036 248536742
476504036 248536740
815686499 815686359
248536740 248577943
836918975 836919001
836918975 836919000
836918975 836918976
836918976 836919013
249088527 634187691
1393194222 815588875
819331441 819331437
836919001 836918984
815644936 248538322
815644936 248709716
836919069 836919068
836919069 836919070
836919069 836919148
836919069 1391990337
836919068 476504091
836919068 837021172
815567044 815567047
634187695 836919191
634187695 634187745
836918984 819310126
634187691 837021172
506427653 506427654
1071689526 1071689528
248536777 836919070
1071689522 819646723
1071689522 766866839
642708976 642708977
642708977 642708978
642708978 248709716
815594069 249088102
1071689528 506427660
249088102 248974155
249088102 249088181
815567049 815567047
815567049 815567050
836918902 506427652
836918902 819238786
634187747 634187745
815588875 875956477
819238786 819238771
248974155 248974154
248974154 249088181
634187745 249087721
506427643 506427642
476504033 506864316
815593096 891939209
815593096 891939205
248709636 248709637
891939209 875956477
819331486 772815162
819331486 249087720
248535443 816213023
836919205 815686451
836919070 815645043
816213022 279561929
836919248 819331341
836919248 819331437
816213023 506427654
816213023 816213024
634912521 634912578
634912521 248981548
1391990337 248968579
1391990338 248968579
248967950 506427660
248967955 476504026
815645043 279560170
248577279 248577278
248577278 476504026
836919148 836919050
819310105 836919051
819310105 836919079
836919013 836919000
836918918 248538483
772815160 816213027
772815162 249087826
815686479 249089377
837021183 249087946
506427654 506427657
506427655 506427657
506427655 816213026
506427655 816213027
506427657 248537661
836919266 819331341
836919266 836919264
836919264 249087720
836919264 249087721
836919054 836919051
836919054 836919079
506864316 248981548
836919079 836919000
249089377 1334341440
634187739 633485437
815567042 815567039
476504091 476504094
816213037 816213029
816213037 816213024
836918800 819238771
816213035 816213036
816213035 816213034
816213034 816213033
816213033 816213032
816213032 816213031
248537661 816194916
248537661 816213027
476504094 476504095
836919050 836919051
836919191 249087721
815567037 815567039
816213024 816213036
816213024 816213025
816213025 816213029
816213025 816213026
816213028 816213029
