634187798 -43.23789364 -22.91817081
875956141 -43.23535392 -22.92056988
836919026 -43.23018883 -22.92246243
476504089 -43.22732699 -22.92709704
1391988684 -43.23127194 -22.92331244
1391988686 -43.23119382 -22.9228516
476504085 -43.2342823 -22.91889903
476504084 -43.23408524 -22.9190836
476504087 -43.2345827 -22.91888319
1071689519 -43.22490839 -22.92088412
248973516 -43.22753294 -22.92072587
476504083 -43.23401014 -22.91940966
634187797 -43.23658313 -22.91759674
248968241 -43.22472123 -22.92227468
248535439 -43.23284463 -22.91488578
816213030 -43.22495374 -22.91550378
815686344 -43.23713751 -22.93170197
819331458 -43.23280373 -22.9321696
476504088 -43.22810081 -22.92651558
815686503 -43.23708244 -22.93199383
248969972 -43.22677982 -22.91601323
815567034 -43.22997844 -22.9207081
766866845 -43.22045299 -22.92151117
875956259 -43.2336788 -22.92027643
816207517 -43.2195226 -22.92130891
248536738 -43.22479356 -22.92498103
837021206 -43.23387058 -22.92892597
248709619 -43.22125472 -22.92186053
634187791 -43.23512677 -22.92354403
249087943 -43.23776934 -22.92691372
248535989 -43.22982254 -22.91607651
248709612 -43.22058627 -22.92153028
249087945 -43.23630837 -22.92783959
836918893 -43.22076908 -22.92486167
891939247 -43.23465378 -22.92196999
248969205 -43.219879 -22.91816352
732551173 -43.22122488 -22.91565448
891939243 -43.23480399 -22.92259252
476504096 -43.22935701 -22.92755972
836919330 -43.23816303 -22.93094902
634187802 -43.23829756 -22.91749456
634187803 -43.23738209 -22.91906089
476504092 -43.2293705 -22.92756508
476504093 -43.22672073 -22.92472982
891939249 -43.23486827 -22.92125854
819331446 -43.23443451 -22.93155696
340333296 -43.22867212 -22.91622998
815547608 -43.2301071 -22.9202041
634187729 -43.23828868 -22.92055161
340333293 -43.22676012 -22.91638773
601720478 -43.23605004 -22.91835329
1071689514 -43.22319564 -22.92359047
1071689512 -43.22228218 -22.92023
815547606 -43.23358911 -22.91750001
1071689510 -43.22387432 -22.92088772
248973693 -43.23289601 -22.92244952
248973696 -43.2374494 -22.92417804
815663356 -43.23788551 -22.92808669
1334341461 -43.23737203 -22.92991067
248969969 -43.22624757 -22.91470867
817621196 -43.22829837 -22.91556262
837021151 -43.23443921 -22.93128757
248535996 -43.23592624 -22.92153774
815584065 -43.236244 -22.91906768
248535990 -43.22998313 -22.9163936
248975111 -43.23206084 -22.9244725
837021143 -43.23426763 -22.93113938
634912554 -43.23474062 -22.91538207
248535998 -43.23651012 -22.92465748
634912555 -43.23528838 -22.91555029
480112988 -43.2228809 -22.92038338
816173457 -43.2342341 -22.92043493
1334341486 -43.23684992 -22.93183591
476504030 -43.23477163 -22.91927052
248538110 -43.22140082 -22.92518973
815566948 -43.23000669 -22.92108554
248969112 -43.22720043 -22.92115184
836919321 -43.23620619 -22.93054544
480112984 -43.2199774 -22.9180802
875956282 -43.23322048 -22.9215488
248969114 -43.2237356 -22.92088672
815645033 -43.23467759 -22.92569542
248968630 -43.22734778 -22.92892723
815686481 -43.23719937 -22.93177892
642547268 -43.23701798 -22.92414133
815686486 -43.23698672 -22.93167406
815686484 -43.23705503 -22.93167079
815686327 -43.23690851 -22.93171262
248982233 -43.23339733 -22.91709617
1071689506 -43.22214019 -22.92045279
642547267 -43.23809028 -22.92261096
836918801 -43.22017907 -22.92455531
476504025 -43.22345807 -22.92173153
766866867 -43.2213367 -22.92004719
728122924 -43.22406006 -22.91467548
836919102 -43.22991834 -22.9233919
634187679 -43.23313674 -22.92498597
815566883 -43.23228514 -22.92144923
634187677 -43.23387284 -22.92601192
836918966 -43.23012328 -22.92196681
815567029 -43.22993879 -22.92104027
634187673 -43.23235597 -22.92387042
772815159 -43.23747781 -22.92985544
248535995 -43.23470709 -22.91961334
836919133 -43.23152582 -22.92608819
816207516 -43.21998621 -22.9199606
837021154 -43.23326892 -22.92712788
248967994 -43.2224411 -22.9229205
837021156 -43.23516877 -22.92638659
837021150 -43.2343641 -22.93121842
248967990 -43.22389368 -22.92123096
836919139 -43.23246862 -22.9273086
817621270 -43.23305837 -22.91470104
634912543 -43.22903933 -22.91507839
815593082 -43.23604727 -22.92390336
634912507 -43.23455823 -22.9154612
819331460 -43.2323102 -22.93181387
642547446 -43.23267934 -22.92305126
836919312 -43.23669008 -22.92878473
815587144 -43.23090003 -22.91605958
642547561 -43.2309235 -22.92223528
815587146 -43.22992547 -22.9145961
476504038 -43.22572328 -22.91924646
815686492 -43.2368594 -22.93188838
815587143 -43.23389514 -22.91935928
476504034 -43.2266038 -22.92099132
476504035 -43.22656659 -22.92478631
476504036 -43.22580752 -22.92509108
476504037 -43.2257952 -22.9209013
248536742 -43.22608111 -22.92504423
815686499 -43.23698957 -22.93199668
248536740 -43.22539446 -22.92512327
634187744 -43.2383694 -22.92275898
679335580 -43.2311276 -22.92256712
836918975 -43.22803568 -22.92286334
836918976 -43.22731207 -22.92287306
249088527 -43.23315183 -22.92683116
248535440 -43.23203427 -22.91569354
1393194222 -43.23305636 -22.91923339
819331441 -43.23428431 -22.9317448
836919001 -43.22804968 -22.92151922
815644936 -43.21970642 -22.91582338
836919069 -43.23108041 -22.92445758
836919068 -43.23140102 -22.92497868
815567044 -43.23001046 -22.92103424
480112989 -43.22315121 -22.92042001
634187695 -43.23349507 -22.92770079
836918984 -43.22903623 -22.92196488
634187691 -43.23257012 -22.92537992
506427653 -43.2266784 -22.91827668
1393195152 -43.23719559 -22.92417276
1071689526 -43.22423759 -22.92225624
634912552 -43.23427928 -22.91483859
248536777 -43.23030173 -22.9233163
1071689522 -43.21946737 -22.91920983
642708976 -43.21980046 -22.91696164
642708977 -43.21969317 -22.91681328
642708978 -43.21957524 -22.91673432
815594069 -43.23630921 -22.92478606
1393190194 -43.23826898 -22.93085942
1071689528 -43.22432501 -22.92192021
249088102 -43.23588659 -22.92507851
815567049 -43.2301071 -22.9208464
836918902 -43.22095281 -22.92617293
815567047 -43.23008556 -22.92095511
634187747 -43.23070917 -22.92857041
836918861 -43.22020581 -22.9214758
815588875 -43.2339321 -22.91957889
249088533 -43.23429319 -22.93096889
819238786 -43.22048468 -22.92598719
248974155 -43.2348847 -22.92577161
248974154 -43.23353924 -22.92468992
634187745 -43.23148207 -22.92920157
248709716 -43.21928548 -22.91669476
506427643 -43.21953031 -22.92421492
506427642 -43.22085826 -22.92165131
816173461 -43.23378349 -22.92172943
476504033 -43.23708043 -22.91689098
249088181 -43.23446477 -22.92402834
815593096 -43.23576187 -22.92159247
248709636 -43.22171363 -22.92230066
248709637 -43.22040396 -22.92467207
891939209 -43.23543749 -22.92101119
819331486 -43.23447743 -22.93137918
248535443 -43.22567769 -22.9165697
836919205 -43.23844651 -22.92959392
836919070 -43.2304029 -22.92330641
816213022 -43.22013733 -22.9180652
743841736 -43.23012856 -22.92094531
836919248 -43.23417442 -22.93217102
816213023 -43.22565916 -22.91658227
634912521 -43.23517136 -22.91619277
1391990337 -43.23167854 -22.92404669
1391990338 -43.23184316 -22.924085
248967950 -43.22486967 -22.92114739
766866839 -43.22126084 -22.92000888
248967955 -43.22432418 -22.92465053
815567050 -43.23002127 -22.9207081
815645043 -43.2308862 -22.92331931
248577279 -43.22288056 -22.92648072
248577278 -43.22357509 -22.92490567
836919148 -43.23069249 -22.92472546
601720475 -43.23876552 -22.91974711
819310105 -43.2292203 -22.92503542
836919013 -43.2274 -22.9244331
634912578 -43.23494732 -22.91717848
836918918 -43.2223033 -22.92565837
772815160 -43.22209668 -22.91636258
772815162 -43.23489208 -22.93125848
815686479 -43.23720842 -22.93185771
837021183 -43.23618801 -22.92793791
633485321 -43.23847819 -22.92418131
506427654 -43.22517636 -22.91716381
506427655 -43.223863 -22.9159331
506427657 -43.22504569 -22.91731871
836919266 -43.23323481 -22.9316402
506427652 -43.220843 -22.92641291
836919264 -43.23381174 -22.93093536
836919054 -43.22905492 -22.92368292
249087826 -43.23539181 -22.92964086
506864316 -43.2358363 -22.91581206
836919079 -43.22849451 -22.92389993
279561929 -43.22257931 -22.92042018
819331437 -43.23426277 -22.93199182
248968579 -43.23177192 -22.92403161
248577943 -43.22576167 -22.92528152
815686489 -43.2368604 -22.93177908
506427660 -43.22409149 -22.92154713
249089377 -43.23717749 -22.93193029
249087720 -43.23420728 -22.93122194
634187739 -43.23731328 -22.92219781
815567042 -43.22980711 -22.92098747
476504091 -43.22867313 -22.92707097
816213037 -43.22505022 -22.91566194
836918800 -43.21975939 -22.92534027
816213035 -43.22474981 -22.91582002
816213034 -43.22465333 -22.91568172
816213033 -43.22465333 -22.91557301
816213032 -43.22480354 -22.91545441
816213031 -43.22492147 -22.91543462
476504026 -43.22403131 -22.92440636
819238771 -43.22041921 -22.92564613
248537661 -43.22436994 -22.91811952
1393198502 -43.22159561 -22.92169021
476504094 -43.22779931 -22.92766424
815686451 -43.23801417 -22.92899571
836919050 -43.23006762 -22.92515713
836919051 -43.22975959 -22.92470878
634912509 -43.23409689 -22.91483859
476504095 -43.22833131 -22.92825776
837021172 -43.23191927 -22.92581846
248535441 -43.2305443 -22.91617441
819646723 -43.21986442 -22.91820778
836919191 -43.23372037 -22.92828383
836919216 -43.2368107 -22.92870544
816194916 -43.22381992 -22.91896911
249087721 -43.23207869 -22.92968042
819331341 -43.23391953 -22.93215979
891939205 -43.2359456 -22.92306752
815567037 -43.22984869 -22.92073132
819310126 -43.22927394 -22.92274289
836919000 -43.22801079 -22.92413546
816213024 -43.22498408 -22.91577409
816213025 -43.22483564 -22.91561249
816213026 -43.22459432 -22.91533287
816213027 -43.2227757 -22.91684781
816213028 -43.22618747 -22.91473298
816213029 -43.22499657 -22.91554334
815686359 -43.23690583 -22.93195527
815567039 -43.22977451 -22.92081681
248538483 -43.22194413 -22.92649094
1334341440 -43.23713818 -22.93196768
875956477 -43.23482578 -22.91996387
248981548 -43.23527706 -22.91572799
816213036 -43.22487864 -22.91583981
633485437 -43.23627032 -22.92395793
248538322 -43.22017019 -22.9148779
279560170 -43.23113221 -22.92304313
249087946 -43.23522006 -22.92869228
