619749396 619749397
619749396 619749395
619749396 619749430
586251249 586251305
586251249 344370046
586251249 348428483
625046660 625046688
625046660 625044820
991787557 991787560
991787557 991787551
1196075396 735126597
1196075396 620194646
1196075396 735126549
586246146 586246150
586246146 586245721
586246146 586246144
586246144 586245988
1179981304 1179981310
1179981304 619740032
1179981304 619740035
344330500 344330502
344330500 344330499
344330503 344330701
344330503 344330502
344330503 344330240
625083230 592380326
625083230 625083231
625083230 592380868
619750014 619750030
619750014 619721384
619750014 619750002
344367747 344367746
344367747 344367748
619721384 619721417
619721382 619721417
619721382 619721378
619721380 619721417
619721380 619721379
619721380 619721442
592380779 619721522
592380779 592380782
619741496 619741701
619741496 620190229
625047034 625045010
619749896 619749876
619740226 619740206
619740226 619740085
619740226 619740241
619721986 619721972
619721986 619721933
1196075650 1196095766
1196075650 1196075637
625048666 625048659
625048666 592380293
625048666 625048682
736590185 736590386
586238897 586244877
586238897 991787592
586238897 356537897
736590770 736590735
736590770 736590827
619741068 619741059
619741068 619741088
619740395 619740442
619740395 619740545
619740395 619740059
619740822 619740823
619740822 619741162
619740822 619749661
619740823 619741106
619740823 619740833
619740820 619740821
619740820 619740819
620194646 620194604
620194646 620194666
586245514 586245512
586245514 586245517
586245517 586245520
619741098 592381282
619741098 619741101
619741094 619740878
619741094 619741088
619749851 1196095717
619749851 619749861
619749851 592382054
619749915 1205211497
619749915 592380804
619749915 619749903
625047723 625047923
625047723 625046250
344371770 619722403
344371770 619749361
344371770 344371769
620190276 620192102
620190276 620190229
620190276 620190349
625048886 625048530
1180802157 1180802151
1180802157 1180801800
1180802151 1180802146
625047505 625043486
625047505 625047482
625048234 625048075
625048234 625046922
1180802146 1180802143
619749555 619749497
619749555 619749562
619749555 619749585
1179982141 1179982126
1205211642 1206946757
1205211643 1206946757
1205211643 1205211644
1205211644 344330254
586245988 1180801715
586245988 586245721
619721194 619721196
592380293 592380285
991899747 1350858743
991899747 34592703
625045329 344370031
625045329 344370030
625045329 625045421
1179982243 1179982248
1179982243 1179982239
344370047 344370046
344370047 344370049
625050294 625050295
625050294 625050575
625050294 625050292
625050295 625050749
625050295 625050718
625050295 625050447
1179982249 1179982248
625050292 625050047
625046368 625047772
625046368 625046380
625046368 625046355
344370042 344370044
344370042 1179982162
344370042 344370041
344370042 344370043
625045947 625045925
625045947 625045963
344370043 1179982197
344370043 625048451
619721620 344330701
619721620 592380804
619721620 619721595
619721620 344330240
619749430 619749428
619749430 619749507
619749430 619749433
736590652 736590607
736590652 736590686
619740009 619740008
619740009 619740013
619740009 619740010
1196075506 1196075508
1196075506 1196075500
1196075500 991899997
1205211497 592381956
1205211497 592381282
1196075508 619723439
619722442 619749732
619722442 619722435
625049754 625049764
625049754 625049741
735126597 735126617
625045143 625045125
625045143 625045452
625045143 625045194
586237692 586237683
586237692 620191549
586237692 586237694
735126617 735126738
625045925 625045421
586237694 620191777
619740778 619740777
619740778 619740780
625048659 625048648
625048659 625048631
1179982162 1179982176
1179982162 1179982163
1179981345 1179981343
1179981345 619749707
1179981343 619749892
1179982163 1179982165
625047898 625046234
625047898 625047906
586244558 586244561
586244558 586244227
619721434 619721425
619721434 1179981544
619721434 619721442
736590386 736590558
736590386 736591068
625048743 625048718
625048743 625048772
619721821 619721834
619721821 619721806
619721534 619721522
619721534 619721499
620192165 620190637
620192165 620192131
620192165 620190349
1196075610 1196075612
1196075610 1196075608
1196075612 1196095714
1196095732 1196095767
1196095732 1196095729
619722369 619722370
1196075615 1196095714
1196075615 1196075608
344368155 344368904
344368155 344368156
344368155 586253271
619740506 619740534
619740506 619740662
619740506 619749661
625048621 625048631
625048621 625048613
625048621 625048601
619722435 619722370
619740464 619740776
619740464 619740662
619740464 619740442
619741106 619741113
619741106 619741101
592380791 592380802
592380791 619721688
592380791 619721690
619740867 619740833
619740867 619740870
619740867 619740868
625047094 625047482
625047094 625046355
1179982154 1179982145
619740862 619740791
619740862 344369921
619740862 344369920
619740860 619740858
619740860 619740861
619740861 619740784
619749890 619749876
619749890 619749892
625049334 625049521
625049334 625048353
625049334 1196075421
625049334 625049385
619749892 1179981328
625083231 625083233
619740868 619740879
619740868 619740874
625083235 625083233
625083235 625079504
620191967 620191940
620191967 619741718
620191967 620191991
619740545 619740534
619740545 619740241
619740545 619749394
625048718 625048701
592380338 592380337
592380338 592380339
592380339 592380333
592380339 625050608
592380336 592380337
592380336 592380333
619749794 619749785
619749794 619749800
592380333 625079504
592380246 592380234
592380246 592380250
619741039 619741048
619741039 619740878
619749562 619749571
619749562 619749397
625048272 625048290
1179981490 1179981492
1179981490 1179981489
625048571 625048586
625048571 625048563
625049521 625049502
625049521 625049560
745727519 34592711
745727519 34592710
745727519 745727520
625048472 625048463
625048472 625048290
625048472 625048519
619749359 619749348
619749359 619749370
619749359 991900086
619749359 619749354
735126763 735126771
735126763 735126750
619749354 34592708
619749354 991899871
619749350 991900104
34592702 34592703
34592702 34592708
34592702 34592706
34592702 1371128144
34592702 619749370
619749861 1179981322
619749861 619749704
586253271 1205211684
586253271 344368903
34592705 1350858743
34592705 619749348
34592705 991965233
34592705 619749370
34592708 1371128144
625049870 625049799
625049870 1196075352
344330260 344330259
344330260 344330261
344330260 736591240
344330261 736591240
344330261 344330240
344330261 736590827
625050780 592380314
625050780 625050749
745727835 745727834
745727835 745727837
619749832 619749689
619749832 592382060
619749832 619749622
620191627 620191549
620191627 619741718
1196075364 1196075363
1196075364 625049944
619722376 619722377
619722376 619722375
619740040 619740039
619740040 619740125
619740040 619740041
619740041 1180802077
619740041 619740036
619740043 1180802077
619740043 991787543
619740043 991787567
1179982113 625045194
1179982113 625045214
1179982113 1179982114
619721710 619721709
1196095714 1196075637
586244105 586244101
586244105 586244117
619749507 619749497
619749507 619749585
1179982115 344370038
1179982115 344370035
1179982115 1179982114
1179982114 1179982117
586237655 586237639
586237655 586244135
619739873 991900205
619739873 619740035
619739873 619739870
625045214 625045487
625045963 625045981
625044615 625044641
344370022 344370023
344370022 625046404
344370022 344368600
344330259 344368986
344330259 736591499
344330259 344330256
1179981477 1179981476
1179981477 1179981480
1179981477 1196095724
1179981477 1196095729
1179981476 1196095724
1179981476 734629873
1179981476 1179981494
592382060 592382057
991899997 745728070
991899997 745727833
625046431 625045981
625046431 625046404
1350858743 1350858750
991965266 619749371
991965266 344372035
991965266 34592713
745727522 745727521
619721576 619721553
619721576 619721584
586245512 586245262
619749447 619749445
619749447 619749419
619749445 619749452
619749445 619749442
592380804 592380802
619749442 619749414
1179981485 1179981487
1179981485 1179981482
625049665 625049560
619741113 619741118
619740032 619749376
619740032 619740085
735126549 735126448
1205211509 1205211507
1205211509 1205211511
619740788 619740787
619740788 619740791
619740787 619740784
34592706 991900139
619740782 619740777
619740781 619740774
619740781 619740793
619740781 619740780
586251239 586251235
586251239 586251305
586251235 586251224
625046050 625045111
625046050 625046309
625046050 625045319
1180801715 586245523
1180801715 1180801766
625048353 1179982228
625048353 625048328
625046507 625046519
625046507 625045194
625050447 625051163
619741118 619741138
619741118 619749881
625048682 625048701
619740871 619741021
619740871 619740870
619740871 619740872
1179982239 1179982237
619740875 619740874
619740875 619740877
619740875 619740879
344370038 344370039
344370038 1179982126
344370038 344370035
344330413 344330243
344330413 619721196
344330413 344330499
734611808 736745266
734611808 344371389
619721876 619721906
619721876 619749903
1179981489 1179981487
619721972 619721950
619749815 619749818
619749815 619749806
736745313 736745266
736745313 991899778
736745313 34592723
625049227 625048601
619749622 619749571
619749622 592382071
625048613 625048601
619740870 619741012
344327942 1179981328
344327942 344327898
619740872 619740874
619740872 619740998
625048530 625048551
625048530 625048519
356537872 344370044
356537872 356537880
619740819 619740808
592382102 1180801803
592382102 1179981241
619740816 619740815
619740816 619740857
619740815 619740811
1180801766 1180801771
1180801766 1180802120
619740811 619740808
619740811 619740718
592382125 1180801803
592382125 586240535
619740022 619740020
619740022 619739870
619740879 619740881
586239193 586239197
586239193 586239175
619740878 619740877
625043393 625043422
625043393 625043381
625043393 625047923
619721499 619721553
619721499 619721442
619749903 592381960
344371768 619749363
344371768 619749373
344371768 344371769
344371769 991900049
734611720 736745266
734611720 734611676
625045125 625045111
1180802143 1180802120
344370049 344370030
619739906 619739878
619739906 619739917
344370044 1179982197
344370045 344368900
344370045 344370046
592380234 592380231
344370041 344370039
344370041 1179982168
592380231 592380230
592380230 592380229
1196075421 620194666
619740776 619740038
619740776 619740775
619740777 619740718
619740774 619740775
1205211657 1205211655
1205211657 1205211659
625044641 625043598
1205211655 1205211654
619721753 619721742
735126750 735126738
1205211659 344368900
1205211659 348428673
592380282 592380274
592380282 592380285
619739878 619739893
625045094 625045111
625045094 625046297
625045094 625045065
619739870 619739869
625045319 625045276
625045319 625045981
586240527 586239197
586240527 620190816
1179982237 1179982236
1179982237 1179982258
344330252 344330254
344330254 348428673
344330254 344330256
344330256 348428335
344330256 736591499
344370039 1179982126
344370039 1179982168
619749402 619749400
619749402 619749404
619749400 619749397
619749404 619749672
344370031 625045487
344370031 344370030
344370031 344370033
344370030 344370028
344370033 625045487
344370033 344370035
344367748 344368904
344367748 344368905
1180801992 1180802073
1196075450 991900135
1196075450 1196075459
1196075450 991900139
625049741 625049719
736591499 736590686
619740072 619740059
619740072 619740085
1179982122 1179982123
1179982122 1179982117
356537952 625050328
586252017 586251305
586252017 586252033
619006936 736590827
619006936 619006930
620190637 620190550
620190637 620190736
356537897 356537890
356537897 356537900
619006930 344330242
592382054 592382057
736864195 736864194
736864195 736864197
736864194 736864201
736864197 736864199
586245721 344369917
586244561 586244564
736864192 619749732
736864192 619749755
736864192 736864189
620192016 620191991
736864199 619722377
619721379 619721378
619721834 619721853
619722377 619749755
619722377 619722380
619722374 616073363
619722374 619722373
619722375 616073363
991899778 34592720
619722373 619722403
619722373 619722380
619722370 619722372
619749497 619749455
619721687 619721688
619721687 619750002
619721933 619721906
619721933 619721950
1196075352 1196075359
586244101 586239175
736864160 736864159
736864160 736864161
736864161 619749806
736864161 736864182
736745764 736745266
736745764 344371389
736745764 734611676
586237683 586237678
619740858 619740857
1179981246 1179981244
1179981328 1196095717
1179981244 1179981243
625046554 625046569
625046554 625046331
1179981243 1179981241
625045452 625045421
1179981241 619740038
1179981322 619749876
586245262 356537880
586245262 356537887
625047830 625047840
625047830 625047819
619749394 619740534
619749394 619749391
619749785 619749818
619749785 619749755
625046531 625046519
745728070 745728043
619721595 619721584
619740206 619749387
619740206 619749389
625048648 625048631
625048648 625049264
620190550 620190482
616073363 619722403
586239175 356537887
619749363 619749362
619749363 991900049
619749363 991899991
625050885 625083218
625050885 625050608
619749585 619749397
625048463 1179982185
625048463 625048451
586244135 586244125
586244135 586244227
586244567 586244564
586244567 586244569
344369031 344369029
344369031 344368987
619749348 991900104
625048772 625048785
736591068 344330243
736591068 344330244
619741139 619741161
619741139 619741138
619741139 619741156
34592711 619749362
34592711 34592719
34592711 34592712
34592710 991900086
34592710 991899871
34592710 34592718
34592713 34592721
34592713 34592712
34592712 34592720
34592712 619749373
625047840 625047885
34592719 34592720
34592719 34592718
34592719 34592723
34592718 34592717
1180802073 1180802077
625079629 625079509
625079629 625079697
619740055 1179981310
619740055 619740056
619740055 619740143
991899991 991900104
991899991 619749366
991899991 619749377
347686522 344370018
347686522 344368600
619739893 619739883
344327898 619721705
619740906 619740881
619740906 619740934
619721709 619721705
1179982168 1179982167
1179982167 1179982165
1179982165 1179982172
356537910 625050328
356537910 356537900
586244117 586244121
620190418 620190349
620190418 620190482
586244569 586244571
592380272 592380269
592380272 592380274
620191777 991787645
620191777 620191898
620191777 620191549
620194753 620194690
1179982261 1179982258
745727833 745727834
735126448 625049385
745727837 745727869
348428485 344369028
348428485 348428329
348428050 344369028
348428050 344369082
348428050 348428329
348428483 348428329
348428483 348428333
619749452 619749455
1179982236 1179982228
619749455 619749461
592381282 592381966
592381282 734629937
348428329 344369082
348428329 348428333
1180801803 1180801800
619740143 619740125
1180801800 1180801771
625049775 625049764
625049775 625049710
619740791 619740792
619740020 619740019
619740793 619740792
619740026 619740025
625046331 625046309
625046331 625046355
619740024 1350858750
619740024 619739867
619740024 991965233
619740024 619740025
619740025 619740029
619740025 619740019
625046234 625046297
625046234 625045065
625046234 625046250
619740028 991965236
619740028 619740029
619740028 619749366
619749391 619749661
619749391 619749389
619749391 619749395
625050352 625050328
625050352 625050550
586251224 344370023
586251224 344370028
625048320 625048290
625048320 625050047
625048320 625048328
1179981364 1179981351
619721670 619721669
619721670 619721671
619721788 619721783
619721788 619721806
619721417 619721425
736591240 736590735
619721806 619721853
344369026 344369027
344369026 344368987
991787592 991787645
991787592 991787598
991787592 620191549
619740241 619740059
344369027 592381956
991787598 991787543
625048601 625048586
619741160 1205211507
619741160 619741161
619741162 619741163
619741162 619741156
344369921 344369069
344369921 344369920
344369920 344369917
619740800 619740808
344369072 344369070
344369072 344369074
625048424 625048439
625048424 625048414
344369075 344369076
344369075 344369074
625048785 625048806
991787577 619740010
991787577 619739917
991787577 991787575
620194543 586239197
620194543 620194604
620191940 620191898
625045010 625045065
625045010 1179982145
625047805 625047482
625047805 625047819
344369070 344369069
625044834 625046922
625044834 1179982145
625044834 625044820
735126771 735126773
344369076 344369080
619739917 619740008
592380229 592380317
592380229 592380319
1179981480 1179981482
1196075359 1196075361
619740662 619740696
625048551 625048563
625049502 625049467
619749378 619749377
736591156 344330242
736591156 344330243
736591156 736590607
619749371 619749373
619749373 619749362
619749377 619749376
619749433 619749388
619741048 619741056
991787645 991787715
619749806 619749800
991787575 991787567
34592720 34592721
991900205 619740051
991900205 619739883
356537890 356537887
1179982189 1179982185
1179982222 1179982220
344330242 344330241
344330242 344330244
619740036 619739883
344330246 344330244
1179982228 625049710
619749414 619749416
619749414 619749382
1205211507 592382071
620190736 620190816
619740038 619740039
619740038 619740056
736864159 619722380
619749419 619749416
619749419 619749426
620190229 586239197
625043938 625048075
625043938 625043816
619741127 619749881
625043835 625043816
619740696 619740718
625049467 625049446
586237678 586244227
356537880 586246150
586244900 586244877
586244900 586245523
586244900 586244576
625050009 625049799
586244571 586244574
586244574 586244576
586244576 586240535
625050550 625050575
592381066 344368908
991899871 34592717
619749704 619749689
619749704 619749707
619749707 619749732
619749461 619749689
619749461 1179981351
1196075361 1196075363
1196095717 1196095724
344368986 344368987
625049799 625049917
625049799 625048328
625043598 625043532
619721690 1179981547
619749382 619749385
619749382 619749361
619740442 619740534
736590686 736590735
625046309 625046297
625043816 625043381
991787715 991787712
586240535 620190816
625043422 625043486
625043422 625043532
625083218 625083219
619750002 1179981547
1179981310 619740054
619740056 619740059
344371380 34592721
734629873 592381960
734629873 734629937
344371389 619723439
745727894 745727869
745727894 745727929
592380314 592380326
592380314 592380317
625043500 625043486
592380319 592380326
619741012 619741021
736864182 619722380
619741156 619749672
344369028 344369029
619721783 619721742
619740934 619740877
625048451 625048439
625048451 1179982185
736590558 736590607
592381960 592381963
592381960 592381956
592381963 592381966
625049917 625049944
619721688 619721742
619739883 619739869
344369080 344369081
586244125 586244121
1179982176 625048439
592380269 592380257
625048806 625048382
625048806 625048414
1179982258 1179982257
344372035 34592721
1179982257 1179982256
1179982251 1179982256
619721553 619721669
619749428 619749426
620192102 620192131
619722380 736864200
745727929 745727970
619749571 1179981351
348428673 348428672
348428672 348428671
348428671 348428335
625050718 625050645
991900104 991900086
991787580 991787560
991787580 619740013
991787580 619740010
619740010 991787548
586245523 586245520
586252033 344368908
619740019 619739867
625050608 625050645
619749385 619749387
619749387 619749388
619749388 619749389
991900086 619749362
991965236 991965233
991965236 619749368
745727997 745728043
745727997 745727970
592380785 592380782
625048414 625048382
736864201 736864200
991787548 991787712
991787548 991787551
991787548 991787543
625048382 625044820
619749376 619749361
625079509 625079504
619749885 619749881
344368605 344368604
344368604 344368600
592380254 592380257
592380254 592380250
736864189 619749818
619739867 619740015
745727520 745727521
620194604 620194690
1196095729 734629937
619749361 991900049
619749366 619749368
619741059 619741056
344368908 344368905
348428335 348428333
1179982197 1179982219
344368900 344368901
344368901 344368903
1179982220 1179982219
619740053 619740052
619740053 619740054
619740052 619740051
34592717 991900131
1205211684 1205211682
344369082 344369081
344330240 344330241
592382071 619749672
1205211680 1205211682
1179981544 1179981547
1350858750 619740015
1196095766 1196095767
1179981492 1179981494
1205211516 1205211511
625049719 625049710
991900135 991900133
991900131 991900133
