310574850 310574852
310574850 309658428
310574850 310574826
310574850 310528389
310528092 309658422
310528092 310426303
310528092 310528089
310410201 310410207
310410201 310410199
310410538 310410505
310410538 310410521
310410538 310410536
310410538 310410542
310410536 310410563
310410536 310410540
310410536 310410499
310410431 310410430
310410431 310410451
310410431 310410448
310410430 310410422
310410430 310410468
310410212 310410214
310410212 310410207
310315483 310315520
310315483 310416133
310423970 310423969
310423970 310424006
310423977 310424003
310423977 310423978
310423974 310424005
310423975 310424004
310423978 310493600
310532442 310532473
310494637 310494643
310494637 310494613
310494637 310494635
310494636 310494639
310494636 310494635
310494636 310494634
310494635 310494563
310494634 310494559
310494634 310494569
310494639 310494640
310494639 310494598
310494639 310494591
310494638 310494576
310494638 310494569
310494638 310494609
310574852 309658422
310574852 310528388
310493551 310493553
310493550 310493598
310574856 310574879
310574856 310574858
310493559 310493600
310493559 310493560
310422271 310422324
310422271 310422277
310422277 595489762
309412615 318538368
310410151 310410361
310410151 310410573
310424009 310424008
310424009 310424007
310424009 310424012
310424008 310423969
310424008 310423965
310424003 310493737
310424003 310416188
310424003 310424004
310528041 309658431
310528041 310528093
310528041 310528042
310528041 310528384
310528042 310573897
310528042 309658435
310528042 310528386
310424007 310416202
310424007 310424006
310424007 310424011
310424006 310424005
310424005 310424004
309658406 309658409
309658406 309658411
309658406 310521294
309658406 309658293
309658409 309658287
309658409 309658415
309658409 310416167
309658426 309658428
309658426 309658415
309658426 309658420
309658426 309575412
310416159 310416160
310416159 310416163
310416159 309689605
310416159 310416157
310493818 310521298
310416150 310416151
310416150 310416197
310416150 310416148
310416151 310416152
310416151 310416175
310416152 310416153
310416152 310416154
310416153 310416091
310416153 310416176
310416154 310416172
310416154 310416155
310416154 310416093
310416155 310416171
310416155 310416156
310416155 310416157
310416156 310410555
310416156 310416149
310416157 310416169
310528387 310528093
310528387 310528384
310528387 310528164
310528386 310528384
310528386 310528161
310528386 310574847
310528384 310528162
310574322 310573978
310574322 310574321
310574322 310574318
310416027 310416002
310416027 310416140
310528389 310574849
310528389 310528161
310528389 310528388
310528388 310528352
310528388 310528162
310410374 310410569
310410374 310410372
310410372 310410370
310410370 310410367
310521308 310521313
310521308 310521305
310574426 310574427
310574426 310574430
310574426 310574432
310521303 310521331
310521303 310521305
309652569 309652568
309652569 309652570
309652569 310574887
309652569 309652735
309652568 310574830
309652568 310574429
309652568 309652567
310521281 310521296
310521281 310521276
310521281 310521270
310521281 310521294
310521285 310521289
310521285 310521293
310521285 310521226
310493865 310494645
310493865 310521184
310493865 310493846
309652567 310574427
309652567 309652570
309652567 310574655
310416162 310416160
310416162 310416163
310416162 310416164
310416162 310416166
310528315 310426303
310528315 310528316
310528316 310528396
310528316 310528308
310528317 310528295
310528317 310528169
310416165 310416169
310416165 310416163
310416165 310416164
310410187 310410188
310410479 310410475
310410479 310410481
310410479 310410477
310410479 310410163
310410571 310410563
310410571 310410569
310410571 310410573
309691359 310410459
309691359 310410507
310410573 310410540
310410475 310410470
310410475 310410298
310410474 310410501
310410474 310410464
310410474 310410472
310410477 310410303
310410477 310410487
310410470 310410422
310410470 310410492
310410470 310410472
310410472 310410462
310410472 310410468
595489755 310419157
595489755 310418869
595489755 595489754
310423982 310493600
310423982 310423985
309575417 309575415
309575417 309575419
309575417 309575410
309575415 309575408
309575415 309689600
309575415 310410551
310574352 310574427
310574352 310574340
310574352 310574546
310574352 310574354
309575412 309575414
309575412 309575419
309575412 309575410
309575410 309575408
309575410 309658415
309575419 309575421
310422236 310422269
310422236 310416138
310493610 310493609
310493610 310493611
310493610 310493604
310493611 310493607
310493611 310493612
310493612 310493606
309658293 309658287
310410501 310410503
310410501 310410496
310410503 310410508
310410503 310410464
310410503 310410505
310410505 310410510
310410505 310410499
310574321 310574317
310574321 310573904
310410507 310410508
310410507 310410464
310410507 310410461
310574323 310574317
310574323 310574887
310574323 310573904
310410508 310410510
310416161 309575408
310416161 310416160
310416161 310416166
310416160 310416132
310493864 310494642
310493864 310493863
310493864 310493861
310493863 310494643
310493863 310521291
310416164 310521226
310416164 310416167
310416167 310416166
310416169 310416168
310416168 310416173
310416168 310416171
310416168 310493861
310423985 310493599
309691335 309691334
309691335 310410483
309691335 310416149
309691335 310410558
310493537 310493533
310493537 310493599
309658439 310574283
309658439 309658433
309658439 310573911
309658439 309658435
310494598 310494599
310494599 310494608
309658431 309658433
309658431 977668132
309658431 309658435
309658433 310574284
309658433 310532473
309658435 310573909
310494590 310494588
310494590 310494591
310493764 310493765
310493764 310493762
310493765 310493826
310493762 310493830
310573779 310573777
310573779 310573890
310416200 310416201
310416200 310416145
310416200 310416199
310416200 310416137
310416201 310416055
310416201 310416134
310416201 310416194
310416202 310416055
310416202 310416188
310416202 310416133
310410459 310410461
310528352 310528391
310573897 310573909
310573897 310574847
310573897 310573898
310573896 310574845
310573896 310573893
310573896 310574844
310410303 310410301
310573892 309575414
310573892 310573891
310573892 310573887
310410301 310410298
310573890 310574842
310573890 310573891
310521230 310521232
310521232 310521292
310573899 310574841
310573899 310573903
310573899 310573898
310573898 310573907
310573898 310574844
310521331 310521297
310521331 310521295
310521330 310521298
310521330 310521321
310521330 310521297
310493714 310493736
310493553 310493600
309652735 309652737
309652735 309652736
309652735 310574132
310410499 310410496
310410499 310410498
310410498 310410563
310410498 310410494
310410498 310410492
309652738 310590396
309652738 309652736
309652738 309652737
310410496 310410492
310410494 310410490
310410494 310410565
310410492 310410487
310410490 310410488
310410490 309691334
309574998 310590402
310410549 310410546
310410549 309689600
310410549 310410551
310410544 310410562
310410544 310410525
310410544 310410546
310410544 310410542
310410547 310410546
310410547 310410551
310410540 310410542
310410542 310410523
310410422 310410424
310410422 310410418
310410420 310410415
310410420 310410169
310410424 310410188
310410424 310410191
310574858 310574874
310423945 310424011
310423945 309520827
310574550 310574545
310574550 310574546
310574550 309575421
310574652 310574636
310574652 309652736
310574653 310574634
310574653 309652570
310574653 310574655
310574655 310574432
310590402 310590401
310590402 310590400
310590401 310590391
310590401 310590396
310590400 310590396
310590400 309652737
310416091 310416090
310574864 310574827
310574864 310574863
310574863 310574874
310416090 310416089
310574318 310574303
310574318 310574132
310574247 310574248
310574247 310574268
310574247 309652668
310574317 310574305
310410163 310410418
310419157 318538368
310419157 310315530
310424010 310423958
310424010 310416033
310424010 310423965
310424011 310416036
310424011 310416038
310424012 310416034
310424012 310416033
310424013 310423954
310424013 310315530
310424013 309520827
310574427 310574429
310574134 310574120
310574131 309652737
310574131 310574120
310574131 310574132
310574132 310573978
310521270 310521293
310574429 310574354
310528071 310528086
310528071 310528394
310574248 310574272
310574248 310574271
310521273 310521201
310521273 310521198
310521273 310521298
310521273 310521194
310493533 310493598
310493827 310493829
310493827 310493830
310493827 310493825
310493826 310493825
310493825 310493828
310493825 310493824
310493824 310493831
310493824 310494645
310493829 310493751
310493829 310493830
310493828 310493748
310493828 310493831
310521276 310521220
310521276 310521295
309520824 310416135
309520824 310315520
309520827 310315520
326226628 310521188
310521279 310521289
310521279 310521247
310521279 310521220
310574839 310574841
310574839 310574879
310574839 310574793
310574839 310574837
310493751 310493748
310521298 310521329
310521299 310521147
310521299 310521193
310521299 310521185
309652670 310573915
309652670 309652669
310521292 310521289
310521292 310521291
977668132 310532472
977668132 310528095
309652570 309652736
310521291 310521241
310521296 310521190
310521296 310521295
310521297 310521188
310521294 310521190
310410199 310410417
310410194 310410192
310410192 310410191
310521190 310521186
310521193 310521194
310410468 310410466
310573844 310573847
310573844 310573840
310521198 310521200
310410464 310410462
310573847 310573887
310410462 310410466
310410462 310410461
310410461 310410453
310410290 310410485
310410290 310410292
310494576 310494577
310410292 310410294
310494578 310494647
310494578 310494577
310528391 310528392
310528391 310528164
310528392 310528393
310528392 310528166
310528393 310528167
310528393 310528394
310528394 310528396
310528396 310528169
310574340 310574430
310419178 310418869
310419178 310315530
310419178 310422284
310574822 310574841
310574822 310574844
310574822 310574824
310574827 310574879
310574827 310574828
310574826 310574673
310574826 310574685
310574824 310574842
310574824 310574718
310574828 310574747
310574828 310574836
309658287 310521293
310410510 310410521
310416172 310416171
310416172 310416174
310416173 310416176
310416173 310416174
310416176 310416175
310416174 310416089
310416175 310416194
310410466 310410451
310573777 310574845
310426306 310426307
310426306 310426304
310426306 309658411
310426307 310521186
310426304 309658420
310426304 310426303
309575408 309689605
310574268 310574271
310574268 310574275
310574268 310574262
310574262 310573915
310574262 310574282
310590392 310590391
310590392 310590396
310528107 310528164
310528107 310528162
310574761 310574756
310574761 310574882
309658428 309658422
309658428 310573891
309658422 309658420
310416143 310416137
310416143 310416145
310416143 310416142
309658420 309658411
310315415 310422322
310315415 310422324
309575414 309575421
309575414 310574548
310416002 310416144
310574718 310574845
310573887 310574836
310573887 310573861
310521241 310521242
310521242 310521220
310521322 310521323
310521322 310521321
310521323 310521326
310416093 310416148
310521326 310521327
310521327 310521329
310528295 310528308
310521329 310521184
310493705 310493737
310493705 310493738
310410481 310410483
310410481 310410485
310410481 309575424
310410483 310416144
310410483 309575423
310410485 309691334
310410487 310410488
310410488 310410294
310573840 310574837
310315520 310422324
310573978 309652663
310410558 310410556
310410558 310410555
310410556 309691334
310410556 310410560
310410556 310410553
310410555 309689605
310410555 310410553
310410553 310410562
310410553 309689600
310410417 310410415
310410417 310410418
310521147 310521137
310410415 310410413
310410413 310410176
310410418 310410214
310574545 310574542
310574546 310574548
310574546 310574542
310574542 310574430
310574548 310574354
310573893 310574849
310573893 310528161
310573893 310574847
310574874 310574882
310422154 310422322
310573909 310573911
310573909 310573907
310573908 310573911
310573908 310573902
310573908 310574273
310573908 310573907
310574304 310574305
310574304 310574303
310573904 310573903
310573904 310574272
310573907 310573903
310416188 310416194
310416188 310493738
310493599 310493601
310493846 310494644
310574123 310574121
310574120 310574121
310574284 310574283
310574283 310574277
310574282 310574275
310494642 310494559
310494642 310493738
310494643 310493854
310494640 310494641
310494640 310494581
310494640 310494647
310494641 310494644
310494641 310494645
310494647 310493831
310494644 310493854
310423958 310423954
310574887 310574886
310574886 310573903
310574886 310574830
310574886 310574882
310416138 310416135
310416138 310422323
310416138 310416141
310416139 309575423
310416139 310422323
310416139 310416140
310416136 310416137
310416136 310416134
310416136 310416142
310416136 310416141
310416134 310416135
310416134 310416133
310416133 310416038
310574756 310574833
310528093 310528094
310528097 310528167
310528097 310528168
310528096 310532472
310528096 310528095
310528095 310528094
310528094 310528165
310528094 310528168
310574747 310574833
309689605 309689600
310493744 310493745
310493744 310493743
310493744 310493741
310493745 310493719
310493745 310493742
310493743 310493742
310493743 310493740
310493740 326239409
310493740 310493606
310493740 310493741
310493741 310493739
309652665 309652663
309652665 309652668
310422284 595489764
309652668 309652669
310410453 310410451
310521186 310521185
310521184 310521135
310521185 310521188
310521188 310521168
310528168 310528165
310528164 310528165
310574834 310574830
310574834 310574354
310574834 310574833
310574836 310574837
310574837 310574842
310574674 310574673
310574674 310574677
310573902 310574272
310573902 310574271
310410525 310410523
310410523 310410521
310521137 310521135
310416147 310416146
310416147 310416198
310416147 310416148
310416146 310416145
310416146 310416199
310416144 310416142
310416144 310416149
310416141 310416140
310416149 310416148
310574677 310574679
310494608 310494609
310574679 310574680
310532472 310532473
310574841 310574882
310574845 310574849
310574844 310574847
310493598 310315530
310493560 310493736
310574278 310574277
310574278 310574275
310574277 310573911
310574277 310574273
310574275 310574273
310574273 310574271
309658415 309658411
310528089 310528088
310416036 310416034
310410367 310410361
310493739 310493601
310493739 310493606
310493737 310493736
310410563 310410565
310410562 310410560
310410560 310410567
310410567 310410569
310410567 310410565
309575423 309575424
310574636 310574634
310493603 310493602
310493603 310493608
310493603 310493605
310493602 310493601
310493602 310493607
310493607 310493608
310493607 310493606
310493605 310493609
310493605 310493604
310493604 310493570
310493609 310493608
310416198 310416197
310416198 310416199
310416194 310416197
310574682 310574680
310574682 310574684
310574685 310574684
595489764 595489762
310528167 310528166
310528167 310528169
310528166 310528165
310528088 310528087
310528162 310528161
310528086 310528087
310493742 326239409
