310574850 -69.9613437 18.4505768
310528092 -69.9645867 18.4506517
310410201 -69.9576377 18.4637759
310410538 -69.9524092 18.4600651
310410536 -69.9533308 18.4597652
310410431 -69.9540039 18.4644722
310410430 -69.9549932 18.4641337
310410212 -69.9574742 18.4632782
310315483 -69.9620132 18.462696
310423970 -69.9629532 18.4605792
310423977 -69.9635452 18.4590132
310423974 -69.9630074 18.4600469
310423975 -69.9627486 18.4595384
310423978 -69.9636322 18.4590526
310532442 -69.9613533 18.4470992
310494637 -69.9631789 18.4554841
310494636 -69.9631811 18.4557904
310494635 -69.9631766 18.4555933
310494634 -69.9631856 18.4558826
310494639 -69.9650174 18.4556062
310494638 -69.9636306 18.456596
310574852 -69.9614363 18.4505811
310493551 -69.9635984 18.4601344
310493550 -69.9644878 18.4610349
310574856 -69.955639 18.4513079
310493559 -69.9647671 18.4590082
310422271 -69.9632498 18.4638345
310422277 -69.9635587 18.4636345
309412615 -69.9689613 18.4636876
310410151 -69.9535252 18.4586856
310424009 -69.9629181 18.4610914
310424008 -69.9633133 18.4610751
310424003 -69.9623172 18.4590042
310528041 -69.9612777 18.4484577
310528042 -69.9611941 18.4484812
310424007 -69.9623398 18.4610996
310424006 -69.9623149 18.4605746
310424005 -69.9623037 18.4600519
310424004 -69.9623104 18.4595377
309658406 -69.9615054 18.4518566
309658409 -69.9614472 18.4518758
309658426 -69.9614091 18.45171
310416159 -69.9568805 18.4556962
310493818 -69.9667139 18.4520755
310416150 -69.9586829 18.4594198
310416151 -69.9584299 18.4588071
310416152 -69.958177 18.4582929
310416153 -69.9588004 18.4580872
310416154 -69.9576755 18.4572516
310416155 -69.9573322 18.4565532
310416156 -69.9560402 18.4571145
310416157 -69.9570973 18.4561032
310528387 -69.9627729 18.4484941
310528386 -69.9612821 18.4489593
310528384 -69.9613906 18.4489312
310574322 -69.9555716 18.4479799
310416027 -69.9584514 18.4629741
310528389 -69.9613227 18.4499362
310528388 -69.9614109 18.4498696
310410374 -69.9547681 18.4582917
310410372 -69.9547301 18.4582713
310410370 -69.9546977 18.4582662
310521308 -69.9656175 18.4537674
310574426 -69.9511931 18.4528629
310521303 -69.9659231 18.4532982
310521305 -69.9658322 18.4535925
309652569 -69.9526978 18.4513222
309652568 -69.9527448 18.4514029
310521281 -69.9641744 18.452219
310521285 -69.9615822 18.4532399
310493865 -69.9676579 18.4545842
309652567 -69.9526306 18.4514561
310416162 -69.9589223 18.453995
310528315 -69.9682683 18.4493233
310528316 -69.9678889 18.4487341
310528317 -69.9684219 18.4473006
310416165 -69.9601962 18.4544064
310410187 -69.9545272 18.4648954
310410479 -69.9564523 18.4626511
310410571 -69.9536493 18.4590796
309691359 -69.9501453 18.4640571
310410573 -69.9535352 18.4587089
310410475 -69.9558109 18.4628568
310410474 -69.9543653 18.4625525
310410477 -69.9561768 18.4617855
310410470 -69.9551739 18.463041
310410472 -69.9546273 18.4632253
595489755 -69.9670581 18.4642977
595489754 -69.966646 18.4642975
310494569 -69.9632046 18.456575
310423982 -69.9644448 18.4597857
310494563 -69.9620947 18.4555821
309575417 -69.9544632 18.4548305
309575415 -69.9544968 18.4548815
310574352 -69.9531141 18.452368
309575412 -69.9545416 18.4546796
309575410 -69.9545909 18.4547603
309575419 -69.9544184 18.4547455
310422236 -69.9608844 18.4639729
310493610 -69.968523 18.459964
310493611 -69.9686856 18.4595184
310493612 -69.9688527 18.4590792
309658293 -69.9615122 18.451979
310410501 -69.954031 18.4616998
310410503 -69.9531049 18.4619698
310410505 -69.9528203 18.4611642
310574321 -69.9558246 18.4484513
310410507 -69.951962 18.4633667
310574323 -69.9555716 18.4499726
310410508 -69.9515284 18.4624326
310416161 -69.9562661 18.4540678
310416160 -69.956641 18.4549591
310416163 -69.9593063 18.4547663
310493864 -69.961603 18.4549837
310493863 -69.9616087 18.4549473
310416164 -69.9598755 18.4536693
310416167 -69.9595141 18.452688
310416166 -69.9584706 18.4531294
310416169 -69.9603724 18.4548563
310416168 -69.9604899 18.4553619
310423985 -69.9647374 18.4598092
309691335 -69.9573118 18.4597519
310493537 -69.9657969 18.4605267
309658439 -69.9609633 18.4478741
310494598 -69.9650224 18.4562737
310494599 -69.9649886 18.4562943
309658431 -69.9610887 18.4479379
309658433 -69.9610529 18.4478465
309658435 -69.9610036 18.4479677
310494590 -69.9649921 18.4552332
310494591 -69.9650261 18.4552506
310493764 -69.9686697 18.4579752
310493765 -69.9686807 18.4579394
310493762 -69.9685989 18.4580259
310573779 -69.9592057 18.451542
310416200 -69.9605441 18.461091
310416201 -69.9610862 18.461091
310416202 -69.961681 18.4610213
310410459 -69.9503177 18.464545
310528352 -69.9628621 18.4497122
310573897 -69.9597745 18.4489355
310573896 -69.9589794 18.4501525
310410303 -69.9555756 18.4619944
310573892 -69.9561967 18.4538634
310410301 -69.9555483 18.4620293
310573890 -69.9582566 18.4518408
310521230 -69.9606898 18.4542323
310521232 -69.9615825 18.4541976
310573899 -69.9566936 18.4501739
310573898 -69.9586903 18.4492783
310521331 -69.9658097 18.4527279
310521330 -69.9664919 18.4528607
310493714 -69.9652434 18.4578383
310493553 -69.9638737 18.4600231
309652735 -69.9515507 18.4491843
310410499 -69.9537012 18.4608729
310410498 -69.9542343 18.4607057
309652738 -69.951385 18.4491333
310410496 -69.9539858 18.4616099
310410494 -69.95493 18.4604786
310410492 -69.9545324 18.4614256
310410490 -69.9564207 18.4600073
309574998 -69.9506566 18.4474905
310410549 -69.9528565 18.4571299
310410544 -69.9518039 18.4584711
310410547 -69.9510902 18.4566243
310410546 -69.9514651 18.4576013
310410540 -69.9529965 18.4588996
310410542 -69.9520885 18.4592167
310410422 -69.9555217 18.4639494
310410420 -69.9566963 18.4647121
310410424 -69.9557115 18.4644636
310574858 -69.9556051 18.4512943
310423945 -69.9625348 18.4624249
310574550 -69.9536822 18.4533943
310574652 -69.9503732 18.4497198
310574653 -69.9516471 18.4518002
310574655 -69.951699 18.4518859
310590402 -69.9507335 18.447635
310590401 -69.9506024 18.4476864
310590400 -69.9511039 18.448342
310416091 -69.9586306 18.4576051
310574864 -69.9544244 18.4518104
310574863 -69.9544424 18.451793
310416090 -69.9586305 18.457567
310574318 -69.9539363 18.4487342
310410169 -69.9565211 18.4642528
310574247 -69.9565812 18.4482692
310574317 -69.9549685 18.4488453
310410163 -69.9566088 18.4632742
310419157 -69.9670085 18.4635934
310424010 -69.9636453 18.4620422
310424011 -69.9624854 18.4623036
310424012 -69.963093 18.4621151
310424013 -69.9640078 18.4630256
310574427 -69.9528465 18.4518709
310574134 -69.9550775 18.4472942
310574131 -69.9536071 18.4481448
310574132 -69.9536613 18.4482413
310521270 -69.961694 18.4526665
310574429 -69.9529594 18.4517981
310528071 -69.9668178 18.4489024
310574248 -69.9566569 18.4487727
310521273 -69.9675557 18.4528018
310493533 -69.9658535 18.4606632
310493827 -69.9678499 18.4568446
310493826 -69.9683987 18.4561225
310493825 -69.9678657 18.4562768
310493824 -69.9678747 18.4556812
310493829 -69.9666437 18.4571938
310493828 -69.9660948 18.4567739
310416055 -69.9615177 18.4610854
310521276 -69.9643913 18.4532003
309520824 -69.9622895 18.4633768
309520827 -69.9632206 18.4630677
326226628 -69.9656113 18.450644
310521279 -69.9635443 18.4534853
310574839 -69.9571403 18.4510267
310493751 -69.9661776 18.4569553
310422269 -69.9618075 18.4645936
310521298 -69.9670374 18.4529293
310521299 -69.9683384 18.4513202
309652670 -69.9565834 18.4472268
310521292 -69.9615935 18.4541247
977668132 -69.9627236 18.4474244
309652570 -69.9525857 18.4513711
310521291 -69.961598 18.4542169
310521296 -69.9650124 18.4520305
310521297 -69.9659696 18.4527129
310521294 -69.9638108 18.4511284
310521295 -69.965227 18.4529303
310410199 -69.9576103 18.463805
310410194 -69.9565099 18.4642307
310410192 -69.9564823 18.4642048
310410191 -69.9564579 18.4642019
310521190 -69.964694 18.4508627
310521193 -69.9675676 18.4517159
310521194 -69.9675496 18.4517604
310410468 -69.9547854 18.4635938
310573844 -69.9576403 18.452039
310521198 -69.9675451 18.4528429
310410464 -69.9534019 18.4627882
310573847 -69.9576175 18.4520799
310410462 -69.9536786 18.4635295
310410461 -69.9521518 18.4639066
310521201 -69.9677426 18.4527559
310521200 -69.9676659 18.4531857
310410290 -69.9570634 18.4620536
310494576 -69.965477 18.4568173
310410292 -69.9570023 18.462048
310494578 -69.9655323 18.4567791
310528391 -69.9630869 18.4495333
310528392 -69.9644579 18.4488498
310528393 -69.9659916 18.4483612
310528394 -69.966545 18.4481941
310410298 -69.9555454 18.4620727
310528396 -69.9673852 18.447922
310574340 -69.9517189 18.4533146
310419178 -69.9655991 18.4642554
310574822 -69.9577535 18.4501847
310574827 -69.9545247 18.4523187
310574826 -69.9608219 18.4505704
310574824 -69.9586942 18.4508211
310574828 -69.9546692 18.4529144
309658287 -69.9614524 18.4520902
310410510 -69.9512663 18.4616998
310521293 -69.9615308 18.4526099
310416172 -69.9600788 18.4563861
310416173 -69.9608784 18.4568831
310416171 -69.9597806 18.455619
310416176 -69.9610543 18.4577287
310416174 -69.9602324 18.4570288
310416175 -69.9610726 18.4583743
310410466 -69.9538458 18.4639323
310573777 -69.9592166 18.4515191
310494613 -69.9645138 18.4552738
310426306 -69.9685613 18.4498512
310426307 -69.9685952 18.4499091
310426304 -69.9685094 18.4497548
310426303 -69.9684868 18.4497098
309575408 -69.9546222 18.4548156
310574268 -69.9572058 18.4479778
310574262 -69.9569889 18.4475557
310590392 -69.9505166 18.4485906
310590391 -69.9501417 18.4478921
310590396 -69.9509774 18.4483892
310528107 -69.9628121 18.4488972
310574761 -69.954148 18.4513746
309658428 -69.9614024 18.4516569
309658422 -69.9614785 18.4516186
310416143 -69.9588772 18.461918
309658420 -69.961492 18.4516845
310315415 -69.9632775 18.4639423
309575414 -69.9545147 18.4546265
310416002 -69.9583896 18.4629047
310574718 -69.9587157 18.4508039
310573887 -69.9558161 18.4531092
310521247 -69.9635425 18.4529027
310521241 -69.9633291 18.4543038
310521242 -69.9633524 18.454284
310521322 -69.9662954 18.4542126
310521323 -69.9663299 18.4542234
310416093 -69.9571212 18.4574937
310521321 -69.9662695 18.4541882
310521326 -69.9669496 18.4541317
310521327 -69.9668363 18.4537209
310528295 -69.9685594 18.4478612
310521329 -69.9674089 18.4535806
310493705 -69.9618182 18.4575484
310410481 -69.9579961 18.462514
310410483 -69.9581384 18.462484
310410485 -69.9578121 18.4618584
310410487 -69.9558967 18.4609543
310410488 -69.9566285 18.4606843
310573840 -69.9576373 18.4519928
310315520 -69.9625146 18.4631975
318538368 -69.968735 18.4636663
310573978 -69.9553113 18.4474806
310410558 -69.9567177 18.4586125
310410294 -69.9569594 18.4620192
310410556 -69.9566003 18.4586747
310410555 -69.9559362 18.4571835
310410553 -69.9558075 18.4572456
310410551 -69.9522421 18.4561015
310410417 -69.9569628 18.4640265
310521147 -69.9685083 18.4516422
310410415 -69.9571706 18.464545
310410413 -69.9573242 18.4644936
310410418 -69.9567595 18.4635081
310574545 -69.9516765 18.4544977
310574546 -69.9534563 18.4529743
310574542 -69.9515161 18.4539578
310494577 -69.9655078 18.4568084
310574548 -69.9535805 18.4529015
310574879 -69.955837 18.4516674
310573893 -69.9600636 18.4498268
310574874 -69.9550013 18.451541
310422154 -69.9634842 18.464789
310573891 -69.9587174 18.4527921
310573909 -69.9595893 18.4484041
310573908 -69.9584644 18.4486484
310410176 -69.9576106 18.4643896
310574304 -69.9541982 18.4491655
310574305 -69.9542361 18.4491717
310573904 -69.956391 18.4495868
310573907 -69.9584916 18.4487555
310416188 -69.9616493 18.4589259
310493599 -69.9648164 18.4597862
310493846 -69.9662619 18.4549771
310574430 -69.951358 18.4534093
310574432 -69.9508566 18.4522566
310574123 -69.9530707 18.4469664
310574120 -69.9535495 18.4479906
310574121 -69.9532776 18.4474851
310574284 -69.9608219 18.4472322
310574283 -69.9607361 18.4472579
310574282 -69.9579218 18.4471743
310494642 -69.9616245 18.4558193
310494643 -69.9631721 18.4549463
310494640 -69.965485 18.455589
310494641 -69.9659774 18.4555676
310494647 -69.9655189 18.4562554
310494644 -69.9658193 18.4549463
310494645 -69.9677798 18.4551198
310423958 -69.9637761 18.4625372
310574887 -69.9544637 18.4504954
310574886 -69.9545134 18.4505747
310493830 -69.9677956 18.4577294
310493831 -69.9660564 18.4562039
310416138 -69.9608242 18.4638676
310416139 -69.9601782 18.4640861
310416136 -69.9603453 18.4623165
310416137 -69.9604402 18.4617894
310416134 -69.9610907 18.4623379
310416135 -69.9616734 18.4635848
310416132 -69.9556634 18.4553346
310416133 -69.9618165 18.4622468
310574756 -69.9538769 18.4517217
310528093 -69.9626351 18.448027
310410214 -69.9574314 18.4632668
310528097 -69.9652846 18.4472664
310528096 -69.963516 18.4470757
310528095 -69.9635454 18.4471635
310528094 -69.9637442 18.4476949
310574747 -69.9541654 18.4531267
309689605 -69.9553976 18.4562233
310493744 -69.9661355 18.4583657
310493745 -69.9659525 18.4574209
309689600 -69.9552744 18.4562892
310493743 -69.9670977 18.4582072
310493740 -69.9671745 18.4586507
310493741 -69.9662078 18.4588007
310493748 -69.9660952 18.4568419
310494588 -69.9647392 18.4552076
309652665 -69.9564238 18.447039
309652663 -69.9563442 18.4470157
310422284 -69.9651986 18.4641829
310422322 -69.963515 18.464687
310422323 -69.9601439 18.464102
310422324 -69.9631175 18.4638043
309652668 -69.9564939 18.4472083
309652669 -69.9565263 18.447227
310410453 -69.9524544 18.4647421
309691334 -69.9571753 18.4597987
310410451 -69.9539813 18.4641936
310521186 -69.9674315 18.4500721
309652736 -69.9514387 18.4492353
310521184 -69.9675749 18.454188
310521185 -69.9680673 18.4509399
310521188 -69.9658819 18.4515937
309652737 -69.9515014 18.4490823
310528168 -69.9650384 18.4473306
310528164 -69.962852 18.4487919
310574834 -69.9538177 18.4518859
310574836 -69.9553514 18.4525244
310574837 -69.9574068 18.4515302
310574830 -69.953244 18.4511553
310574833 -69.953838 18.4518645
310574674 -69.9598196 18.4509418
310573903 -69.9564407 18.4496768
310493719 -69.9659143 18.4571784
310573902 -69.9577055 18.4489612
310574303 -69.9541625 18.4491402
310410525 -69.9502409 18.459026
310410523 -69.9505255 18.4597545
310410521 -69.9508462 18.4605986
310521137 -69.9685622 18.4539634
310521135 -69.9685256 18.4540241
310416147 -69.9583306 18.4601183
310416146 -69.9585248 18.4606925
310416145 -69.9586965 18.4613009
310416144 -69.9582583 18.4624407
310423965 -69.9636106 18.4615106
310416142 -69.958972 18.462265
310416141 -69.9604131 18.4628649
310416140 -69.9590804 18.4629463
310423969 -69.9629983 18.4606065
310416149 -69.9574451 18.4597284
310416148 -69.9581544 18.4595527
310574673 -69.9598457 18.450917
310574677 -69.9598169 18.4509996
310494608 -69.9636596 18.4562266
310494609 -69.963635 18.4562559
310574679 -69.9599839 18.4515053
310532472 -69.962686 18.4473414
310532473 -69.9615566 18.447697
310574841 -69.9568941 18.4505489
310574842 -69.9579895 18.4512881
310574845 -69.9590331 18.4507461
310574844 -69.9588388 18.4497112
310574847 -69.9599117 18.4493684
310574849 -69.9602098 18.4502683
310493598 -69.9658486 18.4611038
310493560 -69.9647892 18.4589274
310574278 -69.9591708 18.4472622
310574277 -69.959338 18.44771
310574275 -69.9580776 18.4476157
310574272 -69.9569302 18.4493298
310574273 -69.9582425 18.4480635
310574271 -69.9574226 18.4483999
310574793 -69.957768 18.4508033
309658415 -69.9614292 18.451812
309658411 -69.9614965 18.4517886
310528089 -69.9642226 18.4498606
310410188 -69.9545454 18.4648693
310416038 -69.9619809 18.4623132
310416036 -69.9628762 18.4622868
310416034 -69.9630565 18.4621283
310416033 -69.9631081 18.4620955
310410367 -69.9535595 18.4586084
310410361 -69.9535244 18.458647
310574882 -69.9548138 18.4511424
310521289 -69.9615822 18.4532956
310521313 -69.9658025 18.4541562
310493739 -69.9662868 18.4592699
310493738 -69.9616573 18.4574797
310493737 -69.9623341 18.4575559
310493736 -69.9646493 18.4576459
310416089 -69.9586534 18.4575397
310315530 -69.9657037 18.4635403
310528308 -69.9687766 18.4481984
310521168 -69.9653192 18.4517219
310410563 -69.9538435 18.4595895
310410562 -69.9550723 18.4574856
310410560 -69.9558583 18.4589211
310410567 -69.9551084 18.4591781
310410565 -69.9545528 18.4593624
310410569 -69.9549684 18.4587282
310494559 -69.9618182 18.45589
310573861 -69.9544537 18.4538953
309575423 -69.9587679 18.4647319
309575421 -69.9543848 18.4546881
309575424 -69.9586514 18.4647702
310574636 -69.9508667 18.4504997
310574634 -69.9513139 18.4512324
310493603 -69.9664675 18.4601847
310493602 -69.9660022 18.4598548
310493601 -69.9655211 18.4595034
310493600 -69.9642676 18.459647
310493607 -69.9673326 18.4595741
310493606 -69.9672558 18.4591092
310493605 -69.9676082 18.4610417
310493604 -69.968008 18.4613545
310493609 -69.9680306 18.4599319
310493608 -69.9674094 18.4600262
310573911 -69.9595577 18.4483141
310573915 -69.9567648 18.4471399
310416198 -69.9605486 18.4598655
310416199 -69.9605531 18.4604911
310493854 -69.964007 18.4547287
310416194 -69.9610817 18.4590085
310416197 -69.960526 18.4590256
310574682 -69.9600507 18.4515326
310574680 -69.9600071 18.4515272
310574685 -69.9607978 18.451203
310574684 -69.9607747 18.4512251
310423954 -69.9640215 18.4628475
310493861 -69.9616131 18.4550645
595489764 -69.9647148 18.463697
310493570 -69.9679227 18.461607
310528167 -69.9655534 18.4477099
310528166 -69.9643111 18.4484705
310528165 -69.9639881 18.4480399
310418869 -69.9670302 18.4646679
310528088 -69.9642262 18.449817
310528162 -69.9614042 18.4494176
310528161 -69.961307 18.4494476
310410207 -69.9575018 18.4633071
310528086 -69.9642754 18.4497538
310528087 -69.9642444 18.4497821
310494581 -69.9654709 18.4553175
310528169 -69.9672994 18.4474978
310574354 -69.9532316 18.4522823
310493742 -69.9670593 18.4579908
595489762 -69.9644037 18.4635647
310410448 -69.9540084 18.464725
326239409 -69.9680684 18.4585152
310521226 -69.9615615 18.453321
310521220 -69.9636306 18.453485
