434285067 -70.61704986 -33.43891121
434285065 -70.61571228 -33.43869521
434285064 -70.61712723 -33.43853143
434285062 -70.61692028 -33.43953893
130813385 -70.62165429 -33.44286797
130884404 -70.61174018 -33.43705672
131432940 -70.61300057 -33.44135336
457442536 -70.61806994 -33.44079907
605183156 -70.61595896 -33.44371999
605183157 -70.61862147 -33.44315539
338176910 -70.61673672 -33.42995129
15754733 -70.61994237 -33.43906879
15754736 -70.61220336 -33.43008356
130904968 -70.61534658 -33.44058893
133769694 -70.61611369 -33.43691003
130884380 -70.61530299 -33.44058273
13876998 -70.60742928 -33.43848784
133864099 -70.60833914 -33.43502653
451503010 -70.6195035 -33.42850206
451503011 -70.61975143 -33.42861203
130884315 -70.6137256 -33.43915093
130884258 -70.61832936 -33.43972568
610414282 -70.60907809 -33.43253258
429991047 -70.61093342 -33.44211477
130813479 -70.61760449 -33.44537433
247289378 -70.61354447 -33.43233628
1069969461 -70.61531959 -33.44070527
429991229 -70.6105212 -33.44348639
131474084 -70.61695632 -33.44565361
514882596 -70.61371261 -33.4392661
610372206 -70.6207255 -33.43587202
429991222 -70.61160272 -33.4436583
429991221 -70.6116287 -33.4435868
429991227 -70.61060703 -33.44359393
429991224 -70.61137087 -33.44379442
224544128 -70.61921256 -33.42837298
251263312 -70.60827393 -33.44167573
429991239 -70.6116971 -33.44322856
247290233 -70.61671023 -33.43845071
130884229 -70.61972101 -33.44007672
429991294 -70.61013496 -33.44373709
429991295 -70.60992038 -33.44432441
429991292 -70.61053838 -33.44219734
133864241 -70.60968946 -33.43071446
133769772 -70.61437796 -33.43722846
133864342 -70.61078037 -33.42785556
921040864 -70.62184641 -33.429915
921040861 -70.62189938 -33.4299067
514859710 -70.61119929 -33.43855448
514859712 -70.6136961 -33.4392091
130954845 -70.6094256 -33.43146121
224544239 -70.61775034 -33.42777476
429996182 -70.61968329 -33.4298575
429996181 -70.62022007 -33.43014978
133979642 -70.61544984 -33.4339306
247289373 -70.61629817 -33.43132257
133769573 -70.61718808 -33.4446151
224480676 -70.62047278 -33.43208088
130813500 -70.62191992 -33.43927398
247290268 -70.62052617 -33.43665112
247285289 -70.6209653 -33.43234173
247285287 -70.62122011 -33.43209237
253400994 -70.61124573 -33.44190992
247285285 -70.62124718 -33.43256393
133934759 -70.61665214 -33.42814969
332274490 -70.61154983 -33.43703459
430574101 -70.6180225 -33.42929658
430574100 -70.61815929 -33.42898762
430574102 -70.61912623 -33.42984048
634101622 -70.61646422 -33.4308034
130813371 -70.62193333 -33.44296101
915774381 -70.61544557 -33.4382187
131432877 -70.60888723 -33.44177003
915774387 -70.615678 -33.43800546
130813571 -70.61527139 -33.44073134
133979840 -70.62224472 -33.44189894
13876996 -70.61373096 -33.43921791
13876995 -70.61829508 -33.43984739
338176943 -70.61339049 -33.42830727
131433052 -70.6198697 -33.44393113
131432898 -70.61256948 -33.44219088
59712736 -70.61894132 -33.42922081
133769644 -70.61741272 -33.43764764
456297890 -70.61988747 -33.43312267
657205657 -70.62176527 -33.42984057
133769522 -70.61741129 -33.44366928
247289365 -70.61252003 -33.42835219
247289366 -70.61226346 -33.42984719
133934669 -70.61303686 -33.42891101
666959518 -70.61127121 -33.44192501
13882179 -70.61580314 -33.43281522
13882174 -70.6217563 -33.43835859
13882175 -70.62017933 -33.43801116
13882170 -70.62110779 -33.44030378
13882171 -70.62147744 -33.43922654
429990976 -70.61110852 -33.433553
429990972 -70.6093572 -33.43651508
429990979 -70.61071859 -33.4350635
273308569 -70.61966477 -33.43379196
610466430 -70.61284307 -33.42998658
1390369029 -70.61374379 -33.43927063
1390369028 -70.61417671 -33.43793321
610372370 -70.62063983 -33.43184217
224480732 -70.62011898 -33.4303729
141118977 -70.61190941 -33.4444581
429990990 -70.60849529 -33.43447794
429990991 -70.60865002 -33.43394787
567262577 -70.61945044 -33.42856669
567262575 -70.61768379 -33.42779874
577332214 -70.6154164 -33.42961291
577332213 -70.6147404 -33.42927269
605184638 -70.61886999 -33.432677
605184636 -70.61040402 -33.43769299
915774380 -70.61615208 -33.43834736
130826733 -70.61555294 -33.43948101
247285795 -70.61663429 -33.43201098
338176995 -70.6141115 -33.42869409
133864158 -70.60889301 -33.43311563
702850014 -70.61795536 -33.44572327
605184689 -70.61969402 -33.43121403
133979733 -70.61393984 -33.44086
634102740 -70.61398183 -33.44150927
634102741 -70.61352083 -33.44143609
634102745 -70.61714978 -33.44479162
251255210 -70.6196625 -33.44456732
605184697 -70.61417998 -33.43032102
253400976 -70.61117583 -33.44190732
253400971 -70.61112713 -33.44201252
247285791 -70.61787104 -33.43249981
605183162 -70.61297207 -33.44527442
273308802 -70.62189142 -33.43797093
273308803 -70.62068979 -33.43769156
273308804 -70.62056833 -33.43809691
247285794 -70.6162602 -33.43295964
605183165 -70.61903897 -33.44383298
605183164 -70.61850697 -33.44374899
247285799 -70.61824613 -33.42881957
605183169 -70.613622 -33.44299798
265677216 -70.61747131 -33.44535279
247285017 -70.62199552 -33.43369834
133979607 -70.61567263 -33.43341226
429991022 -70.6103238 -33.43475563
429991027 -70.61091112 -33.4342906
131432994 -70.61379894 -33.43911363
430574099 -70.61725438 -33.42858052
677236516 -70.62225033 -33.42867272
417620878 -70.61742973 -33.42807442
429996126 -70.61992083 -33.44001896
429991042 -70.60995467 -33.43468388
130884302 -70.61118613 -33.43859236
429991054 -70.61080459 -33.44210128
133769591 -70.61584513 -33.44441988
610414287 -70.60924254 -33.43201458
131432928 -70.61339753 -33.44019423
133769456 -70.61704224 -33.44528833
429991238 -70.61161118 -33.44315698
131432660 -70.611047 -33.44193767
130884289 -70.6197366 -33.43998477
265678005 -70.61805502 -33.44086218
429991235 -70.61077517 -33.44300418
429991236 -70.61086452 -33.44297786
131432741 -70.61270737 -33.4421131
429991231 -70.6105212 -33.44334323
429991232 -70.61060703 -33.44312119
429991233 -70.61071859 -33.44302086
657205612 -70.62185588 -33.4297736
703553433 -70.61911081 -33.42928443
703553432 -70.61899254 -33.42923263
247290269 -70.62067797 -33.43655347
703553430 -70.61898499 -33.42923992
703553437 -70.61930971 -33.42935936
133769678 -70.61890453 -33.43731186
703553435 -70.61895767 -33.42920379
703553434 -70.61917023 -33.42929759
247289356 -70.61287174 -33.42905401
253399291 -70.61491449 -33.44224176
666959519 -70.61129703 -33.44198293
133864271 -70.60993262 -33.43003922
666959510 -70.61257493 -33.44212819
666959511 -70.61376533 -33.44248458
666959512 -70.61120013 -33.44205283
666959513 -70.6111521 -33.44203741
666959514 -70.61111774 -33.44198762
666959515 -70.61111908 -33.44196147
666959516 -70.61114456 -33.44192358
666959517 -70.61120659 -33.44190263
13877385 -70.61503804 -33.44167724
13877384 -70.61785511 -33.44196491
251255205 -70.61446857 -33.4442214
13877381 -70.61844687 -33.44496596
251255202 -70.61594781 -33.44488441
13877383 -70.61921692 -33.44219097
251255200 -70.61612106 -33.44537039
768983086 -70.6179023 -33.43256603
768983085 -70.61753224 -33.43239587
429991228 -70.61056478 -33.44354104
429991242 -70.61167329 -33.44344951
514859707 -70.61172509 -33.43712151
639372009 -70.61413061 -33.43792433
243793945 -70.60698169 -33.43162088
605184647 -70.61047099 -33.43280298
429991223 -70.6114997 -33.44375863
605184645 -70.61883102 -33.43275001
605184644 -70.61819701 -33.434833
605184642 -70.61902296 -33.43313499
605184640 -70.61872398 -33.43290399
605184649 -70.61022699 -33.43531504
133979798 -70.62069851 -33.44154707
605181453 -70.62084603 -33.443476
577332215 -70.61662867 -33.42992631
224543885 -70.62123436 -33.4278932
567262573 -70.61863647 -33.4281926
15754763 -70.61237821 -33.42917488
247290288 -70.62119547 -33.44534541
605184142 -70.62033004 -33.43331604
253400989 -70.61128504 -33.4420157
247290281 -70.62162068 -33.43666914
247290280 -70.62221471 -33.43702059
253400982 -70.61129359 -33.44195686
247290287 -70.62148674 -33.44430991
332274489 -70.61281633 -33.43763834
332274486 -70.61410857 -33.43798627
702813043 -70.61145913 -33.44182007
429996169 -70.62022208 -33.44289547
429996198 -70.62184037 -33.43035832
429996199 -70.62132941 -33.4309515
666959521 -70.60892478 -33.44158621
666959520 -70.61126484 -33.44203557
666959523 -70.60900843 -33.44159267
666959525 -70.60907733 -33.44167028
666959524 -70.60906392 -33.44163659
666959527 -70.60903417 -33.44176408
666959526 -70.60906183 -33.441737
666959529 -70.60885664 -33.44174522
666959528 -70.60893417 -33.44178604
456297882 -70.6197428 -33.43348359
915774377 -70.61585301 -33.43803572
915774375 -70.61547809 -33.43808794
148849424 -70.60747153 -33.43836882
721823923 -70.61684233 -33.42918929
721823922 -70.61698406 -33.42919868
13882168 -70.6194719 -33.44506772
131432796 -70.61251676 -33.4422307
583387755 -70.61143759 -33.43814636
131432810 -70.61239791 -33.44213271
429991093 -70.60992902 -33.43737707
130884400 -70.61141613 -33.43828517
430007878 -70.6181116 -33.4343445
430007879 -70.6186695 -33.43412246
133864315 -70.6100876 -33.42960923
430007876 -70.6170191 -33.43401828
430007872 -70.61952646 -33.43435296
247290238 -70.61822249 -33.43629329
247290239 -70.61804899 -33.43718772
133769508 -70.6159168 -33.44398662
133769740 -70.61926503 -33.43546399
131474100 -70.61846054 -33.44487577
247289372 -70.61397823 -33.43087271
921040930 -70.62176804 -33.42981383
247290234 -70.61703536 -33.43704682
247290235 -70.61713838 -33.4365481
247290236 -70.61814119 -33.4366999
247290237 -70.61624252 -33.43639974
133864226 -70.60615532 -33.43157177
131473946 -70.61739017 -33.42804223
130826766 -70.6158044 -33.43828307
702792687 -70.6102627 -33.43854258
133979680 -70.61588252 -33.4340373
702850022 -70.61803046 -33.44544583
605184694 -70.61963099 -33.431296
429991291 -70.61037527 -33.44272012
605184691 -70.61957097 -33.43137798
605184693 -70.61500099 -33.43047097
1390367179 -70.61441862 -33.43723902
131433034 -70.62005369 -33.44337902
133979661 -70.61550164 -33.433942
1390367177 -70.61415702 -33.43798979
1390367176 -70.61563944 -33.43351528
338176183 -70.61075338 -33.42792228
904630585 -70.62212988 -33.42999664
253400966 -70.61123131 -33.44205032
224543851 -70.62027748 -33.42884538
247285023 -70.62163753 -33.43375249
247285022 -70.62161582 -33.43342039
133979592 -70.61561564 -33.43340053
133979591 -70.61525831 -33.43449822
247285805 -70.61867738 -33.42815044
247285804 -70.61817471 -33.43063794
247285801 -70.61612769 -33.4318503
131432982 -70.61376298 -33.43921941
224544032 -70.62207129 -33.42889936
382387370 -70.60913894 -33.44053998
246857866 -70.62085206 -33.43378811
610431989 -70.60694682 -33.4407751
130813458 -70.62042559 -33.44231141
1390367185 -70.61224678 -33.44360533
1390367182 -70.61616716 -33.43186664
1390367183 -70.61242909 -33.44306344
1390367181 -70.61166248 -33.44532387
1390367188 -70.61196842 -33.44446347
610431986 -70.60901547 -33.44105891
131432917 -70.61482078 -33.44262758
577435010 -70.61770239 -33.4278792
610414341 -70.61143181 -33.43244273
130884290 -70.61377287 -33.43910534
610372226 -70.61679623 -33.43446126
133864212 -70.60922821 -33.43207024
131432778 -70.61259136 -33.44244879
224480697 -70.61869883 -33.43128326
141117753 -70.6122006 -33.44359368
247290275 -70.6213393 -33.437307
133769664 -70.61874996 -33.43782047
703553428 -70.61910108 -33.4292913
247290271 -70.6211171 -33.43653184
247290272 -70.62128507 -33.43663477
247290273 -70.6213393 -33.43673242
1390367173 -70.61645827 -33.4309914
703553427 -70.61910586 -33.4292934
247290278 -70.6218055 -33.43684616
13877431 -70.60802691 -33.4362
130884205 -70.61529872 -33.44060067
253399284 -70.61924081 -33.44563509
273308355 -70.62217271 -33.42997409
702792679 -70.61038348 -33.43851198
702792678 -70.6104238 -33.43854408
133864288 -70.60805801 -33.42951703
251256315 -70.61470704 -33.4456485
251256318 -70.61478197 -33.44571254
131474175 -70.61949797 -33.44496881
133769711 -70.61909329 -33.43645238
133979764 -70.61642122 -33.44180766
921040862 -70.62188069 -33.4299145
133979626 -70.61604068 -33.43350539
133979784 -70.61899187 -33.44321473
1390367189 -70.61584874 -33.43282679
133769725 -70.61636054 -33.43596103
130904984 -70.6166244 -33.44076386
133979715 -70.61406792 -33.44033982
247290292 -70.62116161 -33.44541507
247290293 -70.62174046 -33.44356233
247290291 -70.62052081 -33.44517761
133979439 -70.61443077 -33.43724128
657205587 -70.62177592 -33.42988248
429996174 -70.62118139 -33.44331448
429996172 -70.62087243 -33.4430424
130813399 -70.6212823 -33.44258902
429996179 -70.62015997 -33.43023577
130813559 -70.61660889 -33.44081072
131432954 -70.61269664 -33.44233983
253399302 -70.61767926 -33.44253622
702792686 -70.61028156 -33.4385098
666959532 -70.60885898 -33.44162259
130884394 -70.61126777 -33.43835801
666959530 -70.60883803 -33.4417132
666959531 -70.60883912 -33.44165411
247289382 -70.61158553 -33.43191911
247289383 -70.61131672 -33.432835
247289381 -70.6131066 -33.43407058
247289386 -70.6124767 -33.43495981
247289387 -70.61349577 -33.43415222
247289384 -70.61551757 -33.43371309
247289385 -70.61270427 -33.43400579
247289388 -70.61326812 -33.43507909
247289389 -70.6149647 -33.43534471
224544331 -70.62206568 -33.42990653
130884242 -70.61556392 -33.43935897
721823939 -70.61655801 -33.4290437
131432825 -70.61193439 -33.44198687
429991078 -70.60979164 -33.43784981
429991074 -70.6089848 -33.43769944
654101274 -70.615764 -33.43280793
247285790 -70.61732269 -33.43223871
247285793 -70.61644452 -33.4325206
400506218 -70.61640806 -33.43097891
133769757 -70.61595284 -33.43752778
634102438 -70.61310593 -33.44465801
247285792 -70.61760542 -33.43292167
247290248 -70.62205579 -33.43749509
247290245 -70.62046658 -33.43693291
247290244 -70.6204504 -33.43678657
247290246 -70.62053707 -33.437063
247290241 -70.61721432 -33.43854828
247290240 -70.61752319 -33.43712268
247290243 -70.61975646 -33.43792491
247290242 -70.62007087 -33.43671071
13877445 -70.60963833 -33.43853637
247285797 -70.61752319 -33.43037944
247285796 -70.61710041 -33.43116541
247290276 -70.62150199 -33.43666193
429991289 -70.61075623 -33.44224813
429991288 -70.6105984 -33.44276312
133864255 -70.60678966 -33.43000829
131200248 -70.61247888 -33.43883091
703553429 -70.61898952 -33.42924193
224480647 -70.62121148 -33.4310681
131473958 -70.61736108 -33.43333867
598750907 -70.61639892 -33.42801298
131473951 -70.61659816 -33.43485471
133864172 -70.60582063 -33.43243141
582078431 -70.60804409 -33.43613898
141115420 -70.61453169 -33.44396391
133979752 -70.61683814 -33.43965376
645293260 -70.62077243 -33.4415158
645293261 -70.61947131 -33.44119226
645293262 -70.61811897 -33.44087333
645293263 -70.61810758 -33.44092706
645293264 -70.6181328 -33.44080988
251255039 -70.60883342 -33.44168931
141120740 -70.61160129 -33.44531658
133979578 -70.6153076 -33.43452094
130813512 -70.62139839 -33.4394184
247289390 -70.61079093 -33.43474842
605183160 -70.61821 -33.44371798
13882291 -70.61041274 -33.42876794
141120513 -70.6141291 -33.44573844
429991004 -70.60964588 -33.43843906
243793939 -70.6110682 -33.43369197
133979407 -70.61725153 -33.42838497
605183167 -70.61769904 -33.44486102
610432067 -70.60987227 -33.4375722
251255041 -70.60903743 -33.44160868
417620171 -70.62079657 -33.42815639
251255044 -70.60907658 -33.44170373
251255046 -70.60897683 -33.44178612
130813469 -70.6129512 -33.44134708
131432904 -70.61262983 -33.44232231
130884329 -70.61367464 -33.43925722
605183166 -70.61766903 -33.44469397
247285049 -70.62179469 -33.4337348
577435007 -70.61786333 -33.4278813
243793946 -70.60671464 -33.4316923
133769477 -70.61608502 -33.44522798
131433022 -70.6175765 -33.4429968
133769377 -70.62049256 -33.44526587
131432888 -70.61252347 -33.44205459
224480665 -70.62206543 -33.43006814
583387757 -70.61135822 -33.43833269
583387756 -70.61144287 -33.43820906
247289379 -70.6133169 -33.43321982
583387754 -70.61140541 -33.43809272
133769556 -70.6146544 -33.44337717
247285286 -70.62144232 -33.43227668
224544051 -70.62224782 -33.42861756
133769490 -70.61729872 -33.44418108
247289370 -70.61254928 -33.43056367
247289376 -70.61536946 -33.43199614
247289375 -70.61382744 -33.43165584
247289374 -70.61187387 -33.43122534
702792684 -70.61026278 -33.43845381
702792685 -70.6102762 -33.43847401
130884191 -70.62076003 -33.44135001
247285284 -70.62030447 -33.43576029
702792680 -70.61037812 -33.43848742
702792681 -70.61038348 -33.43846278
702792682 -70.61041282 -33.43843152
702792683 -70.61022264 -33.43843369
130884216 -70.6133604 -33.44018979
721823940 -70.61700427 -33.42913724
224480617 -70.61879288 -33.43767723
130884357 -70.61340776 -33.44016581
130928383 -70.61106544 -33.43852556
429996213 -70.62143947 -33.43918111
429996210 -70.61425123 -33.43797244
429990989 -70.60772818 -33.43736618
921040859 -70.62192888 -33.42987762
133864331 -70.60718612 -33.4287987
429990980 -70.61077433 -33.43482068
429990983 -70.61221208 -33.44355093
429990982 -70.61216061 -33.44371253
429990986 -70.61546602 -33.43206714
657205661 -70.62178589 -33.42979271
605184628 -70.61341103 -33.44198402
605184625 -70.61383498 -33.44206004
703553440 -70.61884703 -33.42914227
252850193 -70.60701689 -33.44032842
131432646 -70.60888614 -33.44160113
224544200 -70.61837286 -33.42803041
224480710 -70.61798822 -33.43099082
130813493 -70.61853539 -33.43880166
141115175 -70.61238081 -33.44305657
131473967 -70.619791 -33.42959322
130826747 -70.61948598 -33.44113476
141118493 -70.61433672 -33.44487217
15073550 -70.62194414 -33.42982783
251255185 -70.61468424 -33.44550986
251255187 -70.61475599 -33.44533242
251255182 -70.61419591 -33.44545739
645293255 -70.6207436 -33.44140256
251255189 -70.61481516 -33.44526897
645293257 -70.62080454 -33.4414138
