457593105 457566787
457593105 457593103
466909099 40257931
466909099 466909078
457593103 457593100
457593101 457593089
457593101 457593100
457593100 457593099
863898892 863899130
863898892 863899207
151275580 151275041
151275580 151275582
151275580 861891127
151275580 457566775
151275582 861890810
151275582 151275584
151275582 151274693
151275585 151273482
151275585 151273485
151275585 184038861
151275585 151275586
151275584 60609692
151275584 151274697
151275584 142799348
863898894 861890810
863898894 60609697
863898894 457566852
151275586 151273011
151275586 151273843
151275586 151275587
184038866 142799353
184038866 184038872
184038866 142808168
184038861 468410622
184038861 151275042
184038861 142799348
457566852 165462605
457566852 344992859
468418648 396034353
468418648 468418654
151274697 142799349
151274697 303851005
151274697 151274693
1201840492 60609973
1201840492 60609971
1201840492 924932942
1201840492 924932866
151274693 303851004
151274693 151275041
303858338 303860479
303858338 303866181
303194146 172020361
303194146 303195235
303194146 303194145
303194145 60609963
303863328 303863452
303863328 303860292
303863328 303863291
457566727 457566797
457566727 344992868
457566727 140829091
468410631 140838886
468410631 151273482
468410631 468418659
344992863 861890908
344992863 344992859
344992868 861890681
344992868 457566731
861890946 861890744
861890946 861890904
861890946 861890952
863898823 863899019
861890949 861890749
861890949 140804528
861890949 457593116
60641204 60641199
60641204 172015342
60641201 142808176
60641201 60641200
60641201 60641197
60641200 60641199
60641200 172016927
60641200 142808175
172014708 457593237
172014708 142808175
863899022 151277271
863899022 344992859
151275587 303854457
151275040 457566749
151275040 151275041
151275040 457566775
151275040 457566752
151275041 303851003
151275042 184038872
151275042 142799349
151275042 303857161
172019057 85730452
172019057 172019443
303860188 303862345
303860188 303860476
303860188 142808168
303860188 856727250
861890804 861890672
861890804 861890849
861890808 861891012
861890808 861890744
861891127 861890810
861891127 344992859
861891127 861891067
303858022 303856441
60609872 60609866
60609872 60609874
303860435 477229679
303860435 303863293
303860435 457593044
303860435 856727276
303851010 303856441
303851010 303855955
303851010 303855665
303851010 151276114
60609874 60609959
60609874 317496991
459347635 459347762
459347635 317496995
303857363 303857165
303857363 142808168
303857363 303857124
861890728 861890684
861890728 861890739
861890890 861890861
861890890 861890744
861890890 861890675
861890893 861890684
861890893 863899130
861890893 861890837
459335527 459335433
457593067 457593069
457593067 303192032
457593067 778021642
457593069 172017880
165460240 151277271
165460240 151277275
165460240 60609683
303868537 303860292
303868537 303868154
172020869 172020870
172020869 457593172
172020869 172021002
172020869 172017879
140838877 444960273
140838877 444959781
165462948 457566811
165462948 165462949
165462948 165462605
165462949 165462950
165462949 863899106
303195227 303195229
303195227 303195125
303195229 303195233
861890654 861890769
861890654 861890853
861890654 863899130
861890654 863899207
142799351 142799353
142799351 142799349
142799351 184038872
142799351 303851005
142799353 60609740
142799353 856727250
142799357 303860292
142799357 317496993
142799357 303868154
142799357 142799356
142799356 303863452
863898903 140804534
863898903 861890769
863898903 863899207
457566804 396034353
457566804 457566814
457566804 140829091
60609959 60609811
60609959 60609804
303862345 303872512
303862345 303862444
457566691 457566689
457566691 457593126
303863293 303863453
303863293 303863292
303863293 303863647
303863292 477229679
303863292 303863452
303863292 303863291
303863291 303863290
303863291 303860476
303863290 303862446
303863290 303862444
303863290 303862943
303855955 303856170
303855955 303855012
863898797 861890769
863898797 457593200
863898797 863976010
863898797 142808171
165462952 165463202
165462952 165462950
165462952 165462605
303868154 317496992
457566771 457566686
457566771 457566731
457566771 861890884
457566775 151275578
457566777 457566778
457566777 457566749
457566777 303851003
457566777 303851001
457566777 861890884
457566778 457566781
457566778 142808170
861891000 861890679
861891000 457566686
861891008 861891024
861891008 140804530
861891008 861890752
861891008 861891154
679183853 679183693
477229679 303860476
477229679 856727250
863899207 861890878
863899019 457593059
863899019 457593047
861891188 619187085
861890850 861890861
861890850 861890641
861890853 861890749
861890856 861891024
861890856 861890782
60641199 60641197
1393378086 1393378087
1393378086 303857480
1393378086 303857124
1393378087 303855013
1393378087 40257931
60609766 60609797
60609766 60609692
60609766 142799348
60609766 60609753
60609822 60609819
60609822 60609866
60609822 60609974
60609822 303863647
861890675 861891164
303862943 303862630
303862943 303862596
303862943 303866181
459347762 296285247
459347762 85728632
303857450 303857123
303857450 303854436
303857450 303857495
303857456 303857495
317496992 317496993
317496992 317496991
861890752 861890749
457593059 142808170
457593059 142808171
457593116 861890769
457593116 457593126
457593116 861891164
457593050 60609971
457593050 457593047
457593050 778021642
457593050 863976010
172017879 457593174
172017879 172019446
172017879 172017420
140848383 165459109
184038872 303857165
151273011 151273482
457566738 457566741
457566738 457566735
457566735 457566731
468410622 468418654
468410622 468418618
151273843 303854457
151273843 303856987
303859996 303859922
303857123 303857165
303857123 303856987
303857123 303857124
60609963 60609973
60609963 60609819
60609963 924932866
303857480 303857495
303857480 303855431
457566749 457566751
140804527 140804528
140804527 140806268
140804527 457593126
457566741 457566753
457566741 679183693
140804528 140804530
303855431 303854436
303855431 303855664
172019448 457593263
172019448 172019447
172019448 861891190
856727250 856727276
172019445 172016927
172019445 172019446
172019445 172017420
172019445 172019443
172019447 457593263
172019447 172021002
172019447 457593256
172019446 172021002
172019446 172016420
172019443 172015345
172019443 172015343
60609866 303863453
60609866 60609978
172021375 172021378
172021375 457593172
172021378 172021638
172021378 172021380
778021642 172021638
60609797 60609691
861890718 861890959
861890718 861890917
778098433 60609803
778098433 60609804
457593200 172020870
457593200 863975998
457593200 140806264
303854457 303855011
303854457 303854436
172020870 457593263
60609811 60609819
60609811 60609804
619187087 303851001
619187087 861890923
619187087 457593099
619187085 457593099
861891148 861890641
861891148 861890952
142808165 303859922
142808165 303855013
142808165 303859791
142808164 303859791
142808164 303855665
861890788 861890904
142808169 60609740
142808169 457593046
142808169 142808170
142808169 457566782
861890782 863898975
861890782 861890749
142799348 142799349
457593126 457593088
457566814 457566812
303857165 303857161
466909274 40257931
466909274 303860479
303857161 151273485
924932941 60609971
924932941 924932942
457566686 457566688
303872512 303862596
303872512 40257931
468418668 468418618
468418668 468418659
457566688 457566789
457566688 457566689
457566689 457593088
25929434 172015343
863898789 863898850
863898789 861891058
457566708 457593231
457566708 457566710
457566708 457593233
861890923 457593090
861890923 457593092
861890924 861891108
165459109 444959647
165459109 151277275
165459109 165467259
861891190 457593190
861891190 861891083
60609692 60609691
60609693 60609691
60609693 165463204
60609693 60609683
60609693 863898846
172017416 924932866
172017416 172017418
172017416 172020361
172017416 303192033
60609691 60609681
861891108 457566765
861891108 457566764
172017418 172020359
172017418 172017420
172017418 172017880
861891063 140804534
861891063 861890886
861891063 140804532
861891067 151275578
861891067 861890908
140838886 444959781
865280562 142808176
865280562 865280507
457593237 457593233
457593231 457566715
457593231 140806268
457593233 457593255
457593046 303863648
457593046 457593047
457593046 457593044
457593044 303851004
457593044 303863647
165461761 444960266
165461761 165461760
165461760 863898846
165461760 151277275
924932866 303192032
457593190 140806266
457593190 140806264
176021082 459335433
176021082 85728637
303859791 303859797
303863647 303863648
60609978 317496993
60609973 303863648
60609973 60609974
303862444 303860476
303862444 303862596
303862446 303862630
303862446 303860292
317496995 60609803
317496995 85728632
861890959 457593090
861890959 457593089
140804534 140804536
140804536 863976010
457566759 151275578
457566759 457566762
140804530 140804532
457566752 457566753
457566752 457566751
303192032 303192033
861890919 861891164
861890919 861890952
861891028 457566715
861891028 457566713
459335433 459335430
861891024 861890739
861890917 457593090
172020361 172020359
172020361 303195125
861890878 861890886
172017420 172015345
172016420 172016927
172016420 172016421
172016421 457593256
172016421 142808173
861891154 861890886
861890681 861890766
861890681 457566765
165463204 165463202
165463204 60609697
60609740 303851005
60609740 856727276
60609803 85730452
60609804 303195235
861890679 457566789
861890679 457566787
303856170 303855665
303856170 303855664
457593095 142808171
457593095 457593092
861890672 679183693
457593092 303851001
142808176 142808175
142808175 457593255
142808173 457593255
142808173 457566710
444960273 444960268
865280536 865280507
863898975 861891058
151273485 303856987
172017880 457593174
172017880 172021380
863975998 172021638
863975998 863898911
60609697 165462603
85728637 85730452
85728637 85728632
457566715 457593256
457566715 861890732
457566713 457566710
861890955 861891116
861890955 457566789
861890955 457593088
172015345 172020359
457566787 861890884
457566781 457566782
457566782 303851003
861890837 863898850
303854436 303855012
60609681 60609683
85730452 303195125
303851003 303851004
303851004 303851005
303855011 303855012
303855011 151276114
303855012 303855664
303855013 303855664
303860479 303862596
140806268 140806267
140806266 140806267
140806267 861890732
140806264 863898911
861890739 861890886
861890732 861891083
457593174 457593172
303195235 303195233
468418618 60609753
457566811 457566812
863898916 444960260
863898916 863899106
303863453 303863452
457566765 861890908
457566764 457566762
457566762 861890849
165462603 165462605
172015342 172016927
172015342 172015343
444959781 444960260
457593088 457593089
444960268 444960266
444960264 444960266
444960264 444960262
444960260 444960262
