27039170 15.319832 -4.3116815
27039172 15.3217255 -4.3110845
435876687 15.3066616 -4.3074653
435663019 15.3132954 -4.3058088
29494340 15.3082377 -4.3040428
27122349 15.314714 -4.3136346
27046596 15.3158991 -4.3106319
436027201 15.3149316 -4.3109349
435828100 15.3068958 -4.3044303
27038612 15.3129555 -4.31118
435602726 15.3157177 -4.3138631
27028208 15.3105454 -4.2985639
27040935 15.312393 -4.3142999
27040934 15.3120947 -4.3133014
27040930 15.3115493 -4.3115959
27040933 15.3119448 -4.3128424
27028206 15.3091078 -4.2998477
27028161 15.3093645 -4.3024698
435543867 15.3139045 -4.3071181
435586920 15.3121977 -4.3004469
27042199 15.3161 -4.3075217
436050238 15.3183058 -4.3115528
27027182 15.3084421 -4.3048423
27027185 15.3112277 -4.3051366
27027184 15.3109421 -4.3041252
441136271 15.3139741 -4.30281
435561455 15.3094791 -4.3083814
26917263 15.3133247 -4.3007251
26917261 15.3144298 -4.3011638
436058303 15.3104067 -4.3117243
435887513 15.3160539 -4.3019996
27040944 15.3116405 -4.3118771
436006617 15.3145533 -4.305823
435882378 15.3148305 -4.3068537
435630795 15.3185068 -4.3041618
441137097 15.3131785 -4.2996766
441137098 15.3134703 -4.299745
435736147 15.322504 -4.3090951
435701315 15.3068175 -4.3138141
435606866 15.3115003 -4.3114181
435949964 15.3196864 -4.3111641
435569780 15.3193967 -4.3101798
435852026 15.3167516 -4.3063053
27046401 15.3144307 -4.3126437
27046400 15.3143073 -4.3121798
27027802 15.3147869 -4.3030217
435782474 15.3229433 -4.3107187
435847101 15.3181824 -4.3058969
27038422 15.3129065 -4.3110075
435285354 15.3210704 -4.3112846
436029546 15.3145687 -4.3131623
1219834416 15.308601 -4.3014735
435966226 15.3157695 -4.3101515
27046588 15.3168969 -4.3103537
435548279 15.3179766 -4.3051057
27121811 15.3215318 -4.3134244
27121812 15.32283 -4.3130179
436014865 15.3170522 -4.3072524
435376408 15.3171656 -4.301795
435387665 15.3080536 -4.3087883
27042298 15.3223239 -4.3095563
435531699 15.3144088 -4.3089418
27042299 15.321879 -4.3106926
1219834414 15.3089161 -4.3013101
435622295 15.3126215 -4.304755
1219834411 15.3088523 -4.3014789
1219834412 15.3088891 -4.3014363
435273819 15.3165462 -4.3054996
27027979 15.3096228 -4.3088987
435508645 15.3110845 -4.3141428
435784436 15.3169551 -4.3017599
435545541 15.3149838 -4.3145114
26917281 15.3171624 -4.3023401
26917282 15.3157461 -4.3027465
26917286 15.3177848 -4.3043622
26917289 15.3144162 -4.3053003
26917288 15.3153954 -4.3050279
27027370 15.3119456 -4.3076773
435649727 15.3076184 -4.3071997
436055106 15.3184678 -4.3120654
435454386 15.3195847 -4.3081049
436073637 15.3093005 -4.3130969
26836564 15.309443 -4.3135451
435857159 15.3158108 -4.3065739
435254922 15.3200669 -4.306932
27027209 15.3088709 -4.3063333
441137075 15.3128009 -4.3002842
441137063 15.3127314 -4.3005786
27027203 15.3094186 -4.3056559
27027211 15.3086249 -4.306495
27027206 15.3075747 -4.3061854
27027210 15.3092089 -4.3063511
435675129 15.3141207 -4.3032258
440108864 15.3194729 -4.304573
440108867 15.319894 -4.303421
27027214 15.3089004 -4.3073145
435609257 15.315483 -4.3129052
27046575 15.3163238 -4.3121108
27046572 15.3171914 -4.3113708
27046571 15.3161932 -4.3116508
435891695 15.3129517 -4.3073901
435484920 15.3154914 -4.3091207
435747316 15.311669 -4.3030521
435611999 15.3224652 -4.3091956
27038622 15.3133187 -4.3124571
435750585 15.3233725 -4.3106759
27038620 15.3131817 -4.3119755
27038626 15.3135912 -4.3134375
27038625 15.3134475 -4.3129205
435706135 15.3135654 -4.3053492
27028207 15.3092722 -4.2992058
435851567 15.3091507 -4.2996659
435951625 15.3089148 -4.3013704
27154137 15.3216283 -4.3138951
29494504 15.315805 -4.3017428
435901999 15.3122122 -4.3086215
435828187 15.3088521 -4.3011939
441136861 15.3108611 -4.2999333
435391978 15.3145227 -4.3093838
1133956681 15.3165709 -4.3014473
27042594 15.3232525 -4.3145709
29494469 15.3161054 -4.3018541
436026350 15.3174446 -4.3086537
436034019 15.311554 -4.2980021
26917252 15.3172336 -4.3008409
26917253 15.3162525 -4.3016152
26917256 15.3151379 -4.3013456
26917257 15.3158352 -4.3015382
26917254 15.3125081 -4.3020785
26917255 15.3136358 -4.3018164
435680809 15.3135264 -4.3058331
26917259 15.3154812 -4.30126
27028151 15.308781 -4.3015171
435451804 15.3133891 -4.3009391
436090918 15.3199651 -4.312943
435667191 15.3207998 -4.3051497
435816155 15.3158479 -4.3018455
27027372 15.3116628 -4.3066767
435681316 15.321403 -4.3034212
436077707 15.3200724 -4.3126114
435480894 15.3167528 -4.3098628
27042276 15.3194366 -4.3084651
27027245 15.3063441 -4.3065388
27027240 15.3063461 -4.3054437
27027248 15.3068333 -4.3081016
27154136 15.3205018 -4.3141732
436018867 15.3164705 -4.3126274
436066419 15.3185818 -4.3125265
436082061 15.3138074 -4.3023155
27042204 15.3164034 -4.3086072
27042203 15.3154178 -4.3088635
27042202 15.3153655 -4.3086812
435516864 15.3192968 -4.3088051
436075986 15.3064403 -4.3124066
435657055 15.3065497 -4.3128584
435789484 15.3199444 -4.2999227
435843710 15.3152056 -4.3119279
435501429 15.3150683 -4.3114305
435756462 15.3107166 -4.3033271
436041823 15.3199117 -4.3119907
27027785 15.3146462 -4.3041995
435595827 15.3084319 -4.3025545
27027787 15.3141265 -4.3043431
441137918 15.3187819 -4.2996049
435907854 15.3191607 -4.3145234
435816862 15.3233342 -4.3117661
435688005 15.3136738 -4.3057029
29619660 15.3075216 -4.3120963
27028613 15.3138607 -4.2985318
435783737 15.319644 -4.2997729
27028226 15.3122406 -4.3021693
27028596 15.318088 -4.2994455
27028599 15.3150194 -4.2987779
435370398 15.3230785 -4.3139316
1133956657 15.3165682 -4.3016929
435914597 15.3100768 -4.3035118
435550026 15.3136058 -4.3061027
26917260 15.3145049 -4.3009926
27027368 15.3132268 -4.3083344
435603051 15.3217456 -4.3143281
27075398 15.3215765 -4.3114649
435811324 15.3207433 -4.3093754
435613106 15.309074 -4.3123152
27027442 15.3102437 -4.3030058
435784889 15.3221754 -4.3099356
27027444 15.3109408 -4.3004962
27027445 15.311039 -4.3001418
435759106 15.3221867 -4.3031216
435490914 15.3151132 -4.3078008
27027218 15.3091834 -4.307408
441137078 15.3135047 -4.2995739
441137079 15.313539 -4.299377
27027213 15.3091562 -4.3073074
27027212 15.3093972 -4.3064864
441137076 15.3129296 -4.2997964
441137077 15.3136012 -4.2995936
27027217 15.3095088 -4.3069364
27027216 15.3093947 -4.3071565
27027215 15.3086634 -4.3071862
435910488 15.3075736 -4.2990346
668065224 15.3176026 -4.3017369
668065225 15.3173532 -4.3008154
435600905 15.3191346 -4.3091995
435317286 15.3210479 -4.3086047
435250871 15.3160493 -4.3038169
26836637 15.3073593 -4.3062473
435377037 15.3212743 -4.3122368
26836639 15.3071036 -4.3052263
26836557 15.3095897 -4.3140066
27046548 15.3066778 -4.3133155
27046549 15.3077756 -4.3129975
435551632 15.3156015 -4.3133805
435460391 15.3105884 -4.301768
435317730 15.317627 -4.3007572
436007509 15.320255 -4.3131783
27027205 15.3087332 -4.3058527
435255752 15.3117636 -4.3041273
436096474 15.3201904 -4.3129644
436098667 15.3201407 -4.3109003
27038637 15.3137248 -4.3139183
435967604 15.3097522 -4.3145177
27038638 15.313858 -4.3143958
435896874 15.3108351 -4.309011
644923076 15.3124054 -4.3027173
435821439 15.323463 -4.3121726
27028145 15.3085475 -4.3013838
435906718 15.3118043 -4.3123735
27038086 15.3104514 -4.3119005
435536795 15.3141672 -4.3080684
436060494 15.3238875 -4.310954
26917244 15.316951 -4.3010782
27042287 15.3208967 -4.3089872
435724988 15.3236504 -4.3063134
26917241 15.3165223 -4.3014078
26917240 15.3166089 -4.3016208
26917242 15.316289 -4.3014508
26917249 15.317981 -4.3021052
435813300 15.3225339 -4.3120588
26933052 15.3085239 -4.3069488
26933050 15.3095015 -4.3066764
26933051 15.309024 -4.3068095
27042254 15.3205972 -4.309745
27042305 15.3195684 -4.3107041
27042263 15.3204417 -4.3101387
27042262 15.3192573 -4.3097091
27042260 15.3202948 -4.3105102
1133956660 15.3163428 -4.3014066
435615459 15.3153364 -4.3123888
436032215 15.3178737 -4.3100873
1133956668 15.3165145 -4.3017334
1218802556 15.3143616 -4.3031438
435832020 15.3188979 -4.3056926
435516378 15.314795 -4.3104396
1133956699 15.3166163 -4.301559
435253059 15.3155428 -4.305531
435460840 15.3189018 -4.3082718
1133956691 15.3162961 -4.3016943
1133956696 15.3166047 -4.3015036
435788946 15.3164519 -4.3017519
29494357 15.3127707 -4.3027453
27046581 15.3173241 -4.3118292
29494358 15.3138525 -4.3024217
435980415 15.319037 -4.3141123
436023723 15.3085203 -4.3067056
27028146 15.3086738 -4.3011572
1219834398 15.3085418 -4.3013248
1219834392 15.3088923 -4.3012418
435509345 15.3148458 -4.3106237
436082127 15.3100829 -4.3033832
436043614 15.3181659 -4.3110974
29494506 15.3126969 -4.3026338
27027777 15.3151156 -4.3040724
29494508 15.3106189 -4.3032295
435452807 15.3120049 -4.3021243
435468195 15.3184775 -4.3068492
435556669 15.3131797 -4.3056557
435501454 15.3101399 -4.3064996
27122353 15.3166029 -4.3130936
27122356 15.3176908 -4.3132104
27122354 15.3167253 -4.3135421
27122355 15.3175646 -4.312818
440109941 15.3122691 -4.3016848
440109942 15.3119334 -4.3025303
440109943 15.3120128 -4.3028299
974493188 15.3116167 -4.3029434
436038596 15.318009 -4.3105808
435525149 15.314543 -4.3094623
27040665 15.3076402 -4.3125171
27028215 15.3126912 -4.2982536
27028213 15.3121467 -4.3006401
27028211 15.3109892 -4.3003213
435919005 15.3108055 -4.313162
435842054 15.3191904 -4.3066475
27038088 15.3105275 -4.3121997
27027420 15.3136139 -4.3093212
27027354 15.3105856 -4.3080655
27027355 15.3102958 -4.3070796
1133956701 15.3162475 -4.3015492
435565306 15.3140001 -4.3106799
27027196 15.3098717 -4.3055257
942246843 15.3115994 -4.3028909
942246840 15.3117901 -4.3020761
435845817 15.3126796 -4.3063761
435870142 15.3111463 -4.298029
436085839 15.31989 -4.312729
435706209 15.3077742 -4.3078239
435593768 15.3158122 -4.3142166
441137080 15.3132644 -4.2993171
436027042 15.3177021 -4.3095737
435830016 15.3085636 -4.301248
26917302 15.3115502 -4.3039505
26917303 15.3119038 -4.303849
26917304 15.3129306 -4.3035544
26917305 15.3132413 -4.3045854
26917307 15.3180239 -4.3005646
26917309 15.3192899 -4.2997301
27046551 15.3080405 -4.3139376
26917247 15.3171227 -4.3012493
27046553 15.3069387 -4.3142466
27046552 15.3081724 -4.3144056
435651316 15.3131908 -4.3054777
435260308 15.3164742 -4.3052559
435289669 15.3119486 -4.3013906
435697694 15.3211884 -4.3039347
436092739 15.3190002 -4.3140029
435830530 15.3141813 -4.3116867
436013525 15.3167896 -4.3138096
435500925 15.3156314 -4.3023406
27046397 15.3140538 -4.3111775
27046396 15.3139679 -4.3108886
435850850 15.3122524 -4.3138142
27046398 15.3130385 -4.3114719
435381924 15.3090212 -4.312133
27028150 15.308653 -4.3015079
440111752 15.3121961 -4.3048715
26836568 15.3091558 -4.3125974
441137947 15.3203025 -4.2974769
29494543 15.3081997 -4.3039231
435690840 15.3148597 -4.3141081
27027396 15.3124552 -4.3094817
27027397 15.3134637 -4.3092142
27027395 15.3110819 -4.3098882
27038091 15.3109378 -4.3136271
27038093 15.3112121 -4.3146377
1219834409 15.3087207 -4.301524
435612808 15.3133544 -4.3053284
1219834407 15.3086139 -4.3011884
27027398 15.3137105 -4.3097064
1219834401 15.3087598 -4.3011512
435389452 15.3079163 -4.3134968
435669522 15.3073153 -4.306067
435580486 15.3160479 -4.3111474
435913315 15.3106741 -4.3127
435511462 15.3181419 -4.3027257
26933047 15.3115057 -4.3061204
435341446 15.3175626 -4.3018806
26917298 15.3137855 -4.3044153
27042259 15.3220297 -4.3103076
27042256 15.3214781 -4.3075159
27042257 15.3228943 -4.3080829
435845088 15.3174575 -4.3123496
26917290 15.3136906 -4.305503
1133956675 15.3163694 -4.3017423
435365226 15.3229642 -4.3135114
1133956670 15.3164303 -4.301384
435715512 15.3125195 -4.305839
435445607 15.3097947 -4.3044542
435641912 15.3163301 -4.3047678
435607450 15.3071205 -4.3090547
435593653 15.320623 -4.3145913
435341953 15.3170434 -4.3108598
441137110 15.3132987 -4.3003698
