1060285442 1060285115
1060285442 91273310
1060285442 1060285222
1025404950 1025404948
1025404950 1025404741
1025404950 1025404869
1025404950 1025404691
1020812349 1020812194
1020812349 1020812393
1020812349 1020812389
91273239 1025307305
91273239 91273292
91273239 104576637
91273239 91273232
1020812225 1060285569
1020812225 1020812273
1020812225 1020812194
1020812225 1020782003
1020781884 1020812141
1020781884 1020812273
1020781884 1025377565
1060285200 1060285272
1060285200 1060285447
1060285200 1060285595
1020782328 1020782022
1020782328 1020782185
1060285254 1020782071
1060285254 1060285115
1060285254 36241041
1020812134 1020812089
1020812134 1020812432
1025408686 1025408753
1025408686 1025408713
1025408686 1025408663
1025408721 1025408753
1025408721 1025404905
91273232 91273226
91273232 91273291
1025308040 1020782000
1025308040 1060285364
1025308040 1060285565
1025308040 1060285353
1025307402 1025307239
1025307402 1025307445
1025377372 1020781979
1025377372 1025377334
1060285041 1025404765
1060285041 1025404948
1060285041 1025404727
1060285041 1060285220
1025307261 1020782263
1025307261 1060285353
1025307261 1060285053
1025377529 1025377504
1025377529 1025404905
1025377529 1025377569
91273338 91273326
91273338 91273343
1060285566 1060285224
1060285447 1060285198
1060285447 1060285559
1060285549 1020782073
1060285549 1020812389
1060285549 1060284929
1020812194 1020812141
1020812194 1020812145
1025308094 1025307518
1025308094 1020782009
1025308094 1025307616
1060284938 1060285162
1020781903 1020782000
1020781903 1060285189
1020781903 1060284886
1020781903 1025377242
1020781903 1060285186
1025404721 1079833189
1025404721 1025404808
1020822321 1020822344
1020822321 1020822288
1020822321 1020822285
1020822321 1020782197
1025404727 1060285243
1025404727 1025404811
1025404808 1025404736
1025404724 1025404864
1025404724 1025404774
1025404724 1025404628
1025307251 1025307712
1025307251 1025308053
1025307314 1025307247
1025307314 1020812404
1025307314 1020812070
1025307578 1020781962
1025307578 1079833184
1025307578 1020782267
1060285536 1060285222
1060285536 1025307298
1020782232 1020782022
1020782232 1020781879
1020782232 1020782306
1025377341 1025377501
1025377341 1025377336
1025307626 1025307741
1025307626 1025307513
1025307626 1025307457
1020782236 1020782000
1020782236 1060285147
1060285439 1020782136
1060285439 1020781934
1060285439 1060285079
1060285531 1060285392
1060285451 1060285308
1060285451 1060285513
1060285451 1060285162
1025307237 1020781938
1025307237 1020781979
1025307237 1060285501
1025307237 1060285053
1060285089 1060285272
1060285089 1060285243
1025404899 1025404828
1025404899 1025404752
1025404899 1025404825
104576637 104576681
104576637 104576813
1025377438 1025377303
1025377438 1020781962
1025377438 1025377464
1020812190 1020782003
1020812190 1020812089
1020812190 1020812432
1060285198 1060285308
1060285198 1060285513
1060285198 1060285050
1025307238 1025307712
1025307238 1025307395
91273326 91273319
1025377533 91273371
1025377533 1025377576
1060285056 1025307741
1060285050 1025377576
1060285050 1025404823
1060285050 1025377444
1060285053 1060285622
1025408753 1025408678
1060285270 1025377247
1060285270 1060285392
1060285270 1020812114
1060285270 1020781972
1060285110 1060285250
1060285110 1025307793
91273286 91273264
91273286 111747188
91273286 91273291
1025307420 1020781993
1025307420 31712247
1025307420 1025307812
1025377303 1025377586
1025377303 1060285108
1025377303 1025377444
1025307423 1025307305
1025307423 1025307298
1025404811 1025404902
1025404691 1025404765
1020812432 1020782025
1025307732 1025307273
1025307732 1025307445
1020781962 1060285481
1060285595 1060285308
1060285353 1060285189
1060285281 1060285396
1060285281 1060285600
1060285281 1025307247
1060285281 1020812404
1020812389 1060285625
1020782003 1060285147
1020782003 1020781991
1060284980 1025404859
1060284980 1060285249
1060284980 1025404909
1020782009 1020822288
1020782009 1025307513
1020782009 1025307457
1060285523 1060285335
1060285523 1060285364
1060285523 1079833184
1020812070 1020812089
1020812310 1020812354
1020812310 1020812253
91273319 91273310
1020782067 1020781993
1020782067 1020782031
1020782067 1020781879
1090864933 1025307273
1090864933 1025307804
1020822344 1020822293
1020822344 1020822346
1025404670 1025404905
1025404670 1025404825
1025404670 1025408678
91273310 36241041
1060285481 1020781886
1060285481 1079833187
1025404674 1025404859
1025404674 1025404771
1025404674 1060285249
1025377504 1079833182
1025377504 1025404823
1025377504 1025404768
1025408748 1025377576
31712651 111755218
31712651 35722389
1025377501 1020812259
1025377501 1020782267
1020812401 1020812273
1020812401 1020812214
1025404671 1025404860
1020812404 1025307741
1020812404 1025307513
1025404825 1025404907
1025404941 1079833168
1025404941 1025404668
1025404941 1025377384
1025307922 1025307982
1025307922 1025308053
1020781979 1060284886
104576813 36241041
104576813 1090910176
1025307300 1025307396
1025307726 1025307268
1025307726 1025307390
1025377586 1025377287
1025404948 1025404909
1025404741 1025404930
1020781972 1020782073
1020781972 1060285642
1025307335 1025307518
1025307335 1025307497
1025307335 1020812089
1025307335 1025307616
1060285513 1025377384
1060285357 1020812354
1060285357 1060285186
1025377334 1025377247
1025377334 1025377242
1020782071 1020781934
1020782071 1025307249
1020782073 1060285392
1020822291 1020822288
1020822291 1020822285
1020822291 1025307616
1060285079 1060285364
1060285079 1060285565
1060285079 1060284943
1020822293 1020822264
1020822293 1020781997
1025404647 1079833189
1025404647 1025404628
1025404647 1025404830
91273211 91273216
1025377514 1060285181
1025377514 1025377287
1025377514 1025377464
1025377247 1060285332
1025404752 1025404685
1025377242 1020812114
1025404839 1025404864
1025404839 1025404774
1079833168 1079833182
1079833168 1025404768
1079833168 1079833185
1029588185 1025307320
1029588185 1029588203
91273264 104576681
91273264 91273295
91273264 91273383
1060285272 1060285162
1020812145 1060285569
1020812145 1020812393
1025404830 1025404768
1025404830 1079833185
1025404771 1025404731
1020822264 1025377598
1020822264 1020782197
1025404930 1025404716
1020822260 1020822317
1020822260 1025404731
1020822260 1020782056
1025377598 1020782185
1025377598 1020782306
1025377598 1025377464
1025307918 111755218
1025307918 1025307744
1025307324 1029588172
1025307324 1025307445
1025307424 111755218
1025307424 1025307390
1025307424 1025307276
1060285189 1060285622
1020782263 1020781938
1020782263 1025307249
1020782263 1020781934
1079833184 1079833171
1020782267 1020782181
1060285181 1025377347
1060285181 1020782031
1060285181 1025377287
1060285186 1060285569
1060285186 1060285147
1020822324 1020822317
1020822324 1020822288
1020822324 1025307457
1020781886 1025307880
1020781886 1020782136
1060285565 1020781934
1025307268 1025307267
1020822285 1020812259
1025307267 1025307408
31712247 1025307809
1020812141 1060285625
1025377444 1025307880
1079833171 1079833187
91273371 91273383
91273371 91273364
1025307298 1025307880
1025377336 1025377464
1060285243 1060285559
1020812393 1020812354
1020812393 1060285252
1025377384 1079833182
1025307982 1025307396
1025307986 1025307404
1025307986 1025307320
91273383 91273298
1020812259 1020782197
1025307741 1020782056
1060285642 1060284929
1025307457 1025307367
1060285622 1060284886
1025377576 91273298
1029588203 1029588196
1060285559 1060285394
1025404628 1025404828
1060285625 1060285224
1060285250 1025307817
1025408713 1025404823
1060285579 1025307440
1060285579 1025307817
1025307870 1020781993
1025307870 1025404731
1025307870 1029588172
1060285392 1060285252
1025377347 1025404869
1060285394 1060285220
1060285394 1025404869
91273364 91273352
1025307501 1025307239
1025307501 1025307408
1020782031 1060285355
1025307396 1025307440
1020812114 1020812066
1025307744 1025307395
1020781991 1020782181
1079833189 1079833185
1060285249 1025404860
1029588196 1029588172
1060284943 1060285335
1060284943 1079833187
1025404718 1025404668
1025404718 1025404860
1025404718 1025404909
1025404718 1079833185
1025307418 1025307258
1025307418 1025307438
1025307320 1025307809
1025404909 1025404902
111747188 91273295
1060285636 1060285525
1060285636 1025307793
91273216 91273226
1020812066 1020812354
1025307804 1025307274
1025404864 1025404736
91273352 91273343
1025307809 1060285525
1025404860 1025404736
1025307440 1025307812
1020782181 1025307497
1020812273 1020782025
91273298 91273295
1020781993 1020781997
1020781997 1020782306
1025307275 1025307367
1025307258 1025307276
1025307404 1025307274
91273292 91273291
