1060285442 3.3891344 6.4535098
1025404950 3.3925706 6.455712
1020812349 3.3847484 6.4600973
91273239 3.3986222 6.4472743
1020812225 3.38564 6.4608962
1020781884 3.3850763 6.4614528
1060285200 3.3947014 6.4534654
1020782328 3.3910028 6.457057
1060285254 3.3875946 6.452152
1020812134 3.3876218 6.463236
1025408686 3.4005537 6.4520789
1025408721 3.399735 6.4525908
91273232 3.3990125 6.4473471
1025308040 3.3858978 6.4559912
1025307402 3.3959158 6.4609716
1025377372 3.3843772 6.4573279
1060285041 3.3935708 6.4547651
1025307261 3.3851818 6.4562644
1025377529 3.3991327 6.4520491
91273338 3.3910797 6.4518763
1060285566 3.3836718 6.4608453
1060285447 3.3947012 6.4529781
1060285549 3.3839574 6.4598337
1020812194 3.3854273 6.4607197
1025308094 3.3887685 6.4610292
1060284938 3.3956431 6.4547272
1020781903 3.3862067 6.4587726
1025404721 3.3976765 6.4563528
1020822321 3.3896921 6.4598989
1025404727 3.3937549 6.4546878
1025404808 3.3973361 6.4563439
1025404724 3.3985624 6.4570837
1025307251 3.3973632 6.4620414
1025307314 3.3886353 6.4626599
1025307578 3.388154 6.4562741
1060285536 3.3897022 6.4535357
1020782232 3.3915201 6.4571248
1025377341 3.3890344 6.4579815
1025307626 3.3905439 6.462098
1020782236 3.3868451 6.459333
1060285439 3.3865677 6.4549285
1060285531 3.3844065 6.4598706
1060285451 3.3959085 6.4538377
1025307237 3.3843871 6.456646
1060285089 3.3938663 6.4540219
1025404899 3.3994928 6.4566109
104576637 3.3983988 6.4469314
1025377438 3.3888788 6.4556259
1020812190 3.3868345 6.4623241
1060285198 3.3954887 6.4530052
1025307238 3.3975271 6.4615504
91273326 3.3905518 6.4516315
1025377533 3.3942535 6.4520324
1060285056 3.3908423 6.4628626
1060285050 3.3954172 6.452344
1060285053 3.384929 6.4563858
1025408753 3.3999098 6.4525817
1060285270 3.3844197 6.4591265
1060285110 3.3964391 6.4597487
91273286 3.3985391 6.4480593
1025307420 3.3942372 6.4596262
1025377303 3.3902091 6.4547203
1025307423 3.3910149 6.4514874
1025404811 3.3940567 6.454739
1025404691 3.3925848 6.4556093
1020812432 3.3866855 6.4626813
1025307732 3.3954092 6.4606476
1020781962 3.3885192 6.4553848
1060285595 3.3950734 6.4534702
1060285353 3.3854521 6.4561613
1020782000 3.3865385 6.4590081
1060285281 3.3894683 6.4630894
1020812389 3.3842538 6.4604038
1020782003 3.3870232 6.4617621
1025307305 3.3983286 6.44687
1060284980 3.3944927 6.456265
1020782009 3.3893725 6.4612074
1060285523 3.3874974 6.4560068
1020812070 3.3880966 6.4626213
1020812310 3.3855242 6.4594411
91273319 3.3904931 6.4514683
1020782067 3.3920718 6.4570059
1090864933 3.3949369 6.4608674
1020822344 3.3904981 6.4600779
1025404670 3.3993231 6.4552534
91273310 3.3897658 6.4508505
1060285481 3.388914 6.454502
1025404674 3.3943696 6.457726
1025377504 3.3984072 6.4525092
1025408748 3.4015825 6.4500437
31712651 3.3997209 6.459126
1025377501 3.3878667 6.4586859
1020812401 3.3851657 6.4619378
1025404671 3.3977753 6.4583049
1060285108 3.390839 6.4544931
1020812404 3.3893602 6.4626419
1025404825 3.3993948 6.4559211
1025404941 3.3962961 6.4536174
1025307922 3.3967733 6.4621846
1020781979 3.3846895 6.4571555
104576813 3.397651 6.4457837
1025307300 3.3962952 6.4631434
1025307726 3.3952755 6.4626674
1025377586 3.3905634 6.4554898
1025404948 3.3937002 6.4558457
1025404741 3.3925848 6.4559676
1020781972 3.3837703 6.459175
1025307335 3.3880904 6.4615291
1060285513 3.3961984 6.4530018
1060285115 3.387991 6.452745
1020812214 3.3858927 6.4633268
1060285357 3.3860033 6.4599878
1025377334 3.384751 6.4585349
1020781879 3.3915582 6.4571437
1020782071 3.3850212 6.4538892
1020782073 3.3838602 6.4593988
1020822291 3.388108 6.4602936
1060285079 3.3867462 6.455248
1020822293 3.3906647 6.4588226
1025404647 3.3983036 6.4565842
91273211 3.4003622 6.4459252
1025377514 3.3903898 6.4564501
1025377247 3.3843687 6.4586278
1025404752 3.4004984 6.4569848
1020812253 3.3858576 6.4593774
1025307513 3.389305 6.4622326
1025377242 3.3847764 6.4587206
1025404839 3.3980108 6.4579612
1079833168 3.3974611 6.4537001
1029588185 3.3943345 6.4627412
91273264 3.3973312 6.449044
1060285272 3.3947016 6.4540421
1020812145 3.3857842 6.4602565
1025408678 3.4000814 6.4553527
1025404830 3.398324 6.4555043
1025404771 3.3942007 6.4577859
1020822264 3.3900089 6.4588145
1025404774 3.3985186 6.4579539
1025404930 3.3928423 6.4565087
1020822260 3.3929925 6.4611908
1025377598 3.3904135 6.4574984
1025307918 3.396771 6.4610488
1025307324 3.3956316 6.4606214
1025307424 3.3954162 6.462045
1060285189 3.3859709 6.4574862
1020782263 3.3849981 6.4553546
1079833184 3.3877806 6.4561221
1060285501 3.383635 6.4568068
1020782267 3.3876629 6.4587238
1060285181 3.3911205 6.4558731
1060285186 3.3861926 6.4600137
104576681 3.3966944 6.4481412
1020822324 3.3908533 6.4610764
1020781886 3.3891321 6.4541413
1060285565 3.3857807 6.4555229
1025377569 3.3992688 6.4521877
1060285569 3.3860062 6.4604704
1025307268 3.395491 6.4629505
1025377565 3.3839486 6.4619647
1020822285 3.388172 6.4595567
1025307267 3.3956571 6.4629993
31712247 3.398496 6.4595254
1020812141 3.3849637 6.4613147
1025377444 3.3899994 6.4540042
1079833171 3.3881784 6.4551733
1060285162 3.3958893 6.4538924
91273371 3.3933437 6.4515383
1025307298 3.3899178 6.4532865
1020822288 3.3894974 6.460703
1025377336 3.3894829 6.4572252
1060285243 3.3936209 6.453905
1025404765 3.3927835 6.4553314
1020812393 3.3852245 6.4597304
1025377384 3.396435 6.452998
1025307518 3.3885999 6.461644
1025377287 3.3908284 6.4556586
1025404768 3.3983567 6.4537636
1025307982 3.3966069 6.4620981
1025307986 3.3952522 6.461626
91273383 3.3949274 6.4505941
1020812259 3.3883452 6.4586376
1025307741 3.3907035 6.4625621
1060285600 3.3895077 6.4632756
1060285642 3.3836847 6.4592997
1020822346 3.3903075 6.4608848
1025307247 3.3886663 6.4629735
1025307457 3.3906494 6.4616092
1060285622 3.3855128 6.4577042
1025307273 3.3950952 6.4607185
1025377576 3.3952865 6.4517218
1029588203 3.3947603 6.4614394
1060285559 3.3935387 6.4534251
1025404628 3.3985618 6.4566556
1060285625 3.3849137 6.4612533
1025307249 3.3843755 6.4543002
1020822317 3.3911282 6.4612599
1060285250 3.3961023 6.4597825
1025408713 3.4000589 6.4512739
1060285579 3.3957593 6.4603106
1025307870 3.3925113 6.4588425
1060285392 3.3844264 6.4593666
1025377347 3.3912498 6.4557126
1025377464 3.3899389 6.4569967
1060285396 3.3898429 6.4630449
1060285394 3.3930653 6.4537623
91273364 3.3930153 6.4523192
1025404859 3.3942922 6.4568671
1025404828 3.3991726 6.4568246
35722389 3.3986276 6.4598463
1025307817 3.3958442 6.4599672
1025307501 3.395996 6.4629107
1020782031 3.3921175 6.4567338
1025308053 3.3971843 6.4621619
1060284929 3.3836219 6.4597027
1025307396 3.3962957 6.4616274
1020812114 3.3847035 6.4590907
1025307744 3.3971266 6.4610605
1020781991 3.3871302 6.461624
1079833189 3.3978482 6.4564162
1060285249 3.3951112 6.4574968
1020782197 3.3899206 6.4588071
1029588196 3.3947435 6.4609475
1060284943 3.3878281 6.4547852
1079833182 3.3974035 6.4528376
1025404716 3.393203 6.4567939
1025404718 3.3966567 6.4558112
1025307418 3.3950809 6.4629142
1090910176 3.3974308 6.4455272
1079833185 3.3977358 6.4556738
1025307320 3.3956381 6.4615973
1025404909 3.3946187 6.455941
1060285147 3.3869309 6.459995
1060285308 3.3953943 6.4536114
1020782136 3.3886177 6.4541229
111747188 3.3989141 6.4493198
1025404668 3.3961857 6.4539026
1060285636 3.3967574 6.4599238
91273216 3.4002484 6.4462483
1060285224 3.3840333 6.4611001
1060285222 3.3895399 6.4536009
1060285220 3.3935621 6.4544873
1025404907 3.3996026 6.4561837
1025404905 3.3991798 6.4523249
1020812066 3.3849984 6.4591481
1060285355 3.3928065 6.4576058
1025404823 3.3981084 6.4518046
1025404869 3.3914535 6.4555919
1025307804 3.3948502 6.4610278
1060284886 3.3851284 6.4578871
1025404864 3.3973806 6.4569085
91273352 3.3918305 6.4521677
1060285332 3.3839527 6.4577597
1025307809 3.3967335 6.4607344
1025404860 3.3967091 6.4566287
1025307440 3.3959408 6.4608457
1025404902 3.3945424 6.4551851
1020782181 3.3873223 6.4610205
1020812273 3.385233 6.4616427
1020782185 3.3905268 6.4573329
1020781934 3.3856962 6.4551851
91273298 3.3951385 6.4511338
1020781938 3.3837922 6.4556965
1025307880 3.3897395 6.4538715
1020782056 3.3929066 6.4625042
1025307445 3.3956984 6.4607038
1020781993 3.3924578 6.4587243
1060285335 3.3878715 6.4550635
1025307497 3.3876224 6.4613108
1020781997 3.39205 6.4588307
1025307616 3.3881122 6.4608357
1025307395 3.3973998 6.4612489
1025307275 3.3924031 6.4618355
1025307239 3.396285 6.4625544
1025307390 3.3952558 6.4624853
1025307258 3.3946457 6.4629142
91273226 3.3994028 6.447137
1025307438 3.3955019 6.4631907
1020812089 3.3879349 6.462601
1020812354 3.3854305 6.4595162
111755218 3.396361 6.461218
91273343 3.3911853 6.451818
36241041 3.3894956 6.4508476
1025307276 3.3941056 6.4632307
1025307793 3.3966069 6.4598009
1025307367 3.3910759 6.4617717
1025307812 3.3952914 6.4601722
1025307408 3.3958307 6.4629868
1060285252 3.3848762 6.4594286
1025307404 3.3950381 6.461541
1060285364 3.3869884 6.4559185
1025404685 3.4014211 6.4567801
1020782306 3.391939 6.4583538
1025404736 3.3970893 6.456456
1025307712 3.3975101 6.4617654
1025404731 3.3928363 6.4598869
1025307274 3.3948812 6.4612928
1079833187 3.3880968 6.4546699
1025408663 3.4014093 6.4530936
1060285525 3.3968779 6.4602124
91273295 3.3977355 6.4496493
1020782025 3.386616 6.462866
1020782022 3.3913916 6.457061
91273292 3.3987566 6.4475213
91273291 3.3987455 6.4477409
1029588172 3.3939867 6.4595998
