771239566 13.2404853 -8.8322474
771239564 13.2402066 -8.8322794
771239563 13.2401854 -8.8321842
771239561 13.2401251 -8.8321172
771239560 13.2400365 -8.8321067
430457853 13.2315156 -8.8214643
430457852 13.2313781 -8.8214727
430457851 13.2304997 -8.8215586
430457856 13.2324187 -8.8198932
348003554 13.2375 -8.8272104
348003557 13.2373854 -8.8269897
304186890 13.2416566 -8.8206213
304186894 13.2406953 -8.8220207
304186895 13.2398843 -8.822625
771144522 13.2398865 -8.8297174
771144527 13.2402848 -8.8293295
784465963 13.2409869 -8.8366615
748854525 13.2302158 -8.8282603
430420611 13.2421876 -8.8197876
430420617 13.2421855 -8.8222256
430420616 13.2429677 -8.8200568
430420615 13.2423834 -8.8209565
430420614 13.2459182 -8.8223437
430420619 13.2429452 -8.8212156
430420618 13.242651 -8.8217163
748854528 13.2286919 -8.8308377
748854529 13.2290933 -8.8291732
441779884 13.2286464 -8.8366134
748854419 13.2306883 -8.8347232
304186194 13.2386934 -8.8252742
747238106 13.2372862 -8.823609
748854413 13.2299482 -8.8345991
885463534 13.229532 -8.8249346
347555567 13.2327716 -8.8207793
347555564 13.233 -8.8206391
347555562 13.2331687 -8.8206414
347555561 13.2333386 -8.8207073
347555569 13.2327436 -8.8211211
347555568 13.2327256 -8.8209157
347556072 13.2357945 -8.8221787
348003347 13.2382867 -8.8278209
348003342 13.2372902 -8.8280075
771235035 13.230956 -8.8324907
771239749 13.2389022 -8.8328259
771239748 13.2388668 -8.8328752
771235034 13.2312177 -8.8325727
771239743 13.2386789 -8.832766
771239742 13.2387321 -8.8326849
771239741 13.2388525 -8.8326673
771239740 13.2390653 -8.832223
771239746 13.2387533 -8.8328859
441779945 13.2317139 -8.8361839
441779940 13.2315553 -8.8361119
355508886 13.240018 -8.8330109
771235031 13.2309397 -8.8324575
441779949 13.231827 -8.8361641
771235030 13.2309536 -8.8322225
747238245 13.2363527 -8.8240414
771235033 13.2311325 -8.8327047
771235032 13.2310185 -8.8326187
304186174 13.2390303 -8.824939
304186326 13.240691 -8.8249848
748854458 13.2355702 -8.8306447
441780030 13.2292493 -8.8371258
304186320 13.2419528 -8.8261553
304186321 13.2419098 -8.8259857
746797070 13.2420712 -8.8299537
746797076 13.2419592 -8.8302505
746797079 13.2423669 -8.8307276
304185894 13.2384337 -8.8253835
430593003 13.2415323 -8.8239574
430593002 13.2408369 -8.8242389
430593001 13.2405437 -8.8235435
430593007 13.243738 -8.8232979
430593006 13.2435106 -8.823387
771235028 13.2312223 -8.8324253
771235029 13.2311019 -8.832181
771235027 13.2310198 -8.832129
430593009 13.2436265 -8.8236031
430593008 13.2438238 -8.8234972
441779933 13.2315459 -8.8359915
304186559 13.2410773 -8.8270967
304186558 13.2408198 -8.8273088
771144561 13.2378784 -8.8300228
441696630 13.2285081 -8.825911
747238833 13.2371219 -8.8260876
784466526 13.2437684 -8.8375093
304186771 13.2429333 -8.8229019
784466450 13.2449619 -8.837188
784465419 13.2410049 -8.8364741
441701550 13.232918 -8.8343753
441701552 13.2363598 -8.8326366
441701553 13.2360938 -8.8329844
441701554 13.2341883 -8.834265
746797318 13.2460254 -8.8322436
441701556 13.2361453 -8.8315086
441701557 13.235759 -8.8322804
441701559 13.2352955 -8.8319496
746797310 13.2451885 -8.8327207
771144531 13.2403305 -8.829214
348002707 13.2365917 -8.827564
348002706 13.2386999 -8.8288467
430420648 13.2386919 -8.8212005
430420649 13.2365664 -8.8215695
430420642 13.2376537 -8.8199602
430420643 13.2374008 -8.8209757
304186173 13.2393006 -8.8248661
748854510 13.2293903 -8.8338782
748854513 13.2313476 -8.8337744
430420647 13.2379677 -8.8196373
304186609 13.2393015 -8.828013
746809687 13.2379419 -8.83117
747238067 13.2367297 -8.8242167
304186603 13.2390691 -8.8278273
304186605 13.2392642 -8.8276086
304186604 13.2391521 -8.8276747
304186607 13.239426 -8.8278067
304186606 13.2394637 -8.8276819
747238343 13.2364895 -8.8249456
347558619 13.2351828 -8.8244784
885463787 13.2336787 -8.8282297
60099552 13.2434778 -8.8277747
784483798 13.2457041 -8.8366721
304185955 13.2373496 -8.8251426
279007523 13.2446153 -8.8274179
771239789 13.231563 -8.824646
784483898 13.2458145 -8.8368162
747238526 13.2352586 -8.826772
347557220 13.2318664 -8.8202398
771144594 13.2379943 -8.8304323
885464378 13.2305834 -8.8223411
304186219 13.2384423 -8.8255531
304186357 13.243369 -8.8266811
304186356 13.243635 -8.8267405
747239287 13.2361894 -8.8259444
441780001 13.2379388 -8.8312932
441780002 13.2379517 -8.8312256
304186359 13.2423733 -8.8260068
430457848 13.2306009 -8.8209523
441701519 13.2328331 -8.829808
430457844 13.2310861 -8.8213534
430457845 13.2311509 -8.8208441
441701516 13.2305698 -8.8299748
441701517 13.2324855 -8.8287589
430457840 13.2295719 -8.8208247
441701511 13.2316945 -8.8354883
441701512 13.2315169 -8.8346244
441701513 13.2312199 -8.83315
771235050 13.2329208 -8.8332661
885463218 13.229739 -8.8259324
771144517 13.2395629 -8.8297009
771144512 13.2392642 -8.8294822
771144510 13.2389862 -8.8294368
304186644 13.2393263 -8.8275293
784465296 13.2420959 -8.8342851
885463628 13.2302905 -8.8247776
430457839 13.2301286 -8.821061
784466157 13.242261 -8.8372594
430457831 13.2300358 -8.8198528
430457830 13.2291544 -8.8217691
430457833 13.229477 -8.819637
430457835 13.228679 -8.821535
430457837 13.2290501 -8.8206364
771239555 13.2398328 -8.8332097
748854469 13.2414925 -8.8281215
304186009 13.238674 -8.8235939
747238623 13.2324267 -8.8250737
748854467 13.2411062 -8.82739
784465457 13.2402422 -8.8360724
430420691 13.2440555 -8.8204321
748854463 13.2363319 -8.8308992
347555570 13.2333122 -8.8219158
304185891 13.2377299 -8.8251205
304185890 13.2376955 -8.8250018
304185893 13.2382277 -8.8253411
304185895 13.2386225 -8.8253326
747239231 13.2316061 -8.8237453
304185897 13.2391118 -8.8248407
347555476 13.2339338 -8.8214732
304185898 13.2391547 -8.8246032
430457862 13.232874 -8.8206855
771239756 13.2393387 -8.8321065
771239750 13.2389164 -8.8327589
771239751 13.2388951 -8.8326989
771144254 13.2421508 -8.8288623
771144255 13.2413708 -8.8288128
771144251 13.241321 -8.8287303
771144252 13.2413929 -8.8285817
771144253 13.2421619 -8.8285872
771144314 13.240484 -8.8275715
771144317 13.2402309 -8.8278067
771144316 13.2405214 -8.8277077
771144311 13.2409736 -8.8276458
771144312 13.2408616 -8.827555
771144319 13.2398243 -8.8277985
771144318 13.2401894 -8.8276912
304186317 13.2425192 -8.8263164
747239247 13.2315742 -8.8241577
304186314 13.2434205 -8.826978
304186319 13.2420815 -8.8262401
304186318 13.2422961 -8.8262655
60097794 13.2434983 -8.8272272
60097795 13.2400482 -8.8321491
441701538 13.2352008 -8.8294366
430457869 13.2341563 -8.8204575
430593014 13.2440752 -8.8235514
60097980 13.2439248 -8.8266649
430593010 13.2435149 -8.8235184
430593011 13.243605 -8.8232937
430593012 13.2438041 -8.8233887
430593013 13.243756 -8.8235718
430593019 13.241674 -8.8241865
60097977 13.2443729 -8.8270556
441779923 13.2317607 -8.8358148
441779921 13.2318234 -8.8358332
441779927 13.2316355 -8.8358444
441779925 13.2316955 -8.8358187
441779928 13.2315854 -8.8358924
771144554 13.2379005 -8.8298687
304186069 13.2387427 -8.8236787
885463313 13.2309935 -8.8255803
441699478 13.2307122 -8.8245708
441699475 13.2303932 -8.8290657
441699474 13.2304214 -8.829258
441699477 13.2304549 -8.8236206
748854437 13.2307423 -8.8352405
304186447 13.2419613 -8.8259008
771239548 13.23947 -8.8329809
430457976 13.2462682 -8.8211915
304186444 13.2422044 -8.8258877
430457973 13.245758 -8.8230071
441701525 13.2341292 -8.8315176
441701524 13.2341894 -8.8313563
441701520 13.2333405 -8.8303094
441701523 13.2341431 -8.8311583
441701522 13.233876 -8.8308107
441701528 13.2325541 -8.8327018
304185708 13.2307036 -8.8237566
441779999 13.2378178 -8.8314061
33207478 13.2292404 -8.8372739
348002715 13.2355873 -8.8293685
441779994 13.2377869 -8.8314182
331238958 13.2443286 -8.8272812
348002711 13.2356053 -8.829111
441779990 13.2376519 -8.8313952
430420638 13.2397664 -8.8200574
748854506 13.2293474 -8.8332421
748854502 13.2293837 -8.8316321
748854503 13.2293796 -8.8324894
771239761 13.2379028 -8.8306379
304186613 13.2391633 -8.827402
304186610 13.2391397 -8.8280378
304186611 13.239065 -8.8279924
746809699 13.2394777 -8.8321853
347558621 13.2361999 -8.8246976
347558620 13.235693 -8.8251316
748854487 13.2385091 -8.8294904
748854481 13.2400012 -8.8299026
60101150 13.2444264 -8.8263786
60101151 13.2442032 -8.8265821
771239790 13.2316445 -8.8247553
747238613 13.2328039 -8.8244238
747238436 13.2353391 -8.8254037
441779969 13.2374032 -8.831749
441779966 13.2365964 -8.833318
441779967 13.2368732 -8.8328346
304185903 13.2386311 -8.8239331
207129857 13.2454629 -8.8247001
304185900 13.23888 -8.8239331
347557224 13.231956 -8.8200121
207129580 13.2400833 -8.832941
207129589 13.2441038 -8.8275691
207129588 13.2438254 -8.8276826
771144296 13.2408419 -8.8290579
784465503 13.240628 -8.8352424
430593025 13.2430552 -8.8248636
430593024 13.2423872 -8.8245468
430593027 13.2414964 -8.822864
430593021 13.2416204 -8.8247163
430593020 13.2415936 -8.8245574
430593022 13.2418349 -8.8248329
771144505 13.2392061 -8.8283679
771144508 13.23887 -8.8291975
771144509 13.2389074 -8.8293501
747238315 13.2368676 -8.8245936
430457828 13.2282549 -8.8224892
747238818 13.2370447 -8.826154
747239147 13.2323759 -8.8225827
304186011 13.2378895 -8.8219094
304186012 13.2371342 -8.8204944
784466488 13.2441005 -8.8368221
748854470 13.2414281 -8.8283866
748854471 13.2411491 -8.8287152
771239739 13.2389914 -8.8319057
430420532 13.2412154 -8.8213657
430420537 13.2369441 -8.8300166
441699480 13.2330811 -8.8268099
304185887 13.2382363 -8.8244929
441699483 13.2346465 -8.8299844
304185889 13.2377728 -8.8248661
441780004 13.2379294 -8.8311326
771239549 13.2392779 -8.8332314
304185479 13.2314642 -8.8241452
747238489 13.2352586 -8.8261397
747238763 13.2349931 -8.8267862
304185470 13.2340563 -8.8255361
748854439 13.2294012 -8.83576
747238264 13.2364493 -8.8240093
771144306 13.2397001 -8.8289614
771144304 13.2402589 -8.8287963
771144303 13.2397167 -8.8291099
771144300 13.2405244 -8.8288843
771144301 13.2402257 -8.8289339
771144309 13.2411769 -8.8282029
784466313 13.2444952 -8.8369559
430457870 13.2361721 -8.8198236
784465652 13.242602 -8.836242
747239199 13.232668 -8.8230171
304186322 13.2418927 -8.8257736
746797309 13.2447916 -8.8325935
347539297 13.2292612 -8.8229598
747238218 13.2359988 -8.8244095
771144238 13.2435935 -8.8274579
441779914 13.2334979 -8.8354044
771144548 13.2381827 -8.829379
771144545 13.2386153 -8.8287956
771144547 13.2383763 -8.8293075
771144541 13.240206 -8.8291604
430457849 13.2304213 -8.8213184
441696614 13.2309169 -8.8271333
441696615 13.2302905 -8.8246852
441696616 13.2327464 -8.8277429
441696617 13.2320574 -8.8268654
441696613 13.2311693 -8.8281033
441701515 13.2307317 -8.8308476
771239552 13.2393169 -8.8333724
771239553 13.2393985 -8.8334006
771239550 13.2392779 -8.833323
430457847 13.2306879 -8.8208774
771239556 13.2400828 -8.8321084
784466377 13.2455562 -8.835951
430420692 13.2442203 -8.8198961
784465575 13.2390578 -8.8342876
430457841 13.2299446 -8.8233365
441701537 13.2322829 -8.8296766
430457864 13.2335353 -8.8201247
441701535 13.2323515 -8.8303551
441701532 13.232494 -8.8311444
441701533 13.2339114 -8.8297345
441701530 13.2309783 -8.8316273
430457843 13.2309626 -8.8216668
430457868 13.2335309 -8.8209158
348002719 13.236286 -8.8295935
441779980 13.2376128 -8.8310803
441779982 13.2375618 -8.8311593
441779984 13.237551 -8.8312273
441779986 13.2375644 -8.8312947
441779988 13.2376004 -8.8313536
748854533 13.2299843 -8.829196
430420628 13.2434544 -8.8196472
430420626 13.2452706 -8.8221338
430420627 13.2447612 -8.8200718
430420624 13.2452031 -8.8221119
430420625 13.2456657 -8.8209876
430420622 13.2453362 -8.822155
430420623 13.2450275 -8.8226679
430420621 13.2451724 -8.8227184
430420474 13.2296329 -8.8220399
885463168 13.2290028 -8.8259391
441779992 13.2377173 -8.8314185
784465374 13.2414535 -8.835662
748854492 13.2309356 -8.8317614
748854494 13.2301098 -8.831839
748854495 13.2302063 -8.8314998
748854496 13.229981 -8.8314573
748854497 13.2298516 -8.8317462
748854499 13.229542 -8.8310774
430593005 13.2426131 -8.8233034
430593004 13.2421356 -8.8236014
304186753 13.2377255 -8.8310242
304186757 13.2378409 -8.831045
60097815 13.243532 -8.8269786
60097814 13.2442124 -8.8267365
60097816 13.2437035 -8.8275618
885463269 13.230543 -8.8257476
348003485 13.2379806 -8.8284119
348003352 13.2380378 -8.8266505
784483687 13.2459224 -8.8361273
348003350 13.2382437 -8.8270576
746797299 13.2418411 -8.8305156
441779953 13.2319135 -8.8360699
771231704 13.238604 -8.8277441
441779956 13.2319162 -8.8359363
441779954 13.2319275 -8.8359999
441779958 13.2318836 -8.8358803
771231708 13.2382752 -8.82859
207130156 13.2459932 -8.822368
304185901 13.2387684 -8.8238822
207130155 13.2458449 -8.8230483
331238956 13.2436703 -8.8268025
746809692 13.2382678 -8.831445
347557218 13.2314817 -8.8204006
348003410 13.2375135 -8.8304296
746797086 13.2438026 -8.835014
430592888 13.2451383 -8.8247183
348003551 13.2374369 -8.827804
441780021 13.2290776 -8.8367868
430592887 13.2452488 -8.8250438
441780027 13.2293008 -8.8369222
441780026 13.2294725 -8.8367526
430592882 13.2454272 -8.8245691
430592883 13.2453009 -8.8245203
347556075 13.2345841 -8.8210069
347556071 13.2366161 -8.8229856
430593038 13.2400798 -8.8210864
430420650 13.2372695 -8.8224334
430593036 13.2398773 -8.8213339
430593037 13.2399357 -8.8212051
430593034 13.2400867 -8.8214492
430593035 13.2399425 -8.8214187
430593032 13.2403097 -8.8212288
430593033 13.2402376 -8.8213509
430593030 13.2405597 -8.8207737
430593031 13.2402857 -8.8210999
441696627 13.2290028 -8.8273809
441696626 13.2285922 -8.8274376
441696623 13.2300194 -8.8273273
441696622 13.231727 -8.8357859
747238926 13.2367546 -8.8255881
441696629 13.2286595 -8.8253962
441696628 13.2290028 -8.8254726
304186707 13.2390982 -8.828207
347556328 13.232154 -8.820067
746797241 13.2417771 -8.8303725
441779950 13.2318787 -8.8361245
441701548 13.2336905 -8.8337986
441701545 13.2343342 -8.8328741
441701544 13.234463 -8.8328741
441701543 13.2349093 -8.8330607
441701541 13.2322657 -8.8321193
355150678 13.2306018 -8.8201532
771231700 13.2384372 -8.8265875
748854442 13.2289184 -8.8365233
784465537 13.2393719 -8.8346356
430420612 13.2462036 -8.8211696
430420644 13.2380115 -8.8203876
746797095 13.2452602 -8.8326913
207129750 13.244407 -8.8267195
207129755 13.2453382 -8.8249766
304186668 13.2396782 -8.8276819
304185468 13.2345799 -8.826045
304185469 13.2342452 -8.825816
746809669 13.2399376 -8.8322837
347557252 13.2311881 -8.8204165
747238296 13.2368918 -8.8244335
885463579 13.2287552 -8.825063
441701560 13.235038 -8.8321532
747238454 13.2352505 -8.8255878
347556233 13.2328489 -8.8206947
747238858 13.2375274 -8.8258019
747238203 13.236039 -8.8245135
304186192 13.2386139 -8.8256464
304186560 13.241309 -8.8268083
784466283 13.2451301 -8.8357459
304186361 13.2414378 -8.8252478
430420645 13.2374763 -8.8197577
430592886 13.2450978 -8.8249733
