771239566 746797241
771239566 771239564
771239566 207129580
771239564 771239563
771239563 771239561
771239561 771239560
771239560 771239556
430457853 430457852
430457853 347556233
430457852 430457844
430457851 430457843
430457856 347556328
348003554 348003551
348003554 348003557
304186890 430420532
304186890 430420611
304186890 430420615
304186894 430420532
304186894 430593027
304186894 304186895
304186895 430420648
304186895 304186069
304186895 430593001
771144522 771144517
771144522 771144527
771144527 771144531
784465963 784465419
784465963 784466157
748854525 441699475
748854525 441696623
748854525 441696613
430420611 430420616
430420617 430420532
430420617 430593027
430420617 430420618
430420617 304186771
430420616 430420691
430420616 430420615
430420615 430420619
430420614 207130156
430420614 430420612
430420614 430420622
430420614 430457973
430420619 430420624
430420619 430420618
430420618 430420623
748854528 748854499
748854528 748854529
748854529 748854533
441779884 33207478
441779884 441780021
748854419 748854413
748854419 748854437
748854419 441701512
304186194 304186174
304186194 304185895
304186194 304186192
747238106 747238067
747238106 347556071
747238106 304185887
885463534 885463218
885463534 885463628
885463534 347539297
885463534 885463579
347555567 347556233
347555567 347555568
347555564 430457862
347555564 347555562
347555562 347555561
347555561 430457868
347555569 347555570
347555569 347555568
347556072 347556075
347556072 347556071
347556072 430420649
348003347 348003485
348003347 348003350
348003342 348003551
348003342 348003485
348003342 348002707
348003342 348002719
771235035 771235031
771235035 748854503
771235035 771235032
771239749 771239748
771239749 771239750
771239748 771239746
771235034 771235033
771235034 771235028
771239743 771239742
771239743 771239746
771239742 771239741
771239741 771239740
771239741 771239751
771239740 771239739
771239740 771239756
441779945 441779940
441779945 441779949
441779940 441779933
441779940 441780026
355508886 771239555
355508886 784465296
355508886 207129580
771235031 771235030
441779949 441779950
771235030 771235027
747238245 747238264
747238245 747238218
771235033 771235032
771235033 441701513
304186174 304186173
304186174 304185897
304186326 304186173
304186326 304186322
748854458 348002719
441780030 441780027
304186320 304186319
304186320 304186321
304186321 304186447
304186321 304186560
304186321 304186322
746797070 746797241
746797070 746797076
746797070 207129588
746797076 746797079
746797079 746797299
746797079 746797309
304185894 304185893
304185894 304185895
430593003 430593002
430593003 430593019
430593003 430593004
430593002 430593001
430593002 304186361
430593001 430593027
430593007 430593011
430593007 430593012
430593006 430593010
430593006 304186771
430593006 430593011
771235028 441701541
771235028 771235029
771235029 771235027
771235027 748854492
430593009 430593025
430593009 430593010
430593009 430593013
430593008 430593014
430593008 430593012
430593008 430593013
441779933 441779928
441779933 441780021
304186559 748854467
304186559 304186560
304186559 304186558
304186558 304186668
771144561 771144594
771144561 771144554
441696630 441696629
441696630 885463168
747238833 747238926
747238833 747238858
747238833 747238818
784466526 784466488
304186771 430593005
784466450 784466313
784466450 784466377
784465419 784465374
784465419 784465457
441701550 441701512
441701550 441701548
441701552 348003410
441701552 441779967
441701552 441701553
441701552 441701557
441701553 441701554
441701554 441701543
441701554 441701511
441701554 441701548
746797318 746797095
441701556 441701557
441701557 441701559
441701557 441701543
441701559 441701560
746797310 746797095
746797310 746797309
771144531 771144541
348002707 348002711
348002706 771144545
348002706 771144594
348002706 304186611
430420648 304186011
430420648 430420644
430420649 430420643
430420649 430420650
430420642 304186012
430420642 430420644
430420642 430420645
430420642 430420647
430420643 304186012
430420643 430420644
430420643 304186011
748854510 748854513
748854513 771235050
748854513 441701512
748854513 441701513
304186609 304186610
304186609 304186607
304186609 304186707
746809687 441780004
746809687 746809692
746809687 441780002
747238067 747238264
747238067 347558621
747238067 747238296
304186603 304186613
304186603 304186611
304186603 304186604
304186605 304186604
304186605 304186606
304186607 304186668
304186607 304186606
304186606 304186644
304186606 304186668
747238343 747238315
747238343 347558621
347558619 347558620
347558619 347556071
347558619 304185470
885463787 441701517
60099552 771239556
60099552 60097794
784483798 784483687
784483798 784483898
304185955 304185891
304185955 747238926
304185955 304185889
279007523 60097977
771239789 771239790
771239789 747239247
747238526 747238489
747238526 747238763
747238526 747238818
347557220 347557224
347557220 347557218
771144594 771239761
885464378 430420474
885464378 430457841
885464378 430457843
304186219 304186613
304186219 304185893
304186357 304186356
304186357 304186359
304186356 60097980
747239287 747238926
747239287 347558620
747239287 747238489
441780001 441779999
441780001 441780002
304186359 430593025
304186359 304186444
430457848 430457847
430457848 430457849
441701519 441701517
441701519 441701520
441701519 441701535
430457844 430457843
430457844 430457845
430457845 347557252
430457845 430457847
441701516 441701515
441701516 441699474
441701516 441701537
441701517 441699474
430457840 430457839
430457840 430457830
430457840 430457831
430457840 430457837
441701511 441701512
441701511 441696622
441701513 748854506
441701513 441701528
771235050 441701548
885463218 885463269
885463218 885463168
885463218 441696623
771144517 771144512
771144512 771144510
771144510 771144509
304186644 304186192
784465296 784465374
784465296 784466283
885463628 441696615
885463628 885463269
430457839 355150678
430457839 430420474
430457831 355150678
430457831 430457833
430457830 430457835
430457830 430420474
430457833 430457837
430457835 430457828
430457835 430457837
771239555 771239553
748854469 748854467
748854469 748854470
304186009 304185903
304186009 304186011
304186009 304186069
747238623 771239790
747238623 747238763
747238623 747238613
784465457 784465503
430420691 430420692
430420691 430420625
748854463 430420537
347555570 747239147
347555570 347555476
304185891 304185890
304185891 304185893
304185890 304185889
747239231 747239199
747239231 747239247
304185897 304185898
347555476 347556075
347555476 430457868
304185898 304185900
304185898 304186361
430457862 430457864
430457862 347556233
771239756 771239739
771239756 746809699
771239750 771239751
771144254 771144255
771144254 771144253
771144255 771144251
771144251 771144252
771144251 748854471
771144252 771144253
771144314 771144316
771144314 771144312
771144317 771144316
771144317 771144318
771144311 771144309
771144311 771144312
771144319 771144318
771144319 771144505
304186317 304186318
304186317 304186314
747239247 747238613
747239247 304185479
304186314 60097794
304186319 304186318
304186318 304186560
60097794 60097815
60097794 771144238
60097795 771239556
60097795 746809669
60097795 746809699
441701538 348002715
441701538 441699483
430457869 430457868
430593014 430457973
60097980 331238956
60097980 60101151
60097980 60097814
430593019 430593020
60097977 60097814
60097977 207129750
60097977 331238958
441779923 441779921
441779923 441779925
441779921 441779958
441779927 441779928
441779927 441779925
771144554 771144548
304186069 304185900
885463313 441696615
885463313 885463269
885463313 441696617
441699478 441699480
441699478 441699477
441699475 748854533
441699475 441699474
441699477 304185708
441699477 430457841
748854437 748854439
304186447 304186444
771239548 771239549
771239548 746809669
430457976 207130156
430457976 430420612
304186444 304186361
430457973 207130155
430457973 430592883
441701525 441701524
441701525 441701528
441701524 441701523
441701520 441701533
441701520 441701532
441701520 441701522
441701523 441701522
441701522 441701541
441701522 441699483
304185708 304185479
304185708 747239147
441779999 441779994
441779999 746809692
348002715 348002719
348002715 348002711
441779994 441779992
441779994 441779969
331238958 207129589
441779990 441779988
441779990 441779992
430420638 430593030
748854502 748854499
748854502 748854497
771239761 304186753
771239761 348003410
304186610 304186611
746809699 746809669
347558621 347558620
347558621 747238203
347558620 747238436
748854487 304186757
748854487 748854481
748854487 304186707
748854481 771144296
60101150 430592886
60101150 60101151
747238613 304185470
747238436 747238454
441779969 441779988
441779969 441779967
441779966 441779967
441779966 441779914
304185903 304185901
304185903 304185887
207129857 430592882
207129857 207129755
304185900 304185901
347557224 347556328
207129580 746797086
207129589 60097816
207129589 207129588
771144296 771144300
771144296 748854471
784465503 784465537
430593025 430593024
430593024 430593004
430593027 430593004
430593021 430593020
430593021 430593022
771144505 771144508
771144508 771144509
747238315 747238296
430457828 347539297
747239147 747239199
304186011 430420650
784466488 784466313
748854470 748854471
771239739 746809692
430420532 430593030
430420537 348003410
430420537 348003485
430420537 348002719
441699480 441699483
304185887 304185889
441780004 304186757
771239549 771239550
747238489 304185468
747238489 747238454
304185470 304185469
748854439 748854442
771144306 771144304
771144304 771144301
771144303 771144301
771144300 771144309
771144300 771144541
771144300 771144301
784466313 784466283
430457870 347556075
784465652 784465374
347539297 430420474
347539297 430457841
747238218 747238203
771144238 60097816
441779914 441779956
771144548 771144547
771144545 771144547
771144545 771231708
441696614 885463269
441696614 441696617
441696614 441696623
441696614 441696613
441696615 430457841
441696616 441696617
441696616 441696613
441701515 441701535
441701515 748854492
771239552 771239553
771239552 771239550
784466377 784483687
784466377 784466283
430420692 430420627
430420692 430420628
784465575 784465537
441701532 441701530
441779980 304186753
441779980 441779982
441779982 441779984
441779984 441779986
441779986 441779988
748854533 748854499
430420626 430420624
430420626 430420625
430420626 430420622
430420624 430420623
430420625 430420612
430420622 430420621
430420623 430420621
885463168 441696627
885463168 441696628
748854492 748854494
748854494 748854495
748854494 748854497
748854495 748854496
748854496 748854497
430593005 430593004
304186753 304186757
60097815 331238956
348003485 771231708
348003352 348003350
746797299 746797241
441779953 441779950
441779953 441779954
771231704 771231700
771231704 771231708
441779956 441779958
441779956 441779954
207130156 207130155
207130155 430592882
347557218 347557252
746797086 746797095
430592888 430592886
430592888 430592883
430592887 207129750
430592887 430592886
430592887 207129755
441780027 441780026
430592882 430592883
347556071 430420650
430593038 430593037
430593038 430593031
430593036 430593037
430593036 430593035
430593034 430593035
430593034 430593033
430593032 430593033
430593032 430593031
430593030 430593031
441696627 441696626
441696627 441696623
441696629 441696628
347556328 347556233
441701548 441701545
441701545 441701544
441701544 441701543
355150678 347557252
304185468 304185469
