25340785 28.2141953 -25.7544149
25340784 28.2131867 -25.7543183
25340787 28.2162766 -25.7546855
25340786 28.2152038 -25.7545502
25340781 28.2149892 -25.755903
25340780 28.2140236 -25.7557677
25340783 28.2170341 -25.7561701
25340782 28.2160835 -25.7560383
26206766 28.2007221 -25.7414974
25340788 28.217607 -25.7559417
791177720 28.2017819 -25.752832
25397039 28.2138066 -25.7526581
28106494 28.2026257 -25.7484632
26186210 28.2033296 -25.7398814
26187019 28.2070417 -25.743704
25396999 28.214901 -25.7497784
302044784 28.1995302 -25.7486068
26161205 28.218071 -25.7419303
25326976 28.2124162 -25.7520505
28104557 28.2167373 -25.7500209
25326975 28.2121504 -25.7541524
25326972 28.2104635 -25.7539251
25326973 28.2111716 -25.7540024
25326970 28.2099056 -25.7552586
25326971 28.2100773 -25.7538478
26162749 28.2187135 -25.7392331
269512138 28.2084092 -25.7417599
269512139 28.2088059 -25.7408598
302043020 28.2002558 -25.7441355
791162236 28.1996867 -25.7487237
269512132 28.2087665 -25.7406078
791177713 28.2019774 -25.7526926
269512136 28.2082612 -25.7415941
269512137 28.208273 -25.7417599
25348514 28.2036142 -25.7533663
25348515 28.2031512 -25.7543287
25397084 28.2091074 -25.7412742
25397085 28.2091499 -25.7418353
302042433 28.2004292 -25.7456343
25397083 28.2085924 -25.7411389
25397080 28.2057044 -25.742318
25397081 28.2055454 -25.7408403
279822414 28.21339 -25.75294
279822392 28.21493 -25.753
279822416 28.2025516 -25.7535108
279822390 28.21501 -25.75335
25348519 28.2193997 -25.7532357
25397089 28.2073264 -25.7423759
25326969 28.2109141 -25.7553746
25326843 28.2007432 -25.7503304
302042265 28.2003781 -25.7470865
269512099 28.2114834 -25.7425677
25326961 28.2041779 -25.7501793
25326960 28.2024439 -25.7500036
25326963 28.2105923 -25.7517219
25326965 28.2106781 -25.7508136
25326964 28.212266 -25.7509875
25326966 28.2121801 -25.7463103
276675972 28.20578 -25.7430424
791177728 28.2016989 -25.7531774
619441822 28.2021691 -25.7542751
791177727 28.1997876 -25.7519774
25340774 28.2119207 -25.7555165
28106492 28.2009755 -25.7485565
791177722 28.2004813 -25.7522713
619441827 28.201446 -25.7539217
791162243 28.203708 -25.7486798
269512143 28.208625 -25.7431444
269512142 28.2085102 -25.7434691
25396023 28.2154374 -25.7498943
25396021 28.214755 -25.7475944
25396020 28.214901 -25.7490633
25396026 28.2145147 -25.744618
25396024 28.2146649 -25.7461062
279822385 28.21732 -25.75604
279822387 28.21539 -25.75353
791183947 28.1994833 -25.7427315
269512080 28.2098383 -25.7429646
269512081 28.2094076 -25.7440156
269512082 28.2114194 -25.7425559
269512083 28.2123481 -25.7427312
1163875418 28.2168975 -25.7395207
26191214 28.2146459 -25.7512767
25340777 28.2129936 -25.7556518
26191212 28.21662 -25.7509675
26191213 28.2151823 -25.7516439
26160574 28.2181997 -25.7425294
25326718 28.2049918 -25.7523404
279822558 28.2041899 -25.7490815
279822557 28.2047241 -25.7493566
279822556 28.2048031 -25.749195
25396017 28.2174115 -25.7459516
25326719 28.2042623 -25.7536739
25396018 28.2174587 -25.7473625
25396019 28.217669 -25.7487927
265052217 28.2018211 -25.7466721
25397079 28.2036016 -25.7424943
26162956 28.2148576 -25.7412477
26186988 28.2016773 -25.7425681
26186987 28.2008551 -25.7426412
25326820 28.2060612 -25.7467494
25326821 28.2061548 -25.7481851
25326822 28.2041291 -25.7483347
25326823 28.2042537 -25.748333
25326824 28.204141 -25.7486043
25326826 28.2092302 -25.7479633
25326827 28.2122833 -25.7477278
619441846 28.2015297 -25.7537391
25326829 28.2093477 -25.754157
619441840 28.2016209 -25.7537923
25397091 28.2082057 -25.7433429
25397090 28.2075277 -25.7429641
25397092 28.2034855 -25.7409456
269512101 28.2104608 -25.7423545
269512103 28.2114668 -25.7423355
269512102 28.2115426 -25.7423711
269512105 28.2117226 -25.7421271
26186211 28.2068272 -25.7416983
26186212 28.2027605 -25.7425175
26161207 28.2182856 -25.7434378
269512109 28.211706 -25.7414045
269512108 28.21159 -25.7419376
265052220 28.2007225 -25.747051
25326740 28.2005332 -25.7521543
25341691 28.2188087 -25.7512261
269512104 28.2115355 -25.742101
25397072 28.2001432 -25.7441444
26186996 28.2075138 -25.739031
26186995 28.2011838 -25.7440773
26186994 28.2011211 -25.7426103
26186993 28.2026215 -25.7412924
26186991 28.2004972 -25.7405
26186990 28.2016129 -25.741505
25326833 28.2052064 -25.7553166
25326832 28.2066655 -25.7559544
25326831 28.2090902 -25.7464843
25326830 28.2121158 -25.7519345
25326836 28.1996956 -25.755552
25326835 28.2011938 -25.7561863
619441823 28.2015581 -25.7539765
707852942 28.210877 -25.7410627
269512107 28.2116942 -25.7419802
791162233 28.2038901 -25.7485768
269512079 28.2100232 -25.7427912
269512078 28.2105955 -25.7425774
269512075 28.2122544 -25.7428779
269512076 28.2113758 -25.7427045
269512073 28.2130693 -25.7436293
26161162 28.2169519 -25.7402813
269512112 28.2118577 -25.7414045
269512113 28.2118908 -25.7412813
25397048 28.2058095 -25.7437526
25397049 28.203739 -25.7439323
269512114 28.2122699 -25.7428023
269512115 28.2123338 -25.7427904
25397042 28.2120686 -25.7448499
25397043 28.2107596 -25.7448499
25397040 28.2103949 -25.7520589
25397041 28.2106953 -25.7521749
25397046 28.2089572 -25.7449852
25397047 28.2059317 -25.7452558
25397044 28.2086568 -25.7435549
25397045 28.2083993 -25.7435936
26162793 28.2187923 -25.7401695
26161165 28.2158704 -25.7403586
26187020 28.2056703 -25.7417433
25326730 28.2108747 -25.7493587
25326731 28.2095623 -25.7537512
25326732 28.2083178 -25.7554519
25326733 28.2085109 -25.7558191
25326737 28.2022882 -25.7513934
25341802 28.2178001 -25.7501244
26160575 28.2180194 -25.7401744
25326828 28.2124837 -25.7495341
279822560 28.2037608 -25.7545925
279822561 28.2023018 -25.7540378
26160573 28.2181139 -25.7416017
279822421 28.2017556 -25.7532313
269512072 28.2133584 -25.7441611
25348520 28.2185835 -25.7522889
25397086 28.2084881 -25.742019
707852937 28.2126483 -25.7414164
791183949 28.2002047 -25.7442874
25397087 28.2078367 -25.7419513
26162984 28.2151673 -25.7445915
25397051 28.2003149 -25.7456423
25397050 28.2038717 -25.7453911
26162981 28.2161973 -25.7445095
25326818 28.200986 -25.7484774
25326729 28.2092935 -25.7492007
25326728 28.2078028 -25.7490162
455067549 28.2007183 -25.7535661
25326722 28.207953 -25.7535386
25326723 28.207202 -25.7549301
25348510 28.1999252 -25.7533386
25326721 28.2063866 -25.7529202
25326720 28.2057214 -25.754273
25326727 28.2062575 -25.7488137
25326726 28.2060862 -25.7501178
276675875 28.2069677 -25.7429298
25326724 28.2090259 -25.7513934
25397082 28.2082054 -25.7406724
26161206 28.2170839 -25.7420269
25396028 28.2172613 -25.7444827
25348512 28.2017605 -25.7527967
25326815 28.2013061 -25.7467417
26185537 28.2183714 -25.7442303
25326814 28.2002674 -25.7470947
791177715 28.2017798 -25.75289
791177714 28.2016697 -25.7531045
254275874 28.2131315 -25.748625
25326725 28.2075882 -25.7507556
25326817 28.2040184 -25.7468809
791177719 28.2012398 -25.7526137
25340792 28.2162552 -25.7537385
25340793 28.2164698 -25.7519411
25340790 28.2170706 -25.7548401
25340791 28.2164483 -25.7538931
25340796 28.2144098 -25.7534679
25340794 28.2181005 -25.7520958
265052310 28.2021902 -25.7469041
26206777 28.2026185 -25.7486171
364041002 28.2088838 -25.742075
364041001 28.2075448 -25.7421059
25348513 28.2016817 -25.7530484
26186209 28.205411 -25.7394949
364041005 28.208283 -25.7409075
364041004 28.2092271 -25.7414951
25326716 28.2028066 -25.7530319
25326717 28.2035112 -25.7516833
364040999 28.207356 -25.7426548
25326738 28.2020465 -25.7527067
25326739 28.2006574 -25.7512387
265047420 28.212365 -25.7523203
26204968 28.2114809 -25.7521811
26204965 28.2090948 -25.7508382
26204967 28.2113178 -25.753047
26204966 28.210597 -25.7529172
