25340785 25340784
25340785 25340786
25340785 25340796
25340785 25340780
25340784 279822414
25340784 25326975
25340784 25340777
25340787 25340792
25340787 25340790
25340787 25340786
25340787 25340782
25340786 279822387
25340786 25340781
25340781 25340780
25340781 25340782
25340780 25340777
25340783 279822385
25340783 25340782
26206766 26186987
26206766 26186991
26206766 25397092
25340788 279822385
25340788 25340790
791177720 791177715
791177720 25348512
25397039 25326976
25397039 25340796
28106494 28106492
28106494 791162233
28106494 26206777
26186210 25397092
26186210 26186209
26186210 26186991
26187019 25397048
26187019 276675875
26187019 25397045
25396999 25396023
25396999 25326828
25396999 25396020
302044784 25326818
302044784 302042265
26161205 26160574
26161205 26160573
26161205 26161206
25326976 25326830
25326976 265047420
28104557 25396023
28104557 26191212
28104557 25341802
25326975 25340774
25326975 25326973
25326975 265047420
25326972 26204966
25326972 25326973
25326972 25326971
25326973 25326969
25326973 26204967
25326970 25326969
25326970 25326971
25326971 25326731
26162749 26162793
269512138 25397086
269512138 269512137
269512139 269512132
302043020 791183947
302043020 26186995
302043020 302042433
302043020 25397072
791162236 28106492
269512132 25397082
269512132 707852942
791177713 25326738
791177713 25326740
791177713 791177722
269512136 269512137
25348514 25326716
25348514 25348515
25348514 25326719
25348515 279822560
25348515 279822561
25397084 25397083
25397084 364041004
25397085 364041002
25397085 364041004
302042433 25397051
302042433 25397050
302042433 302042265
25397083 364041005
25397080 276675972
25397080 26187020
25397080 25397079
25397081 25397082
25397081 25397092
25397081 26187020
25397081 26186209
279822392 25340792
279822392 279822390
279822392 25340796
279822392 25326964
279822392 26191213
279822416 25326716
279822416 279822421
279822416 279822561
279822390 279822387
25348519 25340790
25348519 25348520
25397089 364041001
25397089 364040999
25326969 25340774
25326843 25326739
25326843 28106492
302042265 265052220
302042265 25326814
269512099 269512102
269512099 269512082
269512099 269512083
25326961 25326960
25326961 279822558
25326961 25326717
25326960 26206777
25326960 25326737
25326963 25397040
25326963 25326830
25326963 25326965
25326965 25326730
25326965 25326964
25326964 25326828
25326964 25326830
25326966 25397042
25326966 25326831
25326966 25326827
25326966 25396024
276675972 25397048
276675972 276675875
791177728 791177714
791177728 279822421
619441822 619441823
619441822 279822561
619441822 25326835
791177727 791177722
25340774 25340777
28106492 25326818
791177722 25348510
791177722 25326740
619441827 619441846
619441827 619441823
619441827 455067549
791162243 791162233
791162243 26206777
269512143 269512142
269512142 25397091
269512142 25397044
25396023 26191213
25396021 25326827
25396021 25396020
25396021 25396018
25396021 25396024
25396020 254275874
25396020 25396019
25396026 25397042
25396026 26162984
25396026 25396024
25396024 25396017
791183947 26186987
269512080 269512081
269512080 269512079
269512081 25397043
269512081 25397044
269512082 269512101
269512082 269512076
269512083 707852937
269512083 269512115
1163875418 26161162
26191214 26191213
26191212 25341691
26191212 25340793
26160574 26161207
25326718 25326717
25326718 25326721
25326718 25326726
25326718 25326719
279822558 279822557
279822558 25326824
279822557 279822556
279822556 25326726
25396017 25396028
25396017 25396018
25326719 25326720
25326719 279822560
25396018 25396019
25396019 25341802
265052217 265052310
265052217 25326815
25397079 25397049
25397079 25397092
25397079 26186212
26162956 26161165
26162956 26162984
26162956 707852937
26186988 26186994
26186988 26186212
26186988 26186990
26186987 26186994
25326820 25326821
25326820 25326831
25326820 25397047
25326820 25326817
25326821 25326823
25326821 25326727
25326821 25326826
25326822 25326818
25326822 25326823
25326822 25326824
25326822 25326817
25326823 25326727
25326824 791162233
25326824 25326727
25326826 25326831
25326826 25326729
25326826 25326827
25326827 25326828
25326827 254275874
619441846 619441840
25326829 25326731
25326829 25326733
25326829 25326722
619441840 619441823
25397091 25397090
25397091 25397045
25397090 364040999
269512101 707852942
269512103 269512102
269512103 269512104
269512105 269512104
269512105 269512107
26186211 26187020
26186211 276675875
26186212 26186993
26161207 26185537
269512109 269512112
269512109 269512108
269512108 269512107
265052220 25326815
25326740 25326739
25341691 25340794
25397072 791183949
26186996 26186209
26186995 26186994
26186995 25397049
25326833 25326832
25326833 25326720
25326833 279822560
25326832 25326723
25326831 25397046
25326836 455067549
25326836 25326835
707852942 269512113
269512079 269512078
269512078 269512076
269512075 269512076
269512075 269512114
269512075 269512073
269512073 269512072
26161162 26161165
26161162 26160575
26161162 26161206
269512112 269512113
269512113 707852937
25397048 25397049
25397048 25397047
25397049 25397050
269512114 269512115
25397042 25397043
25397043 25397046
25397040 25326731
25397040 25397041
25397040 25326724
25397041 26204966
25397041 26204968
25397046 25397047
25397046 25397045
25397047 25397050
25397044 25397045
26162793 26160575
26161165 26162981
25326730 25326828
25326730 25326729
25326732 25326723
25326732 25326733
25326737 25326738
25326737 25326717
25326737 25326739
26160575 26160573
25348520 25340791
25348520 25340794
25397086 25397087
25397086 364041002
791183949 25397051
25397087 364041001
26162984 26162981
25397051 25326814
25397050 25326817
26162981 25396028
25326729 26204965
25326729 25326728
25326728 25326727
25326728 25326725
455067549 791177719
455067549 25348510
25326722 25326723
25326722 25326721
25326722 25326724
25326723 25326720
25326721 25326720
25326721 25326725
25326727 25326726
25326726 25326725
25326724 26204965
25397082 364041005
26161206 25396028
25348512 791177719
791177715 25348513
791177714 25348513
25326725 26204965
25326817 265052310
25340792 25340791
25340792 25340793
25340793 25340794
25340790 25340791
25326716 25326717
25326716 25326738
265047420 26204968
26204968 26204967
26204967 26204966
