340022348 100.50052 13.7557955
1020422636 100.5019192 13.749124
1020422630 100.50224 13.7492413
1011038450 100.4949598 13.7484014
340022341 100.5001326 13.7538087
340022340 100.5000861 13.7535829
340022343 100.5001997 13.7549877
340022342 100.5000344 13.7538438
339574143 100.5021335 13.7558249
339574142 100.5021777 13.7556603
340022347 100.5008196 13.7551734
340022346 100.5007731 13.7551483
312064122 100.5061939 13.7556808
297710709 100.4898401 13.7574689
255710560 100.5044797 13.7521069
340022506 100.5028942 13.7631232
309201304 100.4978548 13.7537456
309201268 100.4984194 13.7533343
309201306 100.4979371 13.7546141
309201303 100.4978195 13.7532657
340022502 100.5012166 13.7629599
309201260 100.4971901 13.7546426
340022501 100.5023592 13.7623979
309201264 100.4985841 13.7545798
1020422120 100.502505 13.7495566
1020422824 100.5018562 13.7493198
1020422827 100.5022651 13.7492032
677536228 100.4935327 13.7620688
340022338 100.4986501 13.7551784
340022339 100.4985365 13.7555447
340022334 100.4982472 13.7550329
340022335 100.4983144 13.7551132
340022336 100.4982885 13.7551834
340022337 100.4985055 13.7551834
340022331 100.4986759 13.7567438
340022332 100.4981852 13.7549476
340022333 100.4982007 13.7550429
339574144 100.5021667 13.755986
340021741 100.4935913 13.7610001
1011037979 100.4954651 13.7480435
340022345 100.5001016 13.755349
255712707 100.504235 13.7467158
339574141 100.5029516 13.7554885
340022058 100.4920232 13.7558802
1011038428 100.4953269 13.7483226
339574140 100.5030179 13.7554491
599453098 100.5067782 13.7543986
340022087 100.5012963 13.7574045
268268659 100.4921535 13.7469301
268268656 100.4912248 13.7466484
280281587 100.5024328 13.75462
280281586 100.5014409 13.7549485
599453095 100.5060748 13.7537077
268268710 100.4942538 13.7470696
1020422229 100.5038275 13.7494835
1020422224 100.5033137 13.749413
312064093 100.5060761 13.7561275
1025056617 100.4915227 13.7523296
1025056611 100.4934762 13.7523528
312064094 100.506254 13.7558225
1025056613 100.4940448 13.7480349
599453091 100.5063092 13.753346
1025056619 100.4937282 13.7501103
1011038843 100.4954584 13.7479477
1020422432 100.5021869 13.748908
339574135 100.5026936 13.7546367
987149020 100.5063266 13.7501524
1020422553 100.502688 13.7495912
1020422415 100.5019898 13.7488795
599453092 100.5061602 13.7535008
1387473963 100.5060786 13.7553665
1189577897 100.5048385 13.7539917
339574130 100.5040687 13.7555856
1189577958 100.5049437 13.7546546
1359688766 100.4978548 13.7590972
340022377 100.5033694 13.7541623
340022378 100.5033496 13.7540595
1011038282 100.4954208 13.7478881
1011038280 100.4950069 13.7480758
1011038281 100.4958369 13.7485764
1011038286 100.4955474 13.7477491
496768578 100.4939302 13.7462158
282393808 100.4942469 13.7476711
280281867 100.4999101 13.7516263
309201307 100.4980312 13.7558538
282393807 100.4942371 13.7473389
280281491 100.4984925 13.7538013
1011038616 100.4959333 13.7491014
339574138 100.5030511 13.7547011
1020421974 100.5019855 13.7488245
1022767366 100.5030213 13.7499777
1020422501 100.5019117 13.7495117
339574139 100.5031763 13.7550984
1025056598 100.4940272 13.7481496
1022937795 100.5027206 13.7493926
340022284 100.4986873 13.7627762
1189577742 100.504982 13.7543201
1022877368 100.5030656 13.7496601
340022287 100.4997741 13.7611676
249595472 100.4899007 13.7589001
340022281 100.4988817 13.7631436
340022282 100.4992831 13.7629126
340022166 100.496012 13.7636388
340022288 100.4985259 13.7625101
340022289 100.4989461 13.762238
257402264 100.5013812 13.7609429
950785065 100.5066923 13.7510745
340022517 100.5017216 13.7607702
340022510 100.5021901 13.7622083
340022511 100.5025775 13.7618321
340022512 100.5035645 13.7611499
312063278 100.5058956 13.7562627
309201169 100.4994907 13.745805
280282043 100.4999958 13.7485308
340022519 100.5025462 13.7637261
340022305 100.4988798 13.7599203
340022307 100.4991223 13.7596151
340022306 100.4990055 13.7598418
340022301 100.4991357 13.7599879
340022300 100.4998719 13.7610997
312064299 100.4988317 13.7597281
340022309 100.4989404 13.7584292
339574131 100.505197 13.7551809
1163275708 100.4901208 13.7507131
297710425 100.4979466 13.7496607
255711039 100.5014944 13.7569026
669634367 100.4916535 13.7611857
1020422050 100.5024469 13.7493444
1163275703 100.490247 13.7522401
1022877676 100.5019101 13.7498788
309201227 100.4983371 13.7526029
309201224 100.4999252 13.7526601
268268437 100.5063352 13.756244
309201221 100.5010075 13.7526886
309201183 100.4988371 13.7465295
677536229 100.4931438 13.7625325
1020422005 100.5022894 13.7496853
1020422008 100.502579 13.7497694
1011038787 100.4959529 13.7483415
249590801 100.4899756 13.7624323
280386925 100.4935121 13.7529676
339574352 100.4972089 13.7587523
339574353 100.4972288 13.7588394
599454089 100.5067752 13.7536746
599454088 100.5068526 13.7537611
599454086 100.5068799 13.7540136
599454085 100.5067843 13.7541751
599454084 100.5066075 13.7534506
599454083 100.5067582 13.7533681
599454082 100.5069216 13.7533554
599454080 100.5072502 13.7530155
268268699 100.4926138 13.7467455
1022877462 100.5031686 13.7479577
1022877466 100.5030418 13.7496664
268268693 100.4929959 13.7470591
268268697 100.492782 13.7469386
1011038330 100.4952941 13.7484467
255710896 100.5032352 13.7469295
268267346 100.501709 13.7560439
1011038377 100.4955994 13.7479124
268268440 100.5054083 13.7558272
1020422178 100.5027236 13.7499242
255712104 100.4958467 13.7578947
599453096 100.506225 13.7542297
255712102 100.4945306 13.7579929
255712103 100.4951636 13.7578054
280387604 100.5050134 13.756194
1026117315 100.5015063 13.7481244
1387474027 100.5061376 13.7556478
1020422324 100.5018847 13.7496524
1020422753 100.502028 13.7498161
280387603 100.5051937 13.7558688
1020422750 100.5019469 13.7497497
1022877217 100.5024352 13.748252
1020422691 100.501646 13.7488515
280387353 100.4937696 13.7583616
312064329 100.4996888 13.761222
268268666 100.4926816 13.7461203
268268661 100.4923163 13.7465648
309201202 100.4999723 13.7482607
268268663 100.4925232 13.7465296
1022877222 100.5023482 13.7482465
1026117402 100.5014823 13.7481886
268268668 100.4931892 13.7458925
1022877690 100.503064 13.7497555
340046876 100.4936058 13.7509661
309201178 100.4981253 13.7481065
309201179 100.4976077 13.7466838
309201177 100.4977842 13.7481407
309201174 100.4975334 13.7461728
1020421935 100.5020904 13.7488037
255711199 100.5070718 13.748055
1189577706 100.5048759 13.7546701
280386332 100.492053 13.7607209
1022767373 100.502449 13.7518824
1022877285 100.5034805 13.7496548
1011038764 100.495501 13.7481023
269347930 100.4944767 13.7573683
1189577903 100.5051115 13.755181
269347934 100.4927738 13.7575891
269347937 100.4919883 13.761015
1011038230 100.4949661 13.7489949
1022937664 100.5016447 13.7481205
340022503 100.5018001 13.7626455
340022132 100.4998857 13.7581809
340022130 100.4998175 13.7580095
340022136 100.4994726 13.7572808
340022137 100.5003751 13.7571133
340022134 100.4999981 13.7581419
340022135 100.5000703 13.7583367
340022525 100.496832 13.7630743
340022524 100.496052 13.7621435
340022527 100.4989304 13.7611176
340022526 100.4965422 13.7627568
340021745 100.495424 13.7631468
340021747 100.4956754 13.7633202
340022358 100.5008299 13.7548372
280386416 100.4964905 13.7497078
280386415 100.4963982 13.7512628
280386414 100.4962673 13.7523757
340022352 100.4993474 13.7550279
340022353 100.4993681 13.7552035
340022350 100.5002772 13.7558758
340022351 100.4993939 13.755349
340022356 100.5005406 13.7548824
340022357 100.5006233 13.7548924
340022354 100.5001119 13.755078
340022355 100.5001068 13.7550078
280754894 100.5046747 13.7488553
340022498 100.5005154 13.7633838
1011038313 100.4958036 13.7489036
1190400836 100.5044766 13.7550196
255710559 100.5019907 13.7518317
255710558 100.5015485 13.7519015
255710557 100.5009992 13.7519765
291424271 100.4922777 13.7506557
1190400838 100.5039492 13.7549093
255710554 100.4981712 13.7514399
309201312 100.4954121 13.7547842
1024523969 100.4946085 13.7473251
599454078 100.5071908 13.7532725
599454079 100.5068691 13.7531463
309201257 100.497296 13.7524373
309201256 100.4970548 13.7513346
1163275690 100.4901208 13.7504101
309201254 100.4978312 13.7521516
309201253 100.497843 13.7517974
309201251 100.497043 13.7517402
309201293 100.496549 13.7541341
1026117369 100.5014063 13.7482048
1020422035 100.5022019 13.7493738
254307223 100.491387 13.752274
1020422248 100.5018831 13.7489282
1020422362 100.501927 13.7500391
309204472 100.4987233 13.7555076
1022877254 100.5016915 13.7481425
1020422242 100.5021946 13.748768
1020422639 100.5022684 13.7492602
1011038432 100.4952778 13.747669
1011038437 100.4953211 13.7487886
280386484 100.4953448 13.7566201
280386486 100.4964472 13.7472544
255710545 100.4961042 13.7512335
1011038207 100.4954077 13.7483816
1020421944 100.5035146 13.7494828
291424285 100.492312 13.7509392
268268707 100.4939117 13.7469553
268268704 100.4939761 13.7470383
291424282 100.4913675 13.750541
312063273 100.5076594 13.7599605
1020422626 100.5017363 13.7496732
340022102 100.4992655 13.7593892
255710881 100.4976862 13.7472161
309201175 100.4964901 13.7482379
1011038086 100.4958468 13.7490917
1020422564 100.5022313 13.7488692
255711155 100.5021467 13.7569776
255711156 100.5017004 13.7570443
280387544 100.4944305 13.7576446
280386665 100.4948082 13.7584283
280386667 100.4948597 13.7582782
280386669 100.4948082 13.7580948
1020422409 100.5020587 13.7492717
309204499 100.5002759 13.7564038
1022767357 100.5018198 13.7504022
1023022416 100.5044997 13.748004
269347977 100.4940956 13.7635034
340022097 100.4994535 13.7596449
1359714734 100.4980539 13.7585505
280282682 100.5008941 13.7522438
1022937741 100.5029677 13.7495179
280280873 100.5012567 13.7479831
1189577849 100.5051474 13.7551685
1020422150 100.5019036 13.7497142
280280874 100.5013651 13.7483813
249595449 100.4906273 13.7601471
249595448 100.4907151 13.7601234
280281486 100.5046085 13.7526872
249595442 100.4910801 13.7605357
249595441 100.4910227 13.7605864
249595440 100.4911139 13.760681
249595447 100.4907793 13.7602012
249595445 100.4908233 13.7603499
249595444 100.4909111 13.760387
340022369 100.5013562 13.7541591
1011038151 100.494706 13.7477637
280280872 100.5010929 13.747044
280282350 100.5015399 13.7516431
340022172 100.4991476 13.763667
280280875 100.5017288 13.7517431
257402276 100.5041878 13.7588598
340022076 100.4918471 13.75708
257402274 100.5059417 13.7556674
257402272 100.5053338 13.7570648
257402273 100.506085 13.7557537
257402271 100.5052632 13.7570413
1025056600 100.4934654 13.7522896
1025056606 100.4915266 13.7522772
340022079 100.4922843 13.7568205
340022078 100.4921952 13.7569568
340022316 100.498365 13.759183
1020422060 100.5034475 13.7494818
1020422063 100.5021924 13.7490781
340022315 100.4980113 13.7585728
340022313 100.4988929 13.7581113
340022258 100.5020479 13.7635768
1020422069 100.503487 13.7494879
1190400875 100.5035187 13.7549874
1190400873 100.5034306 13.754732
340022318 100.4997194 13.7554443
340022319 100.4997762 13.7554242
297710432 100.5001253 13.7495318
297710433 100.5038983 13.7497552
297710434 100.5017787 13.7500588
309201213 100.4993017 13.7526429
309201212 100.4993841 13.7515802
1025056590 100.4935844 13.7511068
309201217 100.4992841 13.7501119
309201215 100.4980312 13.7502604
309201191 100.49879 13.7459639
309201192 100.4988959 13.7471523
309201194 100.4990312 13.7481693
340022388 100.5034992 13.7549926
309201196 100.5003723 13.7478836
309201198 100.5003487 13.7474723
309201199 100.5009134 13.7474723
340022387 100.5033361 13.7543732
340022386 100.5040967 13.7541559
340022381 100.5030922 13.7530545
340022380 100.5048339 13.7537192
268268919 100.4966067 13.7606101
1022877631 100.5025598 13.7481411
1020422643 100.5018817 13.7488997
255710544 100.4959326 13.752434
1022937627 100.5027472 13.7494327
599454090 100.5066751 13.7536314
599454091 100.50655 13.7536746
599454092 100.5064818 13.7537542
599454093 100.5062798 13.7542707
1020422616 100.502041 13.74992
599454095 100.506434 13.7543002
309204483 100.4971377 13.7570746
340022317 100.4996993 13.7552897
1022877517 100.5024045 13.7483409
309204489 100.4981156 13.7568707
1022877510 100.5034563 13.7495641
1022877455 100.503438 13.7496351
309201277 100.4966489 13.7535057
1022877458 100.5030957 13.7480217
309204479 100.4971819 13.7559154
280280757 100.4997461 13.747116
1022937825 100.502686 13.7493639
1020422294 100.5020914 13.7492449
280280759 100.5004594 13.7516852
1020422290 100.5024752 13.7494949
1022937829 100.5018494 13.7484303
340022257 100.5015946 13.7627466
340022493 100.5014814 13.7611452
340022492 100.5015648 13.7621312
339574118 100.4986564 13.7572125
339574119 100.4993013 13.7566141
340022497 100.5001966 13.762736
340022496 100.5003879 13.7631123
340022499 100.5005938 13.7635219
1020422107 100.5020762 13.7492376
1020422104 100.5016567 13.7489489
339574117 100.498714 13.7574306
1189577785 100.5033602 13.7543862
280386629 100.4945953 13.7585073
255712312 100.503424 13.7588181
255712311 100.5025657 13.7593183
255712310 100.498257 13.7621694
1011038683 100.495862 13.7480743
255712315 100.5053053 13.7555354
1020422688 100.5031792 13.7498421
257402269 100.5043051 13.7589427
1020422683 100.5035194 13.7494519
1020422685 100.5020133 13.7498178
340022488 100.5010891 13.7614405
1011038882 100.4953122 13.7478332
1359688769 100.4975911 13.758772
1011038924 100.4956684 13.7476271
340046868 100.4937482 13.7510441
268268673 100.4937697 13.7460343
309201249 100.4963313 13.7518202
1011093121 100.493915 13.7497488
268268678 100.4940494 13.7466458
1025056633 100.4897929 13.7495591
1025056631 100.4936372 13.7510802
1020422756 100.5022345 13.7488112
255711200 100.5065826 13.7470546
255711369 100.5037502 13.7491639
1011038193 100.4956179 13.7489584
325211272 100.4939148 13.7623568
291424054 100.4939514 13.7605266
280386307 100.4947052 13.757111
291424052 100.4937025 13.7608601
255711834 100.5019649 13.757084
1022937794 100.5024511 13.7493737
1011038759 100.4951694 13.7480435
255711830 100.5043338 13.7624612
1022937798 100.5027291 13.7494061
340022039 100.4898261 13.7580879
1022767369 100.5030004 13.750211
1022877339 100.5022245 13.7481076
1011038618 100.4946449 13.7479387
1189577934 100.5037019 13.755682
1189577930 100.5049954 13.755173
325211274 100.4946027 13.7616278
340044665 100.4943542 13.7460513
1011125012 100.4961042 13.7482573
1022937778 100.5030362 13.7487511
1022937670 100.5013607 13.748072
1022937675 100.5019327 13.7484628
325211237 100.4928843 13.7597299
325211235 100.4946194 13.7629287
255711701 100.5051063 13.7613358
1011038862 100.4948549 13.7476663
1022877582 100.5030852 13.7497188
280281476 100.5022163 13.7532319
309201195 100.5003193 13.7471009
1189577768 100.5050729 13.7551476
255711908 100.4970726 13.761069
1373650841 100.4949043 13.7631697
255711906 100.4989788 13.7600609
1189577808 100.5040436 13.7554843
340022103 100.4996917 13.7586769
340021738 100.4928655 13.7616158
340022384 100.5041959 13.7545219
340022536 100.4991535 13.7609609
1189577802 100.5050128 13.7546403
340022535 100.4989457 13.7605963
340022532 100.4990148 13.7610432
340022530 100.4987771 13.7607006
339574124 100.502301 13.7559766
339574127 100.5032625 13.7557753
339574126 100.5031013 13.755792
339574121 100.5003549 13.7568434
339574120 100.4993934 13.7570447
339574123 100.502301 13.7561388
339574122 100.5021052 13.7563513
1020422158 100.5019032 13.7499363
340022365 100.502395 13.7544459
340022364 100.5013571 13.7546072
339574129 100.5042562 13.7555194
339574128 100.5036866 13.7557099
340022361 100.5004942 13.7535127
340022360 100.5013802 13.7547181
1190400820 100.503594 13.7552728
1190400823 100.5039068 13.7547588
1011038369 100.4946653 13.7480209
340022383 100.503823 13.754631
255710546 100.496108 13.7498829
255710547 100.4961042 13.747265
1011038365 100.4957427 13.7486461
1011038045 100.4952656 13.7477457
309201242 100.4970372 13.7520887
1011038047 100.4953186 13.7489356
309201246 100.4970372 13.7518945
1024523974 100.4942221 13.7491431
1020422806 100.5018902 13.7498323
1024523978 100.4940018 13.7491171
979765261 100.5012638 13.7457884
312064310 100.4976014 13.7615332
340022368 100.50129 13.7541687
312064300 100.4985376 13.75938
312064301 100.4983889 13.7593698
312064304 100.4979628 13.7594407
339574338 100.4952352 13.7591654
312064308 100.4991992 13.7604729
1020422277 100.5020819 13.7489508
1359714731 100.4977926 13.7581481
1020422341 100.5021662 13.74968
1011038966 100.4958427 13.7488542
1190400898 100.5048569 13.7543515
255710879 100.4987407 13.7556566
669634374 100.4951648 13.7608273
1024523971 100.4944019 13.7489633
1020422878 100.503506 13.7494267
275512527 100.4905695 13.7629634
280386878 100.4928685 13.7524663
340022366 100.5014662 13.7545943
1189577963 100.5041048 13.7541875
1020422871 100.5033657 13.7493472
1020422799 100.5024098 13.7498062
1025056571 100.493359 13.7523648
280386523 100.498937 13.7571484
1025056573 100.4914264 13.75236
1025056572 100.4941298 13.7481041
1025056575 100.4897369 13.7498532
1025056577 100.4934067 13.7522766
340021756 100.496403 13.7629348
291424092 100.4932557 13.7592872
1020422574 100.5024734 13.7498273
280752661 100.5080812 13.7461921
309204487 100.4972076 13.7575198
291424097 100.4952389 13.7621773
1020422472 100.5020872 13.7488617
1011038711 100.4949191 13.7489584
1022767323 100.5033677 13.7498898
340021748 100.4958077 13.7633331
1011038491 100.4956916 13.7481389
280386580 100.4957437 13.7547684
1011038495 100.4959054 13.7478041
1022937722 100.5019636 13.7484626
1011038911 100.4948972 13.7488899
1011038226 100.4953868 13.7472934
255710805 100.4971647 13.7560779
255710804 100.5048865 13.7539422
340022528 100.4992218 13.760924
340022095 100.4994096 13.7593649
249595476 100.4896675 13.7583391
280386815 100.4916839 13.7530343
309201290 100.4960549 13.7533343
340022091 100.4992968 13.7585491
340022090 100.4992843 13.7583847
340022093 100.4993344 13.7587744
340022285 100.5002338 13.761762
309201298 100.4959196 13.7540142
340022099 100.4992028 13.7589083
340022286 100.5009553 13.7612948
1189577852 100.5050928 13.7549622
1022937739 100.5029439 13.7494437
340021740 100.4934443 13.7608885
1022877180 100.5025707 13.7480731
249595459 100.4902555 13.7594814
1022877185 100.5030287 13.7495019
249595454 100.4904684 13.759799
1011038963 100.4955351 13.7476832
249595457 100.4902488 13.7595895
249595450 100.4906002 13.7600896
249595451 100.4906374 13.7600288
249595453 100.4904989 13.7598869
340022068 100.4917742 13.7569909
340021743 100.495219 13.7634359
249595470 100.4898568 13.7590184
340022060 100.4921707 13.7558147
599453094 100.506121 13.754079
599453097 100.506382 13.7543473
1011038960 100.4949168 13.7481785
340022064 100.4910266 13.7574732
599453090 100.5067253 13.7532411
599453093 100.5059605 13.7541224
340022520 100.5027099 13.763665
340022094 100.4993407 13.7588839
269347918 100.4936237 13.7524001
269347919 100.4911727 13.7522676
280282022 100.5015866 13.7482477
269347913 100.4961128 13.757728
280386942 100.4957619 13.753203
269347914 100.4956493 13.7576279
269347915 100.494835 13.7569783
340022344 100.500272 13.7552938
1190400869 100.5040247 13.755062
1190400865 100.5038989 13.7549205
1190400864 100.5040653 13.7546185
280386411 100.4952062 13.7572633
1011038003 100.4961042 13.7483315
309201208 100.4992488 13.7495977
309201209 100.499337 13.7507404
309201205 100.4981195 13.7509232
309201206 100.5003038 13.7506421
309201201 100.5009252 13.7478493
1022937779 100.502919 13.749414
309201203 100.5012781 13.7481179
340022043 100.4902099 13.757875
1022937696 100.5027844 13.7495659
340022392 100.503894 13.7548983
340022390 100.5039659 13.7551802
255711898 100.4989795 13.7573778
340022041 100.4898303 13.7579896
312064088 100.5062454 13.7552306
340022046 100.490193 13.757748
1026117395 100.5013511 13.7482944
1022937631 100.5028808 13.7483041
340022047 100.4901466 13.7575268
309204496 100.4966791 13.7571712
309204497 100.498878 13.756699
309204492 100.4981573 13.7573049
950785061 100.5056187 13.7485401
1022877528 100.5022583 13.7481753
280387758 100.4948683 13.7574362
1022877447 100.5024201 13.7482566
1011038323 100.4953799 13.7483359
1011038874 100.495758 13.7481364
1011038253 100.4957996 13.747688
297710714 100.4900149 13.7582918
309201278 100.4972077 13.7536485
1020422547 100.5020078 13.7497615
309201271 100.4961137 13.7530429
340022518 100.5023824 13.7633714
309201273 100.4966842 13.7531343
599453089 100.507122 13.7534721
1022937839 100.5028719 13.7493958
309201274 100.4965078 13.7547112
1011038091 100.4955612 13.7482545
309201276 100.4962666 13.7563109
979765259 100.5014248 13.7462261
1022877292 100.5023972 13.7482534
340022329 100.4985416 13.7557203
340022328 100.498614 13.7563073
340022487 100.5005154 13.7606689
268268461 100.4950033 13.7581583
340022323 100.4987586 13.7558306
340022322 100.4997142 13.756513
340022321 100.4994972 13.7560464
340022320 100.4999363 13.7558206
340022327 100.4988206 13.7562772
340022326 100.4990633 13.7566535
340022325 100.4989807 13.756242
340022324 100.4989652 13.7558055
1387474045 100.5062604 13.7555598
1011038698 100.4953075 13.747636
1025056570 100.4937542 13.7499548
1011038695 100.495394 13.748433
309204474 100.4980161 13.7556954
1022877625 100.5031154 13.7498536
339574354 100.4972853 13.7589169
1374738692 100.4991812 13.7589135
255710556 100.5008062 13.7518734
280386895 100.4932031 13.7526091
1374738693 100.4992335 13.7596756
1025056576 100.4938107 13.7500883
280386409 100.4950828 13.7574278
268267337 100.5011709 13.7534105
340022495 100.5009714 13.7626313
340022036 100.48998 13.7579407
280386943 100.4936915 13.75312
340022494 100.5014863 13.7622121
1025056588 100.4897763 13.7498585
1025056620 100.4933573 13.7523087
1025056623 100.4940937 13.7481548
255712220 100.4990724 13.7580177
340021758 100.4961649 13.7628705
312064087 100.5054454 13.7521191
1025056581 100.4941123 13.7480393
1025056584 100.4914884 13.7523599
1025056585 100.4936481 13.7510086
291424095 100.4942445 13.7602407
1011038629 100.4947687 13.7477013
280386760 100.4931178 13.7589385
1011038186 100.4958934 13.7479368
1022877300 100.5024812 13.748238
1022937783 100.5030042 13.7486023
280386311 100.4915552 13.7604541
1011038626 100.4956703 13.7478342
1022937786 100.5022444 13.7481457
1022937785 100.5025641 13.748114
1011038747 100.4956552 13.7482241
309201259 100.4972313 13.7531914
1022937781 100.5032674 13.7487041
1189577922 100.5049302 13.7543314
1020422747 100.5025538 13.749593
280280922 100.5009563 13.7517348
1163275692 100.4902344 13.7523729
1020422811 100.5027049 13.74975
280386790 100.4915552 13.7534094
280386791 100.4920904 13.7554584
280386793 100.4940185 13.7577947
280386795 100.4913321 13.7524028
309201284 100.4984665 13.7537342
339574350 100.4972454 13.7577324
1190400851 100.5042686 13.7551214
1022937761 100.5032157 13.7487146
1163275696 100.4903855 13.750782
1189577861 100.5050288 13.7549794
1022937765 100.5019573 13.7483815
255712319 100.4946022 13.7568109
282393814 100.4910971 13.7465392
340022066 100.4915988 13.7570486
1022767327 100.5030824 13.750847
1020421981 100.5036353 13.7495292
340022293 100.4988365 13.7620932
340022119 100.5020296 13.7582995
249595467 100.4899109 13.7591772
340022290 100.499488 13.7618655
340022297 100.4988845 13.7599912
1189577759 100.5051398 13.7549518
340022295 100.4989204 13.7598582
340022294 100.4992231 13.7615343
340022110 100.4995601 13.7584639
340022299 100.4991021 13.7598897
249595469 100.4899277 13.7590488
249595468 100.4899311 13.7591096
340022116 100.5007071 13.7587196
340022051 100.4900285 13.7565806
340022050 100.4899611 13.7567731
340022053 100.490193 13.7564086
340022500 100.5007949 13.7634314
340022054 100.4912557 13.7560891
340022505 100.5017609 13.7637229
340022056 100.4919093 13.7558638
1189577816 100.5040615 13.7555558
340022508 100.5029835 13.7631853
1189577813 100.5051256 13.7552065
1189577810 100.505061 13.754631
339574136 100.5029147 13.7545937
339574137 100.5029552 13.754719
339574134 100.501883 13.7548586
1011038524 100.4956555 13.7489462
339574132 100.5033603 13.7562338
339574133 100.5043737 13.7560213
1011038521 100.4955102 13.7478175
1020422163 100.5021349 13.7487649
340022271 100.4995187 13.7622324
340022379 100.5040372 13.7538894
340022273 100.4999222 13.7629054
340022272 100.4997439 13.7626311
340022275 100.5001081 13.7632447
340022277 100.5003162 13.7636779
340022276 100.5002493 13.763519
1190400815 100.5043676 13.7553767
1011038053 100.4953949 13.7475948
669634376 100.494142 13.763457
669634375 100.494963 13.7605697
1011038050 100.4952738 13.7487457
669634373 100.4951533 13.7609841
1011038055 100.4950397 13.7490041
249595465 100.490046 13.7592279
309201236 100.4983077 13.752483
309201230 100.4999194 13.7523116
309201233 100.4993194 13.752283
309201188 100.4996017 13.7464038
309201239 100.4982724 13.7521973
340022080 100.4924894 13.7567523
979765210 100.5008153 13.745913
255711042 100.5019321 13.756244
340022207 100.5018477 13.7632534
339574345 100.4973252 13.7582262
339574347 100.4990464 13.757868
339574341 100.4961954 13.7584553
1011038795 100.4954831 13.7476236
339574343 100.4968899 13.7583133
339574342 100.4966174 13.7583617
1020422358 100.5021272 13.7489049
339574349 100.4968301 13.7586425
339574348 100.4971059 13.7590105
1020422618 100.5021574 13.7491369
1011038550 100.495347 13.74846
280281674 100.4999349 13.7535856
1011038559 100.4952663 13.748401
1190400883 100.5043146 13.7551129
268268686 100.4936044 13.7471359
1190400881 100.504259 13.7550784
1190400880 100.5039123 13.7546585
268268683 100.4938453 13.7470259
1190400886 100.5039383 13.7547506
1190400885 100.5040453 13.7551362
268268680 100.4939969 13.7468514
255712055 100.4939226 13.7583179
255712056 100.4941371 13.7583345
1020422646 100.5021902 13.7489741
1020422867 100.5020221 13.7488718
280386861 100.4923191 13.7524424
1011038837 100.4948831 13.748272
973697951 100.4932002 13.7578262
1025056592 100.4898341 13.7495684
987149017 100.507711 13.749508
1022767339 100.5029862 13.7500223
1011038709 100.495334 13.7488159
340022389 100.5035738 13.7552775
1022767336 100.5041205 13.7506538
1022767331 100.5024094 13.7513397
1022877587 100.5032354 13.7485553
269347990 100.4911708 13.7523994
269347991 100.4935166 13.7524462
269347996 100.4957521 13.7637315
280272919 100.5061491 13.7463073
1011038273 100.4954923 13.74819
1011038908 100.4951968 13.7487341
1011037924 100.4952799 13.7483496
340022086 100.5004877 13.7575628
249590800 100.4898904 13.7625175
340022084 100.4995099 13.7577516
340021754 100.4966543 13.7632046
340022082 100.4992153 13.7578307
340022083 100.4994096 13.7577759
340021751 100.4959069 13.762697
340021750 100.4961979 13.7630311
282393810 100.490859 13.7466201
1022937734 100.5026305 13.7493518
340021759 100.4960921 13.7628898
340022089 100.5015846 13.7569662
1022877728 100.5024442 13.7483367
269347940 100.4955517 13.7636917
254307224 100.4934137 13.7523955
254307225 100.4940933 13.7477125
254307226 100.4908933 13.7467315
255711597 100.4948667 13.7586096
255711599 100.4957078 13.7597268
1022877262 100.5034598 13.7479039
1022937730 100.5020365 13.7482753
1022877354 100.5019901 13.7498683
1025056615 100.4913895 13.7523233
339574351 100.4970361 13.7585167
1373632850 100.4951011 13.7593114
269347927 100.4922333 13.7511333
269347923 100.4913111 13.7510571
1190400850 100.5039945 13.7550701
340022118 100.5019105 13.7580621
1190400853 100.5034501 13.754727
1190400855 100.5040486 13.7545648
1190400857 100.5043507 13.7545444
599453104 100.5070669 13.7542404
599453102 100.5072341 13.7539016
340022098 100.4991085 13.7583972
255711047 100.5057672 13.756192
255711044 100.5023096 13.7567333
249595466 100.4899953 13.7592448
1011038013 100.4958006 13.7478381
255711043 100.5022765 13.7564477
255711040 100.5014518 13.7565968
255711041 100.5016403 13.7563274
249595461 100.4901609 13.7593766
249595438 100.4912254 13.7607047
249595439 100.4911578 13.7606371
249595432 100.4913707 13.7610697
249595433 100.4914586 13.7610021
249595462 100.4901271 13.7592921
249595436 100.4912254 13.7608365
249595437 100.4912558 13.7607858
249595434 100.4913437 13.7609007
249595435 100.4912592 13.7608872
340022121 100.5003435 13.7579768
340022123 100.5002182 13.7576237
340022122 100.5002871 13.7578246
340022125 100.5001304 13.7584578
340022124 100.5000928 13.7585917
340022127 100.5000239 13.7586343
340022126 100.5001743 13.7585674
340022129 100.4996491 13.7580367
340022128 100.4995889 13.7577367
1025056609 100.4938221 13.7500063
340022112 100.5002558 13.7589509
