340022348 340022350
1020422636 1020422824
1020422636 1020422107
1020422636 1020422248
1020422630 1020422827
1020422630 1020422639
1011038450 1011038559
1011038450 1011038837
1011038450 1011038911
340022341 340022340
340022341 340022342
340022340 280281674
340022340 340022361
340022343 340022342
340022343 340022356
340022343 340022344
340022343 340022355
339574143 339574144
339574143 339574142
339574142 339574134
340022347 280281586
340022347 340022346
340022346 340022344
312064122 312064088
312064122 312064094
297710709 340022036
255710560 1022767373
255710560 1022767336
255710560 280281486
255710560 312064087
340022506 340022518
309201304 309201284
309201304 309201278
309201304 309201306
309201304 309201303
309201268 309201284
309201268 309201227
309201268 309201303
309201306 309201260
309201306 309204474
309201306 309201264
309201303 309201259
340022502 340022257
340022502 340022498
340022502 340022495
309201260 309204479
309201260 309201274
309201260 309201278
340022501 340022503
309201264 280281491
309201264 340022338
1020422120 1020422747
1020422120 1020422290
1020422824 1020422501
1020422827 1020422618
677536228 325211272
677536228 677536229
677536228 340021738
340022338 309204472
340022338 340022337
340022339 309204472
340022339 340022337
340022339 309204474
340022334 340022335
340022334 340022333
340022335 340022336
340022336 340022337
340022331 309204497
340022331 340022328
340022331 309204489
340022332 340022333
339574144 339574124
340021741 340021740
340021741 291424052
1011037979 1011038764
1011037979 1011038759
1011037979 1011038843
340022345 340022350
340022345 340022344
340022345 340022319
255712707 1023022416
255712707 255710896
339574141 339574126
339574141 339574140
340022058 340022060
340022058 340022079
340022058 340022056
1011038428 1011038323
1011038428 1011037924
339574140 339574135
599453098 599453097
599453098 599453104
340022087 340022086
340022087 340022089
268268659 268268656
268268659 268268661
280281587 340022387
280281587 280281586
280281587 340022365
280281586 339574134
280281586 268267346
280281586 340022360
599453095 599453094
599453095 599453092
268268710 268268704
268268710 340044665
268268710 282393807
1020422229 297710433
1020422229 255711369
1020422229 1020421981
1020422224 1020422060
1020422224 1020422871
1020422224 1022877185
312064093 268268440
312064093 268268437
312064093 312064094
1025056617 1025056584
1025056617 1025056606
1025056611 1025056600
1025056611 254307224
1025056613 1025056581
1025056613 254307225
599453091 599453090
599453091 599453092
1025056619 1025056576
1025056619 340046876
1011038843 1011038282
1020422432 1020422646
1020422432 1020422564
1020422432 1020422358
339574135 339574136
339574135 339574134
987149020 950785065
987149020 987149017
987149020 950785061
1020422553 1020422811
1020422553 1020422747
1020422553 1022937696
1020422415 1020422643
1020422415 1020422867
1020422415 1020421974
1387473963 257402274
1189577897 1189577922
1189577897 1189577963
339574130 1189577816
339574130 339574129
339574130 339574128
1189577958 1189577706
1189577958 1189577802
1189577958 1189577861
1189577958 1190400898
1359688766 1359688769
340022377 340022378
340022377 340022365
340022378 340022379
340022378 340022381
1011038282 1011038882
1011038280 1011038759
1011038280 1011038960
1011038281 1011038787
1011038281 1011038365
1011038281 1011038966
1011038286 1011038963
1011038286 1011038521
496768578 268268673
496768578 268268678
282393808 1024523978
282393808 282393810
282393808 282393807
280281867 309201212
280281867 280280759
280281867 309201230
309201307 255710805
309201307 340022329
309201307 309204474
309201307 309204489
282393807 1024523969
280281491 309201284
280281491 280281674
1011038616 1011038086
339574138 339574137
339574138 339574139
1020421974 1020422691
1020421974 1022937722
1022767366 1022767339
1022767366 1022767323
1020422501 1020422324
1025056598 1025056570
1025056598 1025056623
1022937795 1022937798
1022937795 1022937825
340022284 340022271
340022284 340022288
340022284 340022281
1189577742 1189577922
1189577742 255710804
1189577742 1189577810
1022877368 1022877185
1022877368 1022877510
1022877368 1022877466
340022287 312064329
340022287 340022300
340022287 340022285
249595472 249595476
249595472 249595470
340022281 340022172
340022281 340022282
340022282 340022272
340022166 340021754
340022166 269347996
340022288 255712310
340022288 340022289
340022289 340022293
340022289 340022290
257402264 340022493
257402264 340022517
340022517 257402269
340022517 340022511
340022510 340022508
340022510 340022492
340022510 340022511
340022511 340022512
340022512 255712311
340022512 255711830
312063278 255711047
312063278 312063273
309201169 309201191
309201169 309201188
280282043 297710432
280282043 280280874
280282043 309201202
340022519 340022518
340022519 340022520
340022305 340022297
340022305 340022295
340022307 340022309
340022307 312064299
340022306 340022299
340022306 340022295
340022301 340022299
340022301 340022300
340022301 255711906
340022300 340022487
312064299 312064300
312064299 340022295
340022309 340022313
340022309 340022098
339574131 1189577813
339574131 1189577759
339574131 255712315
1163275708 1163275690
1163275708 1163275696
297710425 309201177
297710425 309201208
297710425 280386416
297710425 309201215
255711039 340022137
255711039 255711040
255711039 340022089
669634367 677536229
1020422050 1022937794
1020422050 1020422639
1163275703 1163275692
1163275703 269347919
1163275703 1163275696
1022877676 1020422362
1022877676 1022877354
309201227 309201213
309201227 309201236
309201224 309201213
309201224 280281674
309201224 309201230
309201224 309201221
309201221 268267337
309201221 280282682
309201183 309201191
309201183 309201192
309201183 309201188
309201183 309201179
677536229 669634376
1020422005 1020422341
1020422005 1020422799
1020422008 1020422811
1020422008 1020422574
1011038787 1011038003
1011038787 1011038495
249590801 249590800
249590801 275512527
280386925 280386895
280386925 269347991
280386925 255712319
339574352 339574353
339574352 339574351
339574353 339574354
599454089 599454090
599454089 599454088
599454088 599454086
599454086 599454085
599454085 599454095
599454084 599454083
599454083 599454082
599454082 599453090
599454082 599453089
599454080 599454078
268268699 268268663
268268699 268268697
1022877462 1022877458
1022877462 1022877262
1022877466 1022877690
268268693 268268686
268268693 268268697
1011038330 1011038550
1011038330 1011038559
255710896 280280872
255710896 1022877262
268267346 255711042
268267346 255711041
1011038377 1011038626
1011038377 1011038521
268268440 280387603
1020422178 1020422811
1020422178 1022877625
1020422178 1020422362
255712104 339574350
255712104 255712103
255712104 268268461
255712104 280386409
599453096 599453094
599453096 599454093
255712102 280386669
255712102 255712056
255712102 255712103
255712102 255712055
280387604 255712312
280387604 280387603
280387604 255711044
280387604 255711047
1026117315 1022937664
1026117315 1022937670
1026117315 280282022
1387474027 1387474045
1387474027 257402273
1020422324 1020422150
1020422324 1020422626
1020422753 1020422685
1020422753 1020422616
280387603 255712315
280387603 339574133
1020422750 1020422150
1020422750 1020422547
1022877217 1022877300
1022877217 1022877728
1022877217 1022877447
1020422691 1020422104
1020422691 280282022
280387353 269347930
280387353 280387544
312064329 312064308
312064329 340022294
268268666 268268668
268268666 268268663
268268661 268268663
309201202 280280757
309201202 309201203
1022877222 1022877528
1022877222 1022877292
1026117402 1026117369
1026117402 280282022
268268668 268268673
1022877690 1022877285
340046876 1025056585
309201178 309201177
309201179 255710881
309201179 309201174
309201177 255710881
309201177 309201175
309201174 309201191
1020421935 1020422472
1020421935 1020422163
255711199 255711200
255711199 987149017
255711199 950785061
1189577706 1189577930
280386332 325211237
280386332 269347937
1022767373 1022767331
1022767373 255710559
1022877285 1022877510
1011038764 1011038273
269347930 280386307
269347930 255712319
269347930 280386793
1189577903 1189577768
1189577903 1189577813
1189577903 1189577849
1189577903 1189577816
269347934 973697951
269347934 280386760
269347934 340022080
269347937 340021738
269347937 280386311
1011038230 1011038711
1011038230 1011038055
1022937664 1022877254
340022503 340022257
340022503 340022494
340022132 340022130
340022132 340022134
340022130 340022129
340022130 340022122
340022136 255711898
340022136 340022084
340022136 340022137
340022137 340022086
340022134 340022121
340022134 340022135
340022525 340022526
340022525 340021754
340022525 255712310
340022524 340022526
340022524 1373650841
340022527 340022532
340022527 340022294
340022526 340021756
340021745 340021743
340021745 340021747
340021747 340021748
340022358 340022357
340022358 340022361
340022358 340022360
280386416 309201175
280386416 280386415
280386415 309201256
280386415 309201249
280386415 255710545
280386414 309201257
280386414 309201249
280386414 309201271
340022352 340022353
340022353 340022351
340022353 340022354
340022351 309204472
340022351 340022317
340022356 340022357
340022354 340022355
280754894 1023022416
280754894 255711369
280754894 312064087
280754894 950785061
340022498 340022499
340022498 340022496
340022498 340022276
1011038313 1011038966
1011038313 1011038524
1011038313 1011038086
1190400836 1190400881
1190400836 1190400857
255710559 1022767357
255710559 280280875
255710559 280281476
255710558 255710557
255710558 280280875
255710557 255710556
255710557 280282682
291424271 291424285
291424271 291424282
1190400838 1190400865
1190400838 1190400850
1190400838 1190400823
255710554 309201205
255710554 309201256
255710554 309201239
255710554 309201212
309201312 280386942
309201312 280386580
309201312 269347915
1024523969 1024523971
1024523969 1011038226
599454078 599454079
599454078 599453089
309201257 309201236
309201257 309201259
309201256 309201251
1163275690 291424282
309201254 309201239
309201254 309201242
309201254 309201253
309201253 309201251
309201251 309201246
309201293 309201298
309201293 309201274
309201293 309201277
1026117369 1026117395
1020422035 1020422341
1020422035 1020422409
1020422035 1020422639
1020422035 1020422290
254307223 1025056615
254307223 269347919
1020422248 1020422104
1020422248 1020422643
1020422362 297710434
309204472 255710879
1022877254 1022877339
1022877254 1022937829
1020422242 1020422756
1020422242 1020422163
1011038432 1011038045
1011038432 1011038698
1011038437 1011038050
1011038437 1011038709
280386484 280386411
280386484 280386580
280386484 309201276
280386486 255710881
280386486 309201175
280386486 255710547
255710545 340046868
255710545 255710544
255710545 255710546
1011038207 1011038695
1011038207 1011038323
1020421944 1020422069
1020421944 1020422683
1020421944 1020421981
268268707 268268704
268268707 268268683
268268707 268268680
291424282 269347923
312063273 255711701
1020422626 1020422104
1020422626 297710434
340022102 340022095
255710881 309201192
309201175 1011125012
1020422564 1020422756
255711155 255711044
255711155 255711834
255711156 255711834
255711156 340022089
280387544 280387758
280386665 280386629
280386665 280386667
280386667 280386669
1020422409 1020422107
309204499 340022322
309204499 339574121
1022767357 1022767369
1022767357 297710434
1023022416 255711200
269347977 249595432
269347977 669634376
269347977 275512527
340022097 340022095
1359714734 340022315
1359714734 340022313
1359714734 1359714731
280282682 255710556
1022937741 1022937696
1022937741 1022877185
1022937741 1022937739
280280873 280280872
280280873 1022937670
280280873 309201203
1189577849 1189577852
280280874 280280875
280280874 1026117395
249595449 249595448
249595449 249595450
249595448 249595447
280281486 340022381
280281486 340022380
249595442 249595441
249595442 249595444
249595441 249595440
249595440 249595439
249595447 249595445
249595445 249595444
340022369 340022366
340022369 340022368
1011038151 1011038629
1011038151 1011038618
280280872 309201195
280280872 979765210
280282350 280280922
280282350 280280875
257402276 257402274
340022076 340022068
340022076 340022078
257402274 257402273
257402272 257402273
257402272 257402271
257402271 257402269
1025056600 1025056577
1025056606 1025056620
340022079 340022080
340022079 340022078
340022316 340022315
340022316 312064301
1020422060 1020422069
1020422063 1020422618
1020422063 1020422646
340022315 1359688769
340022313 255712220
340022258 340022207
340022258 340022518
340022258 340022505
1190400875 1190400820
1190400875 1190400853
1190400875 340022392
1190400875 340022388
1190400873 340022387
1190400873 1190400853
1190400873 340022388
340022318 340022317
340022318 340022319
340022319 340022320
297710432 309201208
297710432 309201206
297710433 1022767336
297710433 1022767323
309201213 309201233
309201212 309201209
309201212 309201233
1025056590 1025056631
1025056590 1025056577
309201217 309201208
309201217 309201209
309201217 309201215
309201215 309201205
309201192 309201194
309201192 280280757
340022388 340022389
309201196 309201198
309201198 309201199
309201198 309201195
309201199 309201201
340022387 340022386
340022386 340022379
340022386 1189577963
340022386 255710804
340022381 280281476
340022380 340022379
340022380 255710804
268268919 255711599
268268919 255711908
268268919 312064304
268268919 291424097
1022877631 1022877300
1022877631 1022937785
255710544 269347918
255710544 280386942
1022937627 1022937798
1022937627 1022937696
599454090 599454091
599454091 599454092
599454093 599453097
599454093 599454095
1020422616 1020422158
309204483 309204496
309204483 255710805
309204483 309204487
309204483 309204489
1022877517 1022877292
1022877517 1022877728
309204489 309204492
1022877455 1022877582
309201277 309201278
309201277 309201273
309201277 309201290
1022877458 1022877587
1022877458 1022877180
309204479 309204474
309204479 255710805
280280757 309201195
280280757 309201188
1022937825 1022937734
1020422294 1020422107
1020422294 1020422618
280280759 255710556
280280759 309201206
280280759 280280922
1020422290 1022937794
1022937829 1022937675
340022257 340022207
340022493 340022488
340022492 340022488
340022492 340022494
339574118 280386523
339574118 339574117
339574118 309204492
339574119 340022322
339574119 340022326
339574119 339574120
340022497 340022273
340022497 340022496
340022496 340022275
340022496 340022495
340022499 340022500
340022499 340022277
339574117 255711898
339574117 339574350
1189577785 1190400853
1189577785 1189577963
280386629 255712056
280386629 255711597
255712312 255712311
255712311 255711834
255712311 340022487
255712310 312064310
255712310 340022294
1011038683 1011038874
1011038683 1011038186
1020422688 1022877625
1020422688 1022767323
1020422683 1020422878
1020422685 1020422806
1020422685 1020422547
340022488 340022286
1011038882 1011038045
1011038882 1011038759
1359688769 339574354
1011038924 1011038795
1011038924 1011038253
340046868 269347991
340046868 1011093121
309201249 309201246
1011093121 1024523978
1011093121 255710546
268268678 268268680
1025056633 1025056575
1025056633 1025056592
1025056631 1025056585
255711200 280272919
255711200 280752661
255711369 1022877262
1011038193 1011038524
1011038193 1011038047
325211272 325211235
325211272 325211274
291424054 325211237
280386307 255712319
280386307 280386409
280386307 269347915
291424052 291424095
291424052 325211274
1022937794 1022937734
255711830 255711701
1022937798 1022937839
340022039 340022041
1022767369 1022767339
1022767369 1022767327
1022877339 1022937786
1011038618 1011038369
1189577934 1190400820
1189577934 1189577816
1189577930 1190400815
1189577930 1189577768
325211274 669634373
325211274 291424097
1011125012 1011038003
1011125012 255710547
1022937778 1022937761
1022937778 1022937783
1022937675 1022937722
1022937675 1022937765
325211237 291424092
325211235 669634376
325211235 1373650841
1011038862 1011038629
1011038862 1011038698
1022877582 1022877625
280281476 340022365
280281476 268267337
1189577768 1189577861
255711908 312064310
255711908 340022297
1373650841 340021743
255711906 340022297
255711906 312064308
1189577808 1189577816
1189577808 340022390
1189577808 1190400815
340022103 340022110
340022103 340022093
340021738 340021740
340022384 1189577963
340022384 1190400855
340022536 340022535
340022536 340022532
340022536 340022528
1189577802 1189577852
1189577802 1189577810
1189577802 1189577922
340022535 312064308
340022535 340022530
340022532 340022530
340022530 312064310
339574124 339574126
339574124 339574123
339574127 339574126
339574127 339574132
339574127 339574128
339574121 339574120
339574121 255711040
339574120 280386523
339574123 339574122
339574122 255711042
339574122 255711043
1020422158 1020422806
340022365 340022366
340022364 340022366
340022364 340022360
340022364 340022368
339574129 1189577813
339574129 339574133
339574128 340022389
340022361 268267337
1190400820 340022389
1190400820 340022390
1190400823 1190400886
1011038369 1011038837
340022383 1190400853
340022383 340022392
340022383 1190400855
255710546 1011038003
255710547 1011038226
1011038365 1011038695
1011038365 1011038524
309201242 309201246
1011038047 1011038709
1011038047 1011038055
1024523974 1024523971
1024523974 1024523978
979765261 979765259
979765261 979765210
340022368 268267337
312064300 312064301
312064301 312064304
339574338 255711599
339574338 339574341
339574338 255711597
1020422277 1020422646
1020422277 1020422867
1020422341 1020422547
1190400898 1189577922
255710879 340022323
255710879 340022329
669634374 669634375
669634374 669634373
1020422878 1020422871
280386878 280386895
1020422871 1022937761
1020422799 1020422574
1025056571 1025056620
1025056571 254307224
280386523 255711898
280386523 309204497
1025056573 1025056615
1025056573 1025056584
1025056572 1025056581
1025056572 1025056623
1025056575 1025056588
340021756 340021754
340021756 340021758
291424092 255712056
291424092 291424095
309204487 269347913
309204487 309204492
1020422472 1020422867
1020422472 1020422358
1011038711 1011038911
340021748 340021750
1011038491 1011038747
1011038491 1011038874
280386580 309201298
280386580 309201274
1011038495 1011038253
1011038226 1011038053
255710805 309201276
340022095 340022094
340022095 340022112
249595476 297710714
280386815 280386790
280386815 280386861
309201290 309201271
309201290 309201298
340022091 340022110
340022091 340022090
340022091 340022093
340022090 340022082
340022090 340022098
340022093 340022094
340022285 340022271
340022285 340022286
340022099 1374738692
340022286 340022487
1189577852 1189577861
1189577852 1189577759
1022937739 1022937779
1022877180 1022937785
249595459 249595457
249595459 249595461
249595454 249595457
249595454 249595453
1011038963 1011038795
249595450 249595451
249595451 249595453
340022068 340022066
340021743 269347940
249595470 249595469
340022060 280386791
340022060 340022080
599453094 599453093
1011038960 1011038837
340022064 340022046
599453093 312064087
599453093 312064088
340022094 1374738692
269347918 269347991
269347918 280386943
269347919 269347923
269347919 269347990
269347913 269347914
280386942 280386943
269347914 280386411
269347914 280386409
269347915 280386411
269347915 280386943
1190400869 1190400850
1190400869 1190400885
1190400865 340022392
1190400865 340022390
1190400864 1190400880
1190400864 1190400855
1190400864 1190400857
280386411 280386409
309201209 309201206
309201209 309201205
1022937779 1022937839
309201203 1026117395
340022043 340022046
340022043 340022036
255711898 339574347
340022041 340022036
340022046 340022047
1022937631 1022937785
1022937631 1022937783
340022047 340022050
340022047 340022066
309204497 340022327
309204497 340022326
1022877528 1022937786
280387758 280386409
1022877447 1022877292
297710714 280386311
309201278 309201259
309201271 309201273
309201273 309201259
599453089 599453102
309201274 309201276
1011038091 1011038273
1011038091 1011038747
340022329 340022328
340022328 340022327
268268461 255711597
340022323 340022327
340022323 340022324
340022322 340022321
340022321 340022320
340022327 340022325
340022326 340022325
340022325 340022324
1011038698 1011038053
1025056570 1025056609
1011038695 1011038550
339574354 339574348
1374738692 340022098
1374738692 1374738693
255710556 280280922
1374738693 340022299
1025056576 1025056609
280386409 255712055
340022495 340022494
255712220 339574347
255712220 340022098
340021758 340021759
291424095 1373632850
280386760 280386793
280386760 280386311
1011038186 1011038013
1022937783 1022877587
1011038626 1011038013
1022937786 1022937730
1022937781 1022937761
1022937781 1022877587
1163275692 269347990
280386790 280386791
280386790 280386795
280386793 973697951
280386795 269347990
280386795 269347991
339574350 339574345
1190400851 1190400883
1190400851 1190400881
1022937765 1022937730
282393814 282393810
340022066 340022054
1022767327 1022767336
340022119 340022118
249595467 249595466
249595467 249595468
340022290 340022294
1189577759 1189577810
340022110 340022083
249595469 249595468
340022116 340022118
340022116 340022121
340022116 340022112
340022051 340022050
340022051 340022053
340022053 340022054
340022054 340022056
339574136 339574137
339574132 339574133
339574132 255711043
340022271 340022272
340022273 340022272
340022273 340022275
340022275 340022276
340022277 340022276
1190400815 1190400883
1011038053 1011038795
669634375 255711599
1011038050 1011038908
249595465 249595466
249595465 249595462
309201236 309201239
309201230 309201233
255711042 255711041
339574345 339574347
339574345 339574343
339574347 340022082
339574341 339574342
339574343 339574351
339574343 339574342
339574342 339574349
339574349 339574351
339574349 339574348
339574348 255711599
1011038559 1011037924
268268686 268268683
1190400881 1190400885
1190400880 1190400886
255712055 255712056
1025056592 254307226
269347996 269347940
340022086 340022123
340022084 340022128
340022084 340022083
340022082 340022083
340021751 340021759
340021750 340021759
254307225 254307226
269347927 269347923
599453104 599453102
255711044 255711043
255711040 255711041
249595461 249595462
249595438 249595439
249595438 249595437
249595432 249595433
249595433 249595434
249595436 249595437
249595436 249595435
249595434 249595435
340022121 340022122
340022123 340022128
340022123 340022122
340022125 340022126
340022124 340022112
340022124 340022127
340022124 340022126
340022129 340022128
