341237381 116.3866414 39.8909493
734418970 116.3917364 39.8870775
341237383 116.3884705 39.8910596
734169992 116.38628 39.8911599
734418022 116.388761 39.8880442
734418981 116.3830815 39.8833125
341235571 116.3875119 39.8939019
734418746 116.3718264 39.8841842
734521207 116.3938454 39.8881095
340110824 116.3916953 39.8862385
734520888 116.3926303 39.8899458
734417946 116.3823874 39.887291
734417766 116.3755703 39.8789076
734170262 116.3872649 39.8932264
734520332 116.3938923 39.891585
734418891 116.3898302 39.8883431
734169394 116.375054 39.8910998
340109940 116.3831662 39.8945475
734169391 116.3805825 39.8930436
1231628419 116.392068 39.8900992
1270216597 116.3940417 39.8791687
734417848 116.3891637 39.8855425
734417847 116.3864434 39.8875732
734417845 116.3780974 39.8903153
734417844 116.3825448 39.8820479
734417842 116.3916536 39.8857992
734418294 116.372255 39.8831584
734418292 116.378511 39.8900413
734419461 116.3741447 39.8794355
734418116 116.3760718 39.8823713
734418117 116.3754943 39.8796964
734418111 116.379758 39.8839231
734418113 116.3830212 39.8881032
341238011 116.3883788 39.8916525
341238010 116.3871886 39.8915864
341241459 116.3917424 39.8889671
734169417 116.3719236 39.8881826
340240312 116.3914623 39.893485
341241455 116.3882638 39.8884736
734169806 116.3826704 39.8908021
734169800 116.3728888 39.8934933
734170042 116.377089 39.8918632
734418559 116.3917033 39.8875926
734170049 116.3718098 39.8893261
734418806 116.3850862 39.8876606
734418807 116.3711549 39.8832677
734418415 116.3835976 39.8876243
340109894 116.3791036 39.8938377
734418362 116.3774019 39.8793719
340109898 116.3817817 39.8937675
340238650 116.3737231 39.8872605
734418201 116.3788441 39.8793337
734418208 116.3855369 39.8837673
734169567 116.3851324 39.8904049
734418162 116.3797662 39.8823903
734169562 116.3805504 39.8929143
734169560 116.3724388 39.8928179
734418166 116.3864435 39.8869593
245106353 116.388923 39.8849884
734520560 116.3930745 39.8885356
340109578 116.3802057 39.8911689
340239111 116.3736563 39.8861564
245106356 116.3786142 39.884762
340240164 116.3883549 39.8922655
340109572 116.3829791 39.8925752
340109574 116.3824612 39.8922306
734520284 116.3940117 39.885323
734169890 116.3806548 39.8922616
734418522 116.3817803 39.8840121
734170191 116.3775847 39.8910972
734169787 116.3764941 39.8891862
734419249 116.3755043 39.881742
734419243 116.3908672 39.8858958
734419241 116.3872308 39.8868021
734520268 116.3934144 39.886119
734417934 116.3891889 39.8854427
385036284 116.3707274 39.8809693
385036286 116.371865 39.880923
734521392 116.3936022 39.8917837
385036289 116.3717412 39.8800738
734418934 116.3824516 39.8838976
340239122 116.3755223 39.8838312
340239120 116.3753986 39.8862731
390934149 116.3742529 39.891086
245106221 116.3929175 39.8851292
340240286 116.3877577 39.8922006
341236984 116.3915104 39.8930857
734170229 116.3820993 39.8908146
734418661 116.3860912 39.8883999
734418666 116.3888174 39.8849807
734418667 116.3830041 39.8848621
341234835 116.3824204 39.8934897
734521364 116.3929816 39.8890459
734170225 116.3733803 39.8912071
734170224 116.3776945 39.8933583
385036217 116.3726751 39.8846629
385036215 116.3723078 39.8846773
734419019 116.3785232 39.8903766
385036212 116.3711803 39.8848018
341237055 116.3915057 39.892606
385036219 116.3737328 39.8844354
385036218 116.3727001 39.8843821
341237120 116.3915254 39.8916824
340110820 116.3906228 39.8866045
734417802 116.3804966 39.8860946
734417801 116.3908082 39.8873128
734417806 116.3890842 39.8828673
734419548 116.3741163 39.8774053
734417762 116.3837798 39.883656
734419427 116.3830245 39.8858561
734169692 116.3818987 39.8929512
734418983 116.3877384 39.8868021
734419541 116.3787228 39.8825863
734419429 116.376393 39.8839485
245106642 116.3926094 39.8795149
734419544 116.3901451 39.8883876
734418013 116.3884626 39.8828355
734169327 116.3852625 39.888642
734169320 116.3799164 39.8894292
734169321 116.3765756 39.8882071
598404759 116.3736306 39.8881365
598404758 116.3736851 39.8892503
598404757 116.3717738 39.889421
598404756 116.3717636 39.8897527
598404755 116.3710851 39.8913991
322121114 116.3784795 39.8880392
734419152 116.3772362 39.8782525
734417943 116.3812797 39.877673
734418795 116.3892549 39.8801885
734418790 116.3809846 39.8839676
734520464 116.3918377 39.8946991
734418799 116.3760469 39.8835224
734169511 116.3816726 39.8881975
734169926 116.3856453 39.8931616
734169924 116.3916204 39.8907343
734169925 116.3804943 39.8890228
734169923 116.3736098 39.8899494
245107309 116.389303 39.8794827
734169518 116.3779665 39.8920586
734170125 116.371106 39.8917839
734170127 116.3857622 39.8887002
341238888 116.38838 39.8929308
385036342 116.3818059 39.8880709
734419265 116.3901783 39.8884639
734418249 116.3917116 39.8872874
734418247 116.3865833 39.8832585
340239430 116.3882772 39.885872
734169351 116.3826308 39.8946451
734418124 116.3907087 39.8875418
245107230 116.390096 39.8839698
734169607 116.3717703 39.8882339
734521021 116.3937708 39.8886246
734418085 116.3724584 39.8788735
124178257 116.3889784 39.889188
734419483 116.3780278 39.8823903
1325569817 116.3771828 39.8772646
340111037 116.3844248 39.8885462
734169582 116.3730753 39.8931547
734169851 116.3736671 39.8881901
245107394 116.3910538 39.8794985
734169589 116.3792263 39.8909993
734169990 116.372435 39.8934504
734169995 116.3715585 39.8929133
734170151 116.3858717 39.8912315
734170153 116.3842695 39.8914154
734418566 116.3850535 39.8872084
734170155 116.3778344 39.8928694
734419202 116.375855 39.8774806
734419201 116.3902819 39.8777012
734418446 116.3922795 39.8863615
734418233 116.3830763 39.8853791
734418237 116.3786566 39.8839106
318266428 116.3812528 39.8791932
734520637 116.392332 39.8946485
533655828 116.3839427 39.8813187
734520183 116.3923497 39.8912427
734418628 116.3840865 39.8785837
734521324 116.3938868 39.8878615
734419139 116.3820041 39.8826702
734170308 116.3717765 39.8886894
385036151 116.3710342 39.8863334
385036152 116.3716626 39.8858578
340239097 116.374015 39.8817787
340239096 116.3709933 39.8818127
245106787 116.3891014 39.882224
734419053 116.3768301 39.8782461
734419114 116.3830531 39.8876018
245106788 116.390903 39.8822508
245106789 116.39251 39.882204
318266452 116.3929313 39.8787739
734520454 116.3922622 39.8866083
734520457 116.3927329 39.8882812
340068403 116.3793161 39.8901412
734419500 116.3885776 39.8855381
734418191 116.3912557 39.876938
340068397 116.3862168 39.8934207
734418198 116.382147 39.8812519
734418949 116.3797093 39.8861343
734418750 116.3845889 39.8876606
734418756 116.38462 39.8851565
734418754 116.3894406 39.8880632
340110813 116.3888223 39.8875888
734418692 116.3917199 39.8863652
734418690 116.3866972 39.8837832
734418697 116.3823938 39.8868776
340110816 116.3894421 39.8871091
340240855 116.3930814 39.8936753
734417972 116.3754625 39.8811718
734417759 116.3901679 39.8773514
734417974 116.3900073 39.8853314
734169362 116.3794269 39.8919045
340110248 116.3784688 39.8910768
533656338 116.3868884 39.8779135
734418884 116.3830867 39.886492
533656335 116.3854906 39.8779582
734521170 116.3930987 39.8882914
533656337 116.3855581 39.8779201
533656333 116.385404 39.880661
734418492 116.3764676 39.8863398
734418289 116.3792751 39.8779281
734417853 116.3906497 39.8854983
734417855 116.3840456 39.8793236
734417991 116.3907813 39.8828928
734419378 116.3867283 39.8831631
249556106 116.3785312 39.889445
734417996 116.3917447 39.8882477
734169257 116.3802936 39.8890228
734169318 116.3719688 39.8933597
734169311 116.3821326 39.8946254
734169259 116.3707629 39.8929212
340068519 116.3797007 39.8899871
318266451 116.3924271 39.8787575
734169425 116.3784177 39.8929416
734169422 116.3730256 39.891803
734169810 116.3818184 39.8931051
734169957 116.3778318 39.8919374
340109922 116.3831005 39.8937439
340109925 116.3831176 39.8939905
734170112 116.3858075 39.892921
734418407 116.3732247 39.8794482
734418401 116.3768383 39.8786341
734418374 116.3778992 39.879639
340109447 116.3826354 39.8918614
734418370 116.3869096 39.8859038
340109585 116.3789759 39.889474
734169553 116.3724475 39.893293
340238463 116.3836362 39.8894292
340238462 116.3805149 39.8892827
734419481 116.3869473 39.8801181
734169556 116.3777411 39.8903141
533655912 116.3853852 39.882101
734169554 116.3818746 39.8948168
734418173 116.3740701 39.8797026
734418171 116.3905015 39.8884703
1231628406 116.3837687 39.8884553
341235285 116.3861598 39.8937579
318266390 116.3812825 39.877544
734169729 116.378547 39.8891291
287337062 116.3925992 39.8848042
342845671 116.3734829 39.8914574
340111042 116.3849062 39.8912536
340111041 116.3846501 39.8904143
734170023 116.3885832 39.8904869
734170025 116.3759042 39.89028
734520177 116.3939441 39.8914022
734419150 116.3908569 39.8860787
340110746 116.3884613 39.8878181
734419154 116.3722563 39.8832779
734418309 116.3853193 39.8786394
734419251 116.3855378 39.8872228
734170185 116.3817061 39.8882962
734419256 116.3849604 39.8786232
734170181 116.3721122 39.8905758
734419390 116.3819626 39.8833062
734419393 116.3784462 39.8778963
734418307 116.3901938 39.8853393
734170189 116.3784382 39.8926189
340238991 116.3746437 39.8827034
734418905 116.3903026 39.8774071
245105858 116.3923729 39.885032
734418908 116.3829427 39.8812455
734520251 116.3926863 39.8890383
533655816 116.3839976 39.8806354
340240516 116.385336 39.8910209
340240517 116.3848889 39.8910224
340240514 116.3853062 39.8922778
340240515 116.3854561 39.8911987
734418717 116.390009 39.8850238
734418712 116.3913405 39.8863589
734418651 116.3881218 39.8859674
734520385 116.3938329 39.884475
322121120 116.3890202 39.8890575
734520380 116.3939151 39.8947566
734170232 116.3796436 39.8926988
734170334 116.3885534 39.8906377
734170330 116.3842027 39.891778
734170333 116.372207 39.8901438
734170332 116.3823796 39.8921821
340239044 116.372457 39.8858673
340238513 116.3817806 39.886888
528962477 116.3926571 39.878749
533655860 116.3869626 39.8814097
533655861 116.389171 39.8814871
340238516 116.3817349 39.8848518
734417955 116.3811338 39.882632
340068530 116.3836552 39.889876
734417811 116.3868993 39.886977
734419436 116.3742213 39.891444
734419431 116.3778744 39.880116
734418996 116.3894997 39.885546
734418997 116.3852886 39.8793817
734419438 116.3846304 39.8869213
734419530 116.3728766 39.879798
340240205 116.386323 39.8919363
734520694 116.3928353 39.8901388
340110299 116.3742592 39.8928938
340110297 116.3741395 39.8939874
340110296 116.3740567 39.8947963
245106850 116.3787521 39.8820007
245106851 116.3811526 39.8820189
245106852 116.3838618 39.8820754
245106853 116.3869626 39.8821647
734417922 116.3905015 39.8873446
734417926 116.3829831 39.885077
734169913 116.3852384 39.8929772
1231628430 116.3800887 39.8879573
734418878 116.3899047 39.8828997
734169668 116.374993 39.8931655
734169919 116.3855186 39.8912955
734418870 116.3850448 39.8870882
734418874 116.3844181 39.8785987
734417869 116.3901783 39.8829119
734419282 116.3810095 39.8828483
734419280 116.3902301 39.8769062
342805331 116.3933149 39.8867168
533655817 116.3869626 39.8807263
734419284 116.3790596 39.8801097
734419323 116.3891889 39.8858879
245106354 116.3869393 39.8850104
340238744 116.3732167 39.8860553
340238742 116.3735194 39.8863714
734419446 116.390286 39.8873192
734169261 116.3797399 39.8922616
734169262 116.3757364 39.8920586
734169614 116.3839141 39.889073
1231628445 116.3909265 39.8895374
341239567 116.3916644 39.8900044
734169344 116.3757084 39.8910566
245107228 116.3889664 39.8846021
340240333 116.3915174 39.8921046
341235174 116.3839654 39.8930617
734169550 116.3798442 39.8915781
734170065 116.3901838 39.8902559
734169987 116.3821069 39.8948067
734169980 116.3776576 39.8891791
734169982 116.3712241 39.8937184
734170062 116.3821881 39.8898325
734418577 116.3899408 39.8822545
734418574 116.3854543 39.878662
734419194 116.3720129 39.8786906
734419193 116.3763825 39.8800206
734170147 116.3854348 39.8922762
734418477 116.38462 39.8865
734419217 116.3824599 39.8840248
734418473 116.3727588 39.8840014
734170207 116.376073 39.8891982
734418579 116.3783129 39.8899528
734169461 116.3859616 39.8913989
734169466 116.3779121 39.8924282
734418222 116.3913904 39.8835924
734169468 116.3733228 39.8899363
734418227 116.3803859 39.884813
734418225 116.3905927 39.8882413
341239031 116.3883549 39.8920805
734520629 116.3935118 39.8841411
734418391 116.3899472 39.8868932
734169482 116.3799084 39.889189
734169485 116.3819067 39.8925202
734169487 116.3761301 39.8918956
734419062 116.3891267 39.8856891
734169768 116.3826616 39.8947436
734169765 116.3775158 39.8919195
734169760 116.3806403 39.8892923
734419267 116.3740784 39.8800715
734418265 116.388507 39.8849582
734418958 116.3817965 39.8874732
734417910 116.3739794 39.8794378
734520442 116.3933121 39.8917519
734417918 116.386945 39.884308
734418953 116.3869303 39.8865556
340240161 116.387215 39.8921355
340240564 116.3807893 39.8937599
734418688 116.3854488 39.887764
734418760 116.3763411 39.8806058
385036333 116.3706683 39.8842835
385036334 116.371159 39.8843193
385036335 116.3716526 39.8842931
734418769 116.3888952 39.8794695
734417742 116.3728521 39.8786191
734521341 116.3927264 39.8879887
340239178 116.3817496 39.8865086
734170202 116.3784461 39.8924937
340239175 116.3808187 39.886767
340239177 116.3810966 39.8866057
734417968 116.3886359 39.8885366
340239172 116.3795547 39.886779
734521168 116.392828 39.8866665
734418487 116.3739544 39.8772118
734418484 116.3894738 39.8881714
734418481 116.3808773 39.8820143
340111119 116.3830279 39.8926422
734417824 116.3869542 39.8831871
734419408 116.3762913 39.8810383
734417822 116.3889091 39.885872
734419405 116.3847017 39.8786115
734417980 116.3760012 39.8814008
734417987 116.3772113 39.8780807
734169308 116.3717152 39.8947534
734419023 116.3800643 39.8820004
340238514 116.3817599 39.8858638
734520999 116.3937811 39.884157
734520994 116.3928708 39.8947121
341236287 116.3792238 39.8902033
734169820 116.3755628 39.8931973
734169535 116.377868 39.8891918
734169825 116.3728018 39.8932977
734169539 116.3858782 39.8922705
734169284 116.3826209 39.8883393
385036336 116.3722969 39.8841846
734169778 116.3793065 39.8917875
340109931 116.3859699 39.8945854
340068956 116.3835132 39.8934998
734418432 116.3860912 39.8865397
734418437 116.3766685 39.8823713
340110777 116.3881993 39.8887781
734418435 116.3911159 39.8860787
734419311 116.3803516 39.8856891
734419310 116.3907916 39.8870584
734418389 116.3866558 39.8848882
734169741 116.3795954 39.8894661
340238771 116.3719055 39.8818099
340238472 116.3826321 39.8889746
340238473 116.3836364 39.8890434
734419494 116.3857907 39.8876368
340239094 116.3711392 39.8831758
734169540 116.3715722 39.894119
340238475 116.3844254 39.8890723
734418145 116.3915873 39.8894941
339283504 116.3899313 39.8944666
339283505 116.3918023 39.8945591
734418141 116.3871748 39.8869849
734418269 116.3830065 39.8839274
340418735 116.3768296 39.8775229
340418736 116.3707871 39.8773227
734417810 116.3775511 39.8787931
734520407 116.3932652 39.8871492
340111050 116.3846357 39.8918971
734417790 116.3824599 39.8832935
340111055 116.3843288 39.8925502
384282196 116.3734271 39.8938956
384282197 116.3756429 39.894055
384282198 116.3777008 39.8941422
734417798 116.3785224 39.8863331
734170034 116.3753042 39.8892363
734419144 116.3726138 39.8795652
459584031 116.3783492 39.8940224
734418503 116.3821135 39.882039
734418502 116.389049 39.8776615
341239156 116.3884612 39.8911066
734419225 116.3858011 39.887756
734419224 116.3740867 39.8804786
734419388 116.3915884 39.8850787
339283499 116.3883925 39.8943124
734418312 116.3759681 39.8810192
734419229 116.3877281 39.8865636
734418917 116.3836669 39.8869054
734418910 116.3757443 39.8785578
734418919 116.385568 39.8832823
340240525 116.3844925 39.8922658
734418722 116.3849256 39.8791721
734418721 116.3765814 39.8814326
734418726 116.3730282 39.8835244
734418725 116.3763659 39.8793846
734418729 116.3924743 39.8829415
734418643 116.3799983 39.8822886
734418647 116.3729971 39.8768461
734419030 116.3846304 39.8858879
734419036 116.3779075 39.8806376
318266382 116.3755684 39.8818269
734170328 116.3856791 39.8912315
734419163 116.3728766 39.8804531
734170143 116.3752505 39.8881491
734521287 116.3932838 39.8834335
734521283 116.3940228 39.8945467
734418961 116.3779698 39.8835224
734418963 116.3741364 39.879639
734418966 116.3888988 39.8856812
734418969 116.3855887 39.8827894
533655398 116.3837236 39.8848695
734419525 116.3901627 39.8858958
340240232 116.3862715 39.8922655
341234962 116.3840034 39.8928768
734417958 116.3812747 39.8779602
734170252 116.3724402 39.8928979
734418943 116.3894586 39.8850065
734170250 116.3730877 39.8933741
734417772 116.3860912 39.8871598
734170255 116.3809348 39.8914637
734169904 116.3826242 39.8894001
1270216589 116.3937773 39.8795989
734418868 116.3791259 39.8803196
734169677 116.3733165 39.8902263
734418864 116.3846977 39.8791482
1231628428 116.3796999 39.8880706
340110304 116.3743201 39.8881083
1270216587 116.3915247 39.8775476
734419501 116.3784297 39.8781062
734418454 116.392108 39.8893862
385036283 116.3706745 39.8808584
734419291 116.380048 39.8821741
734417870 116.3783882 39.8793528
340110739 116.3860735 39.8879984
734417883 116.3778909 39.8803196
734419450 116.3762913 39.8803069
734419457 116.3891583 39.8849964
734418103 116.3860808 39.887756
734418105 116.3921859 39.8879247
734169377 116.379772 39.8918306
734169940 116.3831476 39.8943337
734169370 116.3751929 39.8928187
734418544 116.3740452 39.8811973
340068954 116.3834188 39.8935129
734169403 116.3755913 39.893398
77744963 116.3919827 39.8912256
77744964 116.3920782 39.88995
734169406 116.3728142 39.8931547
734169409 116.3715536 39.8927798
734520267 116.3933328 39.8911001
734419188 116.3898136 39.8882095
734418549 116.3860808 39.8869452
734419183 116.3836669 39.8865079
734418547 116.3883938 39.8865613
734418814 116.390402 39.8893288
734170070 116.3847677 39.8923375
734418816 116.37286 39.8800779
734170176 116.3715523 39.8932405
340109580 116.3797472 39.8908262
340238649 116.3735344 39.8873366
734418465 116.39069 39.8850483
734418466 116.379325 39.8819878
341238852 116.3884011 39.8932856
734418469 116.385605 39.887643
734170178 116.3802936 39.889189
340238090 116.3859605 39.894753
340240853 116.3924488 39.8935932
734521242 116.3922243 39.8935611
245107081 116.3869294 39.8794064
734418218 116.3837549 39.8833443
734169577 116.3831759 39.8947351
734169478 116.3715647 39.8933693
734418358 116.3844076 39.8791164
340109569 116.3833481 39.893102
340238949 116.3749932 39.8817229
340240155 116.3854848 39.8904366
734169704 116.3711607 39.8929162
734169921 116.371419 39.8904359
734521216 116.3933239 39.8936656
340240394 116.3856774 39.8900256
1231628469 116.3784861 39.8879012
341236886 116.391475 39.8938606
734169491 116.382641 39.8943772
734169745 116.3856836 39.8901752
734169887 116.3722811 39.8948222
734520295 116.3931243 39.8880332
734169888 116.3806247 39.8894596
734419175 116.3884295 39.8840058
734520502 116.3926594 39.8912432
340109518 116.3837434 39.8884451
340109519 116.3836301 39.8892747
734419178 116.380852 39.8826129
1231628439 116.3889526 39.8892748
734418663 116.3866869 39.8842999
734418926 116.3729247 39.8773757
341234831 116.3822574 39.8924427
734418923 116.3884581 39.8876485
734418779 116.3830971 39.8868657
734418675 116.3737127 39.8835564
734418679 116.3766774 39.8819547
734521275 116.3936437 39.8916009
385036343 116.3785451 39.8866594
77746332 116.3785761 39.8881873
734520209 116.3929668 39.889127
385036183 116.3736871 39.8878525
734419000 116.3779324 39.881051
734169805 116.3807611 39.8947676
734520207 116.3924523 39.8833952
734170218 116.372951 39.8934122
385036184 116.375361 39.8879029
734418880 116.3797828 39.8825939
734169738 116.3720745 39.8932739
340068516 116.3785066 39.8901731
341237915 116.3868996 39.8916723
734419416 116.3729971 39.883262
734419414 116.3755454 39.8793592
734417839 116.3869106 39.8787269
734169332 116.3733845 39.890544
598404768 116.3735922 39.8947986
734169337 116.3735039 39.8928103
734169335 116.3791942 39.8926433
287336668 116.3937279 39.8778865
598404767 116.3733468 39.8946755
340238471 116.381568 39.8889201
533656334 116.3854166 39.8793877
734169835 116.3715386 39.8921769
734169527 116.3710911 39.8921693
734169297 116.3707678 39.8924135
734169935 116.3768009 39.89278
734169529 116.379443 39.8921754
385104407 116.3928635 39.8795463
734170131 116.3711545 39.8932357
533655891 116.3892126 39.88081
734418428 116.3835796 39.8881369
340109901 116.3830843 39.8935876
340110747 116.3917117 39.8879301
734418425 116.3774102 39.8796199
533656332 116.3854349 39.881353
734418421 116.3876452 39.887597
340109467 116.3826383 39.8898763
734419307 116.391309 39.8850693
340068961 116.3858992 39.8941765
734418256 116.3830724 39.8873286
734419017 116.37654 39.879391
340111164 116.3851378 39.8929317
734418154 116.3792253 39.8810701
734169623 116.377104 39.8925892
734418156 116.3855213 39.88712
1231628465 116.3818065 39.8880246
734169634 116.3863666 39.8934763
734418095 116.3837549 39.8839676
734418097 116.3717908 39.8798998
340109525 116.3836041 39.8918482
340109526 116.3833567 39.8921603
734169743 116.3779473 39.8882743
1325569798 116.3772846 39.8768857
340240357 116.3858668 39.8902923
341236884 116.3884113 39.8936676
734169842 116.3806467 39.8919045
734169847 116.3872199 39.8923348
341241001 116.3886911 39.8901389
734169590 116.3758717 39.8910379
340238999 116.3722035 39.8817913
734418515 116.3854954 39.8848564
340238995 116.374684 39.8871077
340238997 116.375405 39.8871274
340238996 116.3737432 39.8871728
734418455 116.3728271 39.881787
734418134 116.3889931 39.8840884
734419237 116.3830616 39.8875314
734169932 116.3819789 39.8924155
734419046 116.3905678 39.8871157
734419233 116.3792912 39.8776352
734419230 116.3880896 39.8849279
340068521 116.3805885 39.8898484
734520231 116.3933812 39.886297
341237310 116.3915651 39.8912205
734418736 116.3836876 39.8858561
734418637 116.3775428 39.8793719
341238942 116.3883621 39.8925677
734170313 116.3730107 39.8921769
734170311 116.3839058 39.8892685
318266374 116.3783159 39.8941346
385036145 116.3716624 39.8866909
385036144 116.3710358 39.8867438
734170099 116.3749853 39.8928575
734520552 116.3928518 39.8862581
385036148 116.3736496 39.8866824
385036149 116.3710267 39.8870886
341241010 116.3867038 39.8903648
