341237381 734169992
341237381 341237383
341237381 341241010
734418970 734418692
734418970 734418249
734418970 734419310
341237383 341239156
341237383 734170334
734169992 340240155
734169992 341237915
734418022 734417968
734418022 734418754
734418981 734417790
734418981 734418218
734418981 734418269
341235571 734169634
341235571 339283499
341235571 340240286
734418746 385036335
734418746 385036336
734521207 734521324
734521207 734520295
340110824 734418692
340110824 734418712
340110824 734417842
734520888 1231628445
734520888 734520251
734417946 734418697
734417946 734418256
734417766 734419414
734417766 734418910
734170262 734169847
734520332 734520177
734520332 734521275
734418891 734419188
734418891 734419544
734169394 390934149
734169394 734170034
734169394 734169344
734169394 734169370
340109940 734169940
340109940 734169577
734169391 734169562
734169391 734169810
1231628419 77744963
1231628419 77744964
1231628419 341239567
1270216597 1270216589
734417848 734419062
734417848 734418996
734417848 734417934
734417847 734418166
734417845 340068516
734417845 734169556
734417844 245106852
734417844 734417790
734417844 734418503
734417842 734419243
734417842 734419388
734418294 340239094
734418294 340238999
734418294 734419154
734418292 340068516
734418292 249556106
734418292 734418579
734419461 734417910
734419461 734418963
734419461 734419414
734418116 734418437
734418116 734418799
734418117 734417972
734418117 734418963
734418117 734419414
734418111 734418880
734418111 734418237
734418111 734418790
734418113 1231628465
734418113 734419114
734418113 734418428
341238011 341237120
341238011 341238010
341238011 341239156
341238011 341239031
341238010 341237915
341241459 734417968
341241459 734417996
734169417 734169851
734169417 734169607
340240312 341236984
340240312 341236886
340240312 341238852
341241455 340110746
341241455 734417968
341241455 340110777
734169806 340109447
734169806 734170229
734169806 340109467
734169800 734169990
734169800 734170218
734170042 734169765
734170042 734169623
734170042 734169487
734418559 340110747
734418559 734418124
734418559 734418249
734170049 598404757
734170049 734170308
734418806 734418469
734418806 734418750
734418806 734418566
734418807 340239094
734418807 385036334
734418415 734418428
734418415 734418750
734418415 734419114
734418415 734418917
340109894 340240564
340109894 459584031
340109894 734169335
734418362 734418425
734418362 734418637
734418362 734419017
340109898 340109922
340109898 340240564
340109898 734169810
340238650 385036183
340238650 340238996
340238650 340238649
734418201 734417870
734418201 734419284
734418208 734417762
734418208 734418690
734418208 734418919
734418208 734418515
734169567 734169327
734169567 340240155
734169567 340111041
734418162 734418880
734418162 734418643
734169562 734170232
734169560 734170252
734169560 734169409
734169560 734169337
734418166 734418549
734418166 734417811
245106353 245107228
245106353 734418666
245106353 734419457
734520560 734521170
734520560 734521021
734520560 734521364
340109578 340109580
340109578 734169550
340109578 734170255
340239111 340238742
340239111 385036219
245106356 734417798
245106356 734418227
245106356 734418237
340240164 341239031
340240164 340240286
340240164 341238942
340109572 340111119
340109572 340109574
340109574 341234831
340109574 734170332
734520284 245106221
734169890 734169842
734169890 734169261
734169890 734169932
734418522 734419217
734418522 734418790
734418522 340238516
734170191 734169765
734170191 340110248
734170191 734169590
734169787 734170207
734169787 734169980
734169787 734169321
734419249 734417972
734419249 318266382
734419249 340238949
734419243 734419150
734419243 734419525
734419241 734418983
734419241 734418141
734520268 734520231
734417934 734419457
385036284 385036283
385036284 385036286
385036286 385036289
385036286 340238771
734521392 734521275
734521392 734520442
734521392 734521216
385036289 734418097
734418934 734417790
734418934 734419217
734418934 734418269
340239122 734419429
340239122 318266382
340239122 340239120
340239120 340238997
340239120 734418492
390934149 734419436
390934149 340110304
245106221 245105858
245106221 734520552
340240286 340240161
341236984 341238888
341236984 341237055
734170229 734170062
734418661 734418428
734418661 340110777
734418661 340110739
734418666 734418265
734418666 734418966
734418667 533655398
734418667 734417926
734418667 340238516
341234835 341234831
341234835 340109901
734521364 734520209
734521364 734520251
734170225 734169332
734170224 384282198
734170224 734169403
734170224 734170155
385036217 385036215
385036217 385036218
385036215 340239044
385036215 385036212
385036215 385036336
734419019 340068516
734419019 341236287
734419019 340110248
385036212 385036334
341237055 340240333
341237055 341238942
385036219 734418675
385036219 385036218
385036218 734418473
341237120 340240333
341237120 341237310
340110820 734419310
340110820 734418391
340110820 734418712
734417802 734419311
734417802 734418949
734417801 734418249
734417806 734418013
734417806 245106787
734417806 734418134
734417806 734418878
734419548 734419202
734419548 734418487
734419548 734418926
734419548 734417910
734417762 734418095
734417762 734418218
734419427 734418736
734419427 734418233
734419427 340238514
734169692 734169485
734169692 734169810
734418983 734419229
734418983 734418421
734419541 245106850
734419541 734418880
734419541 734418237
734419429 734418237
734419429 734418492
245106642 528962477
245106642 245107394
245106642 245106789
245106642 318266451
734419544 734419265
734418013 734419175
734169327 734170127
734169327 340111037
734169320 734169482
734169320 734169888
734169320 734169741
734169321 734170143
734169321 734169743
598404759 340110304
598404759 734169851
598404758 598404757
598404758 734169851
598404758 734169923
598404757 598404756
598404756 734169468
598404756 734169921
598404755 342845671
598404755 734169921
322121114 1231628428
322121114 1231628469
322121114 77746332
322121114 385036184
734419152 734419053
734419152 734417987
734417943 734419233
734417943 734417958
734417943 318266390
734418795 533655891
734418795 734419481
734418795 245107309
734418790 734419282
734520464 339283505
734520464 734520637
734418799 734418961
734169511 734170185
734169511 124178257
734169511 77746332
734169926 734169913
734169926 340068397
734169926 734170112
734169924 734170334
734169924 341239567
734169924 341237310
734169925 734169257
734169925 340238462
734169923 734169468
245107309 245107394
245107309 734418769
734169518 734169957
734169518 734169466
734170125 734169422
734170125 734169527
734170127 340240394
734170127 1231628439
341238888 341238942
341238888 341238852
385036342 1231628465
385036342 1231628428
385036342 322121120
734419265 734418171
734418247 734419378
734418247 734418919
340239430 734418547
340239430 734419230
340239430 734418651
340239430 734417822
734169351 734169768
734169351 734169491
734169351 734169311
245107230 734417991
245107230 245107228
734169607 734170308
734418085 734419144
734418085 734417742
734418085 734419194
124178257 322121120
124178257 77744964
124178257 1231628439
734419483 734418961
734419483 734418437
1325569817 340418735
1325569817 1325569798
340111037 1231628406
340111037 340238475
734169582 734170250
734169582 734169406
245107394 245106788
734169589 340110248
734169589 734169778
734169589 340109580
734169990 734169553
734169995 734170252
734169995 734169409
734169995 734169704
734169995 734170176
734170151 734169461
734170151 734170328
734170153 734170330
734418566 734419251
734418566 734418870
734170155 734169425
734170155 734169466
734419202 340418735
734419202 734418910
734419201 734418502
734419201 734418905
734418446 734520454
734418446 245105858
734418446 734418692
734418233 734417926
318266428 245106851
318266428 734417855
318266428 734417958
734520637 340240853
734520637 734520994
533655828 245106852
533655828 533656332
533655828 533655816
734520183 734520502
734520183 77744963
734520183 734521242
734418628 734417855
734418628 734418874
734419139 734417955
734419139 734419390
385036151 385036144
385036152 340239044
385036152 385036145
340239097 734418675
340239097 340238949
340239097 734418455
340239097 734418544
340239096 340239094
340239096 340238771
245106787 734418577
245106787 245106853
245106787 533655861
734419053 734418401
734419114 734419237
245106788 734417991
245106788 734418577
245106788 245106789
245106789 734418729
318266452 287336668
318266452 528962477
318266452 385104407
734520454 734521168
734520454 734418105
734520457 734521170
734520457 734521341
734520457 734520251
340068403 340109447
340068403 340068519
340068403 341236287
734419500 734418265
734418191 734419280
340068397 734169634
340068397 340240232
734418198 734418908
734418198 734418503
734418949 340239172
734418750 734419438
734418756 734419030
734418754 734418484
340110813 340110816
340110813 734418923
734418690 734418663
734418697 734418779
734418697 340238513
340110816 734419323
340110816 734418391
340240855 340240853
340240855 734520994
340240855 734521216
734417972 734418544
734417759 734419280
734417759 734418905
734417974 734418717
734417974 734418307
734169362 734169529
734169362 734169778
340110248 734170202
533656338 533656337
533656338 734417839
734418884 734418779
734418884 734419183
734418884 340239178
533656335 533656337
533656335 734418574
734521170 734520295
533656333 533656334
533656333 533656332
533656333 533655817
533656333 533655816
734418492 734417798
734418289 734419393
734418289 734417958
734418289 734419233
734417853 734418465
734417855 734418997
734417991 734418729
734419378 734417824
249556106 734169729
249556106 340109585
734417996 340110747
734417996 734418225
734169257 734170178
734169318 734169478
734169318 734169738
734169311 734169987
734169259 734169704
734169259 734169297
340068519 340068521
340068519 734169741
318266451 528962477
318266451 1270216587
734169425 459584031
734169425 734170189
734169422 734170313
734169957 734169765
340109922 340109925
340109922 340109901
340109925 734169940
340109925 340109931
734170112 734169539
734418407 734417910
734418401 734419017
734418374 734418425
734418374 734419431
340109447 734170332
340109447 340109526
734418370 734419030
734418370 734418953
734418370 734418651
734418370 245106354
340109585 341236287
734169553 734170252
734169553 734169825
734169553 734169738
340238463 734169904
340238463 340068530
340238463 340109519
340238462 734169760
734419481 245107081
734419481 533655817
734169556 734169980
734169556 734170025
533655912 245106852
533655912 245106853
533655912 533656332
734169554 734169805
734169554 734169987
734418173 734418963
734418173 734419530
734418173 734419267
734418171 734418225
341235285 340068961
341235285 734169634
341235285 341235174
318266390 340418735
734169729 734169535
734169729 77746332
287337062 245105858
287337062 385104407
342845671 734169337
342845671 734419436
340111042 340111050
340111042 340240517
340111041 340238475
340111041 340240517
734170023 734170334
734170023 341241010
734170023 341241001
734170025 734170207
734170025 734169590
734419150 734418435
340110746 340110747
340110746 734418923
340110746 340110739
734419154 734419416
734419154 385036336
734418309 734418997
734418309 734419256
734419251 734418469
734419251 734418156
734419251 734417772
734170185 734169284
734419256 734419405
734419256 734418722
734170181 734169332
734170181 734170333
734170181 734169921
734419390 734417790
734419393 734419501
734418307 734419525
734170189 734169335
734170189 734170202
340238991 340238995
340238991 340238949
245105858 734419388
245105858 734520207
340240516 340240517
340240516 340240515
340240514 340111164
340240514 340240515
340240514 734170147
340240514 734170070
734418717 734418943
734418717 734418465
734418712 734418435
734520385 734520999
322121120 1231628445
734520380 734521283
734520380 734520994
734170232 734169261
734170232 734169335
734170330 340111050
734170333 734169677
734170332 734170255
340239044 340238744
340238513 734418958
340238513 340239178
533655860 245106853
533655860 533655861
533655860 533655817
533655860 533656332
533655861 533655891
340238516 340238514
340238516 734418227
734417955 245106851
734417955 734419178
734417955 734419282
340068530 340109525
340068530 340109467
734417811 734418953
734417811 734418141
734419436 340110299
734419431 734417883
734419431 734419284
734418996 734418943
734418997 533656334
734419438 734418477
734419438 734418917
734419438 734418549
734419530 734418816
340240205 340240161
340240205 340240232
734520694 734520502
734520694 77744964
340110299 734170099
340110299 340110297
340110297 340110296
340110297 384282196
340110297 384282197
340110296 598404768
245106850 734418679
245106850 734418466
245106851 734418503
245106851 734418481
245106852 734418218
245106853 734417824
734417922 734419046
734417922 734419446
734169913 340111164
734169913 734170147
1231628430 1231628465
1231628430 1231628428
1231628430 1231628469
734418878 734417869
734418878 734418577
734169668 734170099
734169668 734169820
734169919 734170147
734169919 734170328
734418874 734419405
734418874 734418358
342805331 734521168
342805331 734520231
342805331 734520407
533655817 533655891
734419284 734418868
734419323 734419062
734419323 734419525
245106354 734417918
245106354 533655398
245106354 734419230
340238744 340238742
340238742 385036148
734419446 734418391
734169261 734169529
734169262 734169344
734169614 734170311
734169614 340238475
1231628445 734418814
341239567 1231628439
734169344 734169590
245107228 734418134
340240333 341239031
341235174 341234962
734169550 734169377
734170065 341241001
734169980 734169535
734169982 734169540
734169982 384282196
734170062 340109467
734170062 340068521
734418574 533656334
734418574 734417839
734419193 734419450
734419193 734418725
734170147 734169539
734418477 734419030
734418477 734418432
734418477 734419183
734170207 734170034
734418579 734169535
734169461 734169539
734169466 734170202
734418222 734419307
734169468 734169677
734418227 734419311
734520629 734521287
734520629 734520999
734169482 734170178
734169485 734169932
734419062 734418966
734169768 734169577
734169760 734169904
734169760 734169888
734419267 734418816
734419267 734419224
734418265 734419230
734418958 1231628465
734418958 734419237
734520442 734520267
734417918 734418663
734417918 734417824
734418953 734418432
734418953 734419229
340240161 341237915
340240161 734169847
340240564 734169805
734418688 734419225
734418760 734419450
734418760 734419408
734418760 734419036
385036333 385036334
385036334 385036335
734418769 734418502
734418769 245107081
734417742 734418926
734521341 734521168
734521341 734418105
734521341 734520295
340239178 340239177
340239178 340238514
340239175 340239177
340239175 340239172
340239172 385036343
734521168 734520552
734418487 734418647
734418484 734419188
734418481 734419023
734418481 734419178
340111119 340109569
340111119 341234962
734419408 734418312
734419408 734419000
734417822 734418966
734419405 734418864
734417980 734418312
734417980 734418721
734417987 734419501
734169308 734169540
734419023 734419291
734419023 734418466
341236287 340109580
734169820 734169403
734169535 734169743
734169825 734169406
734169539 340240232
734169284 340238472
734169284 340109518
734169778 734169377
340109931 340238090
340068956 340068954
340068956 340068961
734418432 734418549
734418437 734418679
340110777 734418814
734419310 734419046
734418389 734418663
734418389 734418515
340238771 340238999
340238472 734169904
340238472 340238473
340238472 340238471
340238473 340109518
340238473 340109519
734419494 734419225
734419494 734418469
734418145 734418814
734418145 734418454
339283504 339283499
339283504 339283505
339283505 77744963
734418269 734418095
340418735 734419233
340418736 734418926
734417810 734418637
734520407 734520295
340111050 340240525
340111055 340111164
340111055 340109526
340111055 340240525
384282196 734169337
384282196 598404767
384282197 384282198
384282197 734169403
384282198 318266374
734417798 385036343
734170034 734170143
734419144 734418097
459584031 318266374
341239156 341237310
734419225 734418103
734419224 734419163
734419224 734418544
734419388 734419307
339283499 341236884
734419229 734418547
734418917 734419183
734418919 734418969
340240525 734170070
734418726 734419416
734418726 734418675
734418725 734419414
734418725 734419017
734418729 734520207
734418643 734419291
734418647 734418926
734419030 734418736
734419036 734417883
734419036 734419000
318266382 734418679
734419163 734418455
734419163 734418816
734170143 340110304
734521287 734520207
533655398 734418736
533655398 734418095
340240232 734169847
341234962 340111164
734418943 734419457
734170250 734170218
734417772 734418103
734417772 734418549
734170255 734169842
1270216589 385104407
734418868 734417883
734418868 734418154
734169677 734169332
734419501 734417870
734418454 77744964
734418454 734418105
734417870 734418637
340110739 734418103
734417883 734419450
734418105 340110747
734169377 734169842
734169940 734169491
734169370 734170099
340068954 340109569
340068954 340109901
77744963 341237310
734169409 734169835
734419183 734418736
734418547 734418923
734170176 734170131
734170176 734169478
340238649 385036149
734418465 734419307
734418466 734418154
341238852 341236884
340240853 734520502
340240853 734521242
245107081 533656334
245107081 734417839
340240155 734169745
734169704 734170131
340240394 734169745
340240394 341241001
1231628469 385036343
341236886 341236884
734169745 340240357
734169887 598404767
734169888 340068521
734419175 734418134
340109519 734170311
734419178 734418880
1231628439 341241001
341234831 734169932
734418779 734418256
385036183 385036184
734419000 734418154
385036184 340238997
598404768 598404767
734169835 734170313
734169835 734169527
734169935 734169623
734418256 734419237
340109525 340109526
340240357 341241010
340238999 734418455
340238995 340238997
340238995 340238996
340238996 385036148
734520231 734520552
385036145 385036144
385036145 385036148
385036144 385036149
