249791205 267196344
249791205 556802746
249791205 556802759
249791204 267196357
249791204 910450761
249791204 910451262
943899320 943899457
943899320 943899280
267259451 267259450
267259450 267259427
267259453 267259459
267259453 267259329
267259459 267259326
267259459 943559829
267259326 941021480
267259326 943560106
267259326 267259479
267259329 267259433
267259329 941021293
267259328 267259330
267259328 267259417
267259328 267259411
621248551 621248552
621248551 267609593
621248552 267609594
621248555 267609594
621248555 621248556
621248556 267609595
943830582 943831113
943830582 943830678
267259936 267259933
267259936 267259942
267259932 267259933
267259932 267259931
267259933 941021821
267259930 267259929
267259930 267259488
267259930 267259931
267259931 267259488
561265336 561265334
561265336 561265326
943899359 943899670
943899359 943899251
561254885 561254886
561254885 561254898
561254886 561254887
561254887 943899635
561254887 561254888
561254888 943899453
943899551 943899703
943899551 943899543
301037189 267609591
301037189 433484627
301037189 433484629
301037187 308886251
301037187 433484628
301037180 301037190
301037180 308887829
301037180 433484629
561254907 561254906
561254907 561254908
561254906 561254895
561254906 910451262
556805869 943831172
556805869 941021911
556805869 267609576
556802746 556802737
561254909 561254908
561254909 561254910
943830445 943830354
943830445 267609551
943830445 943830449
943559829 943560106
943830720 943831159
943830720 943831523
267197948 267197908
267197948 267197940
267197948 267197941
267197949 267197938
267197949 267609597
267197949 267197937
267197944 267197945
267197944 267197925
267197944 267197943
267197945 267197946
308885274 308884933
308885274 308884939
308885274 433484640
943830361 943831168
267197941 267197940
267197941 267197942
267197942 267197943
267197943 355435736
433484630 621248503
433484630 301037191
556802632 556802619
556802632 556802641
433484635 308884954
433484635 308884930
433484635 563662822
433484639 563662817
433484639 308884951
433484639 308884952
556802928 556802904
556802928 556802931
556802737 556804166
267259419 267259418
267259419 943559912
267259419 943559791
267259418 267259414
943559912 943560217
267259415 267259416
267259414 267259413
267259414 267259348
267259417 943560196
267259417 267259416
267259416 267259413
267259411 267259410
267259410 267259409
267259413 267259331
941021567 267259945
941021567 267259944
941021567 941021376
267197938 267197940
267197938 267197937
267259430 267259431
267259430 267259429
267197931 267197953
267197931 267197930
267197931 267197933
267197930 267197953
267197930 267197946
267197933 267197934
943899618 943899492
943899618 943899670
267197934 621248434
267197934 267197951
267197937 267197936
267197936 267197935
943560264 943560106
943560264 267259479
943899251 943899678
943899314 943899584
943899314 943899585
1368046433 1368046431
1368046433 267196284
1368046431 267259376
1368046431 1368046438
1368046430 267196280
1368046430 267196279
1368046436 267196289
1368046436 1368046444
1368046436 267196279
267259480 267259479
267259480 267259488
1368046434 1368046443
1368046434 1368046429
1368046438 267196287
621248568 267609591
621248568 267609597
621248563 621248565
621248563 267609596
621248565 267609597
943831825 943830970
943831825 943830713
267259945 267259921
267259944 267259942
308887832 301037179
308887832 943830836
308887832 308887831
308887830 943830970
308887830 308887829
308887830 308887717
308887831 943830618
308887831 308887717
556804603 556805848
943830618 943831523
267197912 267197913
267197912 267197911
267609497 621248532
267609497 267609568
267609497 621248533
943434399 943434380
943434399 267609595
943434399 943434362
556802674 556802663
556802674 556803760
556802674 556802687
561254953 943899499
561254953 561254954
556802771 556802759
556802771 556802785
943830571 943830354
943830571 943830347
943830571 943830449
943830571 943830648
556803776 556804166
556803776 556803760
355435736 267197925
355435736 267197924
267609551 943831172
267609551 943831783
267609551 943943958
556802619 556802606
556802785 556804614
556802785 556802800
308888631 941021921
308888631 308888630
308888631 308888633
308888630 308888629
308888633 308888616
943830338 943830354
943830338 943831286
556802606 556802935
943830979 943831245
943830979 943831159
943830979 943831242
308884948 308884943
308884948 308884951
308884948 433484642
308884943 370583672
308884943 433484641
308884941 308884939
308884941 370583672
308884941 370583671
941021235 941021877
941021235 941021991
941021235 941021558
943899543 943899398
267259330 267259331
267259331 267259332
267259332 267259334
267259334 267259348
943560217 943560306
943560217 267259359
308886251 433484627
308886251 563662818
621248527 267609494
621248527 267609495
433484641 433484642
621248480 267196304
621248480 267196291
621248529 267609495
621248529 621248530
943831837 943831753
910451262 561265326
910451262 267196358
943899678 943899449
941021480 941021293
941021480 941021857
267196301 267196300
267196301 267196302
267196300 267196358
267196300 267196299
267196303 267196302
267196303 267196304
267196302 562545958
267196305 267196295
267196305 267253204
267196305 267196306
267196304 267196289
267196306 267196308
301037179 433484626
301037179 301037191
267196308 267196297
561254914 561254913
561254912 561254913
561254912 561254911
561254910 561254911
943831172 943830756
943831772 943831037
943831772 943830810
943831772 943831482
556802728 556802715
556802728 556804166
556802641 556802652
433484640 308884939
433484640 943830516
943830426 943831119
943830426 943830354
943830426 943831783
943830426 943831286
943830836 943831245
943830836 563662816
943434362 943434358
267259409 267259403
267259403 267259390
267259376 267259390
267259376 267259371
267259371 267259359
267197922 267197923
267197922 267197921
267197922 267197906
267197923 267197924
267197920 910450761
267197920 267197921
267197920 267197919
267197926 621248419
267197926 267197915
267197925 621248419
941021877 308888628
267196299 267196358
267196299 267196298
267196298 267196297
267196297 267196296
267196296 267196295
267196295 267196294
267196294 267196293
267196293 267196292
267196292 267196291
370583671 370583672
267609591 621248542
267609593 621248547
941021991 943943958
267609595 267609596
267609594 943434380
267609596 943434388
1368046444 1368046427
267196349 267196348
267196349 267196350
267196348 267196347
267196348 943560306
267196345 267196344
267196345 267196346
267196344 267196357
267196344 267197913
267196347 267196346
943830449 308888616
267259951 267259925
267259951 267259924
267259951 267259965
943831841 943830678
556804614 556805848
941021293 556803760
943831286 267609495
943831286 943831370
556805848 556802904
556805848 941021911
556802687 556802700
556803747 556803760
943899287 943899415
943899280 943899585
943899499 943899363
943899499 943899453
943899492 943899703
941021821 941021857
941021821 941021376
308888626 308888627
308888626 308888625
308888627 308888628
308888624 308888625
308888624 308888622
308888622 308888621
308888620 308888619
308888620 308888621
556802904 556802882
308888628 308888629
943830516 943831168
308884954 308884930
308884954 308884953
308884951 308884952
308884952 308884953
943831783 943831366
943831753 267197953
943831753 943830631
943831753 563662822
267259348 267259359
943899635 943899398
943434358 943434388
943434358 943434403
621248537 267609499
621248537 621248538
621248534 267609498
621248534 621248533
621248535 267609498
621248535 267609499
621248532 621248531
621248530 267609496
621248531 267609496
621248538 267609494
943831819 943830810
943831819 943831482
943831819 943830713
308887717 267609496
943559791 943560306
943899449 943899584
556802882 556802800
943434403 267609602
943434403 943434388
267259963 267259962
267259962 267259928
267259965 267259964
267259965 267259966
562545958 267196352
943943958 941021911
943830347 267609494
563662816 563662817
563662816 563662820
556802652 556802663
556802715 556802709
563662818 267197951
563662818 563662823
943831119 943831037
943831119 943831370
943831119 943831482
943560798 267259433
943560798 943560196
943560798 943559996
267259433 267259434
267259432 267259431
267259432 267259435
267259435 267259434
267197919 267197918
267197918 267197914
267197917 267197916
267197917 621248431
267197916 267197915
267197915 563662827
267197914 621248431
267197911 267609602
267609592 621248547
267609592 621248542
267609568 943830678
267196280 1368046424
267196283 267196284
267196283 1368046429
267196287 1368046427
1368046443 1368046424
943831203 563662821
943831203 943830631
943831203 563662822
267196356 267196357
267196356 267196355
267196357 267197903
267196354 267196355
267196354 267196353
267196352 267196353
267196352 267196351
267196350 1368046427
267196350 267196351
267259925 267259926
267259925 267259924
267259924 267259923
267259926 267259928
267259921 267259923
267259929 267259928
561254897 561254898
561254897 561254895
561254895 910450761
943899415 943899363
943831482 943831242
301037190 621248503
943560196 943559902
943830756 943831037
308888619 308888618
308888618 308888617
267197951 267197935
308888617 308888616
556802931 556802934
556802935 556802934
943831037 943831366
563662827 563662822
563662821 563662820
563662821 563662823
563662820 563662823
621248434 267197935
943559902 943559996
941021558 941021921
943831242 943830713
308884933 308884930
943899457 943899453
308887829 943830810
267609602 267197909
433484628 433484626
556802700 556802709
267259427 267259429
267197903 267197904
267197904 267197905
267197905 267197906
267197906 267197907
267197907 267197908
267197908 267197909
