394216004 90.4081436 23.7097141
393352944 90.4050619 23.7083058
387123919 90.4038319 23.7100523
393921348 90.4055474 23.7131263
393352941 90.4053502 23.7092303
394216001 90.4085384 23.7096041
393352943 90.4052043 23.708523
393919510 90.4087797 23.7141106
393921341 90.4060709 23.713362
393573042 90.4129189 23.7070175
387123917 90.4034972 23.7098086
387123916 90.4032731 23.7092225
394215996 90.4095902 23.7091942
366464562 90.411992 23.708918
401626665 90.4123723 23.7169499
393373755 90.4071342 23.7089754
394215938 90.4091907 23.7091404
401626660 90.4119861 23.7171385
393575962 90.413906 23.7061609
393352272 90.4038896 23.7089557
318322411 90.4075446 23.7099835
454744187 90.4165136 23.7065849
393357722 90.4026294 23.7101026
318322320 90.4087321 23.7180137
401626668 90.4129044 23.716722
318322322 90.4086585 23.7145078
1271720008 90.4159053 23.7067012
387097616 90.4114226 23.7162709
373390986 90.4086889 23.7175414
1271720001 90.4162835 23.706529
1271720002 90.4148223 23.7066995
1271720003 90.415542 23.7067102
1271720004 90.4158632 23.7063991
1271720005 90.4157466 23.7064048
1271720006 90.4163232 23.7065935
393919505 90.4090705 23.713109
395062867 90.4140748 23.7125687
395057441 90.4128652 23.7137491
373389182 90.4133868 23.7136422
401874140 90.415651 23.716777
318322372 90.4106507 23.7073727
366002444 90.4023854 23.7096145
393911159 90.4099558 23.7081878
401626659 90.411926 23.7171621
393570699 90.4128073 23.7082042
393570704 90.4137171 23.7076226
401864033 90.4105613 23.7160776
395054581 90.4122723 23.7128988
393921356 90.4051268 23.712254
395057429 90.4126929 23.7129538
395054584 90.412032 23.7130402
393919507 90.4087231 23.7132913
401864035 90.4106911 23.7163526
1198517283 90.4053739 23.7181855
387097572 90.4051741 23.7183376
393357717 90.4034534 23.7098119
393922915 90.4053757 23.7128984
373390798 90.4068098 23.7143789
393352265 90.4046636 23.7108963
396259043 90.4150356 23.7101991
393352263 90.4048524 23.7112185
394216475 90.4060922 23.7137062
394216474 90.4063325 23.7137141
394238442 90.4107013 23.7108693
394216471 90.406693 23.7136748
394216470 90.4068267 23.7138186
394216473 90.4063669 23.7136277
1271733445 90.4155618 23.7071556
393911151 90.4100363 23.7095978
318322428 90.4064328 23.7089968
393911153 90.4096071 23.7093384
394216472 90.4065042 23.7136748
393570709 90.4149874 23.7075047
395062855 90.4136885 23.7119793
393911156 90.4095041 23.7084583
387124039 90.4111832 23.7070555
387124337 90.4075656 23.710013
387097620 90.4103669 23.7164123
401626662 90.4120976 23.7169813
387124032 90.4127755 23.7060679
373391814 90.4031392 23.7115699
387124037 90.4112558 23.7064929
393373754 90.4069196 23.7089283
394237940 90.4068647 23.7141463
396259110 90.4158196 23.7117594
393911152 90.4098818 23.7093306
401864028 90.4102952 23.715779
393573046 90.4124139 23.7069471
394237946 90.4083823 23.7141468
393573044 90.4127644 23.7068996
393573026 90.4166526 23.7071511
387097631 90.4083928 23.7142906
393576279 90.4140004 23.7066953
396536271 90.4161023 23.7106685
396259053 90.4151386 23.7103169
373389890 90.4132581 23.7153003
387097629 90.4083928 23.7144635
394216064 90.4091041 23.70999
394215934 90.4090468 23.7085133
387123971 90.4087736 23.706775
393362565 90.4044165 23.7109616
387123972 90.4085504 23.7064999
373389910 90.4114858 23.7154037
393575960 90.4138987 23.7058963
394216464 90.4060922 23.7138713
393911149 90.4104655 23.7096449
393922753 90.4042513 23.7132834
393575313 90.4150273 23.7085155
393372293 90.4097435 23.7079302
394215993 90.4097065 23.7099835
393575966 90.414215 23.7065224
393575319 90.4148244 23.706711
393911147 90.4105427 23.709865
394216468 90.4066673 23.714162
394216469 90.4067789 23.7140992
454744214 90.4155687 23.7059956
318322387 90.4100528 23.7077208
395056259 90.4125727 23.7129538
395070376 90.4133481 23.7118803
387124026 90.4147496 23.7060207
387124027 90.4145265 23.705895
387124025 90.4150329 23.7060679
366002423 90.4022138 23.7099748
318322328 90.4120034 23.7097247
318322360 90.4108714 23.70783
393358018 90.4023428 23.7096599
393374015 90.4075788 23.7099435
393374014 90.4074174 23.7098163
387123968 90.407763 23.7076082
387123969 90.4078488 23.7074196
387124258 90.4162517 23.7084491
387124254 90.41505 23.7085198
393921336 90.4067146 23.7133699
394216059 90.4089645 23.7093185
396317694 90.4146433 23.7124186
395054564 90.4141864 23.7127259
393923810 90.4059195 23.7107527
393911179 90.411916 23.7096764
387097593 90.4080752 23.7181097
387124035 90.4116168 23.7062015
387097597 90.4087214 23.7178967
393911172 90.4118817 23.7089298
387097594 90.4081953 23.7180233
396317598 90.4144434 23.7105763
395056262 90.4125813 23.7130559
454744184 90.416857 23.706522
396317654 90.4144262 23.7115507
395056267 90.4125384 23.7132367
387124338 90.4077372 23.7100915
454744181 90.4168481 23.7058722
395056269 90.4124869 23.7132681
395062832 90.4120744 23.71159
395070362 90.4132336 23.7110442
401627322 90.4114592 23.7148045
454744189 90.4165823 23.7070407
387124352 90.4072051 23.7072074
393374715 90.4073144 23.7090855
393374716 90.4072753 23.7089473
373391767 90.411388 23.7173525
393374710 90.4074174 23.7097849
393374009 90.4066192 23.7097692
393374713 90.4074432 23.7092583
401864034 90.4106385 23.7161327
396259037 90.4149498 23.7101519
387097582 90.4061783 23.718479
387124249 90.4126602 23.7095634
393576273 90.41479 23.7066953
393358013 90.4032474 23.711525
366002371 90.4026783 23.7104726
394238446 90.4116621 23.7108991
401864029 90.4103467 23.7158419
393911161 90.4101533 23.7081642
393911163 90.4104193 23.708007
393911165 90.4105481 23.7082742
393923800 90.4066546 23.7123561
393923801 90.4065258 23.7121204
393911168 90.4112379 23.7081125
387123966 90.4067566 23.7082131
373389970 90.4138675 23.7132178
387097581 90.4060839 23.718424
373389974 90.4140477 23.7133907
387124568 90.4068274 23.7141701
395070353 90.4131907 23.7103762
393372298 90.4092456 23.7079302
387124361 90.4076769 23.7098286
393372296 90.4092886 23.7078202
393372295 90.4093315 23.7077966
393372294 90.4095546 23.7077809
395062826 90.411611 23.7115429
395056279 90.4125302 23.7137616
387124367 90.4083896 23.7114825
387124366 90.4084496 23.7113725
373390291 90.4115071 23.71853
395062837 90.4123238 23.7117829
393575316 90.4149016 23.7073869
387124362 90.4083266 23.7100535
366002465 90.4022707 23.7097366
393911182 90.4118387 23.709865
396259007 90.4141859 23.7102305
387097599 90.4095485 23.714231
393923803 90.4065172 23.7116253
394215531 90.4077573 23.7099735
394215530 90.4077659 23.7100678
393576284 90.4132281 23.7064597
401859715 90.4086597 23.7147025
401859712 90.4091622 23.7144981
401859713 90.4090678 23.7145767
401859710 90.4095656 23.7144117
373390823 90.4069186 23.7175421
387124564 90.4067759 23.7143273
366002298 90.4102263 23.7055649
395062853 90.413577 23.7119086
401859651 90.4106814 23.7141681
401859650 90.4108359 23.7141917
387124606 90.4067416 23.7122526
387097628 90.4093197 23.717422
401874138 90.4155309 23.715426
346621250 90.4036776 23.7129955
387097577 90.4059123 23.7181411
387124601 90.4065957 23.7124177
387097579 90.4060925 23.7182669
387097578 90.406041 23.718204
387097623 90.4098862 23.7167109
387097625 90.4094828 23.7168995
387097624 90.4095772 23.7167974
401626663 90.4121577 23.7169421
387124071 90.4123807 23.7050305
393573043 90.4128846 23.7069625
387097604 90.409912 23.7149586
393575967 90.4142407 23.706601
366002723 90.4021943 23.7099033
393570698 90.4126271 23.7082042
1271720010 90.4158992 23.7065711
396259076 90.4153103 23.7109771
396259013 90.4142803 23.7101912
393362564 90.4041301 23.7110737
393923621 90.4039423 23.7114052
387124260 90.4165521 23.7081347
387124633 90.4064984 23.7103344
387124353 90.4082282 23.7091971
401859648 90.4114711 23.7141445
401626654 90.4114625 23.7171385
1198517304 90.4037204 23.7188368
393921368 90.4050109 23.7112064
393576285 90.4130508 23.706499
373389898 90.4128547 23.7153867
387097638 90.4102467 23.7138034
387097639 90.4105513 23.7139357
318322431 90.4068767 23.7089283
318322342 90.4114226 23.7081195
387097564 90.4039381 23.7186833
396209085 90.4132847 23.7127766
401861092 90.4107243 23.7139088
387097633 90.4085644 23.714157
373390296 90.411696 23.7188757
373389894 90.4131207 23.7153867
395054580 90.4125556 23.7128752
387124587 90.4065699 23.7126298
454744185 90.4167883 23.7065849
387124062 90.4125609 23.7086063
387124061 90.4125094 23.7087163
387124347 90.4119163 23.7099629
401864031 90.410484 23.7158733
395054578 90.4126328 23.7129459
401864030 90.4103982 23.7158655
401627313 90.4099433 23.7148753
513000509 90.41302 23.7081347
393922777 90.4045137 23.7113326
393570714 90.4163006 23.7075833
396317630 90.4145206 23.7115507
387123926 90.4063885 23.7075336
387123924 90.4046473 23.7112703
393570715 90.4163951 23.7076305
393923611 90.4040968 23.7119161
387124359 90.4075227 23.7089206
387097566 90.4041822 23.7183369
393923596 90.4043972 23.7120104
395054587 90.4115412 23.7130475
401864018 90.4098575 23.715779
318322430 90.406748 23.7081974
373389925 90.4115457 23.7136962
318322424 90.4065004 23.7103305
318322425 90.4066596 23.7102229
318322324 90.4114944 23.713667
346621253 90.4033436 23.7125198
396536289 90.4165477 23.7113587
387097608 90.4097661 23.7167109
393372308 90.4078505 23.7084625
373389880 90.4138246 23.7152296
1198517371 90.4042423 23.7183105
387097601 90.4097918 23.7145656
387097600 90.4096201 23.7144635
387097632 90.4084096 23.7142485
395062877 90.4142801 23.7126928
393922756 90.4043715 23.7130398
395070360 90.4132766 23.7108791
387124356 90.4078294 23.7084803
373389979 90.4141164 23.7139172
387124358 90.4075398 23.7087792
393576282 90.4133567 23.706711
