394216004 394215531
394216004 394216001
393352944 387123926
393352944 393352272
393352944 393352943
387123919 393362565
387123919 387123917
393921348 393921341
393921348 393921356
393352941 393352943
394216001 394216059
393919510 387097633
393919510 387097638
393919510 393919507
393921341 393921336
393573042 393573043
393573042 1271733445
387123917 387123916
394215996 394215993
394215996 393911153
394215996 394215938
394215996 393911156
366464562 318322328
366464562 318322342
401626665 401626663
401626665 401626668
393373755 393374716
393373755 393373754
394215938 394215934
394215938 394216059
401626660 401626659
401626660 401626662
393575962 393575960
393575962 393575966
393352272 366002444
393352272 393352265
318322411 318322425
318322411 393374015
454744187 454744185
454744187 1271720006
454744187 454744189
393357722 393358018
393357722 393358013
393357722 393357717
318322320 387097597
401626668 373389898
318322322 373390798
318322322 401859715
318322322 387097639
1271720008 1271720003
1271720008 1271720010
387097616 401864035
373390986 373390823
373390986 401859715
373390986 387097597
373390986 387097628
1271720001 1271720006
1271720001 1271720010
1271720002 1271720003
1271720002 393576273
1271720002 393575967
1271720003 1271733445
1271720004 1271720005
1271720004 1271720010
1271720005 454744214
393919505 393919507
395062867 395062877
395062867 395062855
395057441 373389182
395057441 395057429
395057441 395056279
373389182 395062877
401874140 401874138
318322372 387124039
318322372 318322360
318322372 318322387
318322372 366002298
366002444 393358018
393911159 393911161
393911159 393911156
401626659 401626654
393570699 393570698
393570699 513000509
393570704 513000509
393570704 393570709
401864033 401864031
401864033 401864034
395054581 395054580
395054581 395054584
393921356 393921368
395054584 395054587
401864035 387097620
401864035 401864034
1198517283 387097572
1198517283 387097577
387097572 1198517371
393922915 393922756
373390798 373390823
373390798 346621250
393352265 393362565
393352265 393352263
396259043 396259037
396259043 396259053
394216475 394216474
394216475 394216464
394216474 394216473
394238442 394238446
394216471 394216470
394216471 394216472
394216470 387124587
394216470 387124568
394216470 394216469
394216473 394216472
1271733445 393573026
393911151 393911152
393911151 393911149
318322428 318322425
318322428 318322431
393911153 393911152
393570709 393570714
393570709 393575316
393570709 393575313
395062855 395062853
387124039 387124037
387124337 387124338
387097620 387097623
401626662 401626663
387124032 393576285
387124032 387124035
387124032 387124027
373391814 393923621
373391814 346621253
387124037 387124035
394237940 394237946
396259110 396259076
396259110 396536289
396259110 396317694
401864028 401864029
401864028 401864018
393573046 387124062
393573046 387124071
393573046 393573044
394237946 387097632
394237946 387124367
393573044 393573043
393573026 454744189
387097631 387097632
387097631 387097629
393576279 393576282
393576279 393575967
396536271 396536289
396259053 396259076
373389890 373389880
373389890 373389894
394216064 394215993
394216064 387124362
394216064 394216059
394215934 387124353
394215934 318322387
387123971 387123972
387123971 318322387
387123971 387123969
393362565 393362564
393362565 387123924
373389910 373390291
373389910 373389898
373389910 401627322
394216464 394216468
393911149 393911147
393922753 393922756
393372293 393372294
394215993 387124347
393575966 393575967
393575319 393575316
393575319 387124025
393911147 393911182
394216468 394216469
454744214 387124025
395056259 395056262
395070376 395062853
395070376 395070362
395070376 395062837
395070376 396209085
387124026 387124027
387124026 387124025
366002423 366002723
366002423 366002371
318322328 387124347
318322360 318322342
393358018 366002465
393374015 387124361
393374015 393374014
393374014 393374009
387123968 387123969
387123968 387123966
387124258 387124254
387124258 387124260
387124254 387124249
396317694 395062877
396317694 396317654
395054564 395054578
393923810 318322424
393923810 393923803
393923810 393921368
393911179 393911182
393911179 393911172
387097593 387097582
387097593 387097594
387097597 387097594
393911172 393911168
396317598 396317630
395056262 395056267
454744184 454744185
454744184 454744181
396317654 396317630
395056267 395056269
387124338 387124362
395056269 395056279
395062832 395062826
395062832 395062837
395070362 395070360
401627322 373389925
401627322 401627313
387124352 393372308
393374715 393374716
393374715 393374713
393374716 387124359
373391767 387097628
393374710 393374713
396259037 396259013
387097582 387097581
394238446 387124347
394238446 395054587
401864029 401864030
393911161 393911163
393911163 393911165
393911165 393911168
393923800 393923801
393923801 393923803
373389970 373389974
387097581 387097579
373389974 373389979
387124568 387124564
395070353 395070360
393372298 393372296
393372298 393372308
387124361 394215531
387124361 387124359
387124361 387124353
393372296 393372295
393372295 393372294
395056279 373389925
387124367 387124366
387124366 387124362
373390291 373390296
366002465 366002723
396259007 396259013
387097599 387097600
394215531 394215530
393576284 393576285
393576284 393576282
401859715 401859713
401859712 401859713
401859712 401859710
366002298 387123926
401859651 387097600
401859651 401859650
401859650 401859648
401859650 401861092
387124606 387124633
387124606 387124601
387097628 387097625
401874138 373389880
346621250 346621253
387097577 387097578
387124601 387124587
387097579 387097578
387097623 387097608
387097625 387097624
387097624 387097608
387097604 387097601
387097604 387097608
393923621 393922777
393923621 393923611
387124260 393570715
387124633 318322424
387124633 318322425
387124353 393372308
1198517304 387097564
393921368 393922777
373389898 373389894
387097638 387097639
387097639 318322324
318322431 318322430
387097564 387097566
387097633 387097632
395054580 395054578
387124062 387124061
401864031 401864030
393922777 393922756
393570714 393570715
387123926 318322430
393923611 393923596
387124359 387124358
387097566 1198517371
395054587 318322324
373389925 318322324
373389880 373389979
387097601 387097600
387124356 387124358
