482512685 482512675
482512685 482512693
660999619 705894405
1272385717 1189129241
1272385717 1189193169
1272385717 1272385786
1189129301 1189129083
1189129301 1189129074
705894430 1189193169
705894430 661012692
1272385791 1189193082
1272385791 1189193102
1272385791 1272385786
661012692 1036824703
481099997 482512734
481099997 482512772
1189129241 1189129214
1189129241 705894423
1189129241 1189129279
482512675 482512654
1189193206 1036649822
1189193206 1189193169
1189193206 1219162281
1189129120 1189129282
1189129120 1189129200
1189129120 1189129218
1189129120 1189129246
1303287935 294973808
1303287935 482512728
1303002633 1303002627
1303002633 1303002628
1303009867 1302985952
1303009867 1036829102
705894348 1189129214
705894348 1036649822
705894423 705894352
1036829102 1303009875
1036829102 1302985955
482512693 300102217
1302985984 1302985952
705894343 1036649822
1189129251 1189129285
1189129251 1189193213
1189129251 1189129200
1189129251 1189193218
1302985983 1302985940
1302985983 1302985947
1219162281 1219162248
1219162281 1219162309
1303009869 1303009866
1303009869 1302985955
1189193290 1189193082
1189193290 1189193169
1189129303 1189129323
1189129303 1189193107
1303009866 1303009870
1272385786 1189193160
1272385786 1189129279
1189193218 1189193088
1189193218 1189129321
1338463927 1338463974
1338463927 1189193152
1189193213 1209004561
1189193213 1189129279
1189193213 1303099617
1189193212 1209004617
1189193212 1189193160
1302985941 294973795
1302985941 1302985959
1302985941 294973779
1302985940 1302985970
481734716 481734736
481734716 481734714
1189193152 1185029320
1189193152 1189129321
1189193152 1189193107
1189129153 1189129190
705894352 1189129214
705894352 1189129200
482512708 481023636
482512708 482512706
482512708 482512611
1189129246 705894363
1189129246 1189129190
1189129246 1189129325
1302985939 1302985978
1302985939 1302985955
482512825 482512654
482512825 482512611
1303009875 1303002634
1303009870 1303010381
1219162219 1219162309
1303002626 1303002641
1303002626 1303002624
1189193063 1209004617
1189193063 1189193230
482512611 482512628
482512611 482512901
1189193102 1189193160
482512755 482512634
482512755 481023636
1189193107 705894363
1185029320 1189129323
481099947 481023636
481099947 482512738
705894363 705894405
705894363 1189129200
1189129083 1219162142
1189129083 1189129218
482512838 482512834
482512838 294973799
482512838 482512867
482512834 294973797
294973804 482512784
294973804 482512645
294973804 294973799
1209004561 1209004617
1209004561 1189193160
482512628 482512666
482512628 482512791
482512628 482512631
294973779 1302985979
294973779 1302985965
294973808 482512645
481734739 481734744
481734739 481734736
482512738 482512786
1189129074 1189129319
1185020152 1303002641
1185020152 1189129319
482512803 482512784
482512803 482512666
482512803 482512886
1303010381 1303010375
1303010381 1303010373
482512634 482512638
482512634 482512631
1302985958 1302985944
1302985958 1302985965
1302985959 1302985944
1302985959 1302985947
1303002631 1303002627
1303002631 1303002637
482512734 482512732
482512734 481099968
482512638 482512640
482512732 482512728
481734745 481734744
481734745 482512786
1303002634 1303002639
1303002634 1303002628
1303002635 1303002641
1303002635 1303002642
1303002637 1303002642
1303002637 1303010373
1303002639 1303002624
482512872 482512870
482512872 482512664
1189129214 1219162142
1189129213 1189129282
482512870 482512867
294973799 294973797
294973799 1189129325
294973795 294973797
294973795 1189129282
1219162309 1219162142
300102217 300102214
300102217 300102220
300102214 482513303
1302985947 1302985978
482512640 482512645
482513303 481099968
1189129321 705894405
1189129325 482512784
1189129325 1189129282
1303099617 1189193230
300102222 300102234
300102222 300102220
1302985979 1302985974
1302985974 1302985970
482512654 482512664
482512791 482512784
482512791 482512789
482512789 482512788
300102234 481734775
481734778 300102238
481734775 300102238
482512666 482512664
482512788 482512786
