1233764507 114.1601314 22.2823152
1049673464 114.149525 22.2832475
1049673509 114.1484516 22.2849762
1030727497 114.1649063 22.278749
1177096754 114.1608729 22.2827749
1325911022 114.1545367 22.2835736
1325911023 114.1534654 22.2825148
1325911021 114.154771 22.2838028
361667440 114.1476197 22.2847969
1033084067 114.162597 22.280112
1325911024 114.1542882 22.283329
1325911025 114.1537579 22.2827994
984741525 114.1600707 22.2804926
166091692 114.1609656 22.2798742
493237397 114.1547732 22.2820004
1334208284 114.1506671 22.2879778
1334208283 114.1504093 22.2880523
1334208282 114.1506735 22.2880945
281722642 114.1479315 22.2881364
984409384 114.1558984 22.2868737
984409386 114.15673 22.2856232
1049672826 114.1502464 22.2792233
527732885 114.1605319 22.2812291
527732884 114.1606478 22.2815617
1233568739 114.1564957 22.281792
1049673696 114.1470769 22.2845376
308779465 114.1526104 22.2863688
279086158 114.1532236 22.2784237
988470348 114.1618538 22.2796371
245088408 114.1476267 22.2867098
526956446 114.1543475 22.2790377
1284103915 114.148287 22.2852417
289558686 114.1547905 22.2869731
598449869 114.157643 22.2853693
1233568758 114.1583585 22.2824374
279121400 114.1614129 22.2817606
253315218 114.1476671 22.2834612
982647209 114.1605911 22.28007
1317015302 114.1577941 22.2865155
286633636 114.1535294 22.2820991
286633634 114.1509301 22.2793468
286633635 114.1507165 22.2788199
286633632 114.1510637 22.2799254
286633633 114.1507118 22.279595
1298955546 114.1640366 22.2804672
286633631 114.1516358 22.2800287
566138962 114.1557315 22.2868643
235148562 114.1555545 22.2873078
274241077 114.1566266 22.2852672
286633639 114.1555346 22.280129
1093860043 114.159743 22.2791116
566138798 114.1590712 22.2835804
281676190 114.1645415 22.2805616
1034004727 114.1530567 22.2871864
1233568686 114.1584033 22.2828885
519549784 114.1510185 22.2817074
493236413 114.1515705 22.2813313
493236415 114.1521973 22.2807101
253315217 114.1474489 22.2837063
519549783 114.1508917 22.2816983
285748611 114.147913 22.2850097
279077698 114.1566769 22.2795605
279077699 114.1570765 22.2794623
365550035 114.1538476 22.2876104
1335241616 114.1473906 22.2861429
279077696 114.156163 22.2802743
240006693 114.1505552 22.2848092
1049673158 114.1493009 22.2832346
600710087 114.1658929 22.2789724
469547932 114.1606426 22.2790507
288372538 114.1475241 22.2832848
489214947 114.1572316 22.2809398
245088368 114.1575233 22.283591
293396192 114.159318 22.2841451
288373771 114.1559954 22.2823863
274240922 114.1564619 22.2868922
1034004855 114.1522567 22.2872393
245088364 114.158785 22.2823838
366080881 114.1658155 22.2794047
1230634119 114.1581669 22.2842118
493202000 114.1539323 22.2844484
1230634115 114.1576383 22.2845469
1230634114 114.1603383 22.285758
1230634111 114.1582238 22.2861847
1230634110 114.1576116 22.284634
1230634113 114.157697 22.2845097
274240904 114.1550916 22.2875336
285749593 114.1485361 22.2836941
1230634056 114.1577118 22.2838023
165996292 114.1564299 22.2853074
1110185608 114.1479373 22.2863151
984409449 114.1557624 22.286832
1230634053 114.1574043 22.2841914
316914755 114.1550037 22.2836179
316914754 114.1537941 22.2820004
316914757 114.1547347 22.2833619
1013426213 114.1607528 22.2818763
1230634059 114.1626066 22.2830706
316914753 114.1538678 22.2824654
316914752 114.1539039 22.2825339
527058699 114.1533623 22.2833397
365555694 114.1609278 22.2864197
278943459 114.1604989 22.2803316
278943458 114.1587546 22.2808144
301942792 114.1492252 22.2848669
236675151 114.1527526 22.2830583
365555693 114.1608085 22.2858791
1334208286 114.1508201 22.2880095
236675158 114.1559446 22.2812627
1049673315 114.1490333 22.2830071
365549929 114.15675 22.2850403
301942799 114.1506887 22.2846917
1029692784 114.1626137 22.2795614
274241644 114.1562928 22.2857575
288373178 114.16568 22.278837
274241640 114.1576784 22.2855528
274241643 114.1565454 22.2856084
566138427 114.160415 22.2857936
598449589 114.1594079 22.2842741
598449588 114.1593436 22.2842754
493209492 114.1544285 22.2845355
1029692753 114.1591143 22.2797006
1001584075 114.1594244 22.2791571
469548551 114.155172 22.2806375
1289960167 114.1564677 22.2795868
983508298 114.1507011 22.2875535
288175783 114.1480971 22.2884471
527734368 114.152926 22.2822036
527734369 114.153267 22.2818868
1049673691 114.1499813 22.2830574
1034004865 114.1507328 22.28767
1034004862 114.1486271 22.288404
1177097316 114.1627266 22.2829681
366080835 114.1659521 22.2796347
366080834 114.1654644 22.2798471
493201993 114.1546839 22.2853595
1034004868 114.1504523 22.2881735
527733175 114.1596841 22.2814671
279121636 114.1618181 22.280008
279121637 114.1617886 22.2798217
279121634 114.1622087 22.281212
1033432070 114.1561375 22.2787943
279121633 114.1623699 22.2813729
1311402459 114.1616143 22.2827348
365554861 114.1587293 22.2829633
310503109 114.1595418 22.2845049
279121638 114.1619037 22.2797427
235148347 114.1594157 22.2859442
1030727437 114.1635582 22.2799859
279077932 114.1564134 22.2810173
1154259267 114.1607586 22.2863908
1049673540 114.1483757 22.2835192
1030727436 114.1642511 22.2792298
1384338236 114.1649955 22.2822781
1154259269 114.1607686 22.2862255
1029866984 114.1586062 22.27916
984409344 114.1583318 22.2830006
288174257 114.1535136 22.2894151
288382136 114.1552875 22.2826346
279121333 114.1612141 22.281043
165997556 114.163835 22.2809186
253332980 114.1535738 22.2869274
990120524 114.1602962 22.2787259
493236228 114.1511763 22.2798713
493236229 114.15152 22.2799402
288171751 114.1522845 22.2820902
288171752 114.1524403 22.2822483
288167546 114.1567331 22.2845983
288171756 114.1538871 22.283837
288171757 114.1542582 22.2841975
527732391 114.162533 22.2794779
365496675 114.1555253 22.2809979
600716052 114.1644724 22.2794825
527734527 114.1582875 22.282568
1001584143 114.1584052 22.2793011
166091633 114.1630046 22.2794763
356279402 114.1628388 22.279079
285749765 114.1475989 22.2856529
245088406 114.1471473 22.2873763
279077707 114.1555313 22.2800536
279077704 114.1590109 22.2816447
245088402 114.1480233 22.2881951
1049673561 114.1472216 22.2847034
279086241 114.1556579 22.2790196
279077708 114.1557238 22.2800644
984409352 114.1579436 22.2829672
600715446 114.1649748 22.2788512
984409351 114.1590206 22.2827265
288173189 114.1497042 22.2889095
288173188 114.1494549 22.2881001
1030727451 114.163732 22.2796572
1030727452 114.1637189 22.2797872
274240804 114.1605176 22.286138
1029866763 114.1589082 22.2794638
235148593 114.155941 22.2877426
1110185606 114.1476839 22.2847536
489214982 114.1564262 22.2800778
493205956 114.1552096 22.2847659
239990458 114.155852 22.279232
1107012685 114.1598293 22.2796809
365549512 114.1597087 22.2860645
288373632 114.1580039 22.2828842
288373630 114.1574445 22.2824427
239990456 114.15624 22.2790384
239990457 114.1561058 22.2791555
239990455 114.1564337 22.2786447
288372603 114.1506754 22.2802506
165996559 114.1569291 22.2845894
274240805 114.160498 22.2864089
274240806 114.160716 22.2864404
274240807 114.1607705 22.2863134
1298955699 114.1634921 22.2806112
1033084085 114.1631505 22.2799795
526958475 114.1563216 22.279133
278943421 114.1506615 22.2876133
1049673239 114.1500771 22.2848704
285749858 114.1473713 22.2853958
285749857 114.1466767 22.2858651
984409402 114.1581458 22.2828303
365549514 114.1598456 22.2863236
1041585730 114.1507942 22.2794983
1154259514 114.1606332 22.2866205
356626850 114.1475756 22.2812182
1384359303 114.1646696 22.2811732
1384359300 114.1644912 22.2809682
1384359301 114.1645208 22.2808948
288382133 114.15437 22.2837518
1384359304 114.1650745 22.2818884
279113003 114.1591973 22.2822631
288170322 114.1571845 22.2840219
1033084087 114.1625412 22.2796017
165996965 114.1609957 22.2820093
988059872 114.16405 22.2805367
1317015319 114.1574173 22.2870417
1041585767 114.150796 22.2796645
237492225 114.1476288 22.2833805
1041585761 114.1550211 22.280393
288171749 114.152893 22.282844
493209515 114.1545487 22.2850518
527731273 114.1507153 22.2796752
1001584136 114.1593137 22.2792213
284525187 114.1547855 22.281632
493236746 114.1518102 22.2802414
493236743 114.1513178 22.280673
527735536 114.1575233 22.2824632
527735537 114.1577722 22.2821455
653109858 114.1648961 22.2819315
489209449 114.1500412 22.2863571
288373339 114.1639548 22.2786847
1230634165 114.1579319 22.2843607
1230634166 114.1578396 22.2836291
566138407 114.1605906 22.2861163
274242060 114.1599328 22.2829373
566138402 114.1604533 22.2861878
274242063 114.1590588 22.2837681
284521140 114.1616375 22.2828236
1317015277 114.1575651 22.2867548
1230634085 114.158343 22.2841
237492078 114.1544964 22.2802509
1230634169 114.160276 22.2859901
1230634041 114.1578014 22.2836903
352899038 114.1477234 22.2865037
1335238157 114.1551006 22.2805946
288176019 114.1537769 22.2874617
1029866824 114.1588657 22.2792378
1030727488 114.1568461 22.279438
1049673589 114.1498704 22.2846722
1030727487 114.1554026 22.2800428
365549524 114.160193 22.285797
288372736 114.1599784 22.282323
1030727482 114.1649241 22.2788078
236675160 114.1565637 22.2817074
469545782 114.1598718 22.279766
1049673343 114.1481381 22.283662
281722158 114.1519287 22.2856215
1233764466 114.1599511 22.2823746
984409307 114.1582348 22.2831803
1154259631 114.1607159 22.2865544
365549428 114.1601206 22.285463
365548030 114.156798 22.2876756
274241613 114.1602944 22.285753
1049673349 114.1510432 22.2830457
281722155 114.1531309 22.2850474
1001584147 114.1602358 22.2784523
288164643 114.1551556 22.2850839
508495323 114.1644508 22.2785079
527735777 114.1579696 22.2827889
1293282136 114.1563861 22.2786269
1250789811 114.1561972 22.2809604
288382092 114.1527929 22.2789804
288382091 114.1532258 22.2785634
288382090 114.1567616 22.2814896
288167503 114.1548176 22.2837697
288167500 114.1564182 22.2849159
288167501 114.1557834 22.2844348
519549781 114.1505781 22.2819591
288174265 114.1516564 22.2882611
1049672938 114.1484258 22.2830794
288174263 114.151266 22.2888863
288174262 114.1513485 22.2891941
288174261 114.1525361 22.2888758
288174260 114.1527011 22.2894913
288176255 114.1484509 22.2896282
1049672936 114.1501056 22.2796911
1034004836 114.1506256 22.2877956
1029866754 114.1585102 22.278846
288373410 114.1658897 22.2785689
288170588 114.1570365 22.2847745
288170586 114.1573283 22.2848301
288170587 114.1571652 22.2848539
566137634 114.1590103 22.2867824
984409430 114.1578727 22.2850696
1317027127 114.1646741 22.2824533
452813695 114.158176 22.2825952
469623328 114.1526038 22.2841417
983508072 114.1515092 22.2873892
279084958 114.1628474 22.279569
1384338206 114.1650425 22.2823441
984409370 114.159776 22.282389
984409372 114.1577917 22.2853021
566137660 114.1594659 22.2869726
301943471 114.1479153 22.2810929
301943474 114.1501539 22.2798668
352899039 114.1487619 22.2857095
1384338208 114.1650055 22.2823887
527732895 114.1608954 22.2814941
235148491 114.1559341 22.2864511
598449591 114.1595605 22.2843514
1233568687 114.1580223 22.2820099
1041585735 114.1539042 22.2824951
289864364 114.1539217 22.2819455
274241537 114.1568038 22.2853351
274241536 114.1566839 22.2853387
274241535 114.1565969 22.2853939
274241534 114.1565798 22.2855051
352899320 114.148512 22.2858152
1233568749 114.1558066 22.2842808
237492224 114.1478424 22.2831554
519549780 114.1506702 22.281501
291963402 114.1503292 22.2843023
1035871055 114.1560254 22.2857138
365548995 114.1583306 22.2872335
237492222 114.1483617 22.2828886
566137681 114.1596069 22.2866974
566137680 114.1595301 22.2868318
165996668 114.1573106 22.2840291
1030727485 114.1655807 22.2784434
1013426197 114.1609971 22.281809
1233568699 114.1582333 22.2820302
286898877 114.1497245 22.2865815
240004300 114.1555329 22.2829721
356278252 114.1564259 22.2794291
1233568695 114.1559484 22.2841147
289867842 114.1514289 22.2810175
291549863 114.1472283 22.2883002
1041585693 114.1551325 22.2810484
1233568693 114.158038 22.2814144
285746881 114.1493119 22.284511
600716934 114.1647808 22.278909
285746883 114.1501711 22.2840926
984409286 114.1644336 22.280777
984409283 114.1566815 22.2856193
356278257 114.1580682 22.2795232
293398084 114.161858 22.2859305
1049673490 114.1489447 22.2827997
600716939 114.1647491 22.2790046
1049673152 114.1499246 22.2831037
288382057 114.1562621 22.2803222
600710095 114.1659215 22.2792963
281722574 114.1519685 22.2860794
1034004821 114.1480405 22.2882459
289558723 114.1545826 22.2866102
289558724 114.1540781 22.2868857
288373660 114.1570287 22.2829372
241834262 114.1526877 22.282028
1106743518 114.15648 22.2799668
288372540 114.1476013 22.2828162
288372541 114.1478331 22.2827129
279085325 114.1615517 22.2787318
279085321 114.1608044 22.27905
245088371 114.1565289 22.2848085
279085323 114.1607923 22.2789467
1230634120 114.1592091 22.2837953
1230634121 114.1577558 22.2844725
1230634122 114.1599839 22.2860181
1230634123 114.1580494 22.2842862
1230634125 114.1582256 22.2841745
1230634127 114.1576525 22.2836951
566138268 114.1599195 22.2864843
288171068 114.1530909 22.2840493
527735776 114.1581584 22.2825506
1235363361 114.1591218 22.2797578
1230634045 114.1595958 22.2844024
1041585745 114.1507612 22.2795977
526958528 114.1569798 22.2792627
1001584084 114.1638631 22.2807469
241558046 114.1519176 22.2827695
240004287 114.1511437 22.2843776
1001584080 114.1638585 22.2804209
240004289 114.1516377 22.2846571
489215523 114.1567615 22.280407
279121865 114.1626506 22.2805722
1001584088 114.1586815 22.2791595
365555687 114.1594094 22.2839968
1049672900 114.1502582 22.2831222
1041585718 114.1553693 22.2811811
1049673658 114.1501317 22.2793245
1049673309 114.1484042 22.2844028
1041585714 114.1473886 22.2820253
1041585715 114.1466737 22.2824859
366155325 114.1627183 22.2804864
452816160 114.1550506 22.2791585
365555688 114.1595306 22.2839407
1049673300 114.14957 22.2832078
1001584107 114.1594046 22.2789395
598449590 114.159514 22.2842751
1001584105 114.1588477 22.2793958
988059645 114.1633624 22.2801339
1317015323 114.157466 22.2870694
519549885 114.1562344 22.2812711
527046317 114.1548929 22.2814602
1001584064 114.1628719 22.2794012
527736151 114.1581926 22.2825732
527736150 114.1578281 22.2822045
1034005058 114.147935 22.2883787
288382056 114.147988 22.2853616
293398085 114.1618789 22.285839
469547899 114.1580522 22.2800301
1298955738 114.1635431 22.2805143
519549882 114.1543836 22.2823009
519549883 114.1538516 22.2823072
1298955735 114.1635887 22.2805516
519549881 114.1526826 22.2785931
519549886 114.1560327 22.2811449
288373068 114.1644017 22.2794431
288373340 114.1641671 22.2790059
1289960159 114.1564225 22.2794829
365826714 114.1570026 22.285508
600716037 114.1646384 22.2800256
1317015299 114.1580047 22.2871008
1317015295 114.1575407 22.2867042
1317015294 114.158002 22.2870566
365826891 114.1563332 22.2852779
566138431 114.159629 22.284454
566138430 114.1601705 22.2853754
253333456 114.148905 22.2881578
279086175 114.1551604 22.2790346
279086174 114.155541 22.2789858
1317015330 114.1597991 22.2864659
988470363 114.1625358 22.2791556
566139269 114.1575826 22.286486
1029866873 114.1596802 22.2791565
527732692 114.160296 22.2812996
240006392 114.1492083 22.2854553
566139262 114.1591913 22.2857327
1289960151 114.1565187 22.2794652
1049673277 114.1474013 22.2814441
236675137 114.1469494 22.2861414
1049673012 114.1500647 22.2831408
984409335 114.1566071 22.2855633
984409334 114.1563054 22.2868556
1049672992 114.1500275 22.2791413
1049673374 114.1467962 22.2842158
281722599 114.1498561 22.2856296
1034004977 114.1495932 22.28741
1029692763 114.1593036 22.2796616
1029692761 114.1628488 22.2791688
469546528 114.1528391 22.2846552
469546529 114.1529554 22.284629
288176020 114.1537396 22.2875884
566138795 114.1590797 22.2834851
1289960154 114.1565187 22.2795049
493236805 114.1533389 22.2809148
1293282126 114.1562649 22.278583
1293282128 114.1563242 22.2786888
1177099908 114.1607856 22.2824838
601280461 114.1638154 22.2784856
1030727479 114.1632955 22.2798645
165997300 114.1634613 22.2812192
289339837 114.1534202 22.2869809
235227742 114.1606078 22.2799834
493209490 114.1541968 22.2846547
1334208287 114.1503605 22.2875398
1049672836 114.1499597 22.2798261
288168160 114.1565511 22.2835252
566138368 114.1600641 22.2865454
653109857 114.1647286 22.2825076
279085264 114.1620666 22.2789171
352899040 114.1488563 22.2858128
988059650 114.1641573 22.280636
279085260 114.1611295 22.2794281
279085261 114.1609138 22.2792005
279085262 114.1609197 22.2790669
521544689 114.1492886 22.285447
1034005033 114.1480723 22.2883594
361666694 114.1471532 22.2851373
1280301724 114.1598544 22.2830683
1030727469 114.1656572 22.2786045
274242065 114.1623429 22.2816448
1384338251 114.164865 22.2822289
1030727466 114.1650859 22.2784907
1030727467 114.1651357 22.2788883
601280395 114.1648887 22.2790677
1030727462 114.1650833 22.2783983
1030727463 114.1637482 22.2798623
274242067 114.1626245 22.2825539
288167270 114.1551646 22.2858083
566137246 114.1604452 22.286551
366150507 114.1531992 22.2870392
281723054 114.1528033 22.2850683
165997777 114.1638487 22.2786406
274241035 114.1537435 22.2869544
452816170 114.1594424 22.2793222
452816176 114.158758 22.2792412
452816175 114.1593057 22.2794563
288373787 114.1565233 22.2823528
1334208285 114.1504958 22.2880009
241454235 114.1498153 22.2834749
241454236 114.151279 22.2832982
519549778 114.1511071 22.2819074
288373625 114.1576265 22.2833843
1230634088 114.1597826 22.2862404
489214580 114.1577422 22.2803461
251083379 114.1547547 22.279086
288175156 114.1521742 22.2879044
366080886 114.1637143 22.2803948
289558700 114.1540789 22.2870144
1034004980 114.1519431 22.2873286
288170917 114.1537284 22.2846053
288170916 114.1534724 22.2843424
566136860 114.1581458 22.2870603
1177098935 114.1606437 22.282472
365496687 114.1553173 22.2804614
984409364 114.1605434 22.2821354
566136869 114.1580685 22.2870749
279085213 114.1615038 22.2798046
1384338212 114.1649741 22.2824195
1230634082 114.1576285 22.2839112
1384359310 114.1648631 22.2811173
366155319 114.1632647 22.2801407
566141268 114.1541087 22.2872826
251083385 114.1562688 22.2808237
1384359318 114.1650804 22.2810528
1280308000 114.1569519 22.2821037
566141267 114.1539571 22.2872711
1233568702 114.1574218 22.2824712
1013426123 114.1652992 22.2796936
279084609 114.1610227 22.2796215
279084608 114.1608019 22.2791959
1250786949 114.1471193 22.2860136
288176254 114.1477129 22.2898907
308779468 114.1520473 22.2865129
274242004 114.1562021 22.2868314
1049673025 114.1494488 22.2830898
1049673453 114.1527128 22.2812348
237492199 114.1542482 22.2797199
281722522 114.1503553 22.2861551
281722523 114.1505591 22.2868759
1317015303 114.16018 22.285771
281722525 114.1512315 22.2858142
493234293 114.1553903 22.2831566
308779462 114.1524728 22.2859496
365550036 114.1538648 22.2874198
365550037 114.1537618 22.2871577
600716564 114.1647925 22.2790788
1049673186 114.1490825 22.2849688
288372605 114.1507558 22.2799207
600716563 114.1645445 22.2792288
288372539 114.147464 22.2829989
1049673182 114.1494208 22.2833471
241454241 114.153516 22.2821297
493203797 114.1549471 22.2852051
1335238159 114.154871 22.2807095
1335238158 114.1549744 22.281044
365550038 114.1539678 22.2868797
274240906 114.1557573 22.287896
1230634173 114.1574492 22.2841354
289868654 114.1531213 22.2857633
289868657 114.1533187 22.2850088
289868656 114.1529668 22.2852867
288175699 114.1476466 22.2898443
1001584092 114.1589504 22.2793187
1316979933 114.1581807 22.2794861
990120137 114.1595572 22.2794875
526958491 114.1565276 22.2791965
1049673052 114.1495968 22.285247
288372542 114.1482536 22.2826732
489207799 114.1481557 22.2855552
356278327 114.1579845 22.2793563
356278326 114.1577754 22.2794066
365549525 114.1602643 22.2861084
988059587 114.1640663 22.2803398
339266169 114.1477598 22.284286
339266168 114.1470431 22.2840242
1029866934 114.1583386 22.2797562
1030727496 114.1649349 22.278693
1030727490 114.1642098 22.2793656
356278328 114.1581531 22.2791952
1110185605 114.1476201 22.2847986
365548743 114.1592681 22.2857836
365548742 114.1593772 22.285849
1049673332 114.1486184 22.2844619
1049673330 114.1489569 22.2837951
1110185604 114.1476915 22.2867457
356626849 114.1477056 22.2811304
1001584152 114.1592866 22.2793452
1001584155 114.1586584 22.2795522
1110185607 114.147607 22.2845142
1034004797 114.1519994 22.2873984
356278253 114.1565718 22.2793338
1034005002 114.149763 22.2883416
237492219 114.149085 22.2830162
1298955705 114.1635565 22.2806707
1041585695 114.1478038 22.2819124
1110185603 114.1478753 22.2846606
356278255 114.1573388 22.2793703
237492213 114.1505521 22.2825196
1041585751 114.1504394 22.2846861
1041585752 114.1479428 22.2815286
237492210 114.1510752 22.2821052
1034004800 114.1507179 22.2876208
1034004801 114.1530523 22.2870892
1049672940 114.1512793 22.2836123
1041585757 114.1476361 22.2836063
236675154 114.1533922 22.2825238
471295192 114.152478 22.2841647
598449665 114.1594811 22.2843981
235148196 114.1576316 22.2870506
1154259633 114.1607284 22.2864961
288373408 114.1650843 22.2786596
274242032 114.1550262 22.2877924
235226141 114.1569412 22.2812971
1049673248 114.1488878 22.2851095
236675157 114.1550615 22.2823548
293112651 114.1511881 22.2802703
293112716 114.1510886 22.2799617
983508068 114.1480571 22.2883055
983508069 114.1481133 22.2883092
1384338214 114.165102 22.2823818
984409360 114.1550353 22.2860465
984409366 114.1578615 22.281937
301942790 114.1487731 22.284353
288171200 114.1533286 22.2824713
493237406 114.153826 22.2821657
288171574 114.1545584 22.2839542
1317015260 114.1573476 22.2870318
293395797 114.1545577 22.2869686
288171573 114.1541304 22.2835246
293395798 114.1547349 22.2868792
241833128 114.1525234 22.2834391
251083377 114.1545474 22.2788122
281722156 114.1528626 22.2851604
1033084090 114.1642405 22.2790401
1033084093 114.1627328 22.2801234
288373273 114.1644096 22.2791426
288373272 114.1648991 22.2788729
286633618 114.1522213 22.2871483
286633619 114.1523725 22.2854534
288373274 114.1643587 22.2792575
286633614 114.1509709 22.2855053
286633615 114.151566 22.2873126
286633617 114.1515015 22.2851666
469547964 114.159526 22.2792659
166091652 114.1630347 22.2791509
489207299 114.1490761 22.2853099
365803642 114.1599346 22.2859209
525456645 114.147797 22.2883914
274241036 114.1544607 22.2870945
281862745 114.1502084 22.2869579
527046451 114.1547636 22.2813628
281862747 114.1488998 22.2876533
1049673641 114.1492662 22.2851594
288173242 114.1483583 22.289269
289558698 114.1544214 22.2866951
1335241618 114.1474998 22.2858598
1335241619 114.147991 22.2861301
526958466 114.1564589 22.2789345
1335241615 114.1474238 22.2857846
289558691 114.1556402 22.2865442
1335241613 114.1480083 22.2860377
1335241610 114.1476282 22.2857782
1335241611 114.1478499 22.2862047
984409296 114.1583035 22.2828721
984409293 114.1587065 22.2826375
281722164 114.147495 22.2878108
1230757250 114.1602004 22.2838641
1311402688 114.1619905 22.2827271
356278250 114.1564049 22.2799319
245088416 114.1468237 22.286207
493209501 114.15448 22.2842179
1177098991 114.1607771 22.2829196
1029692782 114.1629508 22.2793346
600716566 114.1649686 22.2790955
469547959 114.1594941 22.2793768
469547957 114.1588904 22.2796857
341786526 114.1491765 22.2855338
235148219 114.1581078 22.2869032
1001584072 114.1616911 22.279864
288175652 114.1473833 22.2889364
281862744 114.1502043 22.2869744
526958510 114.1564888 22.279388
365549088 114.1557956 22.2867506
1177099898 114.1591518 22.2840506
1093826920 114.1600789 22.2795064
288171111 114.1531992 22.284412
356626839 114.1475596 22.2812613
1230634135 114.1579907 22.2843235
281862746 114.1502673 22.2871557
289865476 114.1501312 22.2818389
600716039 114.164689 22.2798808
289865475 114.1510025 22.2820303
493203413 114.154789 22.2852583
1230634138 114.1605972 22.2864541
984409424 114.1586872 22.2825001
240004290 114.1525814 22.2847875
288174264 114.1517866 22.2887468
984409420 114.1642885 22.2807146
493200866 114.1544725 22.285484
240004295 114.1551838 22.2834311
1041585686 114.147632 22.2817329
1233568635 114.1582625 22.2816029
308780523 114.1482481 22.2847484
988059467 114.1643968 22.2806505
1041585707 114.1477045 22.2817776
1041585684 114.146951 22.2822465
1041585704 114.1508356 22.2795498
1049673460 114.1503568 22.2829511
1049673466 114.1484383 22.2852956
1001584113 114.159105 22.279486
1049673468 114.1485179 22.2845345
288382128 114.1525607 22.2790806
525407461 114.1551378 22.2807657
490728694 114.1649155 22.2823987
241557776 114.1489826 22.2841767
489214562 114.1566074 22.2801936
235218582 114.1604412 22.2863031
241557773 114.149163 22.2839992
1317015324 114.1576533 22.2867935
1034004840 114.1530322 22.2871281
1034004844 114.1520325 22.2874941
527049216 114.1560907 22.2840703
165996404 114.1565483 22.2850537
1230634143 114.1581081 22.284249
1230634140 114.1578844 22.2835731
288382137 114.1556763 22.2810939
1230634144 114.1578732 22.284398
469794458 114.1535913 22.2813832
1230634148 114.1577786 22.2845388
1230634149 114.1602337 22.2858865
288382038 114.1504157 22.2849495
279077933 114.1568741 22.2805434
289550177 114.1504728 22.2864573
566139274 114.1574132 22.2866582
288382132 114.1518239 22.2790524
285747583 114.1481207 22.2846189
279086244 114.1560929 22.2786127
279086243 114.1561019 22.2789734
279086242 114.1559121 22.2790505
489208035 114.14949 22.286783
279086240 114.1556273 22.279221
1034004758 114.1496143 22.2879637
288170877 114.1533277 22.2842388
288170875 114.1529563 22.2838731
984409327 114.1480887 22.2882766
288170758 114.1511812 22.2820379
278943426 114.1533074 22.2862069
278943427 114.1553383 22.2849326
1049673209 114.1480338 22.2836388
1013426070 114.1612333 22.2818076
1029692771 114.1627992 22.2793132
274242031 114.1550606 22.2875859
1049673631 114.1491848 22.2831194
1041585674 114.1474736 22.2845142
365549434 114.1600728 22.2853784
288382139 114.1548669 22.2821277
279077945 114.1563551 22.2802868
1293282135 114.1561926 22.2784953
1293282134 114.1563815 22.2787508
1293282132 114.1563242 22.2785443
288174247 114.1508018 22.2879413
288174246 114.1509391 22.2884534
288174249 114.1532184 22.2877881
288174248 114.1530946 22.2873266
452813697 114.1585033 22.2830782
279084610 114.1610334 22.2797337
365826715 114.1564016 22.2852949
493200978 114.1533781 22.284875
1280307982 114.1573613 22.2815903
289866930 114.1502867 22.2816132
285751329 114.1496757 22.2835863
237489631 114.1533055 22.2822754
237489630 114.1531242 22.2825441
469623333 114.15228 22.2842103
288372457 114.1484575 22.2816032
1049672873 114.1486845 22.2841851
1034004743 114.149515 22.2873655
1013426366 114.1659407 22.2795911
165997692 114.1627779 22.2794559
600716561 114.164471 22.2793334
1030727468 114.1643135 22.2790956
469623342 114.1521217 22.2836824
1049673511 114.1476206 22.2841266
990120646 114.1617286 22.2787819
251083384 114.1560287 22.2805594
1030727472 114.1556067 22.2800585
1030727471 114.1562597 22.2803715
289867126 114.1508071 22.2806352
289867127 114.150797 22.2803383
1030727475 114.1634512 22.2798896
984409392 114.1514104 22.2866468
984409391 114.156132 22.2854868
1030727478 114.1643164 22.2793272
984409397 114.1588227 22.2827338
493203416 114.1546087 22.2850518
365496688 114.1557445 22.2807329
452816169 114.1593665 22.2787974
1250789809 114.1560457 22.2808082
251083380 114.1550932 22.2793055
281723048 114.1500972 22.2858893
281723049 114.1507535 22.2852452
291962985 114.1487067 22.2835474
493203795 114.1547804 22.2850041
469602103 114.1526058 22.2845338
1233568602 114.1589149 22.2832321
469602106 114.1524362 22.2841781
469602105 114.1525512 22.2845437
241454242 114.1546613 22.2817302
1233568760 114.1583103 22.2827704
286633625 114.1550198 22.2837657
286633627 114.1539187 22.2824647
286633626 114.1548563 22.2834413
286633621 114.1520655 22.2848842
286633620 114.1527418 22.2869846
286633622 114.1520248 22.2851463
288173472 114.1506491 22.2883437
288173471 114.1503144 22.2886852
286633628 114.1538318 22.2819781
652218224 114.164324 22.2806909
1230634151 114.1583907 22.2841568
1049673552 114.1503673 22.2830507
281862711 114.1495296 22.2858676
365827149 114.1562698 22.2853134
253313537 114.1466473 22.2834596
288174259 114.1514532 22.2898258
281723050 114.1513241 22.2849216
1049673148 114.1473513 22.2813716
1049673421 114.1505695 22.2787844
566138764 114.1589212 22.2835326
274242037 114.1559704 22.2880386
274242036 114.1558502 22.2881418
274242035 114.1556614 22.2881974
274242034 114.1553781 22.2881656
274242033 114.1551035 22.2879512
288167272 114.1548021 22.2852914
1049673428 114.1507162 22.2843444
526904587 114.1601263 22.2785601
1049673426 114.147298 22.281171
1177097641 114.1593684 22.2839311
365548996 114.1585237 22.2872894
1335238163 114.1549583 22.2808355
1335238164 114.1549861 22.2807617
274241037 114.1548727 22.2870945
1049672802 114.1517108 22.2784021
285749515 114.1469561 22.2848983
469546530 114.1526762 22.2846351
285751370 114.1500316 22.2839228
285747524 114.148139 22.2852417
288372527 114.1485922 22.2818576
1036265191 114.147608 22.2898766
288373769 114.1569573 22.2830107
288372935 114.1659159 22.2786943
469546897 114.1515656 22.2836322
245088356 114.1653445 22.2797454
281723189 114.1544639 22.2831112
984409289 114.1554205 22.2861804
1230634108 114.1578958 22.2834651
279085341 114.1605688 22.2789703
1230634109 114.1575388 22.2840233
1335238160 114.1559173 22.280963
452813698 114.1580904 22.2826987
274240907 114.1560065 22.2879086
1230634105 114.157494 22.2840793
293398086 114.1617384 22.2857675
339265883 114.1559385 22.2839658
245088359 114.1626008 22.281384
1230634063 114.1578145 22.2844352
1049672989 114.1488122 22.2843203
1230634065 114.1577566 22.2837463
1230634067 114.1575836 22.2839673
339265884 114.1557448 22.2842325
1049673105 114.1503841 22.283388
990120114 114.1591659 22.2794699
1110185612 114.1480496 22.2845514
1316979929 114.1583551 22.2785416
1049673269 114.1473814 22.2809889
339266170 114.1473391 22.2838041
1041585632 114.1467114 22.2831214
274242108 114.1608055 22.283015
236675147 114.1515657 22.2838562
288165758 114.1534401 22.2867745
984741585 114.1594305 22.2806469
236675144 114.1505764 22.2838817
274242103 114.1600559 22.2823521
235220025 114.1585428 22.2829374
236675149 114.1523898 22.2835814
274242107 114.1607769 22.2831146
1049673636 114.1494017 22.2850501
1041585734 114.1496919 22.2809245
274242104 114.1603077 22.2831421
245088389 114.1503845 22.2876331
600716049 114.1647615 22.2798901
288373784 114.1571354 22.2828013
1001584168 114.1594787 22.2792324
301943476 114.1502657 22.2791553
301943477 114.1514796 22.2784259
1049673266 114.150813 22.2840481
525456911 114.1478152 22.2882451
990120461 114.1616592 22.2788763
1384338194 114.1647809 22.2823972
1384338193 114.1648345 22.2823277
291703238 114.1602094 22.2857248
291703239 114.1603793 22.286109
291703236 114.1596433 22.2860596
291703235 114.1598095 22.2863858
525407459 114.1551163 22.2807106
289664779 114.1618683 22.2799052
1034004813 114.1530276 22.2872218
1298955714 114.1637899 22.2807526
285750164 114.1476038 22.2820534
1230634090 114.1576733 22.2838552
237492208 114.1514562 22.2817843
990120350 114.1616552 22.2787162
288175661 114.1481831 22.2887382
237492204 114.1531104 22.2805313
1049672957 114.1473276 22.2843481
288166721 114.1543411 22.2862603
356278249 114.1562628 22.280186
1036265168 114.1467242 22.2900983
239990812 114.1624518 22.2794527
566137617 114.1590174 22.2868887
235148171 114.1572287 22.2870963
1311402444 114.161968 22.28264
281722781 114.153174 22.2857923
241454240 114.1531114 22.2816658
1293265965 114.1563033 22.2783862
1230634069 114.1597452 22.2861438
1041585627 114.1547382 22.2815929
239990461 114.1547698 22.2789965
1030727438 114.1650905 22.2785701
1049673251 114.1504809 22.2787072
525456795 114.1472509 22.2882806
274242006 114.1561163 22.286482
452816167 114.155535 22.2798894
1317015259 114.1596929 22.2860163
284539442 114.1469417 22.2862585
365554857 114.1578893 22.2834802
493236230 114.1524132 22.2809292
274242038 114.1643413 22.2804243
281722166 114.1492576 22.2863732
1110185613 114.148058 22.2864329
984409367 114.1506859 22.2875873
365555079 114.1589077 22.2828652
165997625 114.1634421 22.2800614
600717318 114.1659814 22.2789175
274241038 114.1554365 22.2868569
274242007 114.1562879 22.2860213
1289960166 114.1565717 22.2797777
1013426405 114.1649595 22.2799322
519549864 114.15221 22.2807194
1233568733 114.1586882 22.2833455
600716042 114.1648392 22.2798997
519549865 114.152674 22.2800068
365548994 114.1581506 22.2871684
1049673212 114.1503773 22.2831456
519549866 114.1529082 22.2803676
1049672934 114.1530863 22.2845723
288372461 114.1479425 22.281448
288372460 114.1481091 22.2814303
288372462 114.1477484 22.2816573
165997011 114.1627277 22.2815521
301943478 114.1519531 22.2783772
1177098145 114.1616632 22.2834352
253315216 114.1467665 22.2836431
285747344 114.1486972 22.285251
1030727448 114.1647793 22.2788203
1030727449 114.1656159 22.2785271
1335241609 114.1476832 22.2862345
1335241608 114.1477283 22.2857825
291701438 114.1514876 22.2873891
289558689 114.1560451 22.2861979
279121867 114.1620699 22.2807666
1335241607 114.1472991 22.2860456
281722605 114.1513196 22.286222
1030727447 114.1642448 22.2794607
493204342 114.154995 22.2849247
240006394 114.1502919 22.2847019
240004291 114.1529585 22.2849528
240006390 114.1489487 22.2850642
1041585733 114.1474606 22.2834803
274242005 114.156142 22.2867361
288171513 114.1536434 22.2830078
1230634171 114.1584597 22.2861887
600716131 114.1644603 22.2794161
1041585639 114.1545218 22.2801247
1230757246 114.1603059 22.2836964
365827150 114.1558307 22.2855541
237492087 114.1545292 22.2788933
274241075 114.1574183 22.2853751
237492083 114.1547241 22.2793888
289866931 114.1503662 22.2812671
1049673064 114.1494566 22.285357
301942789 114.1484798 22.2845615
1233568655 114.1568587 22.2848761
527046389 114.1547165 22.2815004
301942788 114.15237 22.2823124
288171123 114.1517492 22.2843536
288373133 114.1660189 22.2791725
274242105 114.1603849 22.2832136
493236642 114.1519951 22.2804705
245088395 114.1480944 22.2882339
365808570 114.160072 22.2827682
469544969 114.1579596 22.2801057
1029866923 114.1592037 22.2791085
274241073 114.159237 22.2843175
1041585759 114.1530237 22.2805759
237492200 114.1540923 22.2799279
356626841 114.1478093 22.2813985
356626840 114.1476568 22.281377
356626843 114.1480621 22.2817304
356626842 114.1479961 22.2816899
279078013 114.160785 22.2811635
281722827 114.1535295 22.2857082
1049673736 114.1503249 22.2830482
239990432 114.1616491 22.278623
278943463 114.14785 22.2867916
1001584128 114.1585342 22.2791554
291963209 114.1510518 22.284425
279085212 114.1611804 22.2795559
493209504 114.1547375 22.2840828
493209508 114.1553469 22.2845911
1298955550 114.1640876 22.2805963
316914543 114.1498731 22.2820313
288382134 114.1562837 22.2814986
281722503 114.1486257 22.286128
1317015327 114.1555671 22.2874512
281722501 114.1496042 22.2858442
1317015321 114.1582484 22.2871369
288382131 114.1521336 22.2790397
281722504 114.1479854 22.2867431
990120580 114.159492 22.2790156
288373732 114.1557772 22.2826535
284525196 114.1549699 22.2805162
288373730 114.1567676 22.2832476
284525194 114.1548083 22.2808321
1317015329 114.1576372 22.2868978
489208761 114.1495443 22.2871558
1049673137 114.1477183 22.2807512
288372516 114.1488444 22.282806
291963123 114.1496867 22.2845093
990120409 114.1593088 22.2795801
366155320 114.1626751 22.2803328
288174253 114.1532408 22.2886805
1034004903 114.1523607 22.2872927
365548998 114.1605532 22.2866264
1384359313 114.1646052 22.2809493
1001584161 114.1637424 22.2805799
493234296 114.1563104 22.2837991
469517744 114.152787 22.2844968
469517745 114.153087 22.2848092
281722782 114.1540382 22.2857492
1033084086 114.1626201 22.2801686
1230634092 114.1582843 22.2841373
1049673076 114.1479713 22.2833494
1230634094 114.160029 22.2861154
1230634097 114.1579293 22.2835171
274240809 114.160727 22.2861574
1049673593 114.1502203 22.2790689
284525202 114.1552275 22.2800806
489208025 114.1496598 22.2878282
1049673599 114.1498885 22.2855902
1049673346 114.1469552 22.2838937
1029866813 114.1588208 22.2791237
1049673602 114.1505138 22.2845023
1230634170 114.1573595 22.2842474
984409317 114.1549933 22.2859255
1233568706 114.1583766 22.2819911
1317015250 114.1559542 22.2877954
1317015253 114.1578035 22.2865503
1317015252 114.1602283 22.2857164
165997587 114.1638592 22.2805856
988470350 114.1622475 22.2792384
288373131 114.1651735 22.2789547
288373132 114.1657696 22.2789053
1316979872 114.1583533 22.2784346
365550044 114.1570062 22.2851881
284527078 114.1529187 22.2851202
235148581 114.1556934 22.2876537
291962909 114.1495025 22.2843394
245088404 114.1472223 22.2876113
990120322 114.1589703 22.2799557
288174252 114.1531683 22.2884098
285751664 114.1488632 22.2840464
288174250 114.1525291 22.2879729
288174251 114.1526812 22.2885404
288174256 114.1534779 22.2892819
356278259 114.1584336 22.279081
288174254 114.1527145 22.2888216
288174255 114.1528808 22.289442
288174258 114.1514887 22.289958
1049673285 114.1508965 22.2828807
527732894 114.1604772 22.2816063
1034004825 114.1534571 22.286877
