316374629 328965851
316374629 316374650
316374629 316374625
328919265 328919351
328919265 328919254
328971655 328971618
328971655 328971651
328920281 328920351
328920281 328920206
328920281 328920296
328971651 328919917
316374625 328938647
316374625 316374647
316374627 328965851
316374627 328919986
316374627 328953955
353298926 353298793
353298926 353298869
328919986 328920001
328919305 328919320
328919305 328919357
328919426 328919398
328919426 328919437
328921132 328921115
328921132 328921070
328920206 328920211
328920206 328920072
329020799 329020517
329020799 329020720
329019268 315198778
329019268 329019222
328971483 328919532
328971483 328971208
328971483 328919608
328919148 328919162
328919148 328919320
328919148 328919128
328919186 328918998
328919186 328919162
328919186 328919905
328920211 328920351
328920211 328919728
328938575 328938647
328938575 316374647
328938575 328938517
328994259 328876172
328994259 328994224
328953955 328954073
328953955 328954145
328919728 328919718
328919728 328919743
328971242 328971115
328971242 328971257
328965914 328965898
328965914 328954171
328919686 328919652
328919686 328919697
328919128 328919843
328919128 328919116
329019970 328876219
329019970 329020056
329019970 329020479
328965851 328965876
316374655 316374654
316374655 316374657
316374655 316374661
316374655 316374662
316374656 315719161
316374656 316374675
316374656 316374657
316374657 316374669
316374650 316374651
316374651 316374653
316374653 328954187
316374653 316374649
328937631 328937644
328921183 328971434
328921183 328971022
328921183 328921053
329020517 329020566
329020517 329020479
328921236 328971434
328921236 328921056
328920122 328920140
328920122 328919770
328920122 328920108
328920727 328920692
328920727 328971531
328920727 328971208
328920358 328920351
328920358 328920371
328920358 328920296
329020566 329020583
328954171 328954187
328954171 328954145
328919509 328920501
328919509 328919532
328919509 328919486
328954073 328920140
328954073 318856892
328971558 328971591
328971558 328971531
328937875 328937795
328937875 328937895
328876124 328993777
328993644 328993795
329020618 329020583
329020618 316374689
328919743 328919755
328919743 328919799
328919697 328876172
328919697 328994092
328919116 328919718
328919116 328919437
328919755 328920462
328919755 328919486
328876219 315198778
328876219 328876172
353298793 353298795
353298793 315715194
353298795 353298797
353298797 315715194
353298797 353298803
328993795 328993777
328993795 328993819
328919398 328919254
328919398 328920001
328919398 328966336
316374664 316374669
316374664 316374663
316374664 316374671
328919585 328919575
328919585 328919600
328919585 328920591
328919575 328919564
328919575 328920549
328921115 328921053
328920591 328920501
328920591 328920572
353299024 353299043
353299024 353299022
328921053 328921056
328919905 328919953
328919905 328919917
328919905 328919893
353299022 353299019
328921056 328921070
329020073 329020056
329020073 329020130
316214024 316213895
329020583 329020652
329020479 315715195
328965876 328965898
328919809 328919799
328919809 328919564
328919809 328920827
328938517 328938534
328920296 328920310
328971257 328921177
328971257 328971280
328971257 328971022
328919162 328919564
328920804 328920815
328993832 328993819
328993832 328994224
328971280 328971373
328971280 328971040
328994299 328994172
328994299 328994315
328919486 328919770
328919486 328920254
328876172 329020248
328920108 328920085
328920108 328920242
328971434 328971040
328919564 328919893
328921163 328921177
328921163 328971373
328921163 328919608
328920060 328919718
328920060 328920072
328920462 328920477
328920462 328920549
328919893 328920668
328920371 328920310
328920371 328920393
328971208 328971187
328920668 328920780
328920668 328920692
328971022 328970983
328971022 328971040
328937895 328937644
328971040 328921264
353299055 353299046
353299055 353299065
329020130 329020226
316374687 316374685
316374687 316374688
316374686 315715195
316374686 316374685
316374686 316374658
316374685 316374682
328919770 328919778
316374682 316374660
316374681 316374663
316374681 316374680
316374680 316374679
316374680 316374662
316374689 318856892
316374689 316374688
329019222 329019152
328971618 328971692
328971618 328971632
328971618 328970983
328920815 328919843
328920815 328920827
316374661 316374660
316374660 316374659
316374663 316374662
328971591 328970983
328920242 328920254
328920242 328920331
328920072 328920085
328919799 328919865
328919652 328919608
328965898 328965811
353298803 353298813
353298803 315198777
328920477 328920501
328920477 328920572
329020056 329020299
328921070 328921264
328920692 328919600
329020720 329020652
328920572 328920549
353299043 353299046
316374693 316374691
316374693 316374695
316374695 316374718
316374695 316213895
328993777 328994092
328971115 328971161
328994214 328994172
328994214 328994224
328938534 328937795
328938534 328938647
316374654 316374658
316374654 316374679
316374658 316374659
328966334 328966128
328966334 328966336
353299015 353299017
353299015 353298869
329020399 329020299
329020399 329020416
328920254 328920411
328920322 328920331
328920322 328920310
328920322 328920393
328994315 328993819
328920001 328966128
328966128 328966306
328918998 328875875
353298814 353298813
353298814 353298869
328920310 328920085
328965793 328965811
328971187 328971161
328919865 328919843
328919865 328920827
329020226 329020248
353299076 353299075
353299075 353299073
353299073 353299065
328920411 328920331
328920411 328920393
328970983 328970964
315719161 316374647
315715195 315715194
315715194 316374691
328954187 328965811
353299019 353299017
318856892 316374649
328919437 328919320
328919532 328919600
328994172 328994092
328875884 328875875
328919351 328919357
328937795 328938484
315198777 315198778
316374647 316374649
