727319707 67.0120091 24.869992
727319706 67.0111723 24.8683761
727319705 67.0108719 24.8678505
727324676 67.0023746 24.86384
729106695 67.0161858 24.8646138
727329891 67.007267 24.8643657
727306059 67.0143189 24.8621315
727319709 67.0125563 24.870722
734748061 67.0020319 24.8585874
727774063 67.0070455 24.8659271
727292887 67.0017953 24.8714228
727472152 67.0026631 24.8658322
727299303 67.0106144 24.855731
734852750 67.0170531 24.8661422
727292883 67.0025785 24.8730581
727303982 67.0085743 24.8555138
727472159 67.0027274 24.8658224
727303981 67.0079 24.8569576
727303986 67.0041749 24.8572516
727303987 67.0054109 24.8576585
727324539 67.0186717 24.8648718
727775983 67.0136602 24.8679294
88453674 67.008828 24.8556633
734851916 67.0183177 24.8658355
727776483 67.0198304 24.8720458
734851832 67.0123524 24.8560815
727324711 67.0082088 24.8717633
848372027 67.0174352 24.8692787
727779435 67.0158168 24.8702535
727776889 67.0180508 24.872687
727319698 67.0059473 24.8653294
727774610 67.0098348 24.8642845
727299291 67.0151918 24.8555749
734851935 67.0180593 24.867228
727492838 67.0036287 24.869424
727324535 67.012635 24.8669311
727492835 67.0038442 24.8688042
727307036 67.0161719 24.8574736
727324546 67.0207889 24.8641466
727324536 67.0160754 24.86604
729108360 67.0198555 24.8635522
727299339 67.0114926 24.8561684
727471098 67.0053238 24.8713805
727324537 67.0167942 24.8658161
729094556 67.013293 24.8702156
727329892 67.0077176 24.864609
727324542 67.017838 24.8625112
727307043 67.0163007 24.8551956
733861679 67.0022893 24.8567196
727774979 67.0123095 24.8626232
734760727 67.0203905 24.8554963
734760726 67.0210671 24.8562943
727303996 67.0109606 24.8569048
727308836 67.0201633 24.8582616
727470618 67.0016545 24.8678374
727470861 67.0022017 24.8684896
727324790 67.007106 24.8669744
848372015 67.0177257 24.8675717
727303978 67.0074172 24.8586904
727472058 67.0027703 24.8657835
88493445 67.0153255 24.8696867
727774982 67.0101723 24.8610058
734748076 67.0027896 24.8565664
727292885 67.0022673 24.8723086
727324778 67.0105822 24.8691549
727299344 67.0125693 24.855338
727318811 67.0026585 24.8551825
727299347 67.0111064 24.856849
727299341 67.0097423 24.8551724
727299342 67.0114448 24.8570389
729110124 67.0196404 24.8651881
727324625 67.0185215 24.8665656
727472034 67.002706 24.8656569
727318970 67.003796 24.855324
727307035 67.0161912 24.8583293
727775500 67.0141312 24.8683877
734852840 67.0178173 24.8647264
734852841 67.0169015 24.8651736
734852842 67.0171697 24.8645019
729109256 67.0188455 24.864531
727470919 67.0031673 24.86884
727324691 67.0028789 24.86604
727306070 67.0134438 24.858333
729063028 67.0120015 24.8725957
727303983 67.0086456 24.8554027
848372013 67.0174136 24.8678934
729064103 67.0125915 24.8708144
727324638 67.0147127 24.8714229
729109790 67.020468 24.86395
734852329 67.0184464 24.8653294
727774242 67.0040912 24.8622338
727774241 67.0042307 24.8623506
727774240 67.0044989 24.8624188
734748065 67.0034087 24.8552669
734748066 67.0040877 24.8553613
727775007 67.0113976 24.8617179
727779429 67.016365 24.8698654
734748063 67.0017267 24.8574134
734851917 67.0184142 24.8653975
727492812 67.0037038 24.8718186
734851915 67.0181353 24.8664975
727492810 67.0044011 24.8719646
734851913 67.017792 24.8669744
727492815 67.0072743 24.87281
727778157 67.0115888 24.8691803
729109710 67.0196941 24.86512
727471770 67.0019979 24.8654915
727304000 67.01158 24.8611241
727324636 67.0140905 24.8705955
727779430 67.0169916 24.8703869
725227856 67.0202819 24.8559535
727776738 67.016488 24.8710279
734851776 67.0101315 24.8564264
734851775 67.0091716 24.857801
727307026 67.0186932 24.8566753
725227871 67.0204145 24.8556118
734852839 67.0184533 24.8649468
729110150 67.02018 24.8637629
727306064 67.0098484 24.8582617
727306062 67.0094209 24.8600574
727306060 67.0141549 24.86054
848372011 67.0173105 24.8683525
88493438 67.0056781 24.8603106
725227244 67.0149703 24.8578824
727324620 67.015391 24.8697623
727324639 67.0148737 24.871637
727306068 67.0084615 24.8630574
727778301 67.0113702 24.8687583
727776472 67.0174701 24.8697778
727774607 67.0088227 24.8652904
729063039 67.0112612 24.8717099
734748092 67.0029762 24.8559269
727776476 67.0185859 24.8708194
727307046 67.0172126 24.855585
727776474 67.0176203 24.8700114
727776475 67.0182748 24.8705273
727776479 67.0191974 24.8714034
729063034 67.0115831 24.8720798
727492804 67.005076 24.8723823
727308842 67.0209999 24.8596055
728139939 67.0084048 24.8572887
727492807 67.0047876 24.8726864
734760752 67.0193791 24.8570745
727492802 67.0049467 24.8697507
727492803 67.0045299 24.8720619
727774888 67.0082521 24.8601687
729093756 67.0133277 24.8728655
733861562 67.0025248 24.8564125
733861561 67.0034551 24.8569531
727299300 67.0098746 24.8561489
727299301 67.010314 24.8555558
727299302 67.0102049 24.8563432
727306058 67.0135551 24.8597377
727492866 67.0058599 24.8693874
727299305 67.0105211 24.8565207
727306053 67.0116873 24.8593232
727776487 67.0207424 24.8727564
727306051 67.0140252 24.8586667
727306050 67.013318 24.8594205
88499907 67.0049642 24.856286
727306056 67.0128031 24.8616205
727306055 67.0131142 24.8606763
88493444 67.0142097 24.8684641
727470931 67.003339 24.8687524
727782257 67.0211434 24.8643601
88493447 67.0172265 24.8718851
88493443 67.0130252 24.8673116
727776762 67.0171003 24.8717379
88493449 67.018381 24.8729728
727299308 67.0109362 24.8559062
734855438 67.0023021 24.8634989
734748080 67.0024158 24.8571061
729106713 67.0162049 24.8659997
727774023 67.0065989 24.8656841
727778039 67.0162239 24.8707232
734748085 67.0022317 24.8576654
729063024 67.0121839 24.8729656
729108896 67.0191898 24.8647403
727303994 67.0069908 24.8615883
727471085 67.00571 24.8699399
727324623 67.0172663 24.8680452
734748027 67.0031383 24.8556695
734760780 67.0205319 24.8553679
286453957 67.0089336 24.8555816
727492839 67.0034141 24.869755
253147461 67.0021501 24.8590399
727779391 67.0159045 24.8693205
370409233 67.0151312 24.8562178
294015743 67.0027758 24.8580394
727774938 67.0098245 24.8614189
734760767 67.0204694 24.8555172
725227865 67.0204759 24.8557233
727306048 67.0125134 24.8600727
727324702 67.0059151 24.8691841
727774582 67.0081284 24.8664625
727471806 67.0026309 24.8656569
728139946 67.0100397 24.8553719
728139943 67.0087236 24.8552419
734748024 67.002388 24.8577882
729105935 67.0161643 24.8653244
728139947 67.0096279 24.8560002
734854797 67.0029003 24.8720555
725227264 67.0203302 24.8559433
727329882 67.0075955 24.8662229
727471105 67.0051307 24.8723247
727324607 67.0200739 24.8622041
253147460 67.0041196 24.8559696
727472162 67.0027811 24.8657153
725227269 67.0204739 24.8557933
727308834 67.0199055 24.8592258
734760798 67.0207602 24.8568935
727774777 67.0069344 24.8672762
734854796 67.0030827 24.8720458
734748094 67.0031195 24.8574898
727775595 67.0175477 24.8677552
88493448 67.0177598 24.8724546
727774136 67.0054323 24.8631197
734851945 67.0187924 24.8652237
727774053 67.0081203 24.8627159
727307044 67.0158459 24.8565104
734855443 67.0021922 24.8634993
727318701 67.0053634 24.8557279
727324631 67.0130176 24.8693593
727329886 67.0089685 24.8635129
727324544 67.0194442 24.8632851
727329884 67.0082603 24.8649705
727307028 67.0170592 24.8558609
727329889 67.0065589 24.8639276
727492832 67.0079834 24.8720106
734748033 67.0021305 24.856923
729105941 67.0141687 24.8638253
733861622 67.001924 24.8581745
734760777 67.0200154 24.8561112
848372014 67.0207661 24.8690168
734748015 67.002631 24.8562452
727324538 67.0182748 24.8650081
727776010 67.0161609 24.8661501
727774290 67.0042307 24.8609683
88399012 67.0091033 24.8558331
731995642 67.0013881 24.8707382
727319686 67.0018811 24.8620294
734852801 67.0172875 24.8664062
727774976 67.0111401 24.8620781
729105049 67.0168617 24.8628324
727307027 67.0177276 24.8561885
727324718 67.0092184 24.8728893
727775550 67.0165367 24.8666337
727319688 67.0029862 24.8618444
727319689 67.0029862 24.861494
734748019 67.002506 24.8571553
727324634 67.0136185 24.8699822
725227887 67.0200689 24.8556445
727492805 67.0046801 24.8722858
734851948 67.0185001 24.8652807
727471778 67.0026094 24.865803
727492845 67.0029635 24.8711664
727306066 67.0075735 24.8621686
727774286 67.0040912 24.8627497
729093942 67.01514 24.8721307
727307032 67.0171627 24.8570496
734748021 67.0019128 24.8571091
727307030 67.0182227 24.8574801
88493435 67.0033177 24.8583948
727303977 67.0070034 24.8590746
727307037 67.0165402 24.8567947
727307034 67.0161934 24.8589435
727303974 67.0057846 24.8604143
725227291 67.0200444 24.8556919
729109682 67.0194366 24.8649058
727303979 67.0074315 24.8586148
727307039 67.0167513 24.8578045
725227295 67.0200374 24.8557889
729063045 67.0108964 24.8713498
727324643 67.0148416 24.8691565
727324640 67.0153673 24.872552
727324641 67.0129533 24.8704592
727324646 67.0130446 24.8720639
848372010 67.0201975 24.8697663
727324644 67.0136185 24.8718803
727471379 67.0028025 24.8729671
734852975 67.0198854 24.856308
727299286 67.0170624 24.8587878
725227296 67.0201373 24.8559275
727776837 67.0174183 24.8720832
727303999 67.0105071 24.8606081
727299289 67.0141034 24.8559672
727774210 67.0062973 24.8609133
725227873 67.0203015 24.8555558
733861598 67.0016558 24.8580479
727303991 67.0046362 24.8566715
727303990 67.0058293 24.8571134
725227288 67.0201212 24.855593
727303995 67.0086832 24.8596834
727472142 67.0025987 24.8657348
848371975 67.0195323 24.866486
727319695 67.0037157 24.8636745
734748100 67.0033488 24.8552649
727492808 67.0046908 24.8725875
725227893 67.020064 24.8558546
725227266 67.0204166 24.8558927
727324842 67.0092089 24.8711892
727324627 67.0188112 24.8650763
734851827 67.0122097 24.855889
729095030 67.0141723 24.8716488
727471764 67.001794 24.8653746
727299282 67.0130135 24.8579415
848372012 67.0204979 24.8693575
727299284 67.0145727 24.8579016
727299287 67.0144338 24.8573957
848371979 67.0188766 24.8676366
725227282 67.0204583 24.8556695
727299288 67.014112 24.8569771
727307051 67.0188541 24.8577364
727492844 67.0031029 24.8710399
725227287 67.0202491 24.8555517
727778239 67.0134062 24.8676824
