727319707 727778157
727319707 727324631
727319707 727319709
727319706 727324535
727319706 727319705
727319706 727324778
727319706 727778301
727319705 727774582
727324676 734855438
727324676 727324790
727324676 727472034
729106695 729105049
729106695 729105935
727329891 727329889
727329891 727774023
727329891 727774053
727329891 727329892
727306059 729105049
727306059 727306056
727306059 727306060
727319709 727324641
727319709 729064103
734748061 253147461
734748061 734748024
734748061 733861622
727774063 727329882
727774063 727774023
727774063 727329892
727292887 727292885
727292887 731995642
727292887 727492845
727472152 727472159
727472152 727471778
727299303 727299308
727299303 727299301
727299303 727299302
734852750 734851917
734852750 734852801
734852750 727324537
727292883 727471379
727292883 727292885
727303982 727303983
727303982 88453674
727303982 727303981
727472159 727472058
727303981 728139939
727303981 727303979
727303986 727303991
727303986 88493435
727303986 727303987
727303986 733861561
727303987 727303977
727324539 734852839
727324539 729109256
727324539 727324627
727775983 727776010
727775983 727778239
727775983 727775500
88453674 286453957
88453674 88399012
734851916 734851917
734851916 734852801
734851916 734851915
727776483 727776479
727776483 727776487
734851832 734851827
734851832 727299288
727324711 727324718
727324711 727324702
727324711 727324842
727324711 727492832
848372027 727776472
848372027 848372011
727779435 727779429
727779435 727324620
727779435 727778039
727776889 727776479
727776889 88493448
727776889 88493449
727319698 727319695
727319698 727329889
727319698 727774023
727774610 727774607
727774610 727324535
727774610 727329886
727299291 370409233
734851935 848371979
734851935 848372015
734851935 734851913
734851935 727324625
727492838 727492835
727492838 727492839
727492838 727492802
727324535 727324536
727324535 88493443
727492835 727470931
727492835 727492866
727307036 727307037
727307036 727307035
727324546 729109790
727324546 727782257
727324536 727776010
727324536 729106713
729108360 729110150
729108360 729108896
729108360 727324544
727299339 727299308
727299339 727299347
727471098 727471085
727471098 727471105
727471098 727492832
727324537 729105935
727324537 729106713
727324537 727324538
729094556 729095030
729094556 727324641
729094556 727324634
727329892 727306068
727329892 727329884
727324542 729105049
727324542 727324544
727307043 727307046
727307043 727307044
733861679 734748033
733861679 733861562
727774979 727774976
734760727 725227287
734760727 734760780
734760726 734760798
734760726 725227266
727303996 734851776
727303996 727306064
727303996 727299347
727303996 727306070
727308836 727307051
727308836 727308834
727470618 727470861
727470861 727470919
727324790 727774777
727324790 727324778
727324790 727329882
848372015 848372014
848372015 727775595
727303978 727303979
727303978 727303977
727472058 727472162
727472058 727324691
88493445 727324643
88493445 727324620
88493445 727324636
727774982 727303999
727774982 727774938
727774982 727775007
734748076 734748019
734748076 733861562
734748076 733861561
727292885 734854797
727324778 727324842
727299344 734851827
727299344 727299289
727318811 734748100
727299347 727299305
727299347 727299342
727299341 286453957
727299341 728139946
727299342 734851827
727299342 727299282
729110124 729109710
727324625 734851945
727472034 727472162
727472034 727471806
727318970 734748065
727318970 734748066
727307035 725227244
727307035 727307034
727307035 727299286
727775500 88493444
727775500 727775550
734852840 734852839
734852840 734852841
734852840 734852842
734852841 734852842
729109256 729108896
729109256 727324544
727470919 727470931
727324691 727324702
727324691 727471778
727306070 727306053
727306070 727306051
729063028 729063024
729063028 727324646
729063028 729063034
727303983 286453957
727303983 728139943
848372013 848372012
848372013 727775595
848372013 727324623
729064103 729063039
729064103 727324646
727324638 729095030
727324638 727324639
727324638 727324636
729109790 729109710
729109790 729110150
734852329 734851917
734852329 734851948
727774242 727774290
727774242 727774286
727774242 727774241
727774242 727319689
727774241 727774240
727774240 727774210
734748065 734748100
734748066 727318701
727775007 727774976
727779429 727779430
727779429 727779391
734748063 734748021
734748063 734748085
727492812 727492810
734851915 734851913
727492810 727492803
734851913 734852801
727492815 727492804
727492815 727492832
727778157 727778239
727778157 727778301
729109710 729109682
727471770 727471806
727471770 727471764
727471770 727471778
727304000 727303999
727304000 727306048
727304000 727306056
727324636 727324634
727779430 727776472
727779430 727776738
725227856 725227264
725227856 725227296
727776738 727776762
727776738 727778039
734851776 734851775
734851776 88399012
734851775 727306064
734851775 728139939
727307026 727307030
727307026 727307027
727307026 734760752
725227871 725227282
725227871 725227873
734852839 727324538
729110150 729109682
727306064 727303995
727306062 727306066
727306062 727303999
727306062 727303995
727306060 727306058
848372011 848372010
848372011 727324623
88493438 88493435
88493438 727774290
88493438 727303974
725227244 370409233
725227244 727299284
727324620 727779391
727324639 729093942
727324639 727778039
727306068 727774938
727306068 727329886
727306068 727774053
727778301 88493443
727776472 727776474
727774607 727774582
727774607 727329884
729063039 729063045
729063039 729063034
734748092 734748027
727776476 727776479
727776476 727776837
727776476 727776475
727307046 727307028
727776474 727776475
727776475 727776762
727492804 727492805
727492804 727471105
727492804 727492807
727308842 727308834
728139939 88399012
727492807 727492808
734760752 734852975
734760752 727307051
727492802 727471085
727492802 727492803
727492803 727492805
727774888 727303995
727774888 727303977
727774888 727303994
729093756 729093942
729093756 727324646
733861562 734748015
733861561 253147460
733861561 734748094
727299300 727299301
727299300 727299302
727299300 728139947
727299301 728139946
727299302 727299305
727306058 727306050
727306058 727306055
727492866 727471085
727492866 727324702
727299305 727299308
727306053 727303999
727306053 727306048
727306051 727324607
727306051 727306050
727306050 727306048
88499907 727303991
88499907 727318701
88499907 253147460
727306056 727306055
727306055 727306048
88493444 727324643
88493444 727324631
88493447 727776762
88493447 727776837
88493443 727778239
734855438 727319686
734855438 734855443
734748080 734748019
734748080 734748033
734748080 734748085
729106713 729105935
734748085 734748024
729108896 729109682
727303994 727306066
727303994 727774210
727303994 727774136
727324623 727779391
734748027 253147460
734748027 734748100
734760780 734760767
286453957 728139947
727492839 727492844
253147461 294015743
253147461 727319689
370409233 727299289
370409233 727307044
294015743 88493435
294015743 734748024
294015743 734748094
727774938 727774976
734760767 725227865
725227865 725227282
725227865 725227269
727774582 727329882
727471806 727472142
728139946 728139947
729105935 729105941
734854797 734854796
725227264 734760777
725227264 725227266
727329882 727329884
727324607 727324544
725227269 725227266
734748094 734748019
727775595 727775550
88493448 727776837
734851945 727324627
734851945 734851948
727774053 727306066
727307044 727307037
727324631 727324634
727329886 727329884
727307028 727307027
727307028 727307037
727329889 727306066
734748033 734748021
733861622 733861598
734760777 734852975
734760777 725227893
727324538 734851948
727776010 727775550
727774290 727319689
727319686 727319695
727319686 727319688
727307027 727307032
727324718 729063045
727319688 727319689
727324634 727324643
725227887 725227291
725227887 725227288
727492805 727492808
727471778 727472142
727492845 727492844
727774286 727319695
729093942 727324640
727307032 727307030
727307032 727307039
727307032 727307037
727307030 727307051
727303977 727303974
727303974 727774210
725227291 725227295
727303979 727303990
727303979 727303995
725227295 725227893
727324641 727324644
727324646 727324644
727324644 729095030
725227296 725227893
727299289 727299288
725227873 725227287
727303991 727303990
725227288 725227287
848371975 848371979
727299282 727299284
727299284 727299287
727299287 727299288
