1270245625 1270245603
1270245625 1270245642
1221407559 1221407488
1221407559 1221407419
1200715818 1200715777
1200715818 1200716021
1221407553 1221407483
1221407553 1221407388
1221407551 1221407454
1221407551 1221407483
1221407550 1221407514
1221407550 1221407512
1221407557 1221407435
1221407557 1221407391
1221407557 1221407448
1221407555 1221407420
1221407555 1221407469
1191863902 1191863896
1191863902 1191863862
1191863902 1191863883
1219154953 1219155122
1219154953 302478906
1219154953 1219155055
1270249866 1270249908
1270249866 1270249974
1270249866 1270249862
1270257449 1270257386
1270257449 1270257470
1270257449 1270257432
1269083317 1269083399
1269083317 1269083453
1269083317 1269083406
1269083317 1269083343
1189036957 1189036768
1189036957 1189036929
1189036957 1189036872
1270257446 1270257386
1200715764 1200716546
1200715764 1200716340
1270264434 1270257376
1270264434 302478466
1270264434 1270264446
1190128302 663826006
1190128302 1177212052
1190128302 1177211402
1270245618 1221407534
1270245618 1270245588
1270245618 1221407413
1270245619 1270245634
1270245619 1270245624
1190128304 1190128225
1190128304 1190128238
1200715900 1200715927
1200715900 1200715799
1200715900 1200716262
1269088558 1269088546
1269088558 1221407569
1269088558 1269088568
1218678464 660618366
1218678464 1218678201
1218678464 1218678122
1191863747 1191863769
1191863747 1191863792
1191863747 1191863831
1191863742 1191863709
1191863742 1191863712
1177160598 1177161698
1177160598 1177160540
1177160598 1177160373
1270249913 1270249947
1270249913 302478457
1270249913 1270249929
1270245624 1270245638
1270249914 1270249892
1270249914 1270249967
1221407421 1269088609
1221407421 1221407547
1221407420 1221407396
1221407420 1221407522
1221407427 1269083246
1221407427 1221407560
1221407427 1221407547
1200716128 1219107982
1200716128 1200716362
1200716128 1219107986
1221407424 1221407478
1221407424 1221407416
1221407424 1221407495
1177211511 1191714336
1177211511 1191714373
1177211514 1177211484
1177211514 1191714370
1177211514 1177211515
1177211514 1177211719
1177211515 1191714406
1177211515 1177212062
1269088546 1269088584
1177211518 1177211722
1177211518 1177211747
1177211518 1191714328
1190128212 1177211494
1190128212 1177211317
1190128212 1177211840
1190128211 1191714356
1190128211 1177211396
1190128211 1177212073
1190128211 1191714436
1200715834 1200715821
1200715834 1200715881
1200715836 665076058
1200715836 665075981
1200715836 1200716527
663826189 1177211698
663826189 664472703
663826189 1190128228
1191863698 1191863831
1191863698 1191864042
1191863698 1191863815
1191863697 1191863984
1191863697 1191863830
1219108146 1219108037
1219108146 1219108253
1219108146 1219107984
1177161441 1190128246
1177161441 1177160570
1177161441 1177160369
1177211464 1189036694
1177211464 1189036936
1177211464 1177211652
1177211461 1191714349
1177211461 1191714409
1177211461 1191714438
1177211462 1177211367
1177211462 1191714350
1177211462 1177211953
1177211463 1191714282
1177211463 1177212004
1177211468 1177211656
1177211468 1177211677
1177211468 1177211717
1278414046 1274942958
1278414046 1274943110
1218678319 1218677880
1218678319 1218678292
1219108099 1219107938
1274943131 1274943380
1274943131 1274943318
1274943138 1274943101
1274943138 1274943140
1177161047 1189868581
1177161047 1177160474
1177161047 1177160923
1191863966 1191863739
1191863966 1191863825
1269083361 1270367062
1269083361 302478473
1269083361 1269083436
1177211862 1177212096
1177211862 1177211777
1177211862 1177211350
1269083363 1269083390
1269083363 1269083431
1177211865 1177211569
1177211865 1177211787
1177211865 302479293
1191863960 1191863814
1191863960 1191864052
1177211818 1177211724
1177211818 1177211571
1177211869 1177211357
1177211869 1177211889
1191863969 1191864056
1191863969 1191864023
1191863969 1191863862
1219108129 1219108172
1219108129 1219108088
1219108129 1219108153
1177211889 1177211398
1221317108 1219155079
1221317108 1221317040
1221317108 1221317058
1221317108 1221317083
663826016 1270249933
663826016 1269047296
663826016 1177211806
663826016 1190128359
1269083381 1269083431
1269083381 1221407419
1269083381 1221407474
1221317101 1221317052
1221317101 1221317110
1221317101 1221317093
1191714300 1177211428
1191714300 1191714332
1191714300 1191714366
1274943008 1274943368
1274943008 1274942880
1177161680 1177161343
1177161680 1177161371
1269088609 1269088544
1269088609 1221407468
1269088603 1269088567
1269088603 1269088571
1269088603 1221407499
1191714298 1191714320
1191714298 1177212025
1191714298 1177211791
1191714290 1191714248
1191714290 1191714432
1191714290 1177211722
1191714297 1191714352
1191714297 1191714406
1191714295 1191714315
1191714295 1191714279
1191714295 1191714407
1270372597 1270372589
1270372597 1270372580
1270372597 1270372584
1270372590 1270366869
1270372590 1270372605
1270372590 1270372573
1274943318 1274942924
1274943318 1274943140
1269083369 1269083470
1269083369 1269083446
1274943312 1274942999
1274943312 1274943023
1270366896 1270366906
1191714349 1191714327
1191714349 1177212062
1189036773 1189036620
1189036773 1189036768
1189036773 1189036622
1189036770 1177212155
1189036770 1189036586
1189036770 1189036471
1269047296 1177211345
1269047296 1269047339
1200716079 1200715783
1200716079 1200716163
1200716079 1191714417
1274942999 1274943046
1274942999 1219155039
1196068648 1196068726
1196068648 1196068709
1196068648 1196068725
1191864015 1191863721
1191864015 1191863873
1191864014 1191863838
1191864014 1191863802
1274942995 1219154916
1274942995 1274942865
1196068647 1196068678
1196068647 1196068701
1196068647 1196068716
1196068640 1196068667
1196068640 1196068699
1196068640 1196068733
1196068643 1196068766
1196068643 1196068761
1196068643 1196068685
1196068642 1196068709
1196068642 1196566828
1196068642 1196566783
1221407528 1221407412
1221407528 1219155084
1221407528 1221407433
1221407526 1221407479
1221407526 1221407463
1221407526 1221407543
1221407527 1221407514
1221407527 1269083269
1221407522 1221407386
1221407522 1221407438
1221407522 1221407486
1218678074 660618372
1218678074 1218678122
1177160521 1177161573
1177160521 1177161553
1270257452 1270257387
1270257452 1270257373
1270257452 1270257411
1270257459 1270264448
1270257459 1270257403
1270257459 1270257421
1189036940 1189036859
1219155145 1219155111
1219155145 1219155116
1219155145 1219155010
302478900 1221407478
302478900 1221407493
302478900 1221407454
302478457 1270249901
302478457 664472034
302478457 1270249884
302478906 1219155081
302478906 302476653
302478906 302478905
302478452 1270264366
302478452 1270372586
302478452 1270257470
302478905 1221407572
1270245603 1270245634
1270245603 1270245588
1200716224 665076066
1200716224 1200715718
1200716224 1200715894
1270245606 1270245583
1270245606 1270245567
1200715930 1200715821
1200715930 1200715799
1190128368 1190128333
1190128367 1190128311
1190128367 1177211424
1190128367 1190128342
1269088544 1269088585
1269088547 1269088560
1190128364 1177161511
1190128364 1177160369
1190128362 1190128244
1190128362 1177211717
1270249928 1270249947
1270249928 1270249834
1270249929 664472044
1270249929 1270249899
1270249929 1270249941
1221407456 1221407479
1221407456 1221407515
1221407456 1221407565
1221407457 1221407569
1221407457 1270257394
1221407457 1270366874
1221407457 1270245578
1221407454 1221407490
1221407454 302478901
1221407452 1221407546
1221407452 1221407433
1221407452 1221407486
1221407450 1221407488
1221407450 1221407380
1221407451 1221407412
1221407451 1221407460
1200716137 1200716461
1200716137 1200716509
1200716137 1200716031
1221317161 1221317144
1221317161 1219107936
1270367030 1270366825
1270367030 1270257351
1218678253 1218677985
1218678253 660618372
1218678253 1218678409
1218678253 1218677829
1218678256 1200738913
1218678256 638354058
1219108318 1219108249
1219108318 1219107993
1219108318 1219108166
1219108313 1219108230
1219108313 1177211343
1219108313 1177211879
1191714409 1177211407
1191714409 1177211747
1191863687 1191863688
1191863687 1191863868
1191863687 1191864061
1191863684 1191863790
1191863684 1191863998
1191863684 1191863847
1191863688 1191863728
1191863688 1191863854
1191714407 1191714330
1191714407 1191714399
1191714404 1191714334
1191714404 1191714364
1177211471 665076038
1177211471 1177211840
1177211471 1177212013
1177211474 1190128241
1177211474 1177211574
1177211474 1177211957
1218678323 1218678192
1177211877 1177211543
1177211877 1190128295
1177211877 1177211589
1269083376 1269083406
1269083376 1269083234
1269083376 1269083464
1191863976 1191863887
1191863976 1191714315
1191863976 1191864053
1269083373 1269083300
1269083373 1269083406
1269083372 1269083407
1269083372 1221407499
1269083372 1269083470
1269083370 1221407489
1269083370 1269039438
1269083370 1269083268
1177211879 1177211822
1177211656 1177211571
1191863749 663844204
1191863749 1189036844
1191863749 1191863802
1177211652 1177211732
1177211652 1177211610
1219108045 1219108127
1219108045 1219107936
1219108045 1219108251
1219108045 1219108159
1269083399 1269083265
1269083399 1269083484
1269083399 1269083324
1221317110 1221317144
1221317110 1221317044
663826006 1177211543
663826006 1177211699
663826006 1177212131
1221317116 1221317113
1269083390 1221407405
1269083390 1221407536
1221317119 1221317127
1221317119 1221317160
1221317119 1221317099
1177211892 1177211317
1177211892 1177211447
1269083394 1269083466
1177211896 1177211639
1177211896 1177211727
1177211896 1177211398
1274943019 1274943046
1274943019 1274943175
1274943019 1274943021
1274943017 1274942973
1274943017 1274942953
1274943017 1274943184
1274943011 1274942986
1177161698 1189868590
1177161698 1177160779
1191863741 1191863769
1191863741 1191863785
1174832834 664472776
1174832834 1189868591
1174832834 1186025302
1270372580 1270257394
1270372580 1270245578
1270372586 1270372588
1270372586 1270372571
1270372584 1270372573
1270372584 1270372544
1270372589 1270366869
1270372588 1270264366
1274943304 1274943178
1274943304 1219155044
1274943304 1274943088
1270366883 1270366869
1270366883 1270366955
1270366883 1270257394
1270366881 1270366947
1270366881 1270366944
1270366881 1270366815
638354076 1196559593
638354076 1196559622
638354074 1196559585
638354074 638354073
638354074 1196559622
638354073 638354057
638354070 1196559582
638354070 1196559622
638354070 1196559648
1189036768 1189036733
1177161050 663825914
1177161050 1177160434
1177161050 1177161468
1191714370 1191714301
1191714370 1191714417
1191714373 1191714308
1191714373 1177211711
1177160471 1177161675
1177160471 1177160779
1177160471 664472773
1177160474 1177161114
1196068670 1196068735
1196068670 1196068662
1196068671 1196068732
1196068672 1196068727
1196068672 1196068705
1196068673 1196068663
1196068673 1196068738
1196068675 1196068680
1196068675 1196068768
1196068675 1196068638
1191864061 1177211791
1191864061 1177211333
1196068678 1196068758
1196068679 1196068768
1196068679 1196559644
1196068679 1196559587
1270367049 1270367062
1270367049 1270366855
1270367049 1270366864
1274942949 1274942878
1274942949 1274942947
1196068690 1196068701
1196068690 1196068760
1196068690 1196068764
1196068691 1196068735
1196068691 1196068718
1196068696 1196068742
1196068696 1196068677
1196068697 1196068762
1196068697 1196068740
1196068694 1196068715
1196068694 1196068748
1196068694 1196068711
1221407534 1221407569
1221407536 1269083345
1221407536 1269083481
1221407536 1269088533
1221407531 1269083460
1221407531 1221407474
1221407530 1270366827
1221407530 1269083424
1221407530 1270366982
1221407530 1269083263
1177211634 1177211677
1177211634 1177211595
1219154970 1219154923
1219154970 1219155020
1269047282 1269083484
1269047282 1269047316
1269047282 1269083305
1270257420 1270257400
1270257420 1270264336
1270257421 1270257355
1270257421 1270257432
1270245635 1270245589
1270245635 1270245574
1270245635 1270245592
1270245630 1270245583
1270245630 1270245589
1270245631 1270245574
1270245631 1270245592
1270245631 1270245639
1200715927 1200716481
1200715924 1200716346
1200715924 1200715886
1200715924 1200716158
1200715924 1200716254
1270245638 1270245622
1270245638 1270245584
1270245639 302478612
1270245639 1270245642
1269088570 1269088585
1269088570 1269088569
1269088570 1269088568
1269088571 1221407445
1269088571 1269088577
1270249939 1270249949
1270249939 1270249892
1270249939 1270249941
1269088573 1269088584
1269088573 1269088560
1218678401 1218678001
1218678401 1218678433
1269088577 1269088578
1270249933 1269047272
1270249933 1270249837
1191863769 1191863803
1218678409 1218678433
1221407445 1221407413
1221407444 1221407408
1221407444 1221407449
1221407444 1190128353
1200716458 1200715840
1200716458 665075979
1200716458 1177211719
1221407449 1221407574
1221407449 1221407389
1221407448 1221407463
1221407448 1221407487
1177160864 664472699
1177160864 664472702
1177160864 1177161146
1177160866 1190128246
1177160866 1177161549
1177160866 1190128192
1177161197 1177161721
1177161197 1177161114
1218678244 1196559600
1218678244 1218677777
1218678244 1218677855
1191714417 665075976
1191714417 1177211719
1219108127 1219108197
1219108120 1219108253
1219108120 1219107984
1219108120 1219108139
1177211406 1190128295
1177211406 1190128269
1177211406 1190128256
1177211407 1177211758
1177211407 1177212062
1177211405 1177212131
1177211405 1177211663
1177211405 1177212070
1177211402 665076051
1177211402 1177211766
1274943158 1274942917
1274943158 1274943271
1274943155 1274943070
1274943155 1274943368
665075981 665075979
665075981 1177211872
1191863949 1191864046
1191863949 1191863828
1191863944 1191864022
1191863944 1191863831
1191863944 1191864037
1191863946 1191863798
1191863946 1191863814
1191863946 1191864006
1191863946 1191864036
1219108230 1219108296
1177161511 1177160838
1177161511 1177161257
1270257411 1270257439
1270257411 302478464
1219108237 1219108240
1219108237 1219108161
1219108237 1219108177
1191863783 1191863827
1191863783 1191863804
1191863783 1191863950
1200716075 1200716300
1200716075 1200716467
1269088594 1269088567
1269088594 1269083345
1269088594 1269088533
1191863785 1191863914
664472776 1189868543
664472776 663825934
664472775 1189868561
664472775 1177161169
664472775 1177161675
664472773 1177161573
664472773 1177160373
1219108054 1219108251
1219108054 1219108001
1221317167 1221317175
1221317167 1221317062
1177211316 1177211758
1177211316 1191714301
1177211316 1177212091
1177211316 1177212135
1177211317 1177211458
1177211317 1177211805
1221317160 1219155008
1177211315 1177212110
1177211315 1177211911
1177211315 1177211747
1177211319 1177211755
1177211319 1191714320
1177211791 1177211755
1177211803 1177212001
1177211803 1190128336
1269039438 1221407402
1269039438 1269039403
1269039347 1221407478
1270366870 1270366931
1270366870 1270366853
1270366874 1270366827
1270366874 1270366957
638354068 1196559624
638354068 1196559648
1191714362 1196566810
1191714362 1177212091
1191714362 1177212135
1191714366 1191714328
1191714364 1177211872
1191714364 665076055
1191714368 1191714339
1191714368 1191714438
1191714368 1177212110
1274943206 1274943233
1274943206 1274943185
1274943206 1274943271
1274943206 1274942900
1270366984 1270367003
1270366984 1270367021
1270366985 1270366928
1270366985 1270366827
1270366982 1270366922
1270366982 1270367003
1270366988 1270367061
1270366988 1270366944
1270366988 1270366822
1270367058 1270366842
1270367058 302478462
1270367058 1270366817
1270367051 1270366861
1196068667 1196068656
1196068667 1196068754
1196068666 1196068734
1196068666 1196068730
1196068666 1196068732
1196068664 1196068722
1196068664 1196068741
1196068664 1196068729
1196068663 1196068711
1196068662 1196068761
1196068661 1196068712
1196068661 1196068754
1196068669 1196068645
1196068669 1196068758
1196068669 1196068742
1196068668 1196068760
1196068668 1196068758
1177212032 1191714425
1177212032 1177211497
1177212032 1177211489
1177212038 1177211838
1177212038 1177211330
1177212038 1177212041
660618131 660618143
660618131 638354058
660618131 660618144
663842386 1189036694
663842386 1177212096
663842386 1190128254
663842386 1177211764
1274942958 1274943113
1269083345 1269083407
1269083345 1221407499
1196068680 1196068735
1196068680 1196068650
1274942953 1274942917
1274942953 1274943230
1196068685 1196068714
1196068687 1196068731
1196068687 1196068720
1221407500 1221407402
1221407500 1221407411
1221407501 1221407481
1221407501 1221407477
1221407508 1221407495
1221407509 1221407391
1221407509 1221407415
302478612 1270372544
1270257432 1270264336
1270257439 1270257371
1270257439 664472037
1270257439 664472036
1269083365 1221407431
1269083365 1269083285
1190100338 663825914
1190100338 1190100186
1221407491 1269083416
1221407491 1269083313
1221407491 1221407461
1200715799 1200715986
1270249947 1270249973
1270249945 664471714
1270249945 664471713
1269088569 1269088578
1269088568 1221407561
1196566797 1196566811
1196566797 1196566786
1196566797 1196566792
1177211900 1177211543
1177211900 1177211593
1177211900 664472047
1196566792 1196566813
1196566792 1196566789
1196566790 1196566806
1196566790 1200715990
1196566791 1196566774
1196566791 1196566810
663825914 664472662
1221407473 1221407542
1221407473 1221407543
1221407476 1269083258
1221407476 1269083408
1221407476 1221407431
1221407477 1221407547
1191863847 1191863993
1191863847 1191863728
1270257351 1270257400
1270257351 1270372605
1269083484 1269083343
1269083481 1221407566
1269083481 1221407576
1269083483 1269083300
1269083483 1269083435
1269083483 1269083313
1269083482 1269083404
1269083482 1269083442
1269083482 1221407513
1177161219 664472662
1177161219 663943276
1177161219 1190128192
1191714428 1191714425
1191714428 1177211690
1191714428 1177211489
1270249899 1270249876
1270249899 1270249974
1189036799 1189036844
1189036799 1189036622
1270249894 1270249973
1270249894 1270249893
1270245622 1270245569
1191714420 1191714248
1191714420 1191714391
1270249892 1270249837
1191714423 1191714339
1191714423 1177211949
1177161432 1177161721
1177161432 1177161169
1177161432 1189036859
1177211410 665076066
1177211410 665076063
1177211410 1177211822
1177211410 1177211943
1177160923 1177161675
1177160923 1177160779
1274943147 1274943178
1274943147 1274943067
1274943147 1274942896
1218678345 1200738913
1218678345 1218677777
1218678345 1196559641
1191863952 1191864023
1191863952 1191863912
1191863798 1191863725
1191863798 1191864052
1191863798 1191864047
1270372574 1270372571
1200716069 1200716302
1200716069 1200716280
1177161508 1177160573
1177161508 1177160687
1177161508 1177161573
1191863793 1191863926
1191863793 1191864080
1191863793 1191863804
1191863792 1191863894
1191863797 1191864052
1191863796 1191863886
1191863796 1191863800
1191863796 1191864036
1177211764 1177211687
1219108061 1219108290
1219108061 1219108251
1219108061 1219108197
1221317175 1221317170
1221317177 1219155122
1221317177 1221317155
1221317177 302476656
1221317176 1221317062
1177211304 1177211692
1177211304 1177211610
1177211304 1190128343
1221317173 1221317058
1221317172 302476657
663940594 1189036526
663940594 1177212096
663940594 1177211539
663940594 1189036717
1177211887 1177211665
1177211887 1190128277
1177211887 1177212070
1177211785 1177211838
1177211785 1177211330
1177211785 1177212073
1177211787 1177211521
1177211787 665076038
1177211781 1177211946
1177211781 1177212091
1189036694 1189036875
1191863889 1191863926
1191863889 1191863836
1191863889 1191864047
664472740 664472732
664472740 663943276
664472747 664472733
664472747 1190128236
664472747 664471713
1274943368 1274942856
1270366861 664472034
1270366861 302478462
1270366864 1270366815
1270366864 1270366844
1270366869 1270367039
1191714317 1177212010
1191714317 1191714437
1191714317 1191714274
1191714315 663843486
1191714313 1177211430
1191714313 1191864053
1191714313 1191714399
1191714311 1191714276
1191714311 1191714391
660618130 660618366
660618130 660618145
660618130 660618142
1191863725 1191863842
1269083434 1269083430
1269083434 1269083453
1269083434 1269083284
1270366999 1270366920
1270366999 1270366936
1270366999 1270366953
1270366999 1270366839
1269083435 1269083422
1269083436 1269083357
1269083436 1269083310
1191864040 1191863730
1191864040 1191864046
1191864042 1191863738
1191864042 1191864037
1177161339 1189868591
1177161339 1189868580
1270367022 1270366909
1270367022 1270366945
1270367021 1270366928
1177212025 1177212077
1177212025 1191714336
1218677795 1218678169
1218677795 1218678290
1177212027 1191714266
1177212027 1177211964
1177212027 1177211489
1177212028 1177211699
1177212028 1190128285
1177212028 1190128206
1196068683 1196068655
1196068683 1196566788
1196068683 1196566822
1221407515 1221407411
1221407514 1221407489
1221407514 1221407464
1221407513 1269083313
1221407513 1221407560
1221407512 1269083445
1221407512 302478897
1221407511 1221407483
1221407511 302478901
1221407511 1221407577
1219154916 1274943080
1219154916 1274943230
1270257400 1270257470
1270257400 1270366853
1270257403 1270257373
1270257403 1270257419
1269088533 1221407468
1200716262 1200715783
1200716262 1196566771
1200715783 1200715788
1270249954 664471714
1270249954 1270249838
1270249954 664472041
1200715788 1200716524
1196566785 1196566806
1196566785 1196566781
1196566785 1196566773
1196566787 1218678470
1196566787 1196566814
1196566786 1196566789
1196566786 1196566829
1196566781 1196566801
1196566781 1196566783
1270245584 1270245581
1221407469 1219155081
1221407469 1219155084
1221407467 1221407390
1221407466 1269083329
1221407464 1221407437
1218677777 1196559614
1221407461 1269083269
1221407461 1269083268
1221407460 1221407380
1270264366 1270264466
1200716302 1200716142
1200716302 1196566817
1200716300 1200716387
1200716037 1200716427
1200716037 1196566812
1200716037 1200716142
1200715873 1200715795
1200715873 1200715881
1191863896 1191864056
1191863896 1191863707
1191863894 1191863790
1191863894 1191863737
1191863895 1191863874
1191863895 663843486
1191863895 1196068705
1191714432 1177211728
1270249881 664471713
1191714437 1177211911
1191714437 1191714246
1191714436 1177211336
1191714436 1191714258
1270249884 1270249908
1270249884 1270249822
1270249889 1270249888
1270249889 1270249937
1270249889 1270249879
1270249888 1270249901
1270249888 1270249893
1269083232 1269083407
1269083232 1269083454
1269083233 1269083309
1269083233 1269083457
1177211422 1177211524
1177211422 1177212090
1269083236 1221407403
1269083236 1269083479
1269083234 1269083247
1269083234 1269083255
1269083235 1221407565
1177211428 1177211382
1177211428 1177211621
665076045 665076052
665076045 665076035
665076045 1177211840
665076045 1177211458
665076044 1219107986
665076044 302479299
665076044 1200715894
1274943175 1274943380
1274943176 1221407401
1274943176 1274943230
1274943176 1269083254
1200716090 1200716566
1200716090 1200716254
1200716090 1200716248
1177211686 1177211593
1177211686 1177211665
1177211687 1189036466
1177211687 1189036875
1218678201 1218678192
1221317147 302476656
1221317147 1221317155
1221317147 1221317152
1177211334 1177211639
1177211334 1177211448
1177211334 1177211574
1177211336 1177211367
1177211336 1177211361
1177211333 663844204
1177211333 1177211833
1186025327 1186025305
1219108108 1219108185
1219108108 1219108085
1219108102 1219108161
1177161154 1177161580
1177161154 1177160373
1177161154 1177160765
1177161154 1177160687
1177211753 1177212001
1177211753 1177211800
1177211750 1190128244
1177211750 1177212160
1177211750 1190128269
1177211750 1177211845
1196559607 1196559624
1196559607 1196559644
1196559604 1200738913
1196559604 1200739013
1196559604 1196559641
1196559605 1196559611
1196559605 1196559628
1196559605 638354057
1274943197 1274942986
1274943197 1274942876
1270366851 1270366841
1270366851 1270257394
1270366853 302478466
1270366858 1270366942
1270366858 1270366926
1270366858 1270366839
1189036733 1189036872
1189036733 1189036801
1191714308 1191714385
1191864056 1191863849
1189036640 1189036526
1189036640 1189036469
1191864053 1191863912
1196559648 1196559585
1177212010 1191714266
1177212010 1177211770
1177212013 665076035
1177212013 1177211524
1274942973 1221407401
1274942973 302473849
1191714262 1191714339
1191714262 1191714255
1219154923 1219155047
1270257419 1270257376
1221407389 1221407562
1221407389 1221407375
1221407386 1221407487
1221407386 1221407543
1221407385 1221407395
1221407385 1221407411
1221407380 1221407391
1218677971 1218678122
1218677971 1218677985
663844204 663844207
663844204 1189036936
1270249967 1270249909
1270249969 1270249876
1270249969 1270249838
1270249969 664472048
1221407493 1221407578
1221407493 1221407437
663844207 1177211606
1221407495 1221407430
1200716461 1200716519
1200716461 1200716240
1221407499 1269083427
1200716467 1200716196
1200716467 1200716519
1200715840 1200715986
1200715840 1200716524
1270249949 1270249834
1270249949 1270249893
1218678290 1196566812
1218678290 1219108177
1191863888 1191863993
1191863888 1177211801
1191863888 1177211430
1218678292 1218678001
1200715795 1200715770
1200715795 1200716509
1200715795 1200716031
1191863887 1191863862
1191863887 1191863912
1191863883 1191863874
1191863883 1191863995
1189868561 1189868551
1189868561 1177160716
1191863721 1191864006
665076058 665076063
1177211432 1189036883
1177211432 1189036471
1177211432 1189036717
1177211926 1177211294
1177211926 1177211805
665076052 665076051
1274942924 1274943255
1274942924 1274943380
665076054 1177211494
665076054 665076055
1196566795 1196566825
1196566795 1196566828
1218678365 1218677829
1218678169 1218678470
1218678169 1196566815
1221407471 1221407562
1177161703 1189868583
1177161703 1177160716
1221317159 1221317062
1221317159 1219155058
1221317159 1219155023
1219108001 1219108290
1221317157 1221317156
1221317157 1221317062
1221317156 1221317054
1221317156 1221317046
1196566799 1196566806
1196566799 1196566817
1190128289 1177211838
1190128289 1190128349
1190128289 1190128291
664472699 1177160687
664472699 1177160369
1190128285 664471560
1190128285 1177211845
1190128286 664472045
1190128286 1190128351
1190128287 1190128348
1190128287 1190128220
664472044 1270249876
664472044 664472045
664472044 302479288
664472733 664472707
664472733 664472731
664472733 1190128307
1177161146 1177161580
664472047 1190128237
664472047 664472046
1269083415 1269083273
1196559611 638354058
1196559611 1196559583
1196559614 1196559593
1196559614 1196559600
1177211699 1190128295
1177211699 1190128202
1177211698 1177211357
1177211698 1177211848
1190128194 1190128270
1190128194 664472704
1190128194 1190128338
1177211692 1177211769
1177211692 1177211724
1190128196 1190128333
1177211690 1177211458
1177211690 1177212052
1274943185 1274943273
1274943184 1274942899
1274943184 1274942853
1190128192 1190128220
664472039 664472038
664472039 664472040
1191714330 1177211961
1191714330 1177211728
664472033 1190128318
664472033 1190128242
664472035 1270257371
664472035 664472040
664472035 664472041
664472034 1270257371
1191714336 1191714320
664472036 1270366842
664472036 302478464
1274943233 1274943082
1274943233 1274943380
1196068645 1196068716
1177160434 663825934
1270367003 1270366967
1270367003 1270366841
1270366842 1270366819
1270366841 1270366955
1270366841 1270366826
1270366844 1270366911
1270366844 1270366909
1189036717 1189036586
1219154938 1219155100
1219154938 1219155055
1177160540 1177160765
1274943181 1274942870
1274943181 1219155119
1274943181 1219155023
1196068768 1196068740
1196068762 1196068714
1196068762 1196068638
1196068761 1196068638
1196068766 1196068764
1196068766 1196068729
1221407390 1221407405
1221407390 1221407566
1190128334 1190128320
1190128334 664472703
1190128334 664472702
1177212006 1191714274
1177212006 1177211361
1177212006 1177211489
1177212004 1177211430
1190128337 1177211845
1190128337 1190128349
1190128337 1190128317
1270249974 1270249824
1221407396 1221407462
1221407396 1221407486
1221407481 1221407403
1221407480 1221407403
1221407480 1221407561
1189036883 1189036532
1221407487 1221407435
1221407487 1221407546
1221407488 302473849
1200716412 1200715715
1200716412 1200716387
1200716412 1219108153
1219155081 1219155100
1219155084 1219155103
1189868543 1189868580
1189868543 1177161573
1200716322 1200716527
1200716322 1200716285
1191714425 1177212052
1219155067 1274943255
1219155067 1219155016
1219155067 1219155013
1190128328 1190128277
664472038 664472037
1200716250 1200716560
1200716250 1200716240
1200716254 1200716148
1200716527 1200715941
1177211911 1177211621
665076066 1190128309
665076063 1200715718
1269083327 1269083440
1269083327 1269083450
1191714332 1191714276
1191714332 1191714282
1191863980 1191863807
1191863980 1196068749
1191863980 1196068715
1191863980 1196068738
1191863982 1191863849
1191863982 1191864006
1191863982 1191863846
1191714334 1191714273
1177161553 1189868580
1177161553 1177160716
1269083453 1269083265
1269083450 1269083438
1269083454 1269083254
1269083454 1269083408
1269083455 1269083445
1269083455 1269083255
1269083455 1269083343
1189036532 1189036536
1189036536 1189036469
1177211357 1190128237
1177211357 1177211573
1177211353 1177211382
1177211353 1177211953
1177211353 1177211711
1177211350 1190128227
1177211350 1177211539
302476656 302476657
302476656 1219155143
302476657 1221317170
302476653 302479299
302476653 1219108159
1196559593 1196559582
1177211595 1177212160
1177211597 1177211606
1177211597 1177211538
1190128291 1177211769
1190128291 1190128209
1186025305 663825934
1221317099 1221317072
1221317093 1221317058
1221317093 1221317083
1221317093 1221317044
1191863854 1191863827
1191863854 1191863998
1191863854 1191863802
1196559628 1196559583
1196559625 1196559585
1196559625 1196559587
1196559626 1196559583
1196559626 1218677855
1177211777 1177211394
1177211777 1190128254
1177211770 1177212071
1177211771 1190128236
1177211771 1190128242
1190128256 1190128311
1190128256 1190128342
664472025 664471714
664472025 1270257365
1270366942 1270366836
1270366942 1270366945
1270366947 1270366961
1270366947 1270366918
1270366945 1270367060
1270366836 1270366834
1270366836 1270366813
1270366834 1270366920
1196566801 1196566815
1196566807 1196566819
1196566807 1177211734
1196566807 1191714279
1196566804 1196566788
1196566804 1200715990
1196566804 1196566829
1274942917 1274943080
1191863790 1191864022
1270257387 1270257355
1219108209 1219107982
1219108209 1219108249
1221407388 1221407542
1177212077 1177211606
1177212077 1177211377
1177212074 1190128336
1177212074 1177211343
1177212073 664471560
1177212070 1177211806
1177212071 1177212088
1270264448 1270257376
1270264448 1270264336
1177211301 1177212091
1177211301 1177211722
1177211301 1177211728
302478901 1221407408
1219155094 1219155008
1219155094 1274942870
1219155094 1221317067
1219155143 1219155122
1219155143 1219108159
1219155098 1274942899
1219155098 1219155103
1219155098 1274943106
1189036872 1189036466
1219155079 1219154992
1189868583 1189868591
1189868581 1177161343
1189868581 1189868590
1200715990 1200716432
1191863998 1191864080
1191863993 1191863731
1191863995 1191863807
1191863995 1191864021
1177161549 664472662
1177161549 1177161468
1177161549 1177160369
1269083440 1269083335
1269083442 1269083246
1269083445 1269083349
1269083447 1269083310
1269083447 1269083335
1269083446 1269083466
1269083446 1269083448
1269083449 1269083263
1269083448 1269083427
1189036526 1189036859
1177211345 1177211569
1177211345 1177212113
1177211589 1190128311
1196559583 1196559595
1196559582 1196559641
1190128365 1190128350
1196559587 638354057
1190128261 1190128253
1190128261 1190128228
1190128269 1190128275
1190128269 1190128342
1200739013 1200738601
1200739013 1200738877
1191863849 1191864021
1191863842 1191863873
1221317083 1221317052
1191863846 1191863825
1196068712 1196068753
1196068712 1196068730
1177211767 1177211484
1177211767 1177211447
1177211767 1191714273
1177211766 1177212113
1177211765 1177211994
1177211765 1177211801
1196559634 1196559600
1196559634 1196559595
1177211769 1177211717
664472782 664471712
664472782 1177161371
664472782 1177211539
665075976 1177212135
1274943255 1274943023
1274943252 1274943110
1270366953 1270249901
1270366953 1270249879
1270366955 1270366961
1270366957 1270366978
1200738877 1200738860
1200738877 1200739025
1191714266 1177211949
1191864080 1191864022
1191864080 1191863827
1270366828 1270366820
1270366828 1270366822
1270366826 1270366978
1270366821 1270366819
1270366821 1270367061
1270366820 1270367060
1270366820 1270366909
1270366822 1270366817
1196566811 1196566774
1196566811 1177211721
1196566810 1177211734
1196566813 663843486
1196566813 1196566822
1196566812 1200715715
1196566815 1196566769
1196566817 1200716196
1270257373 302478465
1177212110 1191714246
1177212113 665076035
1196068749 1191864030
1196068749 1196068677
1196068744 1196068699
1196068744 1196068740
1196068744 1196068756
1196068741 1196068709
1196068742 1196068732
660618143 660618142
660618143 1219108177
660618145 660618144
1200716432 1200716196
663843486 1191714279
1189036844 1189036620
1219155044 1274943106
1219155044 1219155119
1219155044 1274942896
1219155047 1219155058
1219155041 1219154994
1219155041 1219154997
1189868590 1177161371
1200715986 1200716034
1200716509 1200716210
1190128318 664472732
1190128318 1190128271
1221407391 1269083273
1190128316 1190128344
1190128316 1190128338
1190128316 1190128351
1190128317 1190128244
1196068767 1196068700
1196068767 1196068656
1196068767 1196068706
1196068767 1196068733
1177161371 1189868548
1269083470 1269083408
1269083472 1269083431
1269083472 1269083460
1269083479 1269083287
1200716340 1200716519
1200716340 1200716210
1269083303 1269083356
1269083303 1269083262
1269083300 1269083464
1177211801 1177211755
1177211806 1177212131
1270372605 1270372612
1269083305 1269083324
1269083305 1269083275
1269083309 1269083324
1269083309 1269083289
1274943080 1274943262
1177211573 1190128345
1177211573 1190128225
1274943082 1274942986
1177211571 1177211448
1274943088 1274942899
1274943088 1274943106
1190128271 1190128236
1190128270 1190128345
1190128270 664472703
1200739025 1200738601
1190128277 664472046
1190128277 302479288
1269083275 302478473
1269083275 1269083335
1269083273 1221407566
1189036466 1177211622
1177211800 1177211943
1221317054 1221317072
1177211628 1177211398
1177211628 1177211424
1177211622 1177212155
1219108139 1219107938
1219108139 1219108175
1274943262 1274943070
1177211396 1191714258
1177211394 1177211724
1177211394 1177211957
1274943067 1274943101
1270366961 1270366931
1200738860 1200738913
1191714274 1177211367
1270366813 1270249879
1270366815 1270366922
1270366815 1270366924
1270366817 1270366926
1270366818 1270367061
1196566828 1196068725
1196566829 1196566824
1196566829 1177211721
1196566824 1200715829
1196566824 1196566771
1196566825 1196566773
1196566822 1196566789
1270257365 664472040
1177160573 1177161468
1177160573 663825934
1177160570 1177161242
660618372 1218677880
1196068753 1196068734
1269047272 1269047339
1269047272 302478473
1196068756 1196068714
1196068756 1196068730
1177212052 1190128202
1177211872 1177211521
1270264466 1270264478
1196566774 1196566772
1196566771 1177211721
1196566772 1200716163
1196566772 1177211721
1200716427 1200715715
1200715884 1200716142
1200715886 1200716148
1200715881 1200715941
1219155055 1219155020
1219155058 1219155122
1270249837 302479288
1270249838 1270249824
1200716280 1200716387
1200716285 1200716034
1190128309 1177211521
1190128309 1190128353
1221317113 1219154994
1221317113 1219155013
1190128301 1190128359
1269083460 1221407401
1190128305 664472045
1190128305 664472705
1190128305 1190128341
1190128307 664472732
1190128307 1190128200
1269083464 1269083247
1269083464 1269083349
1270372612 1270372571
1270372612 1270372573
1177211361 1191714356
1269083316 1269083356
1269083319 1269083349
1177211711 1177211994
1177211569 1177212090
1191864047 1191863738
1190128246 1190128348
1190128241 1177211672
1190128241 1190128257
1177211377 1177212081
1269083269 1269083340
1269083268 1221407376
1269083265 1269083426
1177211964 1177211294
1191863869 1191864030
1191863869 1191863800
1177211961 1177211946
1269083263 1221407561
1269083262 1269083329
1200738743 1200738601
1221317044 1221317125
1221317046 1221317071
1177211494 665076038
1177211497 1190128206
1177160765 664471710
1219107938 1219108172
1219107936 1221317170
1191863737 1191863731
1191863737 1191863914
1274943273 1274942947
1274943273 1274942880
1274943271 1274943070
1269083427 1270245581
1269083426 1269083430
1269083426 1269083457
1191714246 1177212088
1269083429 1269083287
1269083429 1269083422
1269083429 1269083284
1196068726 1196068651
1196068726 1196068729
1196068727 1196068704
1196068725 1196566788
1196068720 1196068704
1221407435 1221407433
1269047268 1269047318
1269047268 1269047224
1177212041 1177211459
1219155111 1219155000
1219155111 1219154984
1219155119 1219154984
1219155119 1219155000
1190100186 664472662
1269047318 1221407437
1269047318 302479293
1269047316 1269047339
1269047316 1269047224
1177212132 1200716163
1177212132 1177212135
1200716169 1200716021
1200716169 1200716158
1219155023 1219155008
1270249822 664472041
1270249822 1270249824
1200716566 1200715941
1200716566 1200715770
1200716560 1200715979
1221407376 1221407565
1221407375 1221407408
1221407375 1221407438
664471749 1190128226
664471749 1177161242
664471749 1190128200
664471560 1190128349
1190128338 1190128239
1191863707 1191864021
1191863709 1191863807
1190128333 1190128204
1200716362 1200716158
1200716368 1219107982
1200716368 1200716546
1200716368 1219108153
1200715894 1200716148
1219108296 1219107993
1219108296 1219108166
1269083329 1221407576
1270245567 1270245588
1190128253 664471711
1190128253 1177211672
1190128257 1177211727
1190128257 1177211848
1190128255 664472046
1190128255 1190128225
1190128255 1190128350
1190128254 1177211732
1269083250 1269083285
1191863815 1191863918
1269083254 1221407431
1269083255 1269083406
1177211957 1190128227
1269083258 1269083285
1177211732 1177211724
1177211734 1177211298
1221317071 1219155013
1221317071 1221317127
1191863926 1191864037
1269083457 1269083337
1177211606 1177212157
1191714258 1191714350
1189036620 1189036936
1189036622 1189036801
302479299 1221407574
302479293 1221407578
1270366906 1270366936
1196068734 1196068656
1196068731 1196068655
1219155103 1219155010
1221407562 1221407572
1219155039 1274943110
1219155039 1274943023
1200715979 1200716152
1200715979 1200715829
1200715974 1200716148
1190128322 1190128209
1190128322 1190128343
1190128320 1190128226
1190128320 1190128222
1196566783 1196068718
1269083404 1269083287
1221407419 1221407405
1221407412 302473849
1221407416 1221407402
1221407415 1221407434
1221407415 1221407479
1270245578 1270245592
1270245578 1270245583
1177211543 1177211663
1190128228 664471710
1190128226 664472702
1190128227 664471711
1190128225 1190128344
1190128222 664472707
1190128222 664472708
1218677821 1218677829
1218677821 1218678470
1218677821 1218677855
1218677821 1196068718
1177211946 1177211298
1191863803 1191863918
1219108175 1219108166
1221317067 1219155016
1221317067 1221317127
1177211838 1177212157
1269083337 1269083357
1269083337 1269083289
1191714399 1191714391
1191714391 1191714282
1177211610 1177211538
1196559627 1196559644
1196559627 1196068699
1196068677 1196068757
1219154994 1221317125
1219154997 1219154992
302479288 1190128204
1274942896 1274942870
1270366911 1270249879
1270366911 302478473
1196068700 1191864030
1196068700 1196068757
1196068701 1196068651
1196068705 1196068715
1196068706 1191864030
1196068706 1191863736
1274942876 1274942853
1191864023 1191863739
302478465 302478466
302478465 302478464
1177212081 1177211459
1221407572 1221407574
1221407575 1221407430
1221407575 1221407542
1221407577 1221407408
1221407577 1221407438
1221407576 1221407434
1221407578 1190128353
1177212157 1190128343
1219155000 1219155010
1200716546 1200716021
1177211424 1177212160
1269083433 1269083438
1269083433 1269083289
1190128352 1190128345
1190128352 1190128239
1190128359 1190128204
1200716031 1200716152
1190128238 1190128237
1191863838 1191863830
1177161242 664472732
1219108161 1219108172
1177211447 1191714352
1274943113 1274942867
664472048 664472731
664472048 664471713
1191714385 1191714350
664472046 664472705
664472731 664472708
1191863918 1191863825
1270366926 1270367060
1274942880 1274942862
1219107986 1219107993
1219107984 1219108085
1196068716 1196068711
1274942865 1274942856
302478897 1221407437
1177212160 1190128342
1200716481 1200715829
1219155016 1274943101
664471711 664471710
664471711 664471712
664471710 664472702
1200715777 1200715770
1191863739 1191863828
1191863730 1177211430
1190128344 664472705
1269083424 1270367062
1269083424 1269083357
1270249909 1270249937
1177161323 1177161257
1190128200 664472707
1190128202 1190128206
1190128206 1191714356
1191863828 1191863914
664472708 664472704
664472704 664472703
1196068655 1196068651
