68073905 68076076
1037130750 1037130809
1037130750 1037130754
1037130757 1037130758
1037130757 1037130755
1037130755 1188483875
1037130754 1188483875
990043648 281873482
990043648 163694858
990043648 12067395
1037130758 68083547
1037130758 223618645
410561356 33453028
410561356 410561360
410561356 1345505291
400699554 400699555
79620934 79621317
79620934 59739386
79620934 59739389
1346513238 1346513406
1346513238 1346513341
130167086 104970910
130167086 130167072
704394440 704394432
704394440 67770046
79641844 73008537
79641844 73007812
79641844 73004876
79641844 79641847
79641847 73008536
79641847 26580594
79641847 801519608
59739284 59738978
59739284 59739250
59739284 59739001
25629730 243431547
25629730 243813695
299406317 299404668
299406317 299403490
1353397426 410560178
111049906 111049944
111049906 111049672
111049906 111050139
990043709 990043712
990043709 990043710
143639083 72490433
143639083 72490558
143639083 1085007952
143639083 1346513250
851354498 428997633
851354498 72493130
851354498 851354495
163694856 59739032
163694856 168181814
163694856 410550522
320819226 320818996
320819226 320818959
320819226 320819246
191684705 857431581
191684705 191684687
320819225 163700109
320819225 320819010
68073155 33625604
68073155 68073247
68073155 59739404
400699555 163700606
111047883 113276757
111047883 59739320
111047883 191591928
111047883 29663304
72492864 72492865
72492864 72493004
72492865 72493005
72492865 323067953
168191716 33452918
168191716 33452917
168191716 316547839
67766371 704394432
67766371 67769468
1037131539 299404237
1037131539 299404226
394355701 394355702
394355701 400751959
1037130950 1037132038
1037130950 1276954322
1037130950 1037130944
1335374143 29487858
1335374143 1335374142
1335374143 1335314424
394355702 506072621
1335374144 223618308
1335374144 1341970557
1037131536 299404224
1037131536 1037131537
163694860 990043684
163694860 454224644
113276757 113276756
113276757 1135452238
113276756 113276696
111049607 113284728
111049607 1335380831
111049607 410560178
111049605 111049944
111049605 410561360
111049605 410560515
111049605 410560178
1346513306 1346513195
1346513306 1346513393
501636748 501636613
501636748 501636735
501636748 501636609
1346513308 244128024
1346513308 1346513170
67768440 67768438
67768440 67768441
67768441 339265743
67768441 339265631
29487759 1357275923
29487759 244128143
29487759 1037130776
29487759 244128135
59739032 163696786
59739032 59739002
29487757 68080230
29487757 1037131083
29487757 68082882
29487757 113281604
410553785 410553782
410553785 410553412
410553785 990043651
29487752 68080230
29487752 33453037
29487752 29487753
29487752 59739002
29487753 68081332
29487753 68129174
29487753 163696785
297188172 1346513325
297188172 1346513137
244128061 244128014
244128061 244128052
244128061 244128005
410560515 111049672
410560515 410560517
410560517 29663303
410560517 111049671
320819348 163700109
320819348 68081332
320819348 1346513341
59739547 113278402
59739547 104977603
59739547 223804210
79642155 29487858
79642155 243813693
79642155 73007808
851368926 72493129
851368926 72493004
851368926 851368962
501636625 501636601
501636625 501636621
1346513158 1346513322
1346513158 1346513295
223804210 191685461
223804210 113278746
223804210 191593498
191685375 191685353
191685375 1278048458
191685375 67770045
191685375 191685400
1346513406 68081332
1346513406 168195738
111049047 111049944
111049047 111050139
111049047 29663307
501636628 501636603
501636628 501636621
68080226 1346513297
68080226 320819852
1037132038 1037130793
320819852 68080224
320819852 320819850
1346513393 1346513161
1346513393 1346513299
1346513393 1346513208
410553782 281873482
410553782 394354272
339265228 30917446
339265228 358854472
339265228 1369587343
1346513279 1346513352
1346513279 1346513412
68082882 1037130804
68082882 316548254
68082882 1037130806
299403546 1037131541
299403546 1037131544
1346513270 400699782
1346513270 1346513295
68076548 68073758
68076548 113274295
400699344 400699326
400699344 400699345
400699598 444370898
400699598 312702024
400699598 400699640
1278048458 67770619
59739320 191591251
59739320 113278276
243819687 454227746
243819687 243819692
243819687 14417179
243819687 30117290
193586392 72490433
193586392 79621317
193586392 59739386
193586392 79620867
365479432 32093090
1037130787 1037130788
1037130787 1037130806
1037130787 1037131083
1037130787 1037131065
111049944 1217161314
1343387301 1335314434
1343387301 243813694
1343387301 1335314445
299403942 1037131254
299403942 14417179
299403942 454227094
299403942 299403939
73010090 73009730
73010090 79641853
73010090 73010092
73010090 113289297
73010092 113289298
73010092 801519624
73010092 79641850
501636779 501636785
501636779 501636606
501636779 501636609
68124656 30917458
68124656 68124654
68124656 191593213
68124654 30917455
68124654 67785699
243819752 243819868
243819752 314783816
501636673 501636678
501636673 501636669
320819010 320819002
320819010 320818997
320819010 320818959
29670474 12067398
29670474 72490555
29670474 1124655502
168194356 59738978
168194356 113274416
168194356 111048800
168194356 111048370
68073682 111048800
68073682 68073758
68073682 68073641
73008536 113290205
73008536 801519618
73008536 73008537
67771077 67770619
68108211 104973034
68108211 68108210
68108211 68108212
68108211 73007246
410561360 1217161314
454224644 454224649
454224644 33452917
113291987 113294188
113291987 73010959
113291987 68068033
113291987 59739530
454224649 163694858
454224649 400699536
188957149 191684750
188957149 188957168
704394424 67770045
704394424 801519616
704394424 67770866
68068033 191685260
68068033 68068063
68068033 68068032
68068032 26580616
68068032 113294188
72489888 72490433
72489888 59739386
72489888 59739398
193586474 79621317
193586474 323067953
193586474 59739389
68080224 163700109
68080224 316548229
68080224 26498334
72475744 191684782
72475744 72475745
72475744 59739383
72475745 59739384
72475745 393568340
72493130 501636613
72493130 851395390
72493130 851305312
1135452247 1135452252
1135452247 1135452240
1135452247 111049671
68076549 111048095
68076549 113274241
68076549 410559494
1135452240 1135452239
1135452240 113278835
1135452243 68076076
1135452243 1135452238
151611197 610445422
151611197 243813696
191684750 188957119
191684750 851354478
191684750 851319406
1135452252 113278834
1135452252 113278835
244128024 1188517973
244128024 244128014
191681765 501636641
191681765 501636669
191681765 501636712
191681765 501636695
1357275718 299404233
1357275718 299404080
1341970560 454227782
1341970560 243431547
1341970560 1345506036
297188178 291712023
297188178 297188177
59739552 29663303
59739552 113284728
59739552 113284141
291711482 291712023
291711482 1037131313
104977286 191685461
104977286 104977603
104977286 104977307
68068047 29670473
68068047 68068052
68068047 191593213
72490560 72490558
104977289 104977310
104977289 104977292
104977289 59739550
1346513250 117097165
1346513250 59739398
297188177 1346513325
454227746 454228724
454227746 21834600
299404064 299403549
299404064 1037131548
1346513352 1346513208
59738820 12067398
59738820 1124655504
59738820 59739250
113290199 73007920
113290199 73006269
113290199 113290202
501636735 501636707
501636735 501636781
320819818 400737679
320819818 163696786
320819818 223766777
454225958 319439607
454225958 400699533
454225958 163700040
73018649 73018955
73018649 73019162
73018649 29663302
73018649 26580592
191593213 67785699
12067395 990043710
12067395 223791043
1357275923 299403490
316548229 316548228
61091100 29487851
61091100 30917458
61091100 113287499
61091100 130167057
736064983 736064977
736064983 736064982
501636717 501636785
501636717 501636815
501636717 501636712
444370898 444370897
444370898 444370899
444370899 163700606
444370899 312702024
501636656 501636662
501636656 501636653
501636653 501636650
501636653 501636719
501636719 501636789
501636719 501636815
72474642 72474641
72474641 191684782
72474641 72475843
191685327 191685301
191684687 191684660
1346513128 117097166
1346513128 1346513294
501636789 501636793
501636785 501636781
501636781 501636712
501636781 501636603
311905689 319439607
311905689 316547839
130167072 130167667
130167072 73018956
130167072 29663297
428997633 953584345
428997633 428997634
428997634 72493005
428997634 851354478
188957119 188957197
73007810 29487849
73007810 29487857
73007810 73007809
73007810 113289301
113284141 79642243
113284141 113284190
68073641 68074521
68073641 68073698
168181814 163694858
168181814 223766777
1346513223 1346513359
79642243 223804377
79642243 113278402
1346513226 1346513297
67785699 68068052
400699782 320819246
281873482 1305392787
358864214 191685249
130167053 130167054
130167053 663236118
130167053 663236115
990043712 1124655504
990043712 990043717
1335374141 73004268
1335374141 1335314424
1335374141 1335314435
990043711 33625606
990043711 33625604
188957168 188957197
990043717 1346513275
990043717 990043715
990043714 736064982
990043714 990043715
1188517973 299404243
1188517973 1037130776
113278746 223804377
113278746 113278402
113278746 113278747
72475845 72475843
72475843 68071481
323067953 79620462
104977310 25629747
104977310 113292437
104977310 1369587343
1335374142 243427187
1335374142 1335360167
72490555 72490558
72490555 59739398
73007920 79641690
73007920 73008533
1346513359 1346513192
1037131535 299404224
1037131535 299404235
610445576 244128176
610445576 610445575
610445575 244128164
73004973 73005232
73004973 73004517
73004973 73004876
73004973 73004974
400699533 163700039
400699533 400699532
400699533 400699534
400699532 400699536
400699534 163700108
400699534 400699326
400699534 163700607
400699536 454225932
30917446 29670473
30917446 68068052
410559420 113274416
73008534 801519618
73008534 113290204
73008534 73008533
73008534 79641850
322496709 29663301
322496709 322496983
73008533 79641853
73008533 113290202
59739384 339265359
59739384 79621320
59739384 59739383
1037147044 400751959
482075217 506072621
59739383 79620462
59739389 68073698
59739389 851368962
113289300 26580594
113289300 801519617
113289300 29487857
113289300 113289301
113289301 73004527
113289301 73007812
1037131254 1037131253
223618308 223618442
1135452238 29663305
1135452239 29663303
1135452239 29663304
1037131253 454226969
1345505291 1335314428
320819850 113281604
1037131313 411291902
104970348 61090370
79621318 79621317
79621318 79620462
79621318 79621320
79621318 79620867
244128154 244128143
1124655504 1124655502
1124655504 1124655475
1124655502 59739404
244128014 244128044
851413173 851354495
1346513208 1346513381
59739550 68076078
59739550 104977292
59739550 113292437
59739550 113278748
59739550 191593498
113284728 113284190
113284728 243813694
191593498 191685443
191593498 113278747
1346513161 1346513192
191685461 191685443
1335342361 1335314424
1335342361 243427187
322497870 29663301
322497870 322497879
68083547 113274241
68083547 111048435
191684660 191684725
59738978 1346513373
1346513366 1346513412
1346513366 1346513195
113278747 113278748
113278747 191591251
113278748 191591928
59738977 33453037
59738977 59739002
59738977 59739001
59738977 59738818
73004862 73004514
73004862 223783035
73004862 73004517
73004862 73004527
851395407 72493005
1124655476 410553412
1124655476 1124260568
1124655476 1124655475
1124655475 736064982
1124655475 59738818
163700108 400699338
163700108 163700040
1130779724 68108214
1130779724 130167069
1130779724 659627270
1130779724 68108212
191685443 191685420
191685443 104977307
111044925 113275415
111044925 223618645
990043684 223701822
990043684 33625606
501636820 501636707
501636820 501636824
501636820 501636724
410559492 410559494
299403490 1276954322
410559494 113274295
117125888 411291902
117125888 863043258
1124260568 1305473669
1124260568 59738818
704394432 704394431
704394431 67769468
704394431 67770046
704394431 704394425
73006269 68108210
73006269 73007246
505063200 505063201
505063200 104977603
505063200 113284191
505063201 358853430
505063201 243813696
73007808 130167054
73007808 73007809
223701822 223698517
223701822 990043651
1037130793 1037130792
1037130793 168200003
1037130792 1037130788
1037130792 1037130867
339265631 736064977
339265631 506072621
1335314428 1335314440
1335314428 1335314435
501636613 501636824
501636616 501636637
501636616 501636633
1037130778 244127996
68076076 68073758
68076076 68076077
68076077 191685301
68076077 68078222
68076078 113276696
68076078 191591928
68076078 59739543
68129174 68080230
68129174 113281604
68129174 1346513297
113284191 113284190
113284191 243813695
1037130776 1037130775
1357275790 1276954324
1357275790 1276954323
117097166 117097165
320818959 320818958
320818959 320818954
320818958 320818997
320818958 320818996
394354272 1305392782
1305392783 1305392782
1305392783 410553412
1305392783 1305392784
243819868 243819920
610445367 610445338
610445367 610445422
26498334 68129169
223791043 59739400
223791043 79620869
320818954 320819002
320818954 320819246
316548329 243819739
316548329 454227782
316548329 314783816
1346513181 1346513322
1346513181 1346513341
68080230 33453037
1037130801 316548254
1037130801 1037130804
68071481 72476567
68071481 851324055
1353397449 1217161314
25007285 33453056
25007285 73004266
111048370 113274241
111048370 111048435
410550522 1305473666
1343531765 1341970557
1343531765 1335314434
1343531765 1335380831
410550520 1305392784
410550520 1305473666
191684725 857431581
501636824 72493129
29663297 29663302
29663297 130167666
29663297 73012884
73004994 73005232
73004994 73008537
73004994 113290208
73004994 73004876
314783816 454229324
29663299 73019163
29663299 29663298
29663299 104973033
29663298 104973034
29663298 73019162
29663298 26580592
163700040 454225932
72493129 366564407
223783035 33453056
223783035 73004266
223783035 73004268
366564407 851305312
1085007952 1085007938
1085007952 79620868
1085007952 79620869
163696785 1346513299
26580615 26580616
26580615 25629747
26580615 29487855
104977292 29487855
104977292 104977307
104977293 851324055
104977293 358854472
851354514 851354516
851354516 851354490
111048095 113278832
111048095 29663305
111048095 111050139
73002753 73004266
339265743 1085007922
339265743 67768438
801519608 801519618
801519608 79641850
801519608 801519624
501636712 501636707
163700039 163700607
163700039 223766777
244128164 244128176
244128164 243427187
113278276 223804377
113278276 29663304
316548254 1037130809
1085007922 67770569
1085007922 1085007938
113292437 59739543
454227094 21834600
501636641 501636650
243431547 243427187
243431547 1341970558
358854472 851305312
1346513137 299404243
299404065 299403930
299404065 299403939
243813693 1335360167
243813693 243813696
243813695 243813694
12067398 1346513294
243819728 299404078
243819728 243819733
243819728 243819692
990043651 1305392787
191591251 223804377
191591251 191591928
501636793 501636669
501636793 501636790
501636790 501636724
59739543 68073698
299404078 299404079
299404079 1357275807
454226969 168199756
454226969 244119741
454225932 319439607
244119735 244119741
400737679 1346513341
243427187 1335360167
243427187 1341970558
663236115 130167059
663236115 663236114
663236114 801519622
79641690 73009730
79641690 79641853
663236118 73010959
73007809 29487858
299404226 299404236
501636815 501636810
1037130809 33453037
1305392782 1305392787
1037130806 1037130805
1037130805 1037130804
1037130804 244127996
59739537 130167057
59739537 113294188
59739537 59739530
223618645 223618442
223618645 29663307
73004527 29487859
73004527 29487849
1341970557 1341970553
243819739 243819733
400699338 400699345
73007247 113290204
73007247 659627270
73007247 68108212
73007247 73007246
73007246 113290202
73007249 68108215
73007249 113290208
73007249 73007813
168195738 1346513299
168195738 163696786
501636724 501636687
104977307 59739319
79620868 72490433
79620868 79620867
79620868 72490435
79620869 1085007938
79620867 315733159
73020037 61090370
73020037 73020039
73020037 26580590
30917455 30917458
30917455 43095938
73007248 113290205
73007248 68108214
73007248 659627270
73007248 73007813
67784084 30917458
73020039 322498280
73020039 29487853
1037130875 1037130872
1037130875 168199756
1037130875 68129169
73018955 26580591
73018955 73018956
73018956 29487853
73018956 29663302
358853430 130167054
358853430 59739319
111048435 33453037
1037131068 1037130872
1037131068 1037131065
73009730 113287499
506072620 506072621
1037131065 1037130867
79621320 315733159
801519622 801519617
801519622 29487857
801519622 59739318
113289297 113289298
113289297 29487851
113289297 113287499
113289298 59739318
113289298 801519617
299404080 1357275807
68073698 68073758
73019163 73019162
244128005 244127996
244128005 244128071
29663305 29663304
29663307 33453028
67770619 339265359
1037131548 299403930
73010949 73010952
73010949 59739530
68074339 68074338
68074338 113276696
68074338 191685301
1037131541 299404237
1037131544 299403549
191685353 67770569
191685353 67770568
1346513170 1346513340
1037131537 299404236
851354545 851354491
1346513373 68074520
322498280 61090938
322498280 322498291
168200003 168199756
168200003 1037130867
163700109 320819002
501636691 501636687
501636691 501636695
73004876 29487859
163700607 400699327
163700607 400699649
851354490 851354491
851354490 851354495
851354491 953584345
33453056 1335314435
1037130872 168199756
1037130872 1037130867
113290205 113290207
113290205 801519615
113274295 113274416
29487849 73004514
29487849 29487858
30117290 14422290
501636678 501636682
113290207 73008537
113290207 113290208
113290207 73007813
1346513294 68074521
68108214 26580593
68108214 68108215
1335314440 1335380831
68108210 104973033
68108212 104973035
1335314445 1341970558
1335314445 1335314434
1335314445 1335360167
339265359 67770569
704394425 67770260
704394425 67770261
704394425 801519616
73007812 29487859
73007812 26580594
1345506036 1341970556
501636609 857431581
501636609 501636601
130167058 29487851
130167058 130167057
130167058 59739530
130167058 130167059
130167059 73010959
130167059 59739318
501636606 501636810
501636606 72493005
501636601 501636637
501636603 501636633
68129169 113281604
1276954323 1276954322
315733159 72490435
113290204 801519615
113290204 113290202
400699649 320819246
400699649 400699640
1346513201 117125892
1346513201 117125889
400699640 400699327
33625606 736064977
72493004 501636810
104973034 104973035
104973034 104973033
104973035 130167069
104973035 26580592
79641853 79641850
73004514 73004268
73004517 29487859
73004517 73004266
61090938 29663301
61090938 104970910
61090938 61090939
61090939 322498292
72490435 1085007938
113274241 113274416
243819920 243819925
1369587343 29670473
1369587343 851368962
1305473661 1305473669
1305473661 1305473667
67769468 67770260
1305473667 1305473666
1305473669 59739002
1037130943 1037130941
1037130943 1037130944
68068063 73010959
68068063 191685249
32093090 411291902
191685249 191685260
191685249 59739319
1346513275 1346513143
191684782 393568340
244128176 610445422
59739001 59739000
59739000 59739250
59739000 59738818
25783608 393568340
191685260 29487855
191685260 191685282
1346513412 1346513241
117125889 863043258
1346513381 1346513241
104970910 104971140
73005232 73005233
104971140 29663301
801519618 801519615
68074520 68074521
68074520 111048800
113275415 223618442
801519615 659627270
801519616 67770568
801519616 67770566
801519617 801519624
312702024 400699327
312702024 400699450
299404233 299404243
299404233 299404235
29663302 29487856
59739319 29487855
59739318 29487851
25629747 26580616
25629747 29670473
454227782 244128143
400699326 400699450
400699326 400699327
113278832 113278834
61090370 26580591
61090370 29487853
67770046 67770261
67770046 67768438
67770045 67770568
59739400 72490558
59739400 59739404
953584345 851324055
953584345 851354478
316547838 316547839
316547839 33452918
26580594 801519624
26580591 29487853
26580590 322498292
26580593 73012884
26580593 130167069
26580593 130167663
26580592 29487856
67770568 67770261
67770566 67770260
67770566 67770866
1341970555 1341970556
1341970555 1341970558
1341970555 1341970553
73010959 73010952
73012884 130167665
73012884 29487856
322498292 322498291
501636687 501636682
130167665 130167666
130167665 130167663
130167667 130167666
29487856 130167069
111049672 111049671
501636669 501636666
501636662 501636666
