68073905 120.9900805 14.6070775
1037130750 120.9914845 14.6006317
1037130757 120.9926057 14.6012702
1037130755 120.992655 14.6009582
1037130754 120.9919737 14.6008079
990043648 120.9848198 14.6013013
1037130758 120.9925026 14.6014617
410561356 120.9958443 14.6006845
400699554 120.9846278 14.59571
79620934 120.9891575 14.6064115
1346513238 120.9888649 14.5985622
130167086 121.0016268 14.6096199
704394440 120.984747 14.6064823
79641844 121.0004851 14.606642
79641847 120.9994696 14.6077233
59739284 120.989231 14.6037655
25629730 121.0013255 14.596784
299406317 120.9976735 14.5983023
1353397426 120.9965625 14.6009837
111049906 120.9935741 14.6020761
990043709 120.9856021 14.6047523
143639083 120.9873346 14.6067973
851354498 120.9892061 14.6107913
163694856 120.9868487 14.6007534
320819226 120.9862244 14.5965975
191684705 120.9897233 14.610145
320819225 120.9892059 14.5961307
68073155 120.9868643 14.6051341
400699555 120.9844906 14.5958345
111047883 120.9932056 14.6059588
72492864 120.9896725 14.6071376
72492865 120.9882477 14.6086907
168191716 120.98394 14.5979839
67766371 120.9839653 14.6065978
1037131539 120.9959209 14.5979582
394355701 120.9844301 14.6042904
1037130950 120.9963969 14.5979698
1335374143 121.0003068 14.6013428
394355702 120.9845627 14.604399
1335374144 120.9970274 14.6007315
1037131536 120.995481 14.5977506
163694860 120.9845109 14.6006376
113276757 120.9932056 14.6047711
113276756 120.9930511 14.604904
111049607 120.9978081 14.6020504
111049605 120.9960843 14.6015689
1346513306 120.9886206 14.5997359
501636748 120.9899777 14.6097901
1346513308 120.9954813 14.600125
67768440 120.9857248 14.6074034
67768441 120.9858107 14.6072539
29487759 120.9980134 14.5995059
59739032 120.9874967 14.6004678
29487757 120.9930553 14.5983045
410553785 120.9856419 14.6027879
29487752 120.990879 14.6003518
29487753 120.9902626 14.599094
297188172 120.9955007 14.6002025
244128061 120.9948379 14.5987267
410560515 120.9959556 14.6024909
410560517 120.995808 14.6030314
320819348 120.9895276 14.5973455
59739547 120.9961678 14.6050224
79642155 120.9983523 14.6041149
851368926 120.9909431 14.6083155
501636625 120.9898659 14.6094816
1346513158 120.9866239 14.5974203
223804210 120.9953371 14.6058797
191685375 120.9855715 14.6107967
1346513406 120.9894727 14.59848
111049047 120.9927931 14.6019432
501636628 120.9899041 14.6094424
68080226 120.9896001 14.5975693
1037132038 120.9952434 14.5974483
320819852 120.9895976 14.5973449
1346513393 120.9895555 14.599393
410553782 120.9850834 14.6015649
339265228 120.991697 14.6108164
1188483875 120.9920826 14.6007796
1346513279 120.9903249 14.6000086
68082882 120.9932254 14.5983442
299403546 120.9964376 14.5976793
1346513270 120.986258 14.597376
68076548 120.9912395 14.6048037
400699344 120.9839326 14.5968064
400699598 120.9850227 14.5962397
1278048458 120.985816 14.6107878
59739320 120.9934781 14.6062056
243819687 120.9992476 14.59722
193586392 120.9878696 14.6072736
365479432 120.985113 14.6030877
1037130787 120.9937966 14.5978129
111049944 120.9936342 14.6018518
68081332 120.9895378 14.5975359
1343387301 120.9991726 14.6012913
299403942 120.9971422 14.5966584
73010090 120.9961658 14.6106345
73010092 120.9971823 14.6095776
501636779 120.9894777 14.609365
68124656 120.994231 14.611061
68124654 120.9931814 14.6121575
243819752 120.9986355 14.6007658
501636673 120.9908999 14.6083844
320819010 120.9880775 14.5963542
29670474 120.9880306 14.6054044
168194356 120.9898029 14.6042973
68073682 120.9899933 14.6050337
73008536 120.999753 14.6079687
67771077 120.9862431 14.6118561
68108211 120.9973514 14.6117403
410561360 120.9959728 14.6009626
454224644 120.9844962 14.6005803
113291987 120.9947713 14.6093893
454224649 120.9846727 14.6005803
188957149 120.9864681 14.6099311
704394424 120.9847129 14.6108374
68068033 120.9945102 14.6091516
68068032 120.9935045 14.610248
72489888 120.9886326 14.6059321
193586474 120.9884414 14.6077827
68080224 120.9895818 14.5965438
72475744 120.9869154 14.6104279
72475745 120.9863337 14.611091
72493130 120.9898638 14.6101766
1135452247 120.9945734 14.6031954
68076549 120.9913511 14.6030645
1135452240 120.9949638 14.6035651
1135452243 120.9923567 14.6047486
151611197 121.0014364 14.5969105
191684750 120.9877178 14.6110518
1135452252 120.9942061 14.6039329
244128024 120.9958056 14.5989616
191681765 120.9908033 14.6084648
1357275718 120.9963887 14.5986576
1341970560 120.9992551 14.600595
297188178 120.9934836 14.6008171
59739552 120.9967289 14.6033886
291711482 120.9916562 14.6006473
104977286 120.9959297 14.6064018
68068047 120.9934273 14.6103287
72490560 120.9863938 14.6072787
104977289 120.9933462 14.6091177
1346513250 120.9882908 14.6057856
297188177 120.9937068 14.6008088
454227746 120.9991798 14.5967499
299404064 120.9960341 14.5971727
191685400 120.9856593 14.6118978
1346513352 120.9900031 14.5993164
59738820 120.9880308 14.6052773
113290199 120.9959424 14.6124803
501636735 120.9902166 14.6093553
320819818 120.9865165 14.5984741
454225958 120.9841938 14.5979547
73018649 120.9990547 14.61124
244128052 120.9946533 14.5995769
191593213 120.9939823 14.6108345
12067395 120.985435 14.6045848
1357275923 120.9979331 14.5993623
316548229 120.9891472 14.5958116
61091100 120.9945857 14.6112326
736064983 120.9850024 14.6032528
501636717 120.9905933 14.6084122
444370898 120.9850227 14.5960238
444370899 120.9845965 14.5960467
501636656 120.9907948 14.6083447
444370897 120.9855033 14.5959822
501636653 120.990768 14.6083654
501636719 120.9906828 14.6083112
72474642 120.9865441 14.6119597
72474641 120.9874937 14.6109479
191685327 120.9909239 14.6078456
191684687 120.9892741 14.6106171
1346513128 120.9882723 14.6053782
454228724 121.0010766 14.5960938
501636789 120.9907469 14.6082388
501636785 120.989906 14.6090831
501636781 120.990069 14.6092349
311905689 120.9838554 14.5980795
130167072 121.0014079 14.609417
428997633 120.9886903 14.6112888
428997634 120.9880356 14.6107139
188957119 120.9897138 14.612906
73007810 120.9996791 14.6058831
113284141 120.9963899 14.6037245
68073641 120.9889619 14.6060863
168181814 120.9851175 14.6006672
1346513223 120.9895532 14.5998575
79642243 120.995626 14.6045219
1346513226 120.9903723 14.5980828
67785699 120.9929352 14.6119175
400699782 120.9861999 14.5973363
281873482 120.9849277 14.6016404
358864214 120.996735 14.6063271
68073247 120.9863814 14.6056924
130167053 120.9968515 14.6075037
990043712 120.9875179 14.605169
1335374141 121.0016243 14.6015409
990043710 120.9855136 14.6046949
990043711 120.9854153 14.6047283
188957168 120.9894515 14.6067528
990043717 120.9870304 14.6050129
990043714 120.9855628 14.6046278
990043715 120.9856464 14.60469
1188517973 120.9964075 14.5990972
113278746 120.9950684 14.6056429
72475845 120.9867864 14.6121813
72475843 120.9877329 14.6111629
323067953 120.9878897 14.6083647
104977310 120.9928488 14.6096015
1335374142 120.9996511 14.601065
72490555 120.9881113 14.605456
73007920 120.9956773 14.6122364
1346513359 120.9894183 14.5995855
1037131535 120.9953523 14.5980101
610445576 121.0014515 14.599745
610445575 121.0013978 14.6000773
73004973 121.0017038 14.6045896
400699533 120.9845313 14.5978991
400699532 120.9846879 14.5987749
400699534 120.9844121 14.5973143
73004974 121.0020112 14.6036991
400699536 120.9843197 14.5988613
30917446 120.9918019 14.6109062
410559420 120.9904195 14.6047418
73008534 120.9977065 14.6100334
322496709 121.000948 14.6128327
73008533 120.9966646 14.6111151
59739384 120.9862318 14.6098132
1037147044 120.9842344 14.6037044
59739386 120.9888767 14.606155
482075217 120.9850017 14.6057299
59739383 120.9863982 14.6099629
59739389 120.9894438 14.6066775
113289300 120.9989152 14.6072197
113289301 120.9999392 14.6061596
1037131254 120.9961989 14.5958371
223618308 120.9961943 14.6004963
1135452238 120.9931941 14.6046143
1135452239 120.9952505 14.6038426
1037131253 120.9950367 14.5970292
1345505291 120.9962154 14.6006363
320819850 120.9908936 14.5974696
1037131313 120.9915382 14.6005279
104970348 120.9996262 14.6128327
79621318 120.9871189 14.6086197
79621317 120.9881515 14.6075245
244128154 120.9996612 14.5989135
1124655504 120.9879207 14.6052512
1124655502 120.9879557 14.6053672
244128014 120.9952871 14.5988295
851413173 120.9900973 14.611631
1346513208 120.9896726 14.5994603
59739550 120.9932685 14.60802
113284728 120.9973714 14.6036689
191593498 120.9942979 14.606948
1346513161 120.9895349 14.5994616
191685461 120.9955769 14.606091
1335342361 121.0004575 14.601185
322497870 121.0021083 14.611208
68083547 120.9916263 14.6009338
191684660 120.9887022 14.6101075
322497879 121.0014642 14.6133769
59738978 120.9894164 14.6041572
1346513366 120.9900561 14.6006914
113278747 120.994032 14.6067072
113278748 120.9932743 14.6074787
59738977 120.9881791 14.6017928
73004862 121.0009972 14.6043485
851395407 120.9891818 14.6095434
1124655476 120.9870928 14.6021227
1124655475 120.9871637 14.6022479
163700108 120.9839862 14.597378
1130779724 120.9994317 14.6095724
851319406 120.987675 14.611084
191685443 120.9945693 14.6071938
111044925 120.9926557 14.601204
990043684 120.9846733 14.6013478
501636820 120.9909074 14.6085888
410559492 120.9916984 14.6038364
299403490 120.9972386 14.5987596
410559494 120.9912943 14.6038044
117125888 120.9910475 14.5984387
1124260568 120.9871902 14.6020734
704394432 120.9843689 14.6065382
704394431 120.9844568 14.6075948
33625604 120.9855136 14.6048097
73006269 120.9962149 14.6127308
505063200 120.9973352 14.6048985
505063201 120.9974511 14.6049909
73007808 120.9981289 14.6044755
223701822 120.9849729 14.603096
1037130793 120.9948891 14.5969862
1037130792 120.9947676 14.5970186
339265631 120.9853858 14.6049677
1335314428 120.9970023 14.600818
501636613 120.9901461 14.6099289
1335314424 121.0004122 14.6013649
501636616 120.9898383 14.6094201
1037130778 120.9938717 14.5989134
68076076 120.9910928 14.6060362
68076077 120.9916591 14.6065525
68076078 120.992728 14.6075272
68129174 120.9903725 14.5990418
113284191 120.9974954 14.6046986
1037130776 120.9977855 14.5994404
1357275790 120.9985593 14.5976867
117097166 120.9883567 14.6054551
320818959 120.9874947 14.5964397
320818958 120.9872029 14.5960493
394354272 120.9855498 14.6013508
1305392783 120.9858713 14.6020752
243819868 120.9985498 14.60128
610445367 121.0021541 14.5988311
26498334 120.9913081 14.5965311
223791043 120.985948 14.6071441
320818954 120.9877875 14.5967771
316548329 120.9990522 14.6002548
113278402 120.9958804 14.6047569
1346513181 120.9866787 14.5977537
68080230 120.9909654 14.6002859
1037130801 120.9916455 14.5999517
68071481 120.9879983 14.6114016
1353397449 120.9934898 14.6014894
25007285 121.0022682 14.6015631
111048370 120.9904242 14.6028153
410550522 120.9866945 14.6008712
1343531765 120.9986011 14.6012101
410550520 120.9863168 14.6011038
191684725 120.9891514 14.6096354
501636824 120.9912047 14.6088795
316548228 120.9892288 14.595681
29663297 121.0010748 14.6091321
73004994 121.0015854 14.6060411
314783816 120.998755 14.6006197
29663299 120.9967302 14.6132048
29663298 120.9977715 14.6121262
163700040 120.984115 14.5979677
72493129 120.9913723 14.6087134
223783035 121.0014712 14.603007
366564407 120.9921493 14.6094069
79620462 120.9873964 14.6088922
1085007952 120.9863183 14.6078299
68068052 120.9923493 14.611419
163696785 120.9897626 14.5993133
26580615 120.9933552 14.6092473
104977292 120.9938732 14.6085713
104977293 120.9897202 14.6129497
851354514 120.9899103 14.6118256
851354516 120.9892787 14.6112585
111048095 120.993137 14.6033425
163694858 120.9846825 14.6006424
73002753 121.0022344 14.6032506
1346513322 120.986636 14.5977124
339265743 120.985882 14.6078257
801519608 120.9984767 14.6087517
501636712 120.9907401 14.608531
163700039 120.9849218 14.5978348
244128164 121.0000591 14.6000201
113278276 120.9945119 14.6051526
68078222 120.9906216 14.6075934
244128044 120.9951081 14.5996686
316548254 120.9915494 14.59997
1085007922 120.9859216 14.608084
113292437 120.992253 14.6090602
454227094 120.9973344 14.5963263
501636641 120.9907843 14.6084454
243431547 120.9994354 14.6007732
188957197 120.9926618 14.6096799
358854472 120.9911803 14.6113699
1346513137 120.995674 14.6000826
299404065 120.9968238 14.5969401
243813693 120.9980865 14.6039861
243813695 120.9978274 14.6041294
243813694 120.9978507 14.6039329
243813696 120.9978459 14.6043171
12067398 120.9880846 14.6052935
243819728 120.9994322 14.59848
990043651 120.9852236 14.6029906
191591251 120.9937532 14.6064547
410560178 120.9962666 14.6016128
501636793 120.9908905 14.6083545
501636790 120.9910215 14.608461
59739543 120.9917339 14.6085911
299404078 120.9972993 14.598543
299404079 120.9970236 14.5988555
454226969 120.9948212 14.596676
454225932 120.9841461 14.5981296
244119735 120.9957383 14.5956805
400737679 120.9867022 14.5978391
243427187 120.9995751 14.6009251
663236115 120.997439 14.6076957
663236114 120.9975938 14.608002
79641690 120.9953856 14.6119681
113284190 120.9970028 14.6042645
663236118 120.9966772 14.6074466
299404224 120.9953952 14.597844
73007809 120.9986827 14.6050851
299404226 120.9957852 14.5978953
320818997 120.9879926 14.5958167
320818996 120.9862588 14.5961822
501636815 120.9906288 14.6083721
1037130809 120.9912238 14.6002859
1305392782 120.9858365 14.6019968
1037130806 120.993608 14.5979883
1037130805 120.9936518 14.5980621
1037130804 120.9933129 14.5983664
1305392787 120.9850865 14.6023232
1305392784 120.9863484 14.6018413
59739537 120.9940624 14.6107504
223618645 120.9926119 14.6015276
73004527 121.0006163 14.6054445
501636621 120.9898949 14.6094689
1341970557 120.9986299 14.6010425
243819739 120.9997741 14.5988804
400699338 120.9839498 14.5971552
73007247 120.998257 14.6105317
73007246 120.9972162 14.6116181
73007249 121.0022244 14.606422
168195738 120.9894176 14.5992801
243819733 120.9996394 14.5985376
501636724 120.9909653 14.6085204
104977307 120.9948952 14.6074889
319439607 120.9841854 14.5980176
79620868 120.9865983 14.6081059
79620869 120.9859888 14.6075052
79620867 120.9868525 14.6083565
73020037 121.0003985 14.612234
1037131083 120.9936893 14.5977194
30917455 120.9934528 14.6124152
73007248 121.0002701 14.6084305
67784084 120.9950521 14.6118093
30917458 120.9945061 14.6113118
73020039 121.0008697 14.6108535
1217161314 120.9935696 14.6016524
1037130875 120.9945479 14.5967023
73018955 120.9993688 14.6115271
14417179 120.9978935 14.5971813
73018956 121.0003472 14.6105146
358853430 120.9972892 14.6051934
111048435 120.9912739 14.6006724
322496983 121.0009995 14.6133809
59739398 120.9883748 14.6056967
1037131068 120.993861 14.5975325
73009730 120.9951271 14.6117304
506072620 120.984543 14.6051088
104977603 120.9967551 14.6055649
1037131065 120.9939772 14.5976553
79621320 120.9862119 14.6095816
801519622 120.9976488 14.6080084
113289297 120.9958894 14.6103709
113289298 120.9969143 14.6093225
299404080 120.9966359 14.598683
68073698 120.9895247 14.6065949
73019163 120.9970005 14.6134533
73019162 120.9980244 14.6123569
29663303 120.9959951 14.6030684
244128005 120.9944184 14.5986428
29663305 120.9931455 14.6039488
29663304 120.9942297 14.604904
29663307 120.9926557 14.6015974
67770619 120.986154 14.6107755
1037131548 120.9961033 14.5970861
73010949 120.9959086 14.6087572
68074339 120.9912131 14.6081089
68074338 120.9921841 14.6070312
1037131541 120.996393 14.5978544
1037131544 120.9964144 14.5976052
410553412 120.9860933 14.6025541
191685353 120.9854694 14.6094893
191685420 120.9940438 14.6077947
244119741 120.9952885 14.5961809
1346513170 120.9953529 14.6001586
1037130775 120.9976786 14.5998499
1037131537 120.9956212 14.597723
851354545 120.9893095 14.6124251
1346513373 120.9894021 14.6045191
322498280 121.001228 14.6109644
610445338 121.0015007 14.6012164
168200003 120.9948051 14.5968784
163700109 120.9894362 14.5965456
163700606 120.9845785 14.5959493
501636691 120.9908856 14.6084769
73004876 121.001268 14.6058422
501636695 120.9908609 14.6084823
163700607 120.9848188 14.5972534
851354490 120.9892732 14.6112374
851354491 120.9886832 14.6118425
33453056 121.0019733 14.6015235
117097165 120.9881528 14.6056648
244128135 120.9986432 14.5988467
1037130872 120.9946013 14.5968058
113290205 121.0000222 14.608215
113274295 120.9912487 14.6044553
29487849 121.0003308 14.6052271
1346513340 120.995148 14.6001451
30117290 121.001395 14.5963298
191591928 120.9932463 14.6069852
223766777 120.9858959 14.5982254
454229324 120.999463 14.6009611
501636678 120.9909117 14.6084125
113290207 121.001048 14.6071371
1346513297 120.98996 14.5982797
1346513294 120.9882259 14.6054213
1346513295 120.9865964 14.5973642
68108214 121.0004113 14.6085515
68108215 121.0023897 14.6064898
1335314440 120.9971934 14.6009366
1346513299 120.9895852 14.5992824
68108210 120.9963203 14.6128278
113290208 121.001924 14.6062528
68108212 120.998393 14.6106549
1335314445 120.999351 14.6009623
339265359 120.9860827 14.6096792
704394425 120.9845302 14.608574
73007812 121.0002186 14.6064051
14422290 121.0021915 14.5965861
73007813 121.0013146 14.6073784
1345506036 120.9992762 14.6007702
33453028 120.992856 14.6016451
223804377 120.9947981 14.6054048
501636609 120.989732 14.6095876
130167058 120.9953408 14.609886
130167059 120.9963668 14.6088218
130167057 120.9943079 14.6109715
501636606 120.9893938 14.6092916
1335314434 120.998645 14.601214
501636601 120.9898427 14.6094728
501636603 120.9898939 14.6094185
736064982 120.9852225 14.6031511
68129169 120.9923381 14.5965726
1276954324 120.9991102 14.5976316
1276954323 120.9975062 14.5972941
1335360167 120.9995272 14.601021
315733159 120.9861593 14.6090946
299404668 120.9990755 14.5980801
113290204 120.9980037 14.6103052
400699649 120.9851004 14.5972082
1346513201 120.9905755 14.5971182
400751959 120.9841815 14.6042715
400699640 120.9850484 14.5965406
33625606 120.9853514 14.6045895
291712023 120.9929957 14.6006274
72493004 120.9906639 14.6080567
104973034 120.9974962 14.6118734
104973035 120.9985357 14.6107853
1346513192 120.9894183 14.5995368
1346513195 120.9893086 14.6010277
79641853 120.9964338 14.6108812
79641850 120.997456 14.6098086
104973033 120.9964621 14.6129582
73004514 121.0006609 14.6041989
73004517 121.0013484 14.6044712
1335380831 120.9980461 14.6011276
61090938 121.0015488 14.6110636
61090939 121.0014529 14.6114321
506072621 120.9848618 14.6050838
1335314435 121.0018342 14.6015079
113276696 120.992454 14.6072773
117125892 120.9909788 14.5961961
72490435 120.9861106 14.608616
168199756 120.9947485 14.5967092
1276954322 120.9966072 14.5981567
113274241 120.9908453 14.6029355
243819920 120.998158 14.6019657
243819925 120.9985131 14.6024187
1369587343 120.9927546 14.609709
1305473661 120.9870285 14.6013912
67769468 120.9840597 14.6076194
1305473667 120.9867511 14.6014573
1305473666 120.9866577 14.6009543
1305473669 120.9872535 14.6020529
1037130943 120.9964895 14.5976052
1037130941 120.9963715 14.5975014
1037130944 120.996511 14.5977506
299403549 120.9960256 14.5973471
320819246 120.9862072 14.5970371
68068063 120.995539 14.608072
113290202 120.9969603 14.6113856
32093090 120.9905105 14.6006166
191685249 120.9952755 14.6078333
1346513275 120.9873965 14.6046211
191684782 120.9871874 14.6106725
400699345 120.9839755 14.5969891
244128176 121.0002305 14.5996928
59739002 120.9880932 14.601635
59739001 120.9888574 14.6030648
59739000 120.9877703 14.6042497
43095938 120.9945388 14.6133981
244128071 120.9942058 14.5995545
25783608 120.9863815 14.6119549
244127996 120.9939821 14.5985365
501636637 120.9898301 14.609451
191685260 120.9942485 14.6089141
851305312 120.9906932 14.6109208
501636633 120.989866 14.6094069
191685301 120.9919012 14.6067733
1346513412 120.9898703 14.6002065
851354495 120.9894657 14.6110444
1346513143 120.987377 14.6045699
117125889 120.9906804 14.5980546
411291902 120.9914349 14.5999541
1346513381 120.9898287 14.5997961
104970910 121.0019638 14.6098056
1085007938 120.9860449 14.6080632
73005232 121.0020509 14.6046997
73005233 121.0022086 14.6042805
72476567 120.9870513 14.6124235
223698517 120.9846228 14.603266
104971140 121.0023243 14.6099385
801519618 120.9987484 14.6089825
113274416 120.9904762 14.6044222
68074520 120.9894531 14.6046332
68074521 120.9884518 14.6056253
113275415 120.992725 14.6011331
801519615 120.999041 14.6092311
801519616 120.9845935 14.6095337
801519617 120.9979129 14.6082728
29663301 121.001882 14.6111414
312702024 120.9846366 14.5962645
299404233 120.9962387 14.5988215
1346513325 120.994498 14.600233
299404236 120.9957171 14.5977713
299404237 120.9962428 14.597979
299404235 120.9954059 14.5981451
299404243 120.9963002 14.5990245
29663302 121.0000422 14.6102096
1346513241 120.9897046 14.5998501
59739319 120.9949633 14.6075507
59739318 120.9966614 14.6090404
243819692 120.9992637 14.5983446
25629747 120.9929396 14.609691
299403939 120.9969697 14.5969401
454227782 120.9989189 14.6002846
851395390 120.9898378 14.6101408
59739250 120.9879677 14.6050637
299403930 120.9964204 14.5971395
113294188 120.9937723 14.6104891
1037130788 120.99392 14.5978025
863043258 120.9907862 14.5982233
400699326 120.9842759 14.5967399
400699327 120.9846965 14.5966403
130167054 120.997614 14.6052895
113278832 120.9932485 14.6034338
113278834 120.9933811 14.6036471
113278835 120.9944845 14.6040402
61090370 120.999956 14.6120597
400699450 120.984205 14.5963368
393568340 120.9863584 14.6115549
67770046 120.9848665 14.6075695
67770045 120.9851038 14.6108095
59739400 120.9867886 14.6063111
59739404 120.9876754 14.6053064
501636810 120.99048 14.6082355
191685282 120.9936833 14.6095088
1037130867 120.9947133 14.5969626
72490558 120.9870791 14.6065696
72490433 120.9876123 14.6070454
953584345 120.9883982 14.6115794
316547838 120.9839444 14.5983401
316547839 120.9838726 14.598001
223618442 120.9940238 14.6012001
68073758 120.9905752 14.6055643
851368962 120.9910913 14.6081839
67768438 120.9855961 14.6075197
26580616 120.9933729 14.6101182
29670473 120.9928448 14.6097924
610445422 121.0009522 14.5983441
21834600 120.9980124 14.596682
26580594 120.9991987 14.6074736
244128143 120.9986098 14.5999759
26580591 120.9996071 14.6117422
26580590 121.0007843 14.6123724
26580593 121.0005506 14.608676
26580592 120.998823 14.6110326
67770568 120.9850082 14.6095038
67770569 120.9860681 14.6094549
111048800 120.9896418 14.6047305
67770566 120.9841885 14.6095629
1341970555 120.9991521 14.6009226
73004268 121.0011095 14.6028616
1341970556 120.9992444 14.6008432
73010959 120.995796 14.6083046
1341970553 120.9987733 14.601065
59739530 120.9950771 14.6096563
73004266 121.0018139 14.6031127
1341970558 120.9993957 14.6008564
73010952 120.9957971 14.6084499
736064977 120.985376 14.6049246
33452918 120.9839138 14.5978019
801519624 120.9981995 14.6085163
73012884 121.0008422 14.6089327
320819002 120.9881355 14.5967213
33452917 120.9842854 14.5995298
851354478 120.9877665 14.6109962
1357275807 120.9968059 14.5987955
851324055 120.9883019 14.6116745
322498292 121.0009087 14.6121736
1346513341 120.9867611 14.5977714
322498291 121.0007506 14.6120852
59738818 120.9872713 14.6022037
501636687 120.9909036 14.6084613
501636682 120.9909127 14.6084372
163696786 120.9889215 14.5994379
130167665 121.0018538 14.6078807
130167667 121.0023445 14.6084477
130167666 121.0020675 14.6080962
130167663 121.0015549 14.6076247
67770866 120.9843 14.6108668
29487851 120.9956364 14.6100973
29487853 121.0005508 14.6107565
659627270 120.9992956 14.6094476
29487855 120.9939318 14.6086248
29487857 120.9986677 14.6069432
29487856 120.9998341 14.6099811
29487859 121.0009464 14.6056476
29487858 120.9990354 14.60452
111049672 120.9945274 14.6023209
111049671 120.9947586 14.6028236
501636707 120.9908671 14.6086364
501636669 120.9908829 14.6083647
113287499 120.9948531 14.6114784
501636662 120.9908504 14.6083444
501636666 120.9908738 14.6083546
501636650 120.990765 14.6083962
113281604 120.9916864 14.5979852
67770261 120.9849376 14.6085405
67770260 120.9841198 14.6086077
111050139 120.9931026 14.6029853
857431581 120.9894338 14.609887
72493005 120.9891575 14.6095213
73008537 121.0007602 14.6068917
130167069 120.9995717 14.6097007
33453037 120.9910247 14.6004791
