1127774648 72.8250767 18.9432945
245653820 72.8281574 18.9264471
245654338 72.8377144 18.9371265
1127774641 72.8251108 18.9433475
245654332 72.8341875 18.9372211
1127774642 72.8251169 18.9433199
245654336 72.8396412 18.9372797
489586494 72.828339 18.9430098
1127774646 72.8251014 18.9432993
486400969 72.8238009 18.9336106
486044578 72.8313331 18.9284931
666042308 72.8357026 18.9345717
1127798046 72.8251204 18.9433716
666042303 72.8356706 18.9343799
486400933 72.8242036 18.9360517
605220949 72.828132 18.9433717
245654386 72.8347077 18.9387246
245654385 72.8339883 18.9386721
245654380 72.8363301 18.9386106
245654381 72.8370029 18.9384347
528729378 72.8413084 18.9339882
486040864 72.8313696 18.9281242
666042735 72.8403321 18.9365455
662429758 72.8397056 18.9378023
245654207 72.8391638 18.9350978
245654205 72.8363496 18.9349288
245654204 72.8347883 18.934615
245654202 72.8269876 18.93493
495108550 72.83497 18.9325932
588669505 72.8339959 18.9420248
666064786 72.8395918 18.9370428
528686528 72.8330182 18.9280896
245653946 72.831326 18.9290488
245653940 72.8266982 18.9289149
245654339 72.8402463 18.9371443
486050974 72.8356001 18.9324177
485977586 72.829771 18.9258869
486004045 72.8283548 18.9263334
245654525 72.8233596 18.9425729
485963350 72.8303181 18.9385688
245654113 72.8358698 18.9324635
317158324 72.8339987 18.9283891
245654111 72.8327971 18.9330006
245654117 72.8300949 18.9326341
245654116 72.8272272 18.9330507
662488872 72.8349179 18.9353026
662474125 72.8339484 18.9348203
662488875 72.8340646 18.9349932
486004298 72.8281575 18.9261963
536839590 72.834775 18.9300768
662188952 72.8388849 18.9341286
245654066 72.8332606 18.9321888
245654063 72.8297844 18.9321063
245654062 72.828292 18.9320628
245654061 72.8275153 18.9322586
245654184 72.8411999 18.933642
245654186 72.832797 18.9345176
245654187 72.8339214 18.9345744
245654181 72.8333463 18.9343633
245654182 72.8354921 18.9343714
245654183 72.8358354 18.9343877
528741066 72.8318015 18.9337232
245654005 72.8348913 18.9306693
245654333 72.8363757 18.9371776
528729334 72.8416462 18.9341291
245653911 72.8261832 18.9282553
486040903 72.8330546 18.9275285
245654247 72.8334493 18.9354431
245654246 72.8392818 18.9356407
245654244 72.8349383 18.9355247
486024085 72.8280407 18.9329937
245654361 72.8357619 18.9381091
245654362 72.836373 18.9381253
486400963 72.8239815 18.9344154
245654364 72.8286612 18.9372898
245654365 72.8344225 18.9379808
486004270 72.8296079 18.9259599
486024082 72.8287426 18.9328849
245654369 72.8379694 18.9382096
245653866 72.823689 18.9269264
245653867 72.8331463 18.9270476
245653861 72.8258172 18.9270218
528713724 72.8338649 18.9294874
528713723 72.8345882 18.9294731
528729379 72.8411726 18.934457
666064880 72.8394965 18.9366386
528729346 72.8412428 18.9349491
528729348 72.8392442 18.9354829
245654138 72.8322267 18.9336804
245654566 72.8269788 18.942603
492487418 72.8237803 18.9296481
486027078 72.8236427 18.9336404
317162432 72.8370285 18.9337544
486027074 72.8272351 18.9331819
528644355 72.8266173 18.9264649
485958779 72.8293418 18.9427168
1033552607 72.8272715 18.9426863
1033552602 72.8271777 18.9426793
485958777 72.8279118 18.9428986
528622432 72.8229157 18.9258619
245654413 72.8348141 18.9397297
486004017 72.8270831 18.9264842
245654023 72.8352266 18.9313149
245654149 72.8359299 18.933592
245654021 72.833149 18.9312957
245654027 72.8260507 18.9313796
489624306 72.8289845 18.9431141
245654334 72.8369129 18.9372975
245654143 72.827139 18.9340852
662994545 72.840355 18.9340784
245653902 72.8321276 18.9281768
666042420 72.8371954 18.9353097
245653895 72.8242792 18.9282748
485958787 72.8279578 18.9420272
485958782 72.8282144 18.9413558
485958788 72.8281123 18.9424007
245653891 72.8325053 18.9278858
474706650 72.8309962 18.9351103
245654286 72.8346939 18.9363199
245654285 72.83393 18.936466
245654284 72.8331747 18.936466
245654283 72.8309173 18.9354025
245654329 72.8325224 18.9375214
245653810 72.8297882 18.9259924
245654325 72.8399888 18.9369515
245654326 72.8406861 18.9365464
245654320 72.8334322 18.9371318
245654322 72.8395179 18.9367418
245654323 72.8329429 18.9373266
1234802625 72.8345738 18.9380731
628636242 72.831221 18.9317685
628636243 72.8313002 18.9299996
489590444 72.8290875 18.9433333
245654379 72.835961 18.9385601
245654378 72.8357206 18.9385067
245654359 72.8273702 18.9371755
245654214 72.831913 18.9348423
528703861 72.8323765 18.9318397
245654219 72.8337714 18.9349371
486400953 72.8241181 18.9352157
317153587 72.8355098 18.9314206
245654355 72.8370066 18.937836
588669535 72.8341032 18.9410607
317152298 72.8289276 18.9263501
486044593 72.8313245 18.9277542
317143161 72.8260008 18.9272675
245653956 72.8344106 18.9288994
245653952 72.832428 18.9293066
245653951 72.8255693 18.9298884
528655931 72.8312989 18.9294925
666064754 72.8402141 18.9345565
317143182 72.823287 18.9270645
867053551 72.8318935 18.9266899
245654519 72.8295937 18.9417977
486400907 72.824304 18.936957
495098003 72.83504 18.9299878
485963328 72.8298289 18.9431313
245654104 72.8327456 18.9328626
245654105 72.8320933 18.9329763
245654103 72.828711 18.9327313
245654108 72.8280151 18.9328737
245653923 72.8282177 18.9284465
1127749936 72.8294448 18.94175
245653974 72.8320246 18.9303851
245654493 72.8323832 18.9414486
486390343 72.8238979 18.9414581
245654079 72.8270377 18.9325649
486300765 72.8297853 18.9269875
245654072 72.8326426 18.9322375
245654075 72.831286 18.9323355
245654077 72.8318616 18.9323511
245654172 72.8370886 18.9344689
245654175 72.834754 18.9343065
662994578 72.8403129 18.9341668
662994575 72.8402099 18.9342073
245654178 72.839019 18.9345295
662994577 72.840268 18.9341958
662994570 72.8400886 18.9341457
662994572 72.8401363 18.9341885
628655131 72.8344981 18.9433457
666042478 72.8370276 18.9356829
245653979 72.8260493 18.9305174
528997518 72.8326469 18.926211
1201308386 72.8318738 18.9331651
1201308387 72.8313425 18.9328328
488291083 72.829285 18.9434145
528997510 72.8325074 18.926079
528997517 72.8326362 18.9263632
528997515 72.8325837 18.9264791
528997514 72.8324109 18.9266271
245653926 72.8313436 18.9285139
245653925 72.8306099 18.9284773
245653924 72.8297672 18.9284528
245654258 72.8408685 18.9359062
245653922 72.8229367 18.9289888
528700700 72.8344279 18.9301753
245654255 72.8414157 18.9352161
245654256 72.8268413 18.9357681
245654257 72.8323765 18.9358247
245654250 72.8328571 18.9356623
245654251 72.8353858 18.9359081
245654252 72.8373442 18.9355545
245654315 72.8354063 18.9371318
245654314 72.834754 18.937148
245654317 72.8399029 18.9365354
245654311 72.8286698 18.9364245
245654313 72.8340845 18.9369044
317156842 72.8317248 18.9259592
317156843 72.8314458 18.9263653
245654319 72.831707 18.9370343
245654081 72.8295698 18.9324879
485959348 72.8275887 18.9411586
245654083 72.8357527 18.9322069
245654082 72.8351749 18.9325989
245654089 72.8312532 18.9324992
245654088 72.8300612 18.9324948
1127774638 72.8250532 18.9433088
245653850 72.8249761 18.9266402
489583802 72.8293533 18.9429613
489583800 72.8294545 18.9428575
489583804 72.8289041 18.9435855
666064714 72.8399137 18.9372458
535190116 72.8339276 18.9289728
245654492 72.8257369 18.9420499
245654228 72.833518 18.9349479
245654221 72.8415483 18.9346309
245654220 72.8340673 18.9349316
495026562 72.8274827 18.9321946
245654225 72.8287235 18.9348008
245654227 72.8331919 18.9350534
245654226 72.8314237 18.9350128
495108431 72.8344206 18.9317813
528686548 72.8332778 18.9281212
489603217 72.829228 18.9429643
486300784 72.8293795 18.9263213
486300786 72.8295254 18.9263782
489583831 72.8293193 18.9428219
662994490 72.8402214 18.9339325
662994491 72.8401236 18.9339588
245654174 72.8338304 18.9342419
245654148 72.8337412 18.9338287
245654022 72.834136 18.9311321
245654474 72.8347007 18.9421224
605221300 72.8279067 18.9435138
605221301 72.8268178 18.9430241
489593876 72.8293622 18.9433333
245654426 72.8283234 18.9392242
489593878 72.8293107 18.943382
245654423 72.827157 18.9388702
662488936 72.8353962 18.9354654
662488935 72.8344902 18.9354749
662488934 72.8348282 18.9352618
662488931 72.8346029 18.9352516
662488930 72.8345868 18.9351755
528644363 72.8268842 18.9266041
495026598 72.8271952 18.9328471
245654036 72.8349814 18.9313216
245654139 72.8330718 18.9335365
245654031 72.832584 18.9314407
245654135 72.8346253 18.9336501
245654038 72.828272 18.9317064
245654039 72.8298427 18.9316901
245654133 72.8336382 18.933439
245654132 72.8236062 18.9335185
666042430 72.8373658 18.9356462
528997499 72.8317671 18.9265763
867053659 72.832223 18.9264198
666066278 72.8410955 18.9344213
666066279 72.8409544 18.9346986
245654112 72.8334838 18.9328951
528653131 72.8325107 18.9291752
245654041 72.8313068 18.9319715
245654040 72.8308658 18.9317166
528644266 72.823101 18.925859
245654042 72.8317682 18.9316265
528703839 72.8332071 18.9316686
245654047 72.8273982 18.9317368
528741070 72.8320908 18.9334797
528741073 72.8322196 18.9347319
662188949 72.8393415 18.9361866
486400792 72.8237645 18.9334936
528741076 72.8316119 18.9349472
666042322 72.8358217 18.9346631
528703845 72.8323301 18.9315019
588669452 72.8337416 18.9405742
1127814200 72.8251575 18.9432601
245654543 72.8294738 18.9434307
245654265 72.8336811 18.935849
245654267 72.8354492 18.9359627
245654266 72.8356209 18.9359302
245654261 72.8374598 18.9360454
245654260 72.8304566 18.9348054
245654262 72.8405647 18.9359221
245654342 72.8342715 18.9375312
245654343 72.8353568 18.9373361
245654341 72.8336897 18.9377163
245654268 72.8401894 18.9360031
245654344 72.835803 18.937414
245654345 72.8363883 18.9374516
245654348 72.8352624 18.9376739
245654298 72.8241691 18.9369723
245653962 72.8312989 18.9300149
245653961 72.8282376 18.9295387
245654349 72.8399639 18.937627
245653967 72.8273896 18.9298126
867053575 72.8325825 18.9261501
245653965 72.8321276 18.9300035
245653964 72.8306083 18.930036
245654290 72.8313637 18.9362225
245654291 72.8375858 18.9365794
245653802 72.8261281 18.9258885
245653968 72.8327112 18.930174
245654294 72.8326769 18.9366528
245654295 72.8354921 18.9365147
245654296 72.8358269 18.936466
666064661 72.8401297 18.9373435
535190121 72.8327679 18.9286954
529007062 72.8391263 18.934971
245653981 72.8354836 18.9304838
245653980 72.8339386 18.9301903
245653986 72.8253641 18.93058
245654509 72.8308159 18.9425793
488290999 72.8295596 18.9430898
245654347 72.8348107 18.9375673
245654254 72.8339484 18.9358961
486050703 72.8336183 18.9260835
461490081 72.8260407 18.942233
488290972 72.8294838 18.9432963
1127749949 72.8292747 18.9414005
245653933 72.8244028 18.9292647
489593883 72.8293965 18.9433171
489593887 72.8287614 18.9431628
489593886 72.8287185 18.9432197
527989758 72.8267909 18.9366487
486004031 72.8281512 18.9263503
486036293 72.8320948 18.9278696
245654004 72.834076 18.9308086
245654007 72.8257674 18.9310629
245654001 72.8228702 18.9315539
245654003 72.83134 18.9306889
245654002 72.826463 18.9309781
245654160 72.8353549 18.933845
245654161 72.8389331 18.9341185
245654166 72.8363333 18.9341604
245654164 72.8358698 18.9339736
662994566 72.8400677 18.9340991
245654168 72.8406485 18.9342143
662994565 72.8400647 18.9340594
662994562 72.8400799 18.9340078
662994560 72.8401708 18.9339372
245653963 72.8297758 18.930036
489586519 72.8291305 18.9432846
489586507 72.8290189 18.943244
245653960 72.8322563 18.9295895
528997508 72.8323787 18.9260486
528997506 72.8320246 18.9262008
1127749952 72.8287061 18.9412483
528997500 72.8319817 18.9267692
528997502 72.8324001 18.9272766
245653830 72.8271274 18.926577
245653837 72.8230363 18.9257471
1127774652 72.8250511 18.9433408
486404283 72.8230161 18.931493
1127774656 72.8250789 18.9433608
245654306 72.832222 18.9368314
245654307 72.8402892 18.936373
245654304 72.8370038 18.9367096
245654305 72.840654 18.936373
245654303 72.8364191 18.9364336
245654292 72.8416732 18.9354394
245654308 72.8411054 18.9360926
245654309 72.827413 18.9363467
245654092 72.8353292 18.9325708
666042312 72.8357616 18.9346428
245654098 72.8294141 18.9325981
245654396 72.8347626 18.939137
245654393 72.8382197 18.9391349
485963344 72.8294309 18.9427813
528735719 72.8322957 18.9382383
662446778 72.8352557 18.9331157
245654239 72.839612 18.9354025
245654232 72.8370371 18.9352726
245654230 72.835782 18.9352807
245654231 72.8363438 18.9352989
245654236 72.8407076 18.9351146
245654234 72.8400424 18.9353227
245654235 72.8404188 18.9352077
486390417 72.8235616 18.9426436
588669511 72.8332234 18.9425931
666064798 72.8403094 18.9364545
528744265 72.8297731 18.9295338
245653930 72.8320948 18.9285909
245653931 72.8235228 18.9292584
245653932 72.8238747 18.929364
486040927 72.8313226 18.9274313
245653934 72.8249799 18.9292341
245653935 72.8275053 18.9285115
245653936 72.8322992 18.9287289
245653937 72.8326511 18.9289156
495100610 72.8344378 18.9321872
488290935 72.8294652 18.9430086
537970019 72.8371607 18.9394197
666064630 72.8398853 18.9364635
245654431 72.8348398 18.9398027
662446765 72.8359012 18.933054
245654533 72.8330184 18.9424309
662488924 72.8343079 18.9351502
489590431 72.828976 18.9433009
528644374 72.8269903 18.9266611
495026589 72.827305 18.9319578
528735908 72.8320675 18.9383995
245654127 72.8345814 18.9334605
245654124 72.8352947 18.9333647
245654120 72.8345652 18.9333254
666068469 72.841287 18.9342216
662446653 72.8362444 18.9313293
486003873 72.8228814 18.9288849
662446656 72.8363818 18.9314941
662446659 72.836506 18.9322835
528741080 72.8311328 18.9336428
529002923 72.836577 18.9330951
1033552621 72.8272447 18.9427472
495091491 72.8343949 18.9319356
245654013 72.8357145 18.931629
528741068 72.8317476 18.9340708
245654198 72.8405467 18.9344753
245654056 72.8344121 18.9320492
662188953 72.8389653 18.9345295
662188950 72.8395901 18.9372905
662188951 72.8392228 18.9356458
245654193 72.8370169 18.9349726
245654192 72.8352175 18.9344689
245654191 72.8324537 18.9346475
245654197 72.840273 18.9347462
245654196 72.8399296 18.9347936
245654195 72.8394747 18.9349073
245654194 72.8372025 18.9349528
245654229 72.8353769 18.9352758
495108539 72.834661 18.9324633
245653901 72.8316656 18.9281688
245653900 72.8313251 18.9277533
486040916 72.8332964 18.9272026
245653905 72.8306357 18.9277466
245653907 72.8256361 18.9280828
245653906 72.8324452 18.9281862
245653908 72.8329945 18.9282592
245654276 72.8330374 18.9360926
245654277 72.8338527 18.93619
245654274 72.8286805 18.935633
528735836 72.8310376 18.9386674
245654273 72.8274937 18.9355686
245654270 72.8318701 18.9360276
245654271 72.8397932 18.9360886
245654376 72.8350755 18.9383653
245654223 72.8276684 18.9346587
245654278 72.8393999 18.9361735
245654279 72.8354406 18.9361738
486050696 72.8338222 18.926459
528708998 72.8333378 18.9308735
488291305 72.8288831 18.9434326
662994580 72.8403464 18.934117
245653975 72.8348055 18.9301753
662994582 72.8403441 18.9340167
245653971 72.8338356 18.9297275
245653972 72.8313129 18.9303021
662994588 72.8403146 18.9339743
245653870 72.8255373 18.9275355
662446723 72.8365234 18.9314765
662474280 72.8350974 18.9342149
605221302 72.8266945 18.9433286
245654476 72.8237772 18.9414353
245653991 72.8319559 18.9306612
245653996 72.8340502 18.9307111
245653997 72.8355707 18.9306314
245653994 72.832634 18.9307586
245653995 72.833003 18.9307992
245654210 72.8415776 18.9335689
245654577 72.8293622 18.9434876
588669469 72.8347764 18.9411425
473084113 72.8231512 18.928867
528644332 72.82545 18.9256612
317153588 72.8346009 18.9314647
1033552611 72.8273843 18.9427519
245654350 72.8326683 18.9379761
1127749955 72.8289421 18.9403755
245653917 72.8341762 18.9282959
245654352 72.83784 18.93766
245654401 72.8358922 18.9393187
245654400 72.8272768 18.93796
245654405 72.8286353 18.9381149
486004004 72.8259334 18.9271774
245654357 72.8352453 18.937979
662488917 72.8342864 18.9350182
245654356 72.8397593 18.9377922
486036289 72.8324538 18.9275854
662446652 72.8356829 18.9314383
245654010 72.826712 18.9312461
662994553 72.8402818 18.9339501
245654154 72.8366843 18.933633
245654153 72.8331919 18.9338775
245654150 72.8368774 18.9335112
662446654 72.836341 18.93138
245654159 72.8346995 18.9339882
245654360 72.8321791 18.9381641
662446661 72.8366092 18.9329125
662446662 72.8358136 18.9323404
662446666 72.8368077 18.932263
