352695135 552969515
352695135 552969432
352695135 352695118
352695135 936296513
1150316082 601303024
1150316082 660253332
552934786 541637445
552934786 619191311
552934786 619262597
660732970 660732969
660732970 660732967
660732977 660733010
660732977 660732946
660732977 660732976
660732976 660732969
660732976 660732967
573399017 573399023
573399017 576051280
573399017 431196741
601303009 599483429
601303009 601303005
601303009 599483431
601303009 601303001
552119168 541637438
552119168 619191239
552119168 619191236
552119168 552119165
601303005 601303012
601303005 599483430
601303005 573250653
601303001 599483428
601303001 599483427
1160636290 622376381
1160636290 1160636469
1160636290 1160635977
599483406 599483428
599483406 599483414
936296503 571827094
936296503 576051301
936296503 936296477
936296503 936296462
286748231 619191251
286748231 619191259
286748231 541637442
286748231 541637444
286748230 661025768
286748230 661025857
286748230 1147128217
286748230 661025853
286748237 661025857
286748237 661025860
286748237 661025858
286748237 1147128269
936296505 936296464
936296505 936296479
936296505 599485599
936296505 431188996
1160635686 660936092
1160635686 1160636078
1160635686 660936088
552171303 601348904
552171303 576051284
552171303 576051291
552171303 552171306
392771658 936296479
392771658 619191249
392771658 599485599
392771658 599485598
552171306 552171309
552171306 601348905
552171306 576051292
552171309 601348906
552171309 552171311
552171309 576051293
392771656 573399029
392771656 431189018
392771656 392771655
392771656 576051305
392771655 431189100
392771655 352695144
660253301 660253333
660253301 660253298
660253301 660253328
661025758 661025764
661025758 661025757
661025758 431190835
289332936 289332948
289332936 870522806
289332936 623238566
936296493 936296473
936296493 552171325
936296493 936296460
936296493 552171322
295039331 622376331
295039331 1160499400
295039331 622376341
295039331 619262597
295039331 295039330
1160635674 1160635860
1160635674 622376337
1160635674 1160636168
661025863 661025862
661025863 661025876
661025863 661025864
661025862 622376391
661025862 622376387
661025861 661025775
661025861 661025868
661025861 661025858
661025860 661025773
661025860 661025859
661025867 1147128192
661025867 661025868
661025867 661025858
1160636611 1160636469
661025864 622376386
661025864 622376387
661025876 622376386
661025876 622376390
661025869 661025868
661025869 661025789
661025868 661025795
619191251 599485599
619191251 619191248
619191251 619191261
619191253 619191261
619191253 619191248
619191253 619191252
619191253 619191254
619191252 619191258
619191252 619191285
619191252 619191262
660733010 1147184082
660733010 563684962
660733010 660733018
619191256 619191249
619191256 619191246
619191256 619191254
619191259 619191321
619191259 619191261
619191259 541637443
619191258 619191242
619191258 619191287
619191258 619191254
660733019 563684962
660733019 660733020
660733019 660733018
660733018 660733017
660733018 660733021
661025760 661025759
661025760 660733050
661025760 661025765
661025760 661025771
661025761 661025762
661025761 661025764
661025761 661025757
661025761 661025767
661025762 661025768
661025762 661025763
661025762 661025765
661025763 661025774
661025763 661025766
661025764 661025759
661025764 661025765
661025765 661025766
661025766 601281322
661025766 661025771
661025767 661025768
661025767 661025853
661025768 661025783
661025880 661025881
661025880 622376389
661025880 661025879
661025883 622376383
661025883 661025879
661025883 286748083
661025882 661025881
661025882 622376389
661025882 622376391
661025882 661025886
661025886 661025890
661025886 622376390
576051298 576051288
576051298 552070376
576051298 576051297
576051298 576051299
619262597 552815891
619262597 552815896
576051299 576051303
576051299 576051289
576051299 576051301
936296479 552969515
936296479 936296513
936296473 936296510
936296473 601348908
936296473 601348909
936296471 936296454
936296471 571823729
936296471 571823727
936296477 588394198
936296477 936296460
936296477 352695136
1160499708 1160499684
1160499708 1160499361
619191266 619191277
619191266 619191268
619191266 1035621430
619191266 392772735
541637438 552070383
541637438 936296486
541637438 599485598
1160499684 286748083
1160499684 1160635699
321616487 622376381
321616487 1116503056
321616487 1160499392
321616487 295028039
321616488 622376381
321616488 321617011
321616488 1160636469
321616488 660936091
552969398 573399023
552969398 576051283
552969398 552969419
552034090 431190832
552034090 660733040
552034090 660733053
552034090 660733035
552034095 660733048
552034095 660733041
552034095 552034094
552034095 552034088
552034094 660733040
552034094 660733039
552034094 552034085
1160635951 1160499641
1160635951 1160635890
552034099 552034102
552034099 552034101
552034099 538967953
552034099 660733053
619191318 552934778
619191318 619191301
619191318 619191317
619191319 619191320
619191319 619191315
619191319 619191309
619191311 352695126
619191311 552815896
619191311 619191316
619191313 619191314
619191313 619191315
619191313 619191317
619191314 352695126
619191314 619191316
619191315 619191303
619191315 619191316
619191316 619191320
619191317 619191301
431196915 619191233
431196915 552171325
431196915 619191230
431196915 601348910
619191267 619191269
619191267 1035621325
619191267 660732995
1157582678 1157582695
1157582678 1157582656
622376380 661025852
622376380 321617013
622376380 622376384
622376380 622376387
622376381 622376382
622376382 661025855
622376382 321617011
622376382 295028039
622376383 1160499705
622376383 661025854
622376383 622376385
622376384 622376385
622376384 622376391
622376384 321617011
622376385 661025855
622376385 661025879
622376386 661025872
622376387 661025856
622376388 661025890
622376388 661025891
622376389 661025890
622376389 286748083
1157582686 1157582656
1160499459 1160636454
1160499459 1160499681
1160499459 1160499392
1160499459 295028039
660253340 660253333
660253340 660253328
660253340 660253334
660253341 660253339
660253341 660253334
660253341 659306457
660253342 660253339
660253342 660253338
660253342 660253343
660253343 601303031
660253343 601303029
659306471 659306449
659306471 286366951
659306471 601303023
573399029 576051304
573399029 352695144
573399029 573399024
660936088 660936091
660936088 541637448
563684976 378736088
563684976 660733020
563684976 563684988
563684976 601303034
660253339 538967948
660253339 660253330
660253338 660253330
660253338 601303029
660253338 660253336
660253331 660253330
660253331 660253332
660253331 660253335
660253331 660253336
660253330 660253334
660253333 660253299
660253333 660253335
660253332 660253299
660253335 660253334
660253337 601303024
660253337 601303029
660253337 660253336
431189018 576051306
431189018 431189100
431189018 431196549
573399026 352695144
573399026 573399024
352695126 552934752
352695127 936296464
352695127 431196565
352695127 431188996
352695127 552934752
619191321 619191322
619191321 619191264
619191321 622376336
619191320 552815896
660733048 660733043
660733048 660733047
619191322 619191284
619191322 321616604
619191243 619191242
619191243 619191239
619191243 619191254
619191243 619191245
660733042 431190832
660733042 660733041
660733042 660733046
660733043 660733044
660733043 431190835
660733040 660733037
660733041 660733047
660733046 660733062
660733046 660733047
660733046 660733045
660733047 660733044
660733044 660733052
660733044 660733045
660733045 660733060
660733045 660733051
619191286 619191287
619191286 619191278
619191286 619191282
619191286 431190835
619191287 619191285
619191287 619191280
1035621325 619191268
1035621325 1035621430
619191285 619191283
619191282 321616604
619191282 619191283
619191282 661025757
619191283 619191284
619191283 619191262
619191280 619191242
619191280 619191279
619191280 619191278
619191281 660733003
619191281 619191271
619191281 660733035
619191246 619191245
619191246 619191238
661025757 1147128216
619191289 619191290
619191289 619191288
619191289 660733070
1147128192 1147128218
1147128192 1147128269
1147128218 661025872
1147128218 1147128214
1147128194 321617013
1147128194 1147128217
1147128194 1147128216
1147128194 541637448
1147128217 1147128263
1147128216 321616604
1147128216 661025853
1147128214 661025874
431190832 660733062
431190832 660733059
431190833 601281322
431190833 660733074
431190833 660733072
431190833 661025770
431190835 660733049
1160499392 1160499641
601348915 601348914
601348915 601348916
601348915 563684927
601348915 538967952
601348914 760464286
601348914 563684919
601348914 538967950
601348916 563685032
601348916 660733030
601348910 286471119
601348910 601348913
601348910 601348909
601348913 552034083
601348913 321616491
601348913 601348912
601348912 552034082
601348912 760464284
601348912 552034080
552969454 392772328
552969454 552969426
552969454 552969432
552969454 552969471
660732969 1147184082
660732967 659306453
660732967 660732965
601303031 601303034
601303031 563684919
601303031 563684988
286748257 601348907
286748257 352695138
286748257 601303013
286748257 571827092
601303034 563684927
599483414 599485587
599483414 599483431
599483415 599483420
599483415 599483430
599483415 599485587
1160636168 1160635491
1160636168 660936092
601281321 661025784
601281321 661025772
601281321 660733071
601281321 619191292
936296510 534584151
936296510 936296480
936296510 352695138
936296513 599485598
936296513 936296486
660732996 660732999
660732996 660733000
660732996 619191270
431196549 431196565
431196549 431188996
431196549 576051307
552171311 601348907
552171311 552171322
552171311 576051294
870522782 870522805
870522782 385132114
1160635699 1160499360
1160635590 1160635491
1160635590 622376337
1160635590 622376336
295039325 295039328
295039325 1160499719
295039325 286748106
295039325 1160635503
295039328 622376344
295039328 622376347
295039328 295039330
661025874 661025872
619191284 619191264
573399028 392772328
573399028 552969471
573399028 552969419
573399028 576051305
1160635764 1160635491
1160635764 541637448
1160635764 622376336
661025872 661025856
573399023 573399027
573399027 392772328
573399027 552969419
573399027 431196741
573399024 576051283
619191242 619191273
1146828801 1146828737
1146828801 385132930
619191240 619191274
619191240 619191241
619191240 619191239
619191240 552119165
619191241 619191277
619191241 392772735
660733002 552034082
660733002 321617015
660733002 660733005
660733003 660733004
660733003 660732999
660733003 619191271
660733000 552034082
660733000 660732999
619191245 619191236
619191248 619191249
619191249 619191238
660733008 660733026
660733008 563684912
660733008 660733009
660733009 660733026
660733009 563684919
601281322 661025773
601281322 661025780
601281320 659306460
601281320 286366950
601281320 659306446
601281320 659306465
661025891 286748083
1160635491 1160636078
1160636469 1160635860
1160636461 1160635506
1160636461 1160499681
576051283 576051304
552119162 576051303
552119162 576051301
552119162 352695118
552119162 936296462
576051280 576051302
576051280 576051295
576051287 576051297
576051287 576051288
576051287 576051286
576051287 576051292
352695118 936296486
352695118 552969430
1160635503 1160636382
576051284 573399006
576051284 576051290
576051284 601348903
936296464 541637445
936296464 541637442
576051289 576051294
576051289 576051288
576051289 352695136
576051288 576051293
936296460 599485597
936296460 576051300
936296462 552070383
936296462 936296486
563684936 563684927
563684936 660733030
571827094 588394198
571827094 552070383
552119165 392772739
552119165 552070383
571827092 601348906
571827092 601303015
571827092 599483432
541637448 321616604
541637445 541637446
541637445 552934752
541637444 622376330
541637444 541637446
541637444 541637443
541637446 541637442
541637443 622376335
541637443 622376336
295028039 661025854
552034082 552034083
601348906 601348907
601348906 601348905
552034080 601303024
552034080 660732994
552034080 321616491
552969417 392772328
552969417 552070377
552969417 552969426
552969417 431196741
552034085 552034088
552034085 619191275
552034085 321616490
552034088 619191278
552034088 619191279
552969419 576051304
552934778 552934752
552934778 352695144
870522806 385132114
870522805 1146828737
870522805 385132930
622376337 622376339
622376337 622376335
1160635506 1160636454
1160499641 1116503056
571823729 599483436
571823729 659306352
601348909 534584151
601348909 552171325
571823727 599483422
571823727 599483437
571823727 599483426
289332948 289332953
538967953 660733054
538967953 538967951
538967952 563685032
538967952 378736086
538967952 538967950
538967951 660733029
538967951 378736086
538967951 538967950
538967950 660733028
599483429 573250653
599483429 601348903
599483429 599483427
659306469 534584150
659306469 659306464
659306469 601303021
659306460 659306441
659306460 286366951
599483420 599483421
599483420 599483435
599483422 599483421
599483422 599483433
659306464 659306417
659306464 601281318
659306464 659306467
659306465 659306420
659306465 659306444
659306465 601281318
599483427 601348900
659306467 286366950
659306467 601303021
1160636646 1160499705
1160636646 1160499681
1160635890 1160499719
660936091 660936092
936296454 599483436
936296454 599483437
936296454 936296480
1147184208 1147184082
660253328 659306455
660253329 659306455
660253329 659306457
552034102 378736083
552034102 660733059
552034102 660733056
552034101 378736083
552034101 660733063
552034101 660733055
431188996 552969515
552815891 552815893
552815891 1160499400
552815893 1157582695
552815893 552815896
552815893 619191308
601303012 601303015
601303012 599483432
601303012 599483435
541637442 599485599
552969515 552969505
622376344 622376338
622376345 622376339
622376345 622376347
622376345 1160635977
622376347 1116503056
622376347 1160499719
622376341 286748106
622376341 1160499400
660733079 660733060
660733079 660733051
660733079 660733072
552034083 660732995
552034083 321616490
660733077 619191292
660733077 660733067
660733076 660733058
660733076 660733075
660733076 660733073
660733076 660733071
660733075 660733074
660733075 661025772
660733075 661025779
660733074 660733073
660733074 661025776
660733073 660733072
660733073 660733057
660733071 660733056
660733070 378736083
660733070 660733069
552070376 576051303
552070376 552070377
552070376 552969426
552070377 576051297
552070377 576051302
661025759 660733049
1147128269 661025856
1147128269 1147128263
1147128263 661025852
563684962 660733024
660733017 660733006
622376331 622376330
601348904 601348905
601348904 601348903
601348904 573250653
601348905 599483432
622376335 622376338
601348903 601348900
601348900 573399006
622376339 1160635860
622376339 622376338
659306417 534584150
659306417 659306421
601348908 601348907
601348908 352695138
601348908 552171322
1035621343 619191303
1035621343 619191301
552969426 552969430
619191288 660733068
601303024 601303023
601303020 534584150
601303020 963494152
601303020 286471119
601303020 601303019
601303021 601303023
601303023 321616491
659306425 659306356
659306425 659306420
659306425 659306353
659306420 659306421
659306421 601281318
659306421 659306423
659306423 659306356
659306423 963494152
576051297 576051296
599485597 588394198
599485597 552171325
599485596 599485587
599485596 599483430
599485596 599483431
573250653 599483432
552171322 576051300
431196741 576051302
1160636382 1160499719
660733006 660733007
660733006 660732946
659306451 660253299
659306451 660253298
659306451 321616494
659306453 659306458
659306453 660732946
431189100 431196565
659306457 659306458
659306458 538967948
660733007 378736088
660733007 660733022
619191277 619191276
619191277 619191274
619191276 619191269
619191276 619191275
619191275 619191274
619191274 619191273
619191273 619191239
619191273 619191279
619191272 563685032
619191272 619191291
619191272 378736086
619191271 660733029
619191271 619191270
619191270 660733028
601281318 286366950
378736083 660733067
378736086 660733055
659306356 659306352
659306355 659306352
659306355 659306353
659306353 659306444
576051294 576051300
576051294 576051293
576051295 576051296
576051295 576051285
576051296 576051302
576051296 576051286
563684927 563684919
576051290 573399009
576051290 576051291
576051290 576051285
576051291 576051286
576051291 576051292
576051292 576051293
660733005 660733004
660733005 660732999
661025794 661025785
661025794 661025782
661025794 661025793
661025796 619191292
661025796 661025789
661025791 661025795
661025791 661025790
661025791 661025789
661025790 661025782
661025790 661025793
661025793 661025792
661025792 661025784
661025792 661025789
1160635977 1160635860
1160499705 1160499360
660733039 321617015
660733039 660733037
660733037 660733035
660733037 660733034
660733035 660733054
660733034 660733004
286471119 534584151
286471119 321616491
552969471 576051306
552969471 552969505
573399006 573399009
601303019 599483436
601303019 936296480
601303019 534584151
601303015 599483434
601303015 601303013
601303016 936296480
601303016 352695138
601303016 599483437
601303016 601303013
573399009 573399008
573399008 576051285
601303013 599483433
289332953 289332964
599483433 599483434
599483433 599483437
599483430 599483435
599483431 599483428
599483436 963494152
599483434 599483421
599483434 599483435
286366950 286366951
352695136 576051301
352695136 576051300
576051303 552969430
576051306 576051307
576051306 576051305
576051307 552969505
576051304 576051305
538967948 563684988
661025859 661025857
661025859 661025783
661025856 661025852
661025854 661025855
552969505 552969432
660733060 660733062
660733060 660733057
660733063 660733064
660733063 619191290
619191303 619191309
870522820 1146828737
870522820 321617015
870522820 321616490
660733067 660733069
660733068 660733069
660733068 661025788
619191309 619191308
661025779 661025777
661025779 661025785
661025779 661025781
661025778 661025795
661025778 661025775
661025778 661025781
661025777 661025776
661025777 661025780
661025775 661025773
661025775 661025780
661025774 661025773
661025774 661025783
661025772 661025785
661025771 661025770
661025770 660733050
619191233 660732995
619191233 619191234
619191230 392772739
619191230 619191234
619191236 619191238
619191234 392772735
619191234 619191268
563684912 760464287
563684912 660732994
659306455 660253298
321616494 659306442
321616494 659306449
321616490 619191269
552969432 552969430
321617015 660733004
321617011 321617013
760464284 760464287
760464284 660732994
760464286 660733026
760464286 760464288
760464287 760464288
660733064 619191291
660733064 660733055
760464288 660733026
392772735 392772739
622376391 622376390
660733049 660733050
660733049 660733052
659306442 659306441
659306441 659306449
659306441 659306446
659306446 659306444
576051286 576051285
661025784 661025785
661025782 661025781
661025780 661025781
660733059 660733058
660733058 660733057
660733058 660733056
660733051 660733050
660733051 660733052
660733053 660733054
660733054 660733029
619191291 619191290
619191264 619191262
660733028 660733029
660733024 660733023
619191261 619191262
660733020 660733021
660733021 378736088
660733021 660733022
