563675253 563675270
563675253 563661748
563675253 563675255
837525608 1015953044
837525608 837525563
837525608 536480741
563675258 412739414
563675258 563675283
563675258 412491912
563675258 563675255
563159545 563159133
563159545 563159576
563159545 563159554
412488452 563132106
412488452 563132274
412488452 372158982
1017959037 1017959297
1021842484 1015953199
1021842484 1021842473
563661759 563661756
563661759 563661760
563661759 563661746
563661756 563661775
563661756 563661754
563661754 563661745
563661754 563661752
563675255 563675265
563661752 563661771
563661752 563661748
1015953060 1015953053
1015953060 1015953085
563132015 563132133
563132015 563132127
563132015 563132008
1017959297 1017959219
258765075 258765074
258765075 1313281684
258765075 258765078
258765075 563661706
417252606 1019731729
417252606 1019731717
417252606 417252601
681304778 681304783
560463014 560407220
560463014 421565878
560463014 560463155
517680522 563146251
517680522 563146312
517680522 517628339
563714634 563714660
563714634 448081967
1014935943 683899880
1014935943 1014935966
1014935943 1017959395
1014935943 1014935964
564180820 564180553
564180820 564180794
258765074 563661723
258765074 258765072
1015953355 1015952681
1015953355 1015953323
1015952700 681290456
1015952700 1015952697
1015952701 1015952681
1015952701 1015952679
1015952702 564264043
1015952702 1015952720
1015952705 1015952738
1015952705 1015952718
517701017 421565874
517701017 517701021
517701017 560463173
517701017 517700972
417252601 258765078
417252601 419608572
563146251 563146300
563146251 517680511
563131966 563132114
563131966 563132127
563131966 563131959
560396302 560396315
560396302 560396301
560396302 258765085
560396302 560396304
560396301 560396211
560396301 258765086
560396301 560396313
560396307 517700892
560396307 560396311
560396307 560396306
560396307 560396319
560396306 258765083
560396306 560396317
560396306 560396304
560396304 560396316
560396304 258765084
1015952954 1015953034
1015952954 1015953028
517700900 517700922
517700900 517700880
517700900 560407226
517700869 517700851
517700869 517700919
517700869 419608572
517700903 560407241
517700903 517700919
517700903 517700858
837447293 308165644
837447293 563661703
837447293 837452641
260500582 1016327079
260500582 260500577
260500582 412491912
1021867424 421565888
1021867424 1021867430
1021867424 412491919
439985827 439985826
439985827 448187052
439985827 448187053
439985827 419608582
439985826 448187051
439985826 439985825
564125972 564126001
564125972 564125974
564125972 1313281684
1016327052 1015953244
1016327052 1021867441
1016327052 412491919
1016327052 1016327057
564125974 564125987
564125974 1015953103
564125974 564125976
564125976 1020007068
564125976 1020007156
564125976 1015953028
837469149 837469141
837469149 563714660
439985828 560819827
439985828 448081967
439985828 560819760
560407217 258765088
560407217 560463129
560407217 517701032
560407217 560463266
560407214 517700922
560407214 517700890
560407214 258765083
560407214 560407230
560396192 560396181
560396192 560396190
560396192 560396201
560396192 560396184
560819649 560819683
560819649 448080668
560819649 560819663
1015952797 1015952800
1015952797 1015952787
1015952796 1015953244
1015952796 1015952801
560407218 560407220
560407218 560407238
560407218 560463266
428702844 1015952495
428702844 428702843
560819582 560819603
560819582 560819561
560819582 560819576
560819582 560819572
563159365 563159463
563159365 563159455
563159365 372158947
563159365 563159374
428702843 564137295
428702843 564137227
428702843 564137247
448187051 448187052
448187051 439985824
365926468 564264052
365926468 365926460
365926468 681290453
365926468 365926462
365926469 365926471
365926469 365926461
365926469 564263617
365926460 1015952720
365926460 365926461
365926460 564263935
365926460 365926459
365926461 365926462
365926462 1014935960
365926462 365926471
1015953277 1015953282
1015953277 428702858
1015953277 980581142
1015952679 1015952677
560396190 560396180
560396190 560396200
560396190 560396189
563159083 429533878
563159083 563159443
563159083 372158982
1019731759 1015953103
1019731759 1015952918
1019731759 1019731725
560820047 560820066
560820047 560819827
560820047 560820056
519673372 241792873
519673372 519673332
563159463 563132158
563159463 563159472
1015952920 1015952918
1015952920 1019731776
1015952920 681304800
1015953191 1015952779
1015953191 1015953243
517700880 517700882
517700880 517700858
517700880 560407247
517700882 517700922
517700882 517700890
517700882 517700855
1104194946 563159668
1104194946 1104194948
1104194946 563159554
536480741 536480754
1189173854 563661775
1189173854 564264138
1015953209 241792862
1015953209 241792865
582762511 802356278
582762511 1021842230
582762511 412491912
369391011 552758298
369391011 367429275
369391011 837469036
560396356 560396358
560396356 560819622
560396356 560396344
560396358 560396345
560396358 560396363
560396358 560819597
560396297 560396332
560396297 419608579
560396297 560396349
241792862 241792855
564264052 564264043
564264052 564264080
241792866 241792872
241792866 241792865
1018189199 1018189115
1018189199 770392120
412813592 563159798
412813592 412813591
412813592 563159143
258765236 563661739
258765236 563661711
258765236 582793932
258765236 563661744
412813591 372158912
412813591 563159152
412813591 563132299
412813594 563159732
412813594 258765221
412813594 563159697
412813594 417252602
412813594 560407241
560463180 560463039
560463180 560463173
563146300 563146312
563146300 412815141
563132106 563132114
563132106 563132286
419608575 419608576
419608575 560396311
419608575 419608572
837529635 412739416
837529635 417252610
837529635 536480754
563661723 563661747
563661723 563661714
563661723 563661706
563159269 429533878
563159269 563159281
563159269 563159258
563159269 563159374
1015953103 258765078
560407221 421565880
560407221 560407220
560407221 563159386
560407221 258765216
258765067 681290457
258765067 1015953089
258765067 681290459
258765067 258765069
1020007162 1020007073
1020007162 1015952627
1020007162 564137302
563714075 448081967
563714075 448080671
1015952859 1015952861
1015952859 681304811
1015952859 1015953234
837425417 560407245
837425417 837425376
258765069 258765070
258765069 563661786
552758298 241792929
560407224 560407223
560407224 560407250
560407224 560407226
560407224 560407233
448187052 448187053
974459040 429527805
974459040 412739412
974459040 974459039
1015952751 1015952748
1015952751 1015952732
1015953282 1015953284
560396169 560396180
560396169 560396167
560396169 560396172
421565880 560463328
421565880 421565878
421565880 258765214
560819827 560819849
681290454 564126004
681290454 681290461
681290454 1015953313
448187053 419608583
560396196 560396211
560396196 560396197
560396196 258765091
560396196 560396186
560396197 560396198
560396197 560396187
560396197 560396216
564137315 564137286
564137315 428702857
564137315 564137290
563159732 412739417
421565888 421565890
421565888 421565886
564137227 770384970
564137227 564137302
560396198 560396189
560396198 560396221
560396198 560396200
560819561 560819560
560819561 439985824
681290458 467688842
681290458 681290457
681290458 1014935957
681290458 770392120
1021842357 412739414
1014935947 770392120
1017959219 1017959214
1017959219 1017959439
1017959219 1017959395
412491919 421565892
412491919 412491912
1017959214 1017958864
1017959214 1017959363
560820078 560820052
560820078 560820081
560820078 560396162
560819705 560819688
560819705 560819771
560819705 560819710
560819705 560396207
419608576 419608577
419608576 560396320
560820081 560820066
560820081 560820056
1015952919 1015952915
1015952919 1015952933
1015952918 1015953028
1015952915 1015952902
564263935 413290008
564263935 564263617
517680511 258765213
517680511 517628339
770392120 365926480
563159780 563159798
563159780 412739417
563159780 372158912
560819554 560396361
560819554 560819576
560819554 560819560
560819554 448080666
1015952647 1020007125
1015952647 428702852
1015952647 1020007156
836416733 367429235
836416733 836416659
681290456 1015953338
681290456 681290459
837425376 308165603
837425376 308165609
681290457 1014935960
681290457 365926471
1015953246 1015953234
1015953246 1015953357
564126022 564125997
564126022 564126021
564126022 564126010
1015953244 1015953257
564126027 1020007064
564126027 1015952620
564126027 681290471
564126027 1020007174
1015953243 1015953222
564126024 564125997
564126024 564126012
564126024 564126026
564126024 564126053
1015953321 1015953346
1015953321 1015953340
1015953089 1014935960
1015953089 564264138
412739414 582793501
412739414 802356278
1015952620 564126015
1015952620 564126026
1015953325 564126006
1015953325 564126038
1015953325 564126010
560396346 560396347
560396346 560396363
560396346 560396345
560396346 560396339
681290452 260500571
681290452 681290453
681290452 564264080
681290452 260500577
1015953085 1015953199
412739418 563159798
412739418 412739417
412739418 563159554
412739418 563159115
681290453 1014935960
681290453 564264138
563675265 563675270
563675265 582793932
563675265 563675283
564125995 564125997
564125995 564126012
564125995 564125993
564125995 564126010
560396194 560396201
560396194 560819771
560396194 560396184
560396194 560396207
563159258 563159455
563159258 563159443
563159258 372158964
560396342 560396332
560396342 560396349
560396342 560396330
560396342 560396340
563661760 563661773
563661760 258765071
560396221 560396216
560396221 560396226
560396221 560396322
1017959439 1017959369
1017959439 1017959140
1017959439 1017958864
560396226 560396200
560396226 560396242
560396226 560396334
372159274 372159291
372159274 372159154
563159133 563159125
563159133 563159495
563159133 563159115
1014935957 681290469
1014935957 365926481
1014935956 1014935963
1014935956 365926501
1014935956 1014935964
1014935954 1014935970
1014935954 1014935966
1014935954 683899880
560396361 448080665
560396361 560396347
560396361 560396363
560396363 560819576
563661784 563661774
563661784 563661779
563661784 563661786
560463028 560463328
560463028 560463039
560463028 421565878
560463028 560463173
517712779 517700846
517712779 517712780
564126032 564126035
564126032 564125993
564126032 564126010
412815141 372158982
412815141 563131658
564180402 564180580
564180402 564180773
564180402 564180391
564180402 564180379
564264080 413290006
564264080 1016327057
1015952718 1015953066
560463152 560463129
560463152 421565876
560463152 560463155
560396319 560396317
560396319 560396320
560396319 560396328
560463155 560463266
563132170 563132133
563132170 563132158
563132170 563132041
563132170 563132008
560396315 560396324
560396315 560396316
560396315 560396313
560396316 560396325
560396316 560396317
560396317 560396326
560396311 517700846
560396311 560396320
1021842468 1021842473
560396313 560396216
560396313 560396322
517700876 258765219
517700876 258765221
517700876 563159576
517700876 560407247
837469082 560820066
837469082 837469073
563132213 372158964
563132213 563132266
563132213 563159443
563132213 372158982
560463328 1015953090
517700972 258765095
517700972 560396176
517700972 421565872
367429235 367429229
582793501 412739412
582793501 563675236
560407228 517700922
560407228 560407230
560407228 560407226
560407228 560407233
419608579 448080665
419608579 419608582
419608579 681304800
560407223 560407220
560407223 560407238
419608577 560396332
419608577 560396330
419608577 1019731773
563132286 563132266
563132286 372158982
560407226 560407248
419608572 517700846
1015952812 1015952748
1015952812 1015952800
517712781 517700846
517712781 517712780
563131959 563132266
563131959 372158964
563131959 563132198
1020007125 1020007105
1020007125 1015952617
1020007125 980581037
560396162 560396175
560396162 560396172
564137229 266728639
564137229 266728634
564137229 770384970
564137229 564137298
560396167 560396179
560396167 560396165
560396165 560396178
560396165 560396164
560396164 258765095
560396164 560396176
560819597 560819603
560819597 560819657
560819597 560819576
563159374 563159381
563159374 429533879
1015952584 980581037
1015952584 1015952617
365926491 365926499
365926491 365926480
365926491 365926496
412491921 563675236
412491921 563675207
412491921 412491920
412491920 837525563
412491920 582793932
412491920 563675283
365926499 365926501
365926499 365926506
560819692 560819683
560819692 560819688
560819692 560819710
560819692 560819663
417252610 550412749
417252610 974459039
421565886 372159291
1015953044 1015953050
308165609 308165632
308165609 1015953099
837469125 837469141
837469125 837469073
1019731744 1019731773
1019731744 1019731725
563159679 563159668
563159679 258765221
563159679 563159697
563159679 563159576
1018189115 365926471
582793932 563675207
563159455 563132187
563159519 429533878
563159519 563159281
563159519 258765216
563675207 563661739
563675207 563675239
428705335 266728639
428705335 770384970
428705335 266728641
517700892 258765083
517700892 517700890
517700892 517700846
517700890 517700853
1019867708 417252604
1019867708 1016133295
1019867708 417252603
1015953034 1015953066
260500571 564264138
260500571 260500577
260500571 563661748
560396325 560396324
560396325 560396326
560396325 560396337
560396324 560396336
560396324 560396322
413290008 365926459
560396326 560396328
560396326 560396339
560396320 560396330
560396322 560396334
413290006 1015952780
413290006 413290007
560396328 560396330
560396328 560396340
241792855 1015953193
564180379 564180553
564180379 681290478
564137257 564137247
563132133 563132050
563661739 563661703
563661739 563661742
563132332 372158912
563132332 563132299
563675236 563675239
560396211 258765088
560396211 560396216
563159281 563159381
563159281 563159289
1015953134 1015953113
1015953134 1015953172
517700919 517700855
1020007156 1020007105
1021842230 421565892
1020007152 1015953266
1014935963 1014935973
1014935963 1014935966
1020007158 1020007064
1020007158 1020007180
439985825 419608582
439985825 560819560
439985825 448080666
439985824 419608583
439985824 560819572
681290469 1014935970
681290469 681290468
681290468 681290464
681290468 683899867
1016327057 1016327079
367429121 367429224
367429121 241792929
367429121 837452641
681290460 467688842
681290460 564126021
681290460 683899867
681290467 681290474
681290467 681290466
681290467 564126026
681290466 564126053
681290466 681290465
563713627 419608583
563713627 448080669
564137302 564137295
564137302 564137299
563132008 372158947
563132008 563132198
563132266 563132114
517700846 517700851
560819710 560819783
560819710 448080670
837469073 837469049
564137286 564137247
564137286 564137283
564137286 564137288
564180794 564180801
564137283 564137290
681304783 681304809
837458764 241792965
837458764 837469036
837458764 837458747
560819783 560819760
560819783 560819771
560819783 560819849
308165644 308165642
308165644 241792889
308165642 308165634
564126003 564126004
564126003 564126001
564126003 564126038
560819622 560819657
560819622 560396354
837469049 837469036
1015952801 1015952732
1015952801 1015952787
563159381 258765217
563159381 563159495
563159386 560407250
563159386 258765217
536480757 536480752
536480757 536471586
560819760 448080670
372158964 563132187
517628339 517628274
564126038 564126035
770384970 564137299
564126035 564126001
1015953257 1015952780
1015953257 413290007
1015953253 372159291
1015953253 1015953172
1015953253 241804215
1015953311 1015953346
1015953311 1015953342
1015953099 1015952902
1015953313 564126006
1015953090 563146754
1015953090 258765213
448081965 837458747
448081965 448080669
448081965 448080668
365926501 1014935973
365926506 365926481
564180565 564180580
563661774 563661775
563661774 563661773
563661775 563661779
563661772 563661786
563661772 258765070
563661772 563661773
563661779 563661781
681290459 467688842
563159143 563159472
563159143 563159152
563159143 563159115
1020007102 1020007073
1020007102 1020007147
564125987 564125990
560396186 560396176
560396186 560396187
560396186 421565872
563132198 563132187
563132198 563132127
1016133295 412739416
681290478 564180773
681290478 266728635
241792887 241792873
241792887 241792889
824326115 681290464
563132041 563132299
563132041 563132050
563132041 372158929
517701032 560407238
517701032 258765086
517701032 560407235
258765221 560407245
1015952617 1020007182
1015952617 1015953285
563661703 429527805
563661703 563661704
563661703 563675239
563661705 563661704
563661705 563661743
563661705 563661706
563661704 563661742
563675270 563661744
1020007064 1015952627
1020007062 564126016
1020007062 1020007105
1020007062 1020007068
365926459 413290007
1020007068 564126015
1020007182 1020007118
1020007182 1020007105
1020007182 1020007174
564126026 564126013
367429229 367429224
1021867441 1021867439
563713737 448080669
563713737 563713926
412739416 412739412
412739416 417252603
560407238 560407233
412739417 417252603
563146754 517628274
560407235 258765085
560407235 560407230
560407235 560407233
560407230 258765084
1015953323 1015953340
1017959395 1017959363
1020007113 980581037
560396178 560396187
560396178 560396176
560396178 560396179
560396179 560396189
560396179 560396180
258765091 258765088
258765091 560463129
258765091 421565872
560819663 560819603
560819663 560819657
1020007118 564126016
980581037 428702852
980581037 980581142
560396172 560396181
563159697 563159668
413290007 1015952748
560819688 560819657
560819688 560396354
365926481 365926480
365926481 1014935973
258765218 258765219
258765218 560407248
258765218 563159495
258765218 258765217
560819683 448080670
372158929 563132158
372158929 563159472
372158929 563159152
417252604 372158912
417252602 429527805
417252602 974459039
417252602 1019731717
1015952697 258765071
1015952697 258765070
1015952694 1015953066
1015952694 1015952677
1015953357 1015953300
1015953053 536480752
1015953050 1015952934
683899880 681290474
683899880 1017959363
560407248 560407250
560407248 560407247
1019731773 1019731776
1019731775 1019731729
1019731775 429527805
1019731775 1019731717
560407241 560407245
308165634 308165632
560407245 517700858
560407245 560407247
448080668 560819603
448080668 560819572
563159115 429533879
448080665 448080666
448080665 560396349
564180773 1017958864
536471582 536471587
536471586 536471587
536471586 536480754
681304809 681304811
681304801 681304800
681304800 428702852
564126004 1015953338
564126004 258765072
564126006 564126019
564126001 564125990
1015953222 1015952861
241804215 1015953193
560396336 560396334
560396336 560396344
560396336 560396337
560396337 560396345
560396337 560396339
560396334 560396343
560396339 560396340
421565878 421565876
421565874 560463129
421565874 421565876
421565874 421565872
421565876 560463173
563661748 563661744
563661745 563661744
563661745 563661746
563661745 563661711
563661747 563661746
563661747 258765072
563661746 563661713
563661743 563661713
563661743 563661714
563661743 563661742
563661742 563661712
560396200 560396201
560396201 560396242
560396207 560396354
560396207 560396242
563159289 258765217
563159289 258765216
1014935970 1014935973
1015952738 1015952723
681290474 681290475
681290474 681290471
681290475 681290476
681290475 681290470
681290476 1015953268
681290476 681290472
1015952736 1015952723
1015952736 1015952743
681290470 681290471
681290470 681290472
681290472 1020007180
564180580 564180553
258765213 517628274
258765213 258765214
258765214 258765216
258765219 563159125
563132158 372158947
563132274 563132114
517700858 517700855
517700855 517700853
517700853 517700851
1313281685 1313281684
1313281685 258765072
564137295 428702858
1020007180 1015953267
563713926 448080671
564137298 266728633
564137298 564137299
1021867430 1021867433
1020007121 1015953267
1021867433 1021867439
1015952934 1015952933
1020007147 980581142
1020007146 564126016
1020007146 1020007174
428702852 837452641
428702852 428702857
428702857 428702858
560819771 560819839
560396175 560396181
560396175 560820052
560396175 560396184
1015953266 1015952627
1015953266 1015953267
1015953267 1015953268
1015953268 266728633
1015953302 1015953300
1015953302 1015953342
1019731729 258765078
560820052 560819839
560820052 560820056
560820056 560819849
563159576 563159125
467688842 564126019
550412749 417252603
563159472 429533879
1015953284 1020007073
1015953285 1020007073
1015953285 1015952627
560396242 560396343
563132187 372158947
1015953199 1015953113
560396349 560396347
560396347 560396340
564125997 681290465
560396345 560396344
560396344 560396343
560396343 560396354
564125993 564125990
241792873 241792872
683899867 681290465
563661712 563661713
563661712 563661711
563661714 563661713
1015952774 1015952779
1015952774 1015952743
564126021 564126019
258765071 258765072
560819849 560819839
258765088 258765086
258765083 258765084
258765084 258765085
258765085 258765086
560396181 560396180
560396184 560819839
560396187 560396189
421565892 421565890
266728639 266728635
266728635 266728634
266728634 266728633
448080670 448080671
563159495 429533879
564126016 564126015
564126015 564126013
564126012 564126013
