563675253 135.4943817 34.6978035
837525608 135.4931907 34.6944177
563675258 135.4920247 34.6969429
563159545 135.4947204 34.6906074
412488452 135.4893149 34.6845763
1017959037 135.5075799 34.7016738
1021842484 135.4897794 34.6990363
563661759 135.4988286 34.6972067
563661756 135.4979404 34.6974306
563661754 135.4973478 34.6975678
563675255 135.4934535 34.6975376
563661752 135.4966156 34.69774
1015953060 135.4899225 34.6982202
563132015 135.4898048 34.6860845
1017959297 135.5077891 34.7001649
258765075 135.5012415 34.6952409
417252606 135.4988934 34.6933964
681304778 135.510257 34.6913361
560463014 135.49822 34.6867795
517680522 135.4950419 34.6842796
563714634 135.5101385 34.685784
1014935943 135.5060872 34.6998371
564180820 135.5108825 34.7005608
258765074 135.5012729 34.6956955
1015953355 135.5072097 34.6923868
1015952700 135.5013343 34.6967103
1015952701 135.5071561 34.69241
1015952702 135.4965518 34.7001185
1015952705 135.5073988 34.6927661
517701017 135.4997334 34.6852497
417252601 135.5010041 34.6933306
563146251 135.4948237 34.6847787
563131966 135.4901615 34.6855633
560396302 135.5016268 34.6891527
560396301 135.5016146 34.6884392
560396307 135.5016528 34.6906705
560396306 135.5016456 34.6902525
560396304 135.501639 34.6898672
1015952954 135.5069312 34.6929964
517700900 135.4978019 34.6903075
517700869 135.4997477 34.6925667
517700903 135.4975892 34.6923849
837447293 135.500513 34.6950037
260500582 135.4935525 34.6979443
1021867424 135.4906874 34.6990645
439985827 135.5091712 34.6908197
439985826 135.5089273 34.6906668
564125972 135.5021725 34.6952038
1016327052 135.4934848 34.6995069
564125974 135.5031001 34.6950788
564125976 135.5050161 34.6948081
837469149 135.5101561 34.6843991
439985828 135.5092262 34.6863666
560407217 135.4996369 34.687733
560407214 135.4996207 34.6902992
560396192 135.5054555 34.6859988
560819649 135.5091065 34.6888069
1015952797 135.4953958 34.7010775
1015952796 135.4947284 34.7011641
560407218 135.498678 34.6877088
428702844 135.5106954 34.6941254
560819582 135.5085109 34.689804
563159365 135.4935608 34.6877869
428702843 135.5102634 34.694117
448187051 135.5090144 34.690301
365926468 135.4973003 34.6994768
365926469 135.4997033 34.7005154
365926460 135.4973149 34.7005126
365926461 135.4980602 34.7000905
365926462 135.4984088 34.699489
1015953277 135.5087068 34.6941467
1015952679 135.5071292 34.6924574
560396190 135.5044921 34.6860109
563159083 135.4941622 34.6866302
1019731759 135.5035597 34.6940375
560820047 135.5093115 34.6851273
519673372 135.4918451 34.6970393
563159463 135.4934033 34.6880856
1015952920 135.5047732 34.6934307
1015953191 135.5082088 34.6924717
519673332 135.49136 34.697471
517700880 135.4977787 34.6906793
517700882 135.4986724 34.6907039
1104194946 135.4947113 34.6912256
536480741 135.4926311 34.694686
1189173854 135.4971617 34.6980573
1015953209 135.4898715 34.6989225
582762511 135.490302 34.6967736
369391011 135.5094955 34.6917856
560396356 135.506381 34.6889244
560396358 135.5063906 34.6895403
560396297 135.5055548 34.691959
241792862 135.489985 34.6991645
564264052 135.4964787 34.6994744
241792866 135.4900858 34.6981286
1018189199 135.5020065 34.6995956
241792865 135.4899233 34.6984083
412813592 135.4924117 34.6893663
258765236 135.4954326 34.6965689
412813591 135.491366 34.6885005
412813594 135.4960714 34.6923717
560463180 135.4990177 34.6843701
563146300 135.4939469 34.6845312
563132106 135.4904802 34.6850692
419608575 135.5016816 34.6923445
837529635 135.4933725 34.6924599
563661723 135.4998085 34.6958946
563159269 135.4950597 34.6876492
1015953103 135.5029426 34.6941419
560407221 135.4975032 34.6876512
258765067 135.5006028 34.6982003
1020007162 135.5087424 34.6951027
563714075 135.5101185 34.6868606
1015952859 135.5083133 34.6922383
837425417 135.4972392 34.6910351
258765069 135.500853 34.6975349
552758298 135.5092199 34.6924035
560407224 135.4979512 34.6890903
448187052 135.5092988 34.6903939
974459040 135.4943066 34.6937042
1015952751 135.4954184 34.7007737
1015953282 135.5086997 34.6942669
560396169 135.5044227 34.6843464
421565880 135.4977288 34.6861294
560819827 135.5092674 34.6859274
681290454 135.5014609 34.6966075
448187053 135.5093797 34.6906891
560396196 135.5015827 34.6868785
560396197 135.5025652 34.6868641
564137315 135.509823 34.6929195
563159732 135.4942251 34.6918205
421565888 135.4896859 34.6985685
564137227 135.5102136 34.6947952
560396198 135.5035193 34.6868501
560819561 135.5086083 34.6902209
681290458 135.502104 34.6981978
1021842357 135.4891706 34.694863
1014935947 135.502083 34.701033
1017959219 135.5077251 34.6999467
412491919 135.4913968 34.6981852
1017959214 135.5076216 34.6978412
560820078 135.5073914 34.6843083
560819705 135.5074444 34.687606
367429275 135.5093716 34.7017716
419608576 135.5026648 34.6921886
560820081 135.5083883 34.6843031
1015952919 135.4966271 34.6925621
1015952918 135.5046308 34.6937927
1015952915 135.4969999 34.6924232
564263935 135.4990549 34.7013508
517680511 135.4958139 34.6850582
770392120 135.5020805 34.6995966
563159780 135.4921245 34.6898705
560819554 135.5074976 34.6902976
1015952647 135.5070218 34.6938813
836416733 135.5092947 34.6940122
681290456 135.5014023 34.6967684
837425376 135.4977898 34.6887176
681290457 135.5005543 34.6983177
1015953246 135.5082142 34.6922457
564126022 135.5029751 34.6972619
1015953244 135.4952249 34.7005858
564126027 135.5062771 34.6961449
1015953243 135.5082853 34.6923063
564126024 135.5042572 34.696864
1015953321 135.5073264 34.6924011
1015953089 135.4988282 34.6982102
412739414 135.4903087 34.6956938
1015952620 135.5060543 34.696233
1015953325 135.502158 34.6968494
560396346 135.5055284 34.6900473
681290452 135.4955292 34.6985193
1015953085 135.4897928 34.6988736
412739418 135.4934592 34.6901404
681290453 135.4972141 34.6983979
563675265 135.4935902 34.6971047
564125995 135.503535 34.6964526
560396194 135.5063481 34.6868084
563159258 135.4938391 34.6872382
563159554 135.4945811 34.6911122
560396342 135.5045986 34.6913355
563661760 135.4994609 34.6970694
560396221 135.5035189 34.6876964
1017959439 135.5083717 34.6999486
560396226 135.5045217 34.687681
372159274 135.4897221 34.7003358
563159133 135.4949911 34.689627
1014935957 135.5034928 34.6981195
1014935956 135.5050671 34.7007446
1014935954 135.5053918 34.6980254
560396361 135.5064034 34.6903678
560396363 135.5063972 34.6899664
563661784 135.499244 34.6977481
560463028 135.4982804 34.685305
517712779 135.4997053 34.6914586
564126032 135.5025831 34.6962136
412815141 135.4927317 34.6841881
564180402 135.5101889 34.6986763
564264080 135.4956151 34.6994724
1015952718 135.5074109 34.6927419
560463152 135.4989668 34.6867795
560396319 135.5026334 34.6906217
560463155 135.4987676 34.6867795
563132170 135.4908105 34.68687
560396315 135.5026042 34.6891608
560396316 135.5026171 34.6898095
560396317 135.5026254 34.6902273
560396311 135.5016663 34.6914585
1021842468 135.4895209 34.6980631
560396313 135.5025903 34.688464
517700876 135.496297 34.6906313
837469082 135.5095438 34.6844598
563132213 135.4925106 34.6863578
560463328 135.4977435 34.685315
517700972 135.5006266 34.6852111
412491912 135.4918872 34.6973108
367429235 135.509156 34.6937584
582793501 135.4910178 34.6942157
802356278 135.4902734 34.6959208
560407228 135.4986482 34.6899045
419608579 135.5066088 34.6918006
560407223 135.4980608 34.6883419
419608577 135.5037003 34.6920768
563132286 135.4916616 34.6855689
560407226 135.4978517 34.6898963
419608572 135.5007806 34.6925326
1015952812 135.4956266 34.7010193
517712781 135.5006885 34.6907531
517712780 135.4997053 34.6907367
563131959 135.4913197 34.6860797
1020007125 135.5073461 34.6943488
560396162 135.5063094 34.6843144
564137229 135.510205 34.6963986
560396167 135.5034989 34.684362
560396165 135.5024665 34.6843794
560396164 135.5015129 34.6843955
560819597 135.5074713 34.6894708
563159374 135.4948433 34.6881942
1015952584 135.5079831 34.6941285
365926491 135.5027063 34.7005936
412491921 135.4924623 34.6952857
412491920 135.4922344 34.6961674
365926496 135.5024369 34.7011685
365926499 135.5030938 34.7006233
560819692 135.5084325 34.6883954
417252610 135.493897 34.6925716
421565886 135.4895817 34.6988977
1015953044 135.494426 34.6942188
308165609 135.4976687 34.6899483
837469125 135.5095852 34.6844712
1019731744 135.5035343 34.69321
563159679 135.4956611 34.6914557
1018189115 135.50193 34.6995945
837469141 135.5096499 34.6844065
582793932 135.4937506 34.696363
563159455 135.4937061 34.6875003
563159519 135.4958992 34.6872156
308165603 135.4979951 34.6850425
563675207 135.4939728 34.6954749
428705335 135.5109041 34.695543
517700892 135.5007422 34.6906929
517700890 135.4996259 34.6906793
1019867708 135.4905865 34.6900469
1015953034 135.5070582 34.6928488
260500571 135.495512 34.6983216
260500577 135.4948279 34.6984371
560396325 135.5035476 34.6898018
560396324 135.5035385 34.6891374
413290008 135.4984295 34.7017628
560396326 135.5035528 34.6901869
560396320 135.5026491 34.6914084
560396322 135.5035292 34.6884561
413290006 135.4956753 34.7001612
560396328 135.5035582 34.6905728
564264043 135.496503 34.7000134
241792855 135.491406 34.7003739
564180379 135.5108864 34.6986417
564137257 135.5095175 34.6936544
563132133 135.4896389 34.6863401
563661739 135.4955936 34.6957022
563132332 135.4897579 34.6886208
563675236 135.4926445 34.6945193
560396211 135.5016023 34.6877259
563159281 135.4956544 34.6878165
560396216 135.5025753 34.6877109
1015953134 135.4914182 34.7006223
517700919 135.4987169 34.6924795
1020007156 135.5063808 34.6941775
1021842230 135.4902457 34.6969463
1020007152 135.5093002 34.6955858
1014935963 135.5051616 34.699776
1014935960 135.4988286 34.698349
1020007158 135.5075167 34.6958963
439985825 135.5086263 34.6907527
1014935964 135.5059514 34.7007957
439985824 135.5090321 34.6901917
681290469 135.5037854 34.698103
681290468 135.5030693 34.6980762
1016327057 135.4939648 34.6991859
367429121 135.5065505 34.6936978
681290461 135.5019004 34.6976742
681290460 135.5024973 34.6980191
681290467 135.5052993 34.6977845
681290466 135.5045143 34.6978316
1015952720 135.4966356 34.7002056
563713627 135.5100503 34.6896586
564137302 135.5096107 34.6948381
563132008 135.4909906 34.6866088
560820066 135.5093572 34.6842982
563132266 135.4914783 34.685878
517700846 135.5007589 34.6914833
560819710 135.508441 34.6875605
517700922 135.4986724 34.6902937
837469073 135.5095622 34.6845284
564137286 135.5099074 34.6931472
564180794 135.5108823 34.7006385
564137283 135.5109735 34.6929683
564137288 135.5094615 34.6932844
681304783 135.5095914 34.691962
837458764 135.5097743 34.6865623
560819783 135.508397 34.6867691
308165644 135.4993676 34.6949782
308165642 135.49818 34.6948419
564126003 135.5019176 34.6961933
560819622 135.5063799 34.6888518
837469049 135.509636 34.6866041
1015952801 135.4948695 34.7012339
563159798 135.4924842 34.6894198
563159381 135.4954254 34.6883521
560819560 135.5084678 34.6902306
563159386 135.4973402 34.6887434
536480757 135.4918246 34.6970796
560819760 135.5092231 34.686753
372158964 135.4924605 34.6865883
517628339 135.4959306 34.6844354
564126038 135.5019996 34.696417
770384970 135.5102097 34.6955538
564126035 135.5024897 34.6962522
1015953257 135.4953442 34.7005785
1015953253 135.4913277 34.7008237
1015953311 135.5073867 34.6923515
1015953099 135.4973808 34.6918807
1015953313 135.5015658 34.6967099
1015953090 135.4977442 34.6852773
448081965 135.5098204 34.689255
448081967 135.5101313 34.6863521
365926501 135.503904 34.7006799
365926506 135.5031821 34.7001336
564180565 135.5094428 34.6999598
563661774 135.4992036 34.697555
563661775 135.4981471 34.6978345
563661771 135.4966402 34.6981781
563661772 135.4996999 34.6974344
563661773 135.4995092 34.6974807
1015953172 135.4914155 34.7007194
563661779 135.4982251 34.697938
681290459 135.5019405 34.6980935
563159143 135.4928526 34.688948
1020007102 135.5081512 34.6942633
564125987 135.5030124 34.6952963
560396186 135.5015726 34.6860478
563132198 135.4911595 34.6863786
241792965 135.5098689 34.6842199
1016133295 135.489947 34.6909536
563675283 135.4921578 34.6965622
681290478 135.5108883 34.6977006
564264138 135.4972027 34.6982194
241792887 135.492661 34.6946944
824326115 135.5020346 34.6984223
563132041 135.4906091 34.687203
517701032 135.499604 34.6883995
258765221 135.4961849 34.6914681
564180801 135.5094242 34.7006535
1015952617 135.5075515 34.6946448
563661703 135.4957622 34.6949442
563661705 135.4986144 34.6952358
563661704 135.4972681 34.6950923
1021842473 135.4897186 34.6982403
563661706 135.49984 34.695251
563675270 135.494496 34.6973637
372159154 135.4896604 34.7010213
241792889 135.4932063 34.6944274
1020007064 135.5073354 34.6956453
1020007062 135.506061 34.6949392
365926459 135.4968145 34.7011411
1020007068 135.5053977 34.6952439
1020007182 135.5070797 34.6951779
564126026 135.5052337 34.6965373
1016327079 135.4932755 34.6986433
367429229 135.508758 34.6934535
367429224 135.5083707 34.6933319
1021867441 135.4932366 34.7004174
563713737 135.5100743 34.6885377
412739416 135.4921701 34.6921108
560407238 135.4986582 34.6883667
412739417 135.4930821 34.6906289
563146754 135.4977576 34.6844873
560407235 135.4996104 34.6891396
560463266 135.4987673 34.687711
560407230 135.4996172 34.6899043
1015953323 135.5072419 34.6924155
1017959395 135.50701 34.6999103
560463039 135.4983162 34.6844559
258765095 135.5006098 34.6844109
1020007113 135.5088299 34.6936219
560396178 135.5025058 34.6851996
560396179 135.5034991 34.6851933
258765091 135.5006621 34.686892
560819663 135.5084147 34.6888184
1020007118 135.5069623 34.695165
412739412 135.4913922 34.6933094
560396176 135.5015426 34.6852058
980581037 135.507986 34.6940344
560396172 135.5054161 34.6843298
837525563 135.4926829 34.6947215
563159697 135.4956289 34.6920043
413290007 135.4957411 34.7006326
560819688 135.5074534 34.6884174
365926481 135.5034658 34.6996639
258765218 135.4964734 34.6893151
560407220 135.4981106 34.6877005
560819683 135.5091434 34.6883795
372158929 135.4918988 34.6877644
563159668 135.4949579 34.6914386
417252604 135.4904519 34.6899782
417252602 135.4961232 34.6930045
1015952697 135.5011342 34.6967194
1015952694 135.5072634 34.6924993
1015953357 135.5081833 34.692239
1015953053 135.49008 34.6980305
1015953050 135.4947803 34.6939378
683899880 135.5061718 34.6979122
560407248 135.4972283 34.6894938
1019731773 135.5037907 34.6931859
1019731775 135.4976133 34.6941755
1019731776 135.5043653 34.6931859
560407241 135.4968459 34.6923784
308165634 135.4977867 34.6945532
560407245 135.4969551 34.6914544
308165632 135.4976491 34.6942572
560407247 135.4970551 34.690655
563159443 135.4939834 34.6869664
448080669 135.5100558 34.6892213
448080668 135.5090586 34.6893612
563159115 135.494234 34.6894552
448080665 135.5064151 34.6911232
448080666 135.5076826 34.690964
564180773 135.5101694 34.6977434
836416659 135.5092725 34.701692
536471582 135.4913135 34.6974218
1015952677 135.5071775 34.6925346
536471586 135.4920654 34.6963477
536471587 135.4918047 34.6969986
681304809 135.5088106 34.6922499
681304801 135.5073077 34.6925879
681304800 135.5071271 34.6926975
564126004 135.5014368 34.6965189
564126006 135.5016984 34.6969992
564126001 135.5023684 34.6958359
1015953222 135.5082692 34.6922787
241804215 135.4914547 34.7009054
560396336 135.5045517 34.6891041
560396337 135.5045651 34.6897438
560396334 135.5045382 34.6884636
560396332 135.5046129 34.6920058
560396330 135.5035691 34.6913682
241792929 135.5090151 34.6926181
560396339 135.5045728 34.6901124
429527805 135.4959473 34.6939839
421565878 135.4983045 34.6860605
421565874 135.4997192 34.6860627
421565876 135.4988772 34.6859817
421565872 135.5006445 34.6860595
563132127 135.4899683 34.6858455
563661748 135.4954605 34.697905
563661745 135.4972123 34.697147
563661744 135.4954304 34.6974567
563661747 135.4999947 34.6965776
563661746 135.4987479 34.6968477
563661743 135.4985481 34.6960094
563661742 135.4971877 34.6959014
560396200 135.5045119 34.6868355
560396201 135.5054852 34.6868213
560396207 135.5063612 34.6876525
563159289 135.4966369 34.6880951
563675239 135.4939826 34.6946861
1014935970 135.5041446 34.6981152
1014935973 135.5040954 34.6997055
564180391 135.5094708 34.6987111
1015952738 135.5073385 34.6927926
681290474 135.5061858 34.6977333
681290475 135.5068039 34.6976943
681290476 135.5075481 34.6976496
1015952736 135.5074417 34.6928301
681290470 135.5068722 34.6967825
681290471 135.5062021 34.6967981
681290472 135.5075604 34.6967714
1015952732 135.4951465 34.7008605
564180580 135.510227 34.6999511
258765213 135.4969576 34.685267
258765214 135.4969563 34.6860236
258765217 135.4965611 34.6886613
258765216 135.4968549 34.687502
258765219 135.4963894 34.689942
563132158 135.4920837 34.687446
560463173 135.4989866 34.6852462
419608582 135.5087587 34.6910077
419608583 135.5100426 34.6902739
563132274 135.4891455 34.6848439
517700858 135.4976589 34.6914413
266728641 135.5109094 34.695196
1015952495 135.5109509 34.694229
517700855 135.4987078 34.6915071
517700853 135.4996259 34.6915242
517700851 135.4997649 34.691516
1313281685 135.5019388 34.6956984
564137295 135.5095827 34.6940986
564137290 135.5109513 34.6927284
1020007180 135.5075415 34.6963936
563713926 135.5100891 34.6879907
564137298 135.5095745 34.6963985
564137299 135.509598 34.695554
974459039 135.4945122 34.6927809
1021867430 135.493046 34.7004925
1020007121 135.5092284 34.6963525
1021867433 135.4931583 34.7004968
1021867439 135.4931948 34.7004775
1015952934 135.4952377 34.6928224
1015952933 135.4956454 34.692582
1015952780 135.4956159 34.700382
560819657 135.5074619 34.6888343
1020007147 135.5081482 34.6942197
1020007146 135.5064926 34.6955991
563146312 135.4941982 34.6841462
1015952787 135.4951626 34.7013743
428702852 135.5077081 34.6936041
428702857 135.508893 34.6932237
563131658 135.4927556 34.6839256
1015952748 135.4957634 34.700823
560819576 135.5074873 34.6898857
428702858 135.5092833 34.6941277
560819572 135.5090458 34.6897614
365926471 135.500098 34.6995335
560819771 135.5074355 34.6867878
560396175 135.5063228 34.6851755
372158912 135.4908623 34.6891965
1015953266 135.5081847 34.6957069
1015953267 135.5082625 34.6963619
1015953268 135.5083638 34.6976007
1015953302 135.5079634 34.6921707
1015953300 135.508127 34.6921167
1019731729 135.49886 34.6942257
1015953066 135.5073988 34.6927099
560820052 135.5074004 34.6851584
560820056 135.5083969 34.6851421
1019731725 135.5035148 34.6932527
563159576 135.4957059 34.6906209
1015953193 135.4915452 34.7008051
467688842 135.5021089 34.6980686
1014935966 135.5052435 34.6997814
550412749 135.4937348 34.6921983
563159472 135.4932286 34.6884172
1015953284 135.5086568 34.6943176
1015953285 135.5076496 34.6947895
564180553 135.5108837 34.699944
1104194948 135.4942715 34.6918387
564263617 135.4995851 34.7008672
1017959140 135.508262 34.7017292
372159291 135.4902433 34.7001366
563132299 135.4901489 34.6879571
560396242 135.5054958 34.6876661
536480752 135.4915182 34.6974412
372158982 135.4925961 34.6859643
536480754 135.4923133 34.6953773
564126053 135.5044963 34.697393
563159152 135.4914221 34.6884229
563132187 135.4923422 34.686908
1015953199 135.4898833 34.6991647
563714660 135.5101455 34.6852375
560396349 135.5055453 34.6912779
417252603 135.4926372 34.6914164
560396347 135.5055339 34.6904495
564125997 135.5037591 34.6970307
560396345 135.5055227 34.6896295
560396344 135.5055152 34.6890796
560396343 135.5055066 34.6884563
564125993 135.5033423 34.6960264
564125990 135.5031749 34.695656
560396340 135.5045815 34.6905231
241792873 135.4920945 34.6963558
241792872 135.4916446 34.6974186
517701021 135.499745 34.685142
560407233 135.4986482 34.6891232
1017958864 135.5083541 34.6978131
563132050 135.489416 34.6866837
563132114 135.4903059 34.6853331
683899867 135.5037647 34.6978766
1015952627 135.508013 34.6953254
563661712 135.4971384 34.6963841
563661781 135.498171 34.6980974
563661711 135.4970002 34.6964156
563661714 135.4988382 34.696069
1015953113 135.4911956 34.70021
560463129 135.4996819 34.6868204
1015952774 135.5075892 34.6927132
1015952861 135.5083251 34.6922552
560819603 135.5084586 34.6894026
564126021 135.5025267 34.6973566
258765071 135.5011812 34.6965865
258765070 135.5009746 34.6971709
1020007174 135.5066362 34.6956776
258765072 135.5013248 34.6961442
1015952800 135.4954442 34.7010479
258765078 135.5011228 34.6942542
1015952779 135.5076002 34.6927344
560819849 135.5083965 34.6859455
563661786 135.499892 34.6976747
372158947 135.4922474 34.6871644
258765088 135.5006799 34.68774
837469036 135.5097559 34.686867
258765083 135.5007333 34.6902687
258765084 135.500725 34.6898756
258765085 135.5007103 34.6891807
258765086 135.5006941 34.6884125
560396181 135.5054456 34.6851808
560396180 135.5044424 34.6851872
1020007105 135.5067069 34.6946425
560396184 135.5063354 34.6859875
560396187 135.5025356 34.6860356
1015952743 135.507435 34.6928014
560396189 135.5035088 34.6860233
560819839 135.507409 34.685966
421565892 135.4899844 34.6976047
421565890 135.4899629 34.6978984
1019731717 135.4977919 34.6932632
266728639 135.5108909 34.6963983
563661713 135.498559 34.6961287
266728635 135.5108889 34.6974464
266728634 135.510194 34.6974909
266728633 135.5095669 34.6975373
1015952723 135.5073773 34.692861
1017959363 135.5069145 34.6978684
681290465 135.5040343 34.6978604
1017959369 135.5091344 34.6999509
560396354 135.5063735 34.6884406
681290464 135.5022099 34.6982235
1015952681 135.5071896 34.6923868
1015953346 135.5073961 34.6923758
1015953342 135.5079419 34.6921464
1015953028 135.5046728 34.6939034
1015953340 135.507317 34.6923857
837452641 135.5046434 34.6944788
837458747 135.5098619 34.6867565
517628274 135.4967503 34.6844355
1020007073 135.5083156 34.6944775
1313281684 135.5018208 34.6952178
560407250 135.4972957 34.689042
1015952902 135.497185 34.69226
563159125 135.4957093 34.6897899
448080670 135.5092174 34.6875251
448080671 135.5101035 34.6874614
980581142 135.5081987 34.6941432
429533878 135.4953022 34.687038
681304811 135.5087116 34.6920941
564137247 135.510049 34.6935289
563159495 135.495198 34.6889817
365926480 135.5027493 34.6996251
1015953234 135.5083039 34.692218
564126016 135.5063763 34.6954061
564126015 135.5056931 34.6957103
564126012 135.5039437 34.6963009
564126013 135.5048666 34.6959586
564126010 135.5027231 34.696707
1015953338 135.5013943 34.6966085
429533879 135.4945931 34.688825
564126019 135.5019032 34.6974576
