595746629 127.05739294 37.51998317
595746628 127.05711399 37.51990656
596148966 127.04936819 37.51879982
595760144 127.05955622 37.51537589
596148951 127.0469542 37.52245877
596149053 127.04485478 37.52007093
846808534 127.04346129 37.51003888
872558387 127.04833201 37.51140547
596131683 127.03937964 37.52297786
846808322 127.04389388 37.51052176
597262585 127.0433333 37.51230342
596857295 127.05313878 37.52400297
596149058 127.04373203 37.51987262
597148033 127.04835289 37.52426817
917142666 127.05593197 37.50846309
597262549 127.0466615 37.51327908
597262548 127.04722979 37.5119663
597262543 127.04689997 37.51678548
597262542 127.04557127 37.51654358
597262540 127.04963096 37.5156074
917142742 127.0570476 37.51234391
597262546 127.0475359 37.51125904
597262460 127.04945301 37.51345342
597262461 127.04918328 37.51401828
597262462 127.04853041 37.51702763
597262463 127.0481974 37.51827142
597262464 127.05032548 37.51581192
597262465 127.05050561 37.51547564
597262466 127.0510009 37.51455111
597262467 127.04910047 37.51507934
597262468 127.04947388 37.51518227
597262469 127.04979348 37.51527036
846808403 127.04401969 37.51022446
917142647 127.05545714 37.50935928
917142644 127.05627697 37.50960168
917142641 127.0569865 37.5098114
917142569 127.05691793 37.51118419
922451022 127.04683543 37.50882032
922451024 127.04639353 37.5097259
596149180 127.04084874 37.52247972
596149183 127.0435317 37.51910609
596149184 127.04413863 37.52142863
596149186 127.04438741 37.52224679
596149187 127.04456133 37.52293687
1326157623 127.03904847 37.51645246
596149008 127.04574293 37.52308247
596866833 127.04125132 37.5178592
596866834 127.04288881 37.51814569
595760149 127.05431753 37.5184482
596866836 127.04390017 37.51832272
922450931 127.04813479 37.50844481
595760145 127.05911466 37.5150179
595760146 127.05973132 37.51408533
596149002 127.04577109 37.52381789
595760140 127.05983961 37.51486577
596149004 127.04582767 37.52358211
595760142 127.05868559 37.51470299
595760143 127.05848862 37.51386966
872558374 127.04866402 37.51076828
872558372 127.05195383 37.51101202
596857246 127.04859076 37.52284299
872558370 127.05286964 37.50874933
860338553 127.04315921 37.50692333
596857361 127.0499524 37.52137356
596148970 127.04941823 37.5185994
596857363 127.04935159 37.52255642
872558273 127.05161462 37.51088722
872558271 127.0504471 37.51202606
596148975 127.04756574 37.52307149
596148978 127.04536214 37.52200187
860338558 127.04258521 37.50969782
596857454 127.05064492 37.52325379
596857452 127.05109452 37.52244276
922450945 127.04709954 37.50788943
596857515 127.05105739 37.52373919
922450942 127.04932359 37.50910413
595760139 127.05936662 37.51471414
595760138 127.0590611 37.51458389
595760130 127.05601411 37.51448179
595760133 127.0562716 37.51448179
595760132 127.0561965 37.51451583
872558181 127.05151253 37.51196664
872558180 127.05476873 37.50685887
595760136 127.05843883 37.51425196
860338422 127.04060038 37.50834457
860338420 127.04599606 37.50686063
860338429 127.04684708 37.50711243
860338428 127.0496437 37.5117902
596866769 127.04098779 37.518587
596866762 127.0421393 37.51933031
596866767 127.04140018 37.51868741
597148073 127.04655916 37.5240655
597262586 127.04655798 37.5179747
596857173 127.05457511 37.52250118
597262584 127.04807151 37.51369239
597262583 127.0523565 37.51494842
597262582 127.05234376 37.51267482
597262581 127.05294558 37.51383111
596149236 127.04783849 37.52334046
596149237 127.04372146 37.52283352
596149239 127.0433136 37.52278332
860338589 127.05187211 37.50961861
922451069 127.04628834 37.5095089
595750372 127.04481874 37.52386341
922451066 127.04661448 37.50918753
922451060 127.04925537 37.5070732
595750379 127.04746197 37.52403012
922451063 127.04641432 37.50857138
596866794 127.04306441 37.5187574
596866797 127.04396856 37.51858197
597147998 127.04355643 37.52445877
597262459 127.04979499 37.51355719
597262511 127.04658472 37.51177628
597262512 127.0459736 37.51307741
597262513 127.0454043 37.51434978
597262514 127.04371308 37.51536818
597262515 127.04426294 37.51400662
597262516 127.04471916 37.51270969
597262517 127.04531813 37.51140312
597262518 127.04580948 37.51075252
597262450 127.04874491 37.51497666
597262453 127.04946466 37.51426211
597262452 127.04872781 37.51406211
597262455 127.04771628 37.51446109
597262454 127.04984218 37.51438406
597262457 127.04816563 37.51404912
597262456 127.04795097 37.51452572
922450974 127.04560027 37.50859653
596149047 127.0457633 37.52206742
922450976 127.04859772 37.50869099
596149041 127.04670743 37.5204762
922450970 127.0471728 37.5074125
922450973 127.04670391 37.50939197
596149042 127.04685764 37.52075699
596149048 127.0460881 37.52086604
596857286 127.0538147 37.52383281
872558230 127.05063058 37.51120246
596857280 127.05414537 37.52329243
596857324 127.05500258 37.5237417
872558324 127.05117943 37.51177167
596857493 127.05199608 37.52385737
595760167 127.05396222 37.51382239
922451011 127.0494769 37.50727847
596857554 127.0509527 37.52361589
596857366 127.04959827 37.52287979
596866801 127.04280331 37.51922344
596866802 127.0426485 37.51867048
596866805 127.04248203 37.51807461
875533131 127.05953921 37.50771869
596857237 127.04901179 37.52148177
595760175 127.0543726 37.51712838
595760174 127.05454418 37.51701774
595760177 127.05576727 37.51894088
595760176 127.05615359 37.51901749
595760171 127.05505321 37.51327346
595760170 127.05245432 37.51501011
595760173 127.05474811 37.5139627
595760172 127.05481248 37.51392859
595760179 127.05603632 37.51970431
595760178 127.05458793 37.51872773
596857359 127.05101481 37.51939954
597262510 127.04480659 37.51417007
596148989 127.0468791 37.52178662
596857213 127.05570088 37.52042842
872558303 127.0537831 37.5095436
860338466 127.04268999 37.5075912
872558301 127.04993329 37.51147353
597262458 127.04793706 37.51398324
860338500 127.04343807 37.50890632
596148982 127.04743926 37.52178109
596148980 127.04580621 37.52191428
860338505 127.04298788 37.50768818
860338506 127.04154988 37.50938719
596148984 127.04705654 37.52191604
595760188 127.0517717 37.51631349
595760189 127.05249497 37.51658372
922450878 127.04816186 37.5072602
596857428 127.05363239 37.52314357
596857427 127.05268801 37.52394446
596857426 127.05302152 37.52348438
595760182 127.05263453 37.51566473
595760183 127.05219213 37.51551067
596866870 127.04453308 37.51892026
596857422 127.05213639 37.52293729
595760186 127.0540328 37.51589649
596857420 127.05159232 37.52380649
860338488 127.04188172 37.50691067
595746630 127.06015016 37.52091918
595746631 127.06011798 37.52100434
595746637 127.05736067 37.52006833
597262451 127.04910969 37.51415968
596148999 127.04637484 37.52091868
872558343 127.05516938 37.50798331
596857239 127.04975451 37.52174279
596131673 127.04149842 37.51717297
846808520 127.04437291 37.51033057
596866775 127.04115811 37.5193485
872558390 127.05107047 37.51141804
872558391 127.04821458 37.51064842
872558392 127.05258893 37.51124152
872558393 127.05124154 37.51225933
596866773 127.04167628 37.51793363
596857259 127.04879579 37.52187639
846808257 127.04399589 37.51056837
596148997 127.04658942 37.52134406
596149044 127.04807704 37.52290368
596148990 127.04642848 37.52176106
596866751 127.04155994 37.51942351
596866759 127.04204249 37.51895488
596857256 127.04915839 37.5220033
597148000 127.04368081 37.5237241
917142770 127.05417839 37.5117586
597262559 127.04675068 37.51730482
597262554 127.04544369 37.51708756
597262555 127.04528938 37.5177452
597262557 127.04178893 37.51641307
597262551 127.04604308 37.51454189
596857433 127.05331807 37.52369091
872558164 127.05200379 37.50947998
596857435 127.05294701 37.5247114
597136257 127.03957703 37.52394429
597136254 127.0404221 37.52405971
596149248 127.04317781 37.5222716
917142659 127.05866279 37.50926029
596149245 127.03982371 37.52159518
596149244 127.04299987 37.52161723
596149242 127.0433602 37.52155746
860338547 127.04202187 37.50810208
922451054 127.05006103 37.50941393
922451057 127.05261869 37.50833551
596857591 127.04808559 37.52317391
872558232 127.05436883 37.50767963
917142664 127.05743652 37.5089023
1326157614 127.04108209 37.51789382
597262528 127.04462118 37.51119777
1326157616 127.04049502 37.51690492
1326157599 127.04054791 37.51930273
597262521 127.04268437 37.51514329
597262520 127.04229528 37.51505889
597262523 127.04441054 37.51557236
597262522 127.04312367 37.5152386
597262525 127.0443139 37.51623621
597262524 127.0444641 37.51562349
597262527 127.04395834 37.51750984
597262526 127.04413151 37.51684893
596866847 127.0477851 37.51901649
596866840 127.04672981 37.51881817
922450923 127.04934472 37.509296
596149010 127.04582767 37.5226461
922450927 127.04673761 37.50819537
596149015 127.04616026 37.52238233
872558268 127.05344799 37.50909869
872558269 127.05315521 37.51145417
872558346 127.05329812 37.50924487
872558262 127.04478203 37.50973219
872558265 127.05136869 37.5115773
596857253 127.04925503 37.52237772
860338544 127.04446812 37.50699139
596857314 127.0541473 37.52450496
596857468 127.05061256 37.52160541
596857463 127.05276328 37.52248844
596857460 127.05506863 37.52361463
860338548 127.04477306 37.50680749
860338549 127.05345998 37.50722617
596857465 127.05216531 37.5222364
596509756 127.04881573 37.52432533
596857209 127.05255918 37.51987806
596857507 127.05132016 37.5237723
597262529 127.04412329 37.51253501
872558199 127.05309637 37.51005162
872558197 127.05097407 37.5104988
872558194 127.05229557 37.51208683
872558195 127.05305882 37.50858127
596137496 127.04337697 37.50996889
872558191 127.05341413 37.51016461
860338438 127.04403897 37.50681269
860338439 127.04054137 37.50762967
596131735 127.04073147 37.52320769
860338431 127.04124411 37.50930639
596857223 127.04932762 37.52090476
860338434 127.04399513 37.50805749
860338436 127.04242956 37.50885947
596857226 127.05009506 37.52111683
860338531 127.04339524 37.50927227
860338530 127.05365813 37.50743907
860338535 127.04388877 37.50846384
872558290 127.05214142 37.51181316
860338537 127.05649968 37.50739171
860338536 127.04545828 37.5075244
860338538 127.0409437 37.50842553
595760148 127.05530643 37.51845557
597148043 127.0431608 37.52366048
597262590 127.04747949 37.51497373
597262591 127.04955963 37.51185491
597262592 127.0428381 37.51360773
597262594 127.05168989 37.51621383
597262497 127.04628993 37.512404
596857161 127.05357867 37.52214797
596857164 127.05438283 37.52092689
596857168 127.05481341 37.52027294
875533155 127.05815418 37.51015657
922451091 127.04645958 37.50834239
595748089 127.04755459 37.52416968
595748088 127.05048289 37.51879412
595748087 127.05052556 37.5186927
922460549 127.05647067 37.51351947
596866785 127.0439321 37.51760053
917142687 127.0579427 37.50784282
596866780 127.04372633 37.51829229
596857415 127.05163876 37.52327198
922460547 127.05547432 37.51334663
597262448 127.05075799 37.51500449
597262449 127.04868062 37.51510432
597262561 127.0438451 37.51096911
597262560 127.04870199 37.51241507
597262442 127.05037267 37.51488547
597262443 127.05059429 37.51443192
597262441 127.0501363 37.51536919
597262446 127.04970329 37.51468522
597262447 127.05002994 37.51478019
597262444 127.04898103 37.51446612
597262445 127.04932443 37.51457676
1326472625 127.03965473 37.52456447
922450965 127.04901782 37.5107298
922450963 127.04570848 37.50873139
596149051 127.04383311 37.52025969
596857291 127.0535894 37.52397749
917142662 127.05803859 37.50907807
917142665 127.05676119 37.50870507
596131685 127.03936891 37.52312261
922450968 127.04872923 37.50894546
922450969 127.05307852 37.50756848
872558224 127.05417026 37.50802119
872558227 127.05461827 37.50716766
872558220 127.05367011 37.50888201
872558221 127.05129342 37.51069242
596857548 127.05008107 37.52259053
917142813 127.05751464 37.50704051
596857544 127.04895948 37.52323653
922451001 127.0465724 37.50959649
922451007 127.05180162 37.50689852
872558193 127.05271114 37.50935341
596149208 127.04393889 37.52215073
596149203 127.04509811 37.52210153
596149202 127.04490926 37.52130098
595760193 127.05732622 37.51950499
596149205 127.04376589 37.52149032
596866813 127.04230316 37.51889897
596866810 127.04240132 37.51928806
596137515 127.03924201 37.5229854
596866814 127.04226402 37.51874357
596137500 127.04334872 37.51005791
595760166 127.05429389 37.5131417
733859234 127.05680612 37.50682359
595760164 127.05357992 37.51668481
595760165 127.05285103 37.51692504
595760162 127.05407571 37.51652136
595760163 127.05385527 37.51659403
595760160 127.05419842 37.5161933
595760161 127.05435106 37.51643059
872558312 127.05333199 37.5096762
872558315 127.04490088 37.50951921
595760168 127.05348404 37.51480349
595760169 127.05267736 37.5150775
872558250 127.05451199 37.50912056
596857348 127.05062832 37.52015676
872558252 127.05465817 37.51059133
596131671 127.04153681 37.51708697
860338471 127.04254289 37.50727151
860338472 127.04311629 37.50988927
596148994 127.04640703 37.52218661
596857343 127.05238777 37.52040361
596857340 127.05262581 37.51967413
860338576 127.04124411 37.50851908
860338571 127.04340061 37.50718719
860338479 127.0420595 37.50741702
860338573 127.04152842 37.50824247
596857345 127.05115403 37.52057376
922450883 127.04634542 37.5082962
596866882 127.04806413 37.51875271
596866884 127.04909653 37.51965603
922450887 127.04716626 37.5070649
596866886 127.04973313 37.51987069
596857531 127.05055506 37.52441016
860338493 127.05923503 37.50825203
860338490 127.05835367 37.50797291
860338494 127.04233309 37.5075021
860338495 127.04231481 37.50713589
596857409 127.05223396 37.52347373
597262499 127.04573212 37.51300658
597262498 127.04603051 37.51233846
597262495 127.04534856 37.5137234
597262494 127.0450313 37.51280122
596149018 127.04643921 37.52287577
597262496 127.04567788 37.51299074
597262491 127.04534387 37.51216831
597262490 127.04565282 37.51226688
597262493 127.04468849 37.51354151
597262492 127.04562407 37.51149331
596866838 127.04506953 37.5185274
846808649 127.04396496 37.51044582
1326157575 127.04019537 37.51765644
860338463 127.04404434 37.50906382
595760147 127.05596223 37.51809548
872558306 127.04613763 37.51003444
595760141 127.05869632 37.51550296
596866743 127.04207744 37.51800379
596866741 127.04232546 37.51731831
596866746 127.04191466 37.51845926
596866747 127.04179857 37.51878439
922450936 127.04570068 37.50916658
917142691 127.05646623 37.51105896
860338465 127.0435669 37.50854464
596857192 127.05534867 37.52107693
872558300 127.05323979 37.51010099
596857197 127.05500703 37.52170599
596857351 127.04989247 37.5198727
872558172 127.04584167 37.51068882
872558174 127.05180162 37.51165441
872558176 127.05299696 37.50953874
872558178 127.053032 37.51032513
596149250 127.04318896 37.52349377
596149030 127.04646419 37.5239049
860338468 127.0527124 37.50888889
596149254 127.04354913 37.52221754
596149031 127.0465869 37.5231864
596857394 127.0534656 37.52343392
596857390 127.05199474 37.52256622
596148986 127.04696493 37.52194831
596857588 127.04838633 37.52262456
595760194 127.05513376 37.51723944
596857357 127.0512521 37.51893468
595750358 127.05351178 37.51300599
595750359 127.05339351 37.51298386
595750356 127.06048502 37.51422271
595750357 127.0602256 37.51417108
595760192 127.05128052 37.51882932
922451044 127.0479726 37.50726942
596866749 127.04171257 37.51902504
596866906 127.04751687 37.52093117
596509842 127.05019959 37.52449599
596149037 127.04655488 37.51807612
595750382 127.05356794 37.51290114
597262538 127.05087274 37.51301404
597262539 127.05024686 37.51433008
597262532 127.04262914 37.51656939
597262533 127.04236376 37.51723139
597262530 127.04394937 37.51298537
597262531 127.04362893 37.51381602
597262536 127.04314236 37.51280608
597262537 127.05119477 37.51233653
597262534 127.04297279 37.51434701
597262535 127.04259494 37.51425783
596866857 127.04523859 37.51783548
596866854 127.04529609 37.51926334
596866919 127.04817326 37.51837192
596149027 127.04692201 37.52269707
596149025 127.04725108 37.52326821
596149023 127.04714564 37.52399039
860338551 127.05218752 37.50686281
596866911 127.04705 37.5210957
596149020 127.04639504 37.52316276
596148958 127.04789833 37.52211846
595760180 127.05661417 37.51876922
872558356 127.05381923 37.51031213
860338550 127.04131376 37.50789362
872558350 127.05066897 37.51080222
872558218 127.053679 37.51055328
872558352 127.05454611 37.50816083
922450875 127.04831894 37.51038522
860338557 127.04250098 37.50796436
596148953 127.04717313 37.52237847
596148955 127.04729827 37.52233262
596148956 127.0476742 37.52219457
733859395 127.05825359 37.50726439
596148974 127.04754043 37.52330383
595760184 127.05263453 37.5160306
596857476 127.05244149 37.52307551
872558270 127.05249086 37.51003226
595760185 127.05392199 37.51562207
922450872 127.04766741 37.5075544
596857572 127.04999272 37.52433942
597136240 127.04138551 37.52419332
596149152 127.04439001 37.51840838
872558309 127.05239338 37.51193152
595760187 127.05263453 37.51632841
860338594 127.04155516 37.5086127
860338592 127.04278797 37.50805254
875533115 127.05651133 37.51340397
733859260 127.05666488 37.50678779
872558322 127.05289311 37.51135711
872558325 127.04851348 37.51105578
860338476 127.05636439 37.50735206
872558327 127.05558898 37.50711234
872558171 127.05419138 37.50967201
860338444 127.04138358 37.50856174
860338441 127.05020369 37.51123062
860338440 127.0572481 37.50762288
860338442 127.04161417 37.50727227
872558286 127.05278951 37.51208289
860338523 127.04431298 37.5092255
860338521 127.04392087 37.50903398
860338526 127.043642 37.50823401
872558281 127.05320827 37.50933254
860338528 127.04186102 37.50869359
872558288 127.04768258 37.51121126
596857406 127.05287367 37.52368831
860338482 127.04429244 37.5083397
597148056 127.0446568 37.52459339
860338484 127.04270801 37.50831238
596137607 127.04465999 37.50868873
860338503 127.04321822 37.50775314
596866866 127.04318066 37.51916258
596857158 127.0528186 37.52253001
595746640 127.05706034 37.51998317
595746647 127.04135509 37.51717389
597136272 127.04014331 37.52326653
922451085 127.04828164 37.51051581
922451088 127.04889989 37.50703028
595748090 127.04738293 37.52416122
595748091 127.05033562 37.51876713
595748092 127.05039631 37.51866931
917142696 127.05551086 37.51323306
922460559 127.058209 37.51382122
917142693 127.05603138 37.51213662
917142757 127.05479907 37.51059712
922460550 127.05758019 37.51527062
922460551 127.05508112 37.51315972
597262479 127.04895404 37.515408
597262478 127.04952828 37.51411936
597262477 127.04993564 37.5132608
597262476 127.0501477 37.51281396
597262475 127.0504637 37.5121212
597262474 127.04920901 37.51208398
597262473 127.04813336 37.51173429
597262472 127.04792256 37.51217753
597262471 127.04783304 37.5124662
597262470 127.04991242 37.51423201
917142679 127.05454183 37.51306752
917142571 127.05762059 37.50971551
917142570 127.05750894 37.50996588
917142672 127.0575133 37.50705174
917142676 127.05528296 37.51198399
917142677 127.05501348 37.51264314
917142674 127.05571672 37.51085134
596857392 127.05257351 37.5228347
922451038 127.04675647 37.50909567
917142581 127.05579786 37.51067029
917142582 127.05618829 37.51077942
922451031 127.05227671 37.50812043
596149141 127.04503332 37.52078063
597136204 127.04219814 37.52429273
596149196 127.04477549 37.52216741
596149194 127.04455094 37.52136124
596149219 127.04151468 37.52186323
596149191 127.04462478 37.52134808
596149214 127.04223351 37.52174413
596149215 127.0425221 37.52268583
595760190 127.0539033 37.51802022
596149143 127.04447802 37.5208652
597136208 127.04303968 37.52439557
922451035 127.0494717 37.50696591
596149199 127.04484062 37.52370113
596149198 127.044978 37.52298834
595760159 127.05261307 37.51667743
595760153 127.05120148 37.51740222
595760152 127.05192693 37.51763431
595760151 127.05311733 37.51786867
595760150 127.05495137 37.51808182
595760157 127.05162359 37.51819489
595760156 127.0535262 37.51762769
595760155 127.0529579 37.51844576
595760154 127.05277719 37.51910014
921145156 127.04281781 37.50710924
872558368 127.05338521 37.5104501
872558364 127.05033814 37.5110686
872558361 127.05228274 37.51113314
596148960 127.04830603 37.5212335
872558240 127.05093158 37.51099266
596148964 127.04945402 37.51921682
860338568 127.05367732 37.50795112
872558245 127.05406909 37.50899508
595760135 127.05655508 37.51353414
860338564 127.04307338 37.50697857
860338562 127.04110463 37.50713179
860338560 127.04027851 37.50793192
596866891 127.04884784 37.51998259
596866896 127.04756189 37.51974957
922450895 127.04940029 37.51022513
596149063 127.0436363 37.51950649
596857523 127.05065539 37.52401504
596866898 127.04466678 37.51939879
596149060 127.04474716 37.51968612
596857449 127.05138998 37.52190967
596857527 127.05061759 37.52405401
596149065 127.04464113 37.51930684
595746618 127.04139809 37.51708882
597262488 127.04595541 37.51120673
597262489 127.04555232 37.51109308
597262486 127.0488522 37.51296827
597262487 127.04577604 37.51153799
597262484 127.04819598 37.51518479
597262485 127.04846713 37.51380831
597262482 127.04919049 37.51306358
597262483 127.04880157 37.51390638
597262480 127.0506569 37.51346792
597262481 127.04940071 37.51260794
596149150 127.04544143 37.52229717
596149210 127.04398457 37.5223291
922451041 127.04632522 37.50970084
922451093 127.04590428 37.50914998
922451092 127.046604 37.50929189
596149212 127.04412204 37.52288281
596857569 127.04898572 37.5242126
860338545 127.04415699 37.50717437
597148067 127.04530338 37.52467251
597148061 127.04365961 37.52447143
596482732 127.04370638 37.51096089
596857186 127.05553316 37.519708
596857181 127.05662038 37.5207761
596857183 127.05590682 37.52007512
917142746 127.05754632 37.51135828
860347262 127.04030676 37.50700782
596149226 127.04062418 37.52177807
596149220 127.04167653 37.52258173
860347265 127.03967234 37.50769782
596149222 127.04153647 37.52329914
596857387 127.05122511 37.52220723
596149229 127.04010786 37.52310166
596149228 127.0403734 37.52242122
595750363 127.05518363 37.52398746
596866821 127.04301923 37.51859999
595750365 127.05495749 37.52415267
922451072 127.04792616 37.50738576
922451074 127.05331439 37.50784911
596500111 127.05564707 37.52315313
872558335 127.05166323 37.5118109
1326157671 127.03962188 37.5190962
917142706 127.05859951 37.50805078
597262509 127.04537521 37.51290197
597262508 127.04594904 37.51158903
597262507 127.04566582 37.51381082
597262506 127.04502192 37.51363338
597262505 127.04444968 37.51347571
597262504 127.04383328 37.51328628
597262503 127.04375851 37.51348024
597262502 127.04323054 37.51370823
597262501 127.04336272 37.51337496
597262500 127.04341268 37.51324907
922450900 127.04808466 37.50718049
595760196 127.05452071 37.51762836
595760195 127.05300928 37.51395038
922450903 127.0464165 37.50817492
596866904 127.04733448 37.52061626
595760181 127.05376952 37.51531638
595760191 127.05542109 37.5195888
922450907 127.04613579 37.50864514
596866908 127.04887927 37.52143433
596149039 127.04692201 37.51963373
596149133 127.04433636 37.52039959
596149132 127.04491572 37.52028903
596149135 127.04389212 37.52048542
860338458 127.04730448 37.50683172
596857332 127.05277677 37.51921128
872558203 127.05248944 37.51196999
872558200 127.05590548 37.50822387
596857482 127.0519157 37.52283721
596857485 127.05186633 37.5228145
596857487 127.051508 37.52264996
595750388 127.06029282 37.51405021
922450995 127.05199373 37.50708208
596149148 127.04526742 37.52302388
596149149 127.04531269 37.52285884
596149145 127.04401341 37.52094944
597136237 127.04150588 37.52345797
596149140 127.0453556 37.52073151
596149151 127.04516248 37.52125898
922450999 127.04677231 37.50870767
922450998 127.04939333 37.5070048
860338581 127.04500742 37.50707412
860338585 127.0537603 37.50767234
860338586 127.04369556 37.50897874
872558243 127.05294114 37.50999806
922450913 127.04577796 37.50921561
596137575 127.03922047 37.52315564
922450910 127.04937078 37.51037869
595750383 127.05343592 37.51290357
596131663 127.04455446 37.51032311
872558332 127.05403162 37.5117767
872558354 127.05532537 37.509326
872558330 127.05247611 37.51262177
596857411 127.05189323 37.52335823
872558337 127.0500441 37.5119078
922450972 127.04692478 37.50846979
860338459 127.04024633 37.50901269
860338454 127.0572351 37.50761878
596857271 127.04938369 37.52239481
860338452 127.04291781 37.50899567
860338453 127.05239917 37.50910682
860338450 127.04522677 37.50730152
596857200 127.05595661 37.5219727
595750389 127.06055777 37.51408583
860338516 127.0465206 37.5069059
860338515 127.04362046 37.50839997
596866868 127.04408013 37.51900433
860338513 127.041743 37.50866383
860338462 127.04340597 37.5099787
860338511 127.05834629 37.50797056
860338510 127.04378148 37.50937437
596866863 127.041498 37.51943349
595750380 127.04761184 37.5240396
596866861 127.04073407 37.51924246
860338518 127.04060566 37.50912341
872558248 127.05263436 37.50989237
860338519 127.04574637 37.50780184
595750386 127.04090607 37.50921268
