595746629 595750356
595746629 595746628
595746629 595746630
595746629 595746637
595746628 595760193
595746628 595746640
595746628 595760179
596148966 596148970
596148966 596148964
595760144 595760145
595760144 595760193
595760144 595760140
596148951 596149027
596148951 596148994
596148951 596148953
596149053 596149060
596149053 596149132
596149053 596149051
846808534 846808403
846808534 596137496
846808534 596137500
872558387 872558325
872558387 872558288
872558387 860338428
596131683 596149245
596131683 596137515
596131683 596149229
596131683 596131685
846808322 846808649
846808322 596482732
597262585 597262529
597262585 597262536
597262585 597262561
596857295 596857427
596857295 596857291
596857295 596857433
596857295 596857435
596149058 596149063
596149058 596149060
596149058 596149051
597148033 595748089
597148033 596509756
917142666 917142647
917142666 917142665
917142666 860338537
597262549 597262512
597262549 597262548
597262549 597262584
597262549 597262551
597262548 597262511
597262548 597262546
597262548 597262472
597262543 597262590
597262543 597262542
597262543 597262559
597262542 597262554
597262542 597262525
597262542 597262551
597262540 597262469
597262540 597262464
597262540 597262479
917142742 917142746
917142742 875533115
917142742 917142693
597262546 597262518
597262546 597262591
597262460 597262459
597262460 597262461
597262461 597262483
597262461 597262478
597262462 597262463
597262463 597262586
597262463 595748092
597262464 597262594
597262464 597262465
597262465 597262448
597262465 597262441
597262466 597262443
597262466 597262448
597262466 597262583
597262467 597262468
597262467 597262450
597262467 597262479
597262467 597262445
597262468 597262469
597262468 597262446
597262469 597262447
597262469 597262441
846808403 846808649
846808403 860338523
846808403 846808520
917142647 917142757
917142647 917142644
917142644 917142581
917142644 917142665
917142644 917142641
917142641 917142664
917142641 917142570
917142641 917142691
917142569 917142746
917142569 917142691
917142569 917142570
922451022 922450999
922451022 922451038
922451024 922451001
922451024 922451041
596149180 596131735
596149180 596149228
596149180 596149220
596149183 596149063
596149183 596866868
596149183 596866866
596149184 596149145
596149184 596149194
596149184 596149205
596149184 596149186
596149186 596149196
596149186 596149210
596149186 596149187
596149187 596149212
596149187 596149198
1326157623 1326157616
596149008 596149010
596149008 596149148
596149008 596149004
596149008 596149020
596866833 596866769
596866833 596866773
596866833 596131673
596866834 596866805
596866834 596866821
596866834 596866780
595760149 595760150
595760149 595760178
595760149 595760190
596866836 596149152
596866836 596866797
596866836 596866780
922450931 922450976
922450931 922450972
595760145 595760138
595760146 595760139
595760146 595750357
595760146 595760143
596149002 596149030
596149002 596149004
596149002 596149199
595760140 595760139
595760140 595750357
595760142 595760141
595760142 595760136
595760143 922460559
595760143 595760136
872558374 872558391
872558374 860338441
872558374 872558325
872558372 872558361
872558372 872558273
872558372 872558243
596857246 596857544
596857246 596857588
596857246 596857253
872558370 872558268
872558370 860338468
872558370 872558195
860338553 860338564
860338553 860338571
596857361 596857468
596857361 596857239
596857361 596857226
596148970 595748091
596148970 596866919
596857363 596857366
596857363 596857271
872558273 872558390
872558273 872558221
872558273 872558270
872558271 872558390
872558271 872558393
872558271 872558337
596148975 596148953
596148975 596148974
596148978 596149151
596148978 596148980
596148978 596149150
860338558 860338452
860338558 860338472
860338558 860338506
596857454 596857548
596857454 596857452
596857454 596857554
596857452 596857387
596857452 596857487
922450945 922450970
922450945 922450927
596857515 596857523
596857515 596857507
596857515 596857554
922450942 922450923
922450942 922450968
595760139 595760138
595760138 595760136
595760130 595760132
595760133 595760132
595760133 595760135
872558181 872558393
872558181 872558324
872558181 872558335
872558180 872558227
872558180 872558327
860338422 860338538
860338422 860338560
860338422 860338459
860338420 860338450
860338429 860338519
860338429 860338458
860338429 922450887
860338428 872558337
860338428 872558301
596866769 596866861
596866769 596866767
596866762 596866751
596866762 596866759
596866762 596866810
596866767 596866775
596866767 596866773
596866767 596866747
597148073 595748090
597148073 595750372
597262586 597262555
597262586 597262559
596857173 596857161
596857173 596857197
596857173 596857280
597262584 597262458
597262584 597262485
597262584 597262560
597262583 597262594
597262583 597262581
597262582 597262537
597262582 597262581
597262582 595750359
597262581 595750359
596149236 596149044
596149236 595750379
596149236 596148974
596149237 596149254
596149237 596149212
596149237 596149239
596149239 596149250
596149239 596149215
596149239 596149248
860338589 872558197
860338589 872558164
860338589 872558270
922451069 922451093
922451069 922451041
595750372 597148056
595750372 597148000
922451066 922451092
922451066 922451038
922451060 922451088
922451060 922450998
595750379 595748090
595750379 596149023
595750379 595750380
922451063 922451091
922451063 922450907
596866794 596866797
596866794 596866866
596866794 596866821
596866797 596866868
597147998 597136208
597147998 597148061
597147998 597148000
597262459 597262477
597262459 597262478
597262511 597262497
597262511 597262508
597262512 597262507
597262512 597262499
597262512 597262497
597262513 597262510
597262513 597262507
597262513 597262551
597262514 597262523
597262514 597262522
597262514 597262515
597262515 597262510
597262515 597262505
597262515 597262531
597262516 597262529
597262516 597262494
597262516 597262505
597262516 597262517
597262517 597262528
597262517 597262489
597262517 597262492
597262518 846808520
597262518 597262489
597262450 597262449
597262450 597262444
597262453 597262451
597262453 597262478
597262453 597262454
597262453 597262445
597262452 597262451
597262452 597262484
597262452 597262483
597262455 597262590
597262455 597262458
597262455 597262456
597262454 597262446
597262454 597262470
597262457 597262458
597262457 597262456
922450974 922450963
596149047 596148980
596149047 596149015
922450976 922450968
596149041 596149039
596149041 596149132
596149041 596149042
922450970 922450872
922450970 922450887
922450973 922451001
922450973 922451092
596149042 596148999
596149042 596866911
596149048 596148980
596149048 596149140
596149048 596148999
596857286 596857291
596857286 596857280
872558230 872558364
872558230 872558337
596857280 596857460
596857280 596857428
596857324 596857314
596857324 596857460
872558324 872558265
596857493 596857427
596857493 596857409
596857493 596857420
595760167 595760166
595760167 595760168
595760167 595760173
922451011 922450998
596857554 596857487
596857366 596857544
596857366 596857523
596857366 596857548
596866801 596866810
596866801 596866802
596866801 596866866
596866802 596866805
596866802 596866821
596866802 596866814
596866805 596866743
875533131 860338493
875533131 733859395
596857237 596857223
596857237 596857239
596857237 596857259
595760175 595760174
595760175 595760163
595760174 595760162
595760177 595760176
595760177 595760148
595760177 595760178
595760176 595760180
595760176 595760179
595760171 595760166
595760171 922460547
595760171 922460551
595760171 595760172
595760170 595760195
595760170 595760183
595760170 595760169
595760173 595760172
595760179 595760191
595760178 595760191
596857359 596857348
596857359 596857340
596857359 596857357
597262510 597262506
596148989 596148990
596148989 596148986
596857213 596857192
596857213 596857168
596857213 596857183
872558303 872558171
872558303 872558281
872558303 872558191
860338466 860338557
860338466 860338505
860338466 860338494
872558301 860338441
872558301 872558325
860338500 860338452
860338500 860338586
860338500 860338465
596148982 596148956
596148982 596866911
596148982 596148984
860338505 860338503
860338505 860338592
860338506 860338431
860338506 860338528
596148984 596148986
596148984 596148955
595760188 595760153
595760188 595760189
595760188 595760183
595760189 595760152
595760189 595760159
595760189 595760187
922450878 922450900
922450878 922451088
596857428 596857394
596857428 596857158
596857427 596857406
596857426 596857476
596857426 596857433
596857426 596857406
595760182 595760181
595760182 595760183
595760182 595760184
596866870 596149152
596866870 596866868
596866870 596149065
596857422 596857476
596857422 596857482
596857422 596857411
595760186 595760185
595760186 595760160
595760186 595760187
596857420 596857411
596857420 596857507
860338488 860338442
860338488 860338495
595746630 595746631
595746631 595746637
595746637 596500111
595746637 595746640
597262451 597262444
596148999 596148997
872558343 872558232
872558343 872558200
872558343 872558327
872558343 872558250
596857239 596857271
596131673 595746647
596131673 596131671
596131673 596866741
846808520 596131663
596866775 596866863
596866775 596866861
872558390 872558265
872558391 872558306
872558391 872558288
872558392 872558322
872558392 872558361
872558392 872558290
872558393 872558330
596866773 596866743
596857259 596857588
596857259 596857256
846808257 846808649
846808257 597262561
596148997 596148990
596149044 596866908
596149044 596148956
596148990 596148994
596866751 596866863
596866751 596866749
596866759 596866813
596866759 596866749
596866759 596866746
596857256 596857253
597148000 597148043
917142770 917142757
917142770 595750382
917142770 917142676
597262559 597262554
597262554 597262526
597262554 597262555
597262555 597262527
597262557 597262532
597262557 597262520
597262557 596131671
597262551 597262590
596857433 596857394
872558164 872558248
872558164 860338453
596857435 596857531
597136257 597136254
597136257 596131685
597136254 597136240
597136254 597136272
596149248 596149244
596149248 596149254
917142659 860338493
917142659 917142662
917142659 875533155
596149245 596149226
596149245 596866861
596149244 596149214
596149244 596149242
596149242 596149254
596149242 596149205
860338547 860338550
860338547 860338513
860338547 860338484
860338547 860338494
922451054 922451031
922451054 922450895
922451057 922451031
922451057 922451074
596857591 596857588
596857591 595750380
596857591 596857569
872558232 872558224
872558232 872558227
872558232 860338549
917142664 917142665
917142664 917142662
917142664 917142687
1326157614 1326157575
1326157614 595746647
1326157614 1326157599
597262528 597262529
597262528 597262561
1326157616 1326157575
1326157616 595746647
1326157599 596137515
1326157599 1326157671
597262521 597262520
597262521 597262522
597262521 597262534
597262520 597262535
597262523 597262524
597262522 597262532
597262522 597262531
597262525 597262524
597262525 597262526
597262527 597262533
597262527 597262526
597262526 597262532
596866847 596866882
596866847 596866896
596866847 596866840
596866840 596866838
596866840 596149039
596866840 596149037
922450923 922450875
596149010 596149015
922450927 922450903
596149015 596148994
872558268 872558220
872558268 872558346
872558269 872558286
872558269 872558332
872558269 872558322
872558269 872558218
872558346 860338468
872558346 872558281
872558262 872558315
596857253 596857271
860338544 860338545
860338544 860338548
596857468 596857449
596857468 596857548
596857468 596857345
596857463 596857158
596857463 596857465
596857463 596857392
596857460 596857200
860338548 860338581
860338549 860338551
860338549 860338530
596857465 596857449
596857465 596857390
596509756 596509842
596857209 596857343
596857209 596857168
596857209 596857340
596857507 596857415
597262529 597262530
872558199 872558243
872558199 872558312
872558199 872558300
872558197 872558350
872558197 872558221
872558194 872558309
872558194 872558335
872558195 872558220
872558195 860338568
596137496 860338462
872558191 872558356
872558191 872558300
860338438 860338545
860338438 860338571
860338439 860338550
860338439 860338562
860338439 860338560
596131735 596149229
596131735 596149222
860338431 860338594
860338431 595750386
596857223 596857351
596857223 596857226
860338434 860338482
860338434 860338526
860338434 860338450
860338436 860338528
860338436 860338452
860338436 860338484
596857226 596857348
860338531 860338472
860338531 860338510
860338530 860338585
860338535 860338515
860338535 860338586
872558290 872558174
872558290 872558309
860338537 733859234
860338537 860338440
860338536 860338516
860338536 860338519
860338536 860338450
860338538 860338576
860338538 860338518
595760148 595760147
595760148 595760150
597148043 597136237
597148043 597136208
597262590 597262484
597262591 597262475
597262591 597262474
597262592 597262536
597262592 597262502
597262592 597262535
597262594 595748092
597262497 597262498
596857161 596857164
596857161 596857158
596857164 596857192
596857164 596857168
875533155 917142746
875533155 917142570
922451091 922450883
595748089 595748090
595748089 595750380
595748088 596857351
595748088 595748087
595748088 595748091
595748088 596857357
595748087 595760153
595748087 595760192
595748087 595748092
922460549 595760135
922460549 875533115
922460549 922460547
596866785 596866857
596866785 596866741
596866785 596866780
917142687 860338454
917142687 860338490
917142687 733859395
596857415 596857411
596857415 596857482
922460547 917142696
597262448 597262442
597262560 597262474
597262560 597262472
597262560 597262481
597262442 597262443
597262442 597262441
597262442 597262447
597262443 597262539
597262446 597262445
597262446 597262447
597262447 597262539
597262444 597262445
1326472625 596137575
922450965 922451085
922450965 922450910
922450963 922450936
596149051 596149135
917142662 917142706
917142665 860338454
596131685 597136272
596131685 596137575
922450969 922450995
922450969 922451074
872558224 872558220
872558224 872558352
872558220 872558245
872558221 872558240
917142813 917142672
917142813 733859395
596857544 596857572
922451007 922451035
922451007 922450995
872558193 860338453
596149208 596149210
596149208 596149254
596149208 596149205
596149203 596149202
596149203 596149149
596149203 596149196
596149202 596149151
596149202 596149191
595760193 595760180
596866813 596866810
596866813 596866814
596137515 596137575
596866814 596866743
595760166 595750358
733859234 917142672
733859234 733859260
595760164 595760196
595760164 595760165
595760164 595760163
595760165 595760159
595760165 595760156
595760162 595760163
595760162 595760161
595760160 595760159
595760160 595760161
595760161 595760194
872558312 872558176
872558315 872558306
872558315 860338523
595760168 595760195
595760168 595760181
595760168 595760169
872558250 872558171
872558250 872558354
872558250 872558245
596857348 596857351
596857348 596857345
872558252 872558332
872558252 872558354
872558252 872558356
596131671 595746618
596131671 597262533
860338471 921145156
860338471 860338494
860338471 860338495
860338472 860338462
596857343 596857345
596857340 596857332
860338576 860338444
860338576 595750386
860338479 860338442
860338479 860338494
860338479 860338495
860338573 860338444
922450883 922450903
596866882 596866884
596866882 596866919
596866884 596866891
596866884 596148964
596866884 596866886
596866886 596866908
596866886 595748091
596857531 596857527
596857531 596857572
860338493 917142706
860338490 860338511
596857409 596857476
596857409 596857411
596857409 596857406
597262499 597262496
597262499 597262498
597262495 597262507
597262495 597262506
597262495 597262496
597262494 597262509
597262494 597262493
596149018 596149020
597262496 597262509
597262491 597262490
597262491 597262492
597262490 597262509
597262490 597262508
597262493 597262505
597262493 597262506
597262492 597262487
596866838 596866857
596866838 596866854
596866838 596149152
1326157575 1326157671
860338463 860338523
860338463 860338482
860338463 860338521
595760147 595760180
595760147 595760194
872558306 872558172
596866743 596866746
596866743 596866741
596866746 596866747
596866747 596866749
922450936 922450913
917142691 917142693
917142691 917142674
860338465 860338515
860338465 860338484
596857192 596857197
872558300 872558178
596857197 596857200
872558172 596131663
872558172 872558288
872558174 872558361
872558174 872558335
872558176 872558248
872558176 872558281
872558178 872558361
872558178 872558368
596149250 596149222
596149250 596149199
596149030 596149031
596149030 596149023
860338468 860338453
596149031 596149025
596149031 596149020
596857394 596857392
596857390 596857387
596857390 596857485
596857390 596857392
595760194 595760196
596857357 596857332
595750358 595760195
595750358 595750382
595750358 595750359
595750359 595750383
595750356 595750357
595750356 595750389
595750357 595750388
595760192 595760157
595760192 595760154
922451044 922450900
922451044 922451072
596866906 596148960
596866906 596866904
596866906 596866911
596149037 596866857
596149037 596866919
595750382 595750383
595750382 917142679
597262538 597262476
597262538 597262537
597262538 597262480
597262539 597262480
597262539 597262470
597262532 597262533
597262530 597262504
597262530 597262536
597262531 597262503
597262531 597262502
597262537 597262475
597262534 597262535
596866854 596149039
596866854 596866898
596149027 596149025
596149025 596149023
596149025 596148974
596148958 596148960
596148958 596148956
872558356 872558171
872558356 872558218
860338550 860338442
872558350 872558240
872558350 872558364
872558218 872558368
872558352 872558245
922450875 922451085
596148953 596148955
596148955 596148956
595760184 595760185
595760184 595760187
596857476 596857392
872558270 872558248
595760185 595760181
922450872 922451072
596857572 596857569
597136240 597136204
597136240 597136237
872558309 872558203
860338594 860338513
860338594 860338444
875533115 595750388
875533115 917142696
733859260 860338476
872558322 872558368
872558322 872558203
860338476 872558200
860338476 872558327
860338441 872558364
860338440 860338454
860338442 860338562
872558286 872558330
872558286 872558203
860338523 596137607
860338521 860338586
860338521 860338510
860338526 860338515
860338526 860338503
860338528 860338513
860338482 596137607
597148056 597148067
597148056 597148061
596137607 860338519
860338503 860338545
595746640 596857186
595746640 596857181
595746647 595746618
597136272 597136237
595748091 595748092
917142696 922460551
917142696 917142693
922460559 595760135
922460559 922460550
917142693 917142676
917142757 917142674
922460551 917142679
597262479 597262484
597262478 597262470
597262477 597262476
597262477 597262480
597262476 597262475
597262476 597262481
597262474 597262473
597262473 597262472
597262472 597262471
917142679 917142677
917142571 917142570
917142672 860338454
917142676 917142677
917142676 917142674
917142674 917142581
917142581 917142582
596149141 596149151
596149141 596149132
596149141 596149140
596149141 596149143
597136204 597136208
596149196 596149194
596149196 596149198
596149194 596149191
596149219 596149214
596149219 596149226
596149219 596149220
596149191 596149143
596149214 596149215
596149215 596149220
595760190 595760196
595760190 595760156
596149143 596149145
596149143 596149133
922451035 922450998
596149199 596149198
596149198 596149148
595760153 595760152
595760152 595760151
595760152 595760157
595760151 595760156
595760151 595760155
595760150 595760196
595760157 595760155
595760155 595760154
595760154 595760191
921145156 860338564
596148960 596866908
596148960 596866891
860338568 860338585
860338562 860347262
860338560 860347265
596866891 596866896
596866896 596149039
596866896 596866904
922450895 922450910
596149063 596149065
596857523 596857527
596866898 596149060
596866898 596149065
596857449 596857387
595746618 596482732
597262488 597262487
597262488 597262489
597262486 597262485
597262486 597262482
597262487 597262508
597262485 597262483
597262482 597262483
597262482 597262481
596149150 596149149
596149210 596149212
922451093 922450913
922451093 922450907
596857569 595750380
596857186 596857332
596857186 596857183
596857181 596857200
596857181 596857183
860347262 860347265
596149226 596149228
596149220 596149222
596149229 596149228
595750363 596500111
595750363 595750365
917142706 860338511
597262509 597262506
597262505 597262504
597262504 597262503
597262503 597262501
597262502 597262501
597262501 597262500
596149133 596149132
596149133 596149135
596149135 596149145
872558200 872558354
596857482 596857485
596857485 596857487
595750388 595750389
596149148 596149149
922450999 922450972
860338581 860338450
872558243 872558248
595750383 872558332
595750383 872558330
860338459 860338518
860338462 860338510
860338518 595750386
