1319204568 121.4956083 31.2203872
1316693990 121.4866608 31.2263395
1319204563 121.4946177 31.2203362
1319204567 121.4953028 31.2206099
152878617 121.4757888 31.2277579
845389542 121.4831202 31.2297399
1316472140 121.4878699 31.2219313
267198468 121.4757193 31.2336988
210686289 121.4829034 31.2371041
1315785335 121.4774424 31.2316297
1315785336 121.4818519 31.2285074
1315785330 121.4811729 31.2283901
1315785331 121.4788325 31.2314355
1316623385 121.4890349 31.2287755
1316236381 121.4833497 31.2212815
1316623387 121.4909132 31.2277241
1316623389 121.4914694 31.2272901
1316623543 121.4859315 31.2286194
1316623541 121.4892557 31.2290787
1316623547 121.4905607 31.2280735
1316623545 121.4900135 31.2280873
1316471883 121.4900107 31.2222512
1316471882 121.4910327 31.2206464
1316471881 121.491971 31.2219515
1316471880 121.4911025 31.2228117
1316471887 121.4914672 31.2201831
1316471886 121.489601 31.2222036
1316623499 121.4838444 31.227359
1316623495 121.4862758 31.227103
1316623497 121.4911991 31.2283029
1316623490 121.4908132 31.2280985
1317671426 121.490829 31.224688
1317671427 121.4914832 31.2258624
1317671424 121.4896343 31.2245412
1317671425 121.4914548 31.2262699
1317671422 121.4886777 31.2248394
1317671423 121.4908129 31.2245596
1317671421 121.4919123 31.2257844
601662226 121.4751099 31.2286041
1316196978 121.4826097 31.2250254
1316471977 121.4893263 31.223692
1316471976 121.4880072 31.2224264
1316471975 121.4870903 31.2220363
1316471974 121.4872012 31.2217898
1316471973 121.4890318 31.2225365
1315785521 121.4822526 31.2314386
475976301 121.4827602 31.2261729
479286446 121.4777541 31.229875
1316236565 121.4816646 31.2210104
1316196952 121.4791311 31.2279457
639309895 121.4878481 31.2237504
639309892 121.4861959 31.2226495
639309893 121.4879983 31.2231816
639309891 121.4857345 31.2235945
1316237191 121.4853302 31.2223072
1316237190 121.4813968 31.2203056
1316237194 121.4822043 31.2216564
1317671084 121.4932266 31.2253945
1317671085 121.4901263 31.2275642
1317671080 121.490888 31.2269403
1317671081 121.493527 31.2248165
1317671082 121.4914304 31.2270704
1316471923 121.4894878 31.2234035
477615666 121.4764574 31.2352935
1320103645 121.4930376 31.2223911
476556639 121.4893561 31.2215018
1316192080 121.4828513 31.2259863
1316236756 121.4813713 31.2209401
601145316 121.4761744 31.2263823
1316236759 121.4873168 31.2199412
601145315 121.475669 31.2276937
479280511 121.4852518 31.2329885
475977736 121.4910429 31.2251821
1315785349 121.4766782 31.2266626
1315785348 121.4791025 31.234633
1315785345 121.4758677 31.2307112
1315785344 121.4768824 31.2298932
1315785347 121.4793922 31.2299176
1315785346 121.4796443 31.2311057
1315785341 121.4778579 31.2290873
1315785340 121.4795913 31.230013
1315785342 121.4808886 31.2317157
967330147 121.4874788 31.2297976
1316471719 121.4929879 31.2218985
1315785589 121.4773805 31.2284451
1315785588 121.4809348 31.2356569
1316471712 121.4919063 31.2231462
1316471711 121.489123 31.2235732
1315785584 121.4802318 31.2351467
1315785583 121.4847295 31.2319084
1315785582 121.4800114 31.2348501
1315785581 121.4873431 31.2331754
1316471714 121.4885309 31.2216903
475981256 121.4928731 31.2232671
1316236625 121.4818595 31.2225687
848690658 121.4795827 31.2291159
1316236621 121.4802501 31.2224724
1316236330 121.4823208 31.2206465
1320103982 121.4892457 31.2218278
476078819 121.4880162 31.2314874
1320103981 121.4939807 31.2226017
1316236338 121.4841507 31.2232824
848690498 121.479926 31.2295654
1317671278 121.4906734 31.2246651
1316198801 121.4818205 31.223885
1316472061 121.486858 31.2211281
1316198803 121.4814294 31.2226602
1316472064 121.492443 31.2219446
848690496 121.4797822 31.2293232
1315785610 121.4770694 31.2267892
1316623421 121.4885507 31.2279353
1320103984 121.4909952 31.2213668
1320103630 121.4900286 31.2235347
1317670926 121.4924158 31.2239469
1317670927 121.4904508 31.2271316
1317670920 121.4931676 31.2239678
1317670921 121.4936236 31.2239862
1320103639 121.4901961 31.2226788
1317670929 121.4933125 31.2249266
267194970 121.4772643 31.2356143
267194971 121.4800109 31.2363629
1315785201 121.4802704 31.2311761
1316236930 121.4858989 31.2216466
1316236932 121.480648 31.222732
1316472039 121.4878141 31.222064
1315678544 121.4774959 31.236076
1315678545 121.4804381 31.2359814
479280732 121.4878692 31.2346753
1316471889 121.4918159 31.2207473
1317670852 121.4932688 31.2247556
1317670854 121.4913404 31.2267651
1320103708 121.4876266 31.2219677
1317670856 121.49335 31.2240917
1320103705 121.492673 31.2226989
1320103704 121.4938329 31.2214402
1320103703 121.4919286 31.2203575
475977497 121.4896671 31.2276785
1316623432 121.4860335 31.2306241
1316236808 121.4829538 31.2216329
1316236809 121.4836289 31.220843
1316236804 121.4835834 31.2223934
1316623620 121.4876588 31.2309175
1316623621 121.4882932 31.2291609
1319204555 121.4954302 31.2221242
1319204556 121.4929131 31.2210107
1319204553 121.4951472 31.2203485
1315678817 121.4805292 31.2370088
1319204488 121.4954822 31.2218055
1319204486 121.49543 31.2207867
482732142 121.4835695 31.2209465
1315678721 121.4764955 31.2345595
1316623714 121.4899492 31.2293488
1315678723 121.4800222 31.2362164
1316236445 121.4812021 31.2238537
1316623710 121.4922827 31.2280047
1316623711 121.4914137 31.2292708
1316623533 121.4888173 31.2295368
1316623531 121.4867147 31.2287754
1320104102 121.4900063 31.2236623
1316236510 121.4812584 31.2230198
1316623539 121.491301 31.2291607
477647749 121.4800732 31.2357332
599408452 121.4827517 31.2311056
479288842 121.477138 31.2295769
475977000 121.4844452 31.2254747
1317671438 121.4903355 31.2248807
1317671435 121.4898688 31.2245366
1317671434 121.4897405 31.2268257
479294057 121.4808424 31.2325536
1316196984 121.4837278 31.2241915
1316237212 121.4851563 31.2203015
1316237213 121.4806056 31.2236169
1316196985 121.4828704 31.224082
1316237216 121.482599 31.2217214
1316237215 121.4844719 31.2209906
1316623442 121.4918606 31.2272266
1316237218 121.4846597 31.2211787
1316623441 121.4869668 31.2290368
1316623444 121.4907807 31.2292249
1316196983 121.4813875 31.2235092
1316198759 121.4808383 31.222362
1316236683 121.4812694 31.2242018
1316236968 121.4849907 31.2221978
478373250 121.476571 31.2200762
1317671093 121.4887208 31.2243761
385113786 121.4899914 31.2277153
1317671090 121.4923295 31.2267566
385113782 121.4877958 31.2272752
1317671095 121.4901177 31.2269913
1317671099 121.4894825 31.2244724
1317671098 121.4889997 31.2245183
385113789 121.4906625 31.2274587
385113788 121.4903793 31.2275761
477648082 121.4817087 31.2352966
639308696 121.4812174 31.2216405
1320103679 121.4885501 31.2216326
1316623289 121.48974 31.22889
479280217 121.4849899 31.2329115
1316192095 121.4821744 31.2255592
1316192096 121.4814042 31.2256411
1316192092 121.4812273 31.2261629
1320104090 121.494069 31.2219861
1320103996 121.4906701 31.2223217
1320104094 121.4899547 31.2202336
1320104095 121.4943718 31.2222183
1320103992 121.4929156 31.2207678
1320104097 121.4921378 31.2203667
1320104098 121.4900439 31.222098
1316237033 121.4814732 31.2207108
1316237030 121.4836351 31.2218255
1315785360 121.4844864 31.2319814
1320103998 121.4921378 31.2202036
103764845 121.4885488 31.2340063
1316236747 121.4854631 31.2219931
1316623741 121.4896863 31.2290231
1315785484 121.4878866 31.2330974
1315785485 121.4770157 31.2288259
1315785482 121.4807116 31.2282525
1315785483 121.4862749 31.237025
1315785480 121.4839204 31.2321759
1315785481 121.4823092 31.2296292
1320104072 121.4911546 31.2208643
1320104073 121.4929382 31.2214054
1320104070 121.4889339 31.2223146
1320104071 121.4933072 31.2223806
1320104077 121.4913492 31.2214356
1315785488 121.4783622 31.2306607
1315785489 121.4835367 31.2347212
1316623745 121.4885736 31.2278291
874312265 121.4791782 31.2338746
475975536 121.486063 31.2298292
1315785371 121.4807545 31.2322019
1315785372 121.4879493 31.2329513
1315785373 121.4791991 31.2308947
1315785374 121.4814138 31.2347454
1315785375 121.487488 31.2327987
1315785376 121.4787806 31.2301378
1315785377 121.4794619 31.2313717
1315785378 121.4823852 31.2292892
1315785379 121.4875887 31.2325368
476797632 121.4832441 31.2328167
1320103867 121.4914702 31.2202319
1315785573 121.4839946 31.2318488
1315785570 121.4782978 31.2229496
1315785571 121.4801322 31.2303534
1315785576 121.4789196 31.231307
1316623332 121.4906227 31.2288115
1315785574 121.478389 31.2245414
1315785575 121.4832972 31.2319726
1315785578 121.4835834 31.2345523
1315785579 121.4766111 31.2253855
1315785564 121.4812802 31.2281424
1316196937 121.4828144 31.2238762
1316196935 121.4821278 31.224322
1315785399 121.4767625 31.2300417
1315785392 121.4769996 31.2269084
1315785393 121.4820097 31.2355458
1315785391 121.4836713 31.234234
1315785396 121.4792444 31.2312806
1315785397 121.4803682 31.2314772
1316196939 121.4826447 31.2244996
1316471775 121.4908772 31.22272
1316236320 121.4813016 31.2246236
1315785568 121.4753796 31.23028
1315678851 121.4789199 31.2372061
1316236328 121.4847133 31.2206787
483110715 121.4760649 31.2234251
483110717 121.4769983 31.2237691
624739122 121.4827768 31.2309031
1320103605 121.4919881 31.2199738
1320103601 121.4888819 31.2208093
1320103603 121.4904599 31.220037
75354590 121.4919354 31.2294232
1316236929 121.4862285 31.2199179
1316236928 121.485341 31.2215595
1316236926 121.4831432 31.2215962
1316236925 121.4848178 31.2222738
1316236924 121.4847645 31.2207603
1315678554 121.4793223 31.2368758
1320103730 121.4938598 31.2223301
1317670846 121.489661 31.2256335
1315785628 121.4839838 31.2348119
1315785629 121.4848958 31.232124
1317670843 121.4933882 31.2263987
1315785380 121.4774717 31.2241102
1315785622 121.4782999 31.2292462
1315785623 121.4810495 31.2276195
1315785621 121.4767779 31.2246729
1315785626 121.4842521 31.2345229
1315785627 121.4775414 31.222789
1317670849 121.48996 31.2260275
1315785625 121.4845149 31.2355137
476792268 121.4848405 31.2338956
1315785385 121.4757873 31.2308442
476792263 121.4822666 31.2328731
476792264 121.4827549 31.2329489
476792266 121.4838363 31.233624
476792267 121.4840192 31.2336982
1316236812 121.4816418 31.2210414
1316236811 121.4807115 31.2242477
1316236810 121.4812299 31.2245466
1317670938 121.4884848 31.2252798
475980794 121.4912982 31.223964
103764778 121.4886803 31.2340808
1317670933 121.4911989 31.2268257
1317670930 121.4909377 31.2259257
1317670935 121.4927277 31.2242385
1316623631 121.4900082 31.2296102
1316623630 121.4850248 31.2281882
1316623632 121.4885061 31.2288763
1316623634 121.4887529 31.2281102
1316623636 121.4864993 31.2276863
1316623638 121.4890747 31.2284175
1315678800 121.4788931 31.2355411
1315678805 121.4773282 31.2364026
1315678807 121.4767945 31.2363558
1315678806 121.4790165 31.2351741
1315678808 121.4805936 31.2373116
481390884 121.4798562 31.2259385
481390886 121.4811694 31.2263642
1319204491 121.4953493 31.2226202
1316623709 121.4911347 31.2280414
1316623708 121.4860012 31.2281469
1315678739 121.4756571 31.2338034
1315678738 121.4819562 31.2358713
1316623705 121.4868542 31.2294634
1315678736 121.4774061 31.2362509
1316623701 121.4908632 31.2279112
1316623703 121.4875039 31.2310691
1316694028 121.4848158 31.2259286
1316694029 121.4901262 31.2257524
1316694022 121.4847245 31.2263192
1316694021 121.4859366 31.2251055
1316694026 121.4859419 31.2265735
1316694027 121.4847867 31.2260044
1316694025 121.4894932 31.2256147
1316623524 121.4896426 31.2286887
1316623527 121.4888817 31.2285414
1316623521 121.4887797 31.2279864
1316623520 121.4912903 31.2291194
1316623529 121.489976 31.2289359
475976289 121.4822423 31.225799
1317671400 121.488179 31.225555
1317671401 121.4906037 31.2254679
1317671402 121.4937792 31.2237981
1317671151 121.4933125 31.2258624
1317671157 121.4917241 31.2238673
1317671406 121.4891178 31.22461
1316694012 121.486055 31.2263329
1317671408 121.4905876 31.2246284
1317671409 121.4925719 31.2242385
1317671158 121.4889032 31.2244678
479293036 121.4764554 31.2304218
1316237199 121.482235 31.2207199
1316237204 121.4813359 31.2203965
1316237207 121.4831142 31.2216405
1316237206 121.4807598 31.2232889
1316237209 121.4841171 31.2221942
1316623450 121.4890909 31.2295231
1316623455 121.4880222 31.230927
1316623454 121.4902013 31.2281194
1316623456 121.4849952 31.2283198
1316471990 121.4914619 31.2228805
1316471993 121.4878251 31.2201142
1316471992 121.4903776 31.2240054
1316471995 121.4874316 31.2212773
1316471999 121.4885692 31.2215751
882614840 121.4875004 31.2306954
1320103809 121.4915262 31.2216395
475976364 121.4878432 31.2264673
600143345 121.4870727 31.2352668
385113791 121.4909629 31.2273853
1315785315 121.4815484 31.2315644
385113794 121.492465 31.2272679
385113795 121.4928638 31.227343
1315785318 121.4802645 31.2304531
1316623512 121.4870848 31.2277799
76482747 121.4911953 31.2238979
1317671394 121.4905384 31.2271089
1317671395 121.4910916 31.2260596
1317671397 121.4937265 31.2246981
1317671398 121.4886511 31.2263073
1317671399 121.4903569 31.2269817
1316192088 121.4814816 31.2255114
677800742 121.4872711 31.2357343
677800743 121.4870026 31.2364123
677800741 121.4872336 31.2353306
1316192084 121.4824121 31.2257432
1320103989 121.4903236 31.2209237
1317671379 121.4913705 31.226445
1320103983 121.4929544 31.2215656
1317671373 121.4885438 31.2243027
1317671370 121.4904188 31.2273127
1320103980 121.4908125 31.2227238
1320103987 121.4898255 31.2220579
1317671375 121.4884515 31.226603
1320104087 121.4893613 31.2209187
1320104085 121.49379 31.2212704
479279454 121.4837673 31.2338867
1320104081 121.4937042 31.2223714
1316237022 121.4857809 31.2224219
1316237025 121.4837378 31.2206532
1320104089 121.49311 31.2229198
1320104088 121.4903896 31.2205839
1315785495 121.4773483 31.2259314
1315785494 121.4761628 31.2300827
1315785497 121.4818851 31.228347
1315785496 121.4801429 31.2348715
1315785491 121.4770458 31.2257193
1315785490 121.4779617 31.2231253
1315785492 121.4793171 31.2300736
1320104061 121.4895269 31.2204092
1320104060 121.4924114 31.2210961
1315785499 121.4821599 31.2283947
1315785498 121.4803897 31.2307846
479280088 121.4846896 31.2314828
479284692 121.4784759 31.2302243
475975057 121.4853397 31.2267873
1315785364 121.4813139 31.2286412
1315785363 121.4785339 31.229624
1315785362 121.4778452 31.2264209
1320103878 121.4904378 31.2235571
1320103870 121.4927493 31.2220732
1315785561 121.4791374 31.2289317
1315785560 121.4765812 31.226913
1315785563 121.4766481 31.2301832
1315785562 121.4848908 31.2327112
1316471779 121.4909523 31.2230594
1316471778 121.4880136 31.2209104
1315785567 121.4826021 31.22829
1315785566 121.4802171 31.2352009
1315785569 121.4806386 31.2321627
1316471774 121.4882906 31.2210468
1316471777 121.4879615 31.222098
1316471773 121.4878437 31.2213842
1315785389 121.4811407 31.2348715
1315785388 121.4850728 31.2323212
1315785381 121.4805828 31.2317433
1316236647 121.4844425 31.2223007
1315785383 121.4782281 31.2223945
1315785382 121.4783139 31.2295094
1316236642 121.4848206 31.2215935
1315785384 121.4779065 31.2296994
1315785387 121.4810173 31.2274727
1315785386 121.4884631 31.2329542
1316236489 121.486151 31.2203254
1316236481 121.4829645 31.2207998
1316236485 121.4836659 31.2207785
1316236487 121.4847294 31.2210457
1316472082 121.4910314 31.2201734
1316472083 121.4885825 31.2236404
1316472081 121.4915596 31.2237609
1316472086 121.4880286 31.222986
1316472087 121.4887694 31.222091
1316472084 121.4914887 31.2233851
874312328 121.4793405 31.2333008
1315785252 121.4777453 31.2265644
75354586 121.4956691 31.2275527
476556302 121.490157 31.2215768
481423043 121.4871223 31.2281547
773662836 121.4898834 31.2284035
476078722 121.4895897 31.2329376
476078723 121.4897157 31.2329845
1316236794 121.4800785 31.2227705
1316236792 121.4804641 31.2231149
1316623663 121.4884123 31.2285906
1315785639 121.4799306 31.2302532
1315785638 121.4857166 31.2319267
1320103724 121.4910274 31.2222338
1316694002 121.4859419 31.2265001
1320103722 121.4904335 31.2235888
1320103720 121.4941816 31.2224494
1315785631 121.4871919 31.2330692
1315785630 121.4784427 31.2297479
1315785633 121.4800571 31.2320047
1315785632 121.480218 31.2317524
1315785635 121.4820388 31.2277212
1315785634 121.4843325 31.23511
1315785637 121.4824604 31.2363439
1320103728 121.4919983 31.2200914
1315678588 121.4783288 31.2368644
1315678584 121.4806244 31.2366977
1315678586 121.4804434 31.2367291
1317670894 121.4909819 31.2256133
1317670895 121.4928243 31.2239311
1317670896 121.4896694 31.2257434
1317670890 121.4913346 31.2268266
1317670891 121.4936826 31.2235045
1317670892 121.4903096 31.2246325
1317670893 121.4883405 31.2263735
1316236862 121.4837142 31.2221262
1316623369 121.484467 31.2293121
1316236861 121.4837316 31.2220824
481396584 121.4800536 31.2254247
1320103619 121.4915048 31.2208484
1317670947 121.4910594 31.2262661
1317670944 121.4880234 31.2255642
483110054 121.4751672 31.223132
1320103617 121.492524 31.2205593
1317670943 121.4918882 31.2258979
1317670940 121.4912525 31.2264405
1317670941 121.4923898 31.226055
1319204536 121.4956295 31.2199651
1316623601 121.4897078 31.2295643
1319204530 121.4945771 31.2207519
1319204531 121.495689 31.2221146
1316623608 121.4885242 31.2280583
1319204539 121.4953025 31.2203615
1317670767 121.4928322 31.2258081
1315678832 121.4805936 31.237495
1316237128 121.4842904 31.221699
1317670769 121.4928627 31.225427
481387485 121.490693 31.2285484
1315785517 121.4807276 31.2306791
1316623731 121.489402 31.2281056
1316623734 121.4915429 31.2294072
1316623736 121.4911335 31.228634
267198230 121.4798392 31.2376912
482732943 121.4795089 31.222865
1316189788 121.4811353 31.2269368
1316189789 121.4821385 31.2271652
1316694031 121.4858454 31.2260964
1316694030 121.4897285 31.2265095
1316694033 121.4852392 31.2261331
1316694035 121.4845365 31.2263487
1316694034 121.4855131 31.2265194
1316694037 121.4888822 31.2266537
1316694036 121.4847725 31.2260413
267198545 121.4764097 31.2329715
267198544 121.4750756 31.2323264
1316623283 121.4903657 31.2293265
1316623285 121.4842925 31.2298899
1316623287 121.491759 31.2287567
1317671140 121.4929601 31.2239591
1317671415 121.4906144 31.2260505
1317671414 121.4903569 31.227156
1317671145 121.4913437 31.2262752
1317671144 121.4918181 31.2255364
1317671411 121.4906681 31.2266743
479294074 121.4814661 31.2329425
1317671149 121.4883936 31.2253669
1317671148 121.4929423 31.2262982
1316237234 121.4814947 31.2241468
1316237235 121.4821205 31.2213586
1316237237 121.4848314 31.2219677
1316237230 121.4840928 31.220568
1316237232 121.4823584 31.2212337
1316623465 121.4896005 31.2278671
1316623467 121.4901155 31.228835
1316623462 121.4858296 31.2284222
1316623198 121.4898365 31.2290185
1316623197 121.490315 31.2287479
1316623192 121.4885061 31.2287433
1316623193 121.4852677 31.2271076
601145318 121.4764687 31.2255391
481394996 121.4815642 31.2295275
1317671386 121.4935713 31.2260161
1316471838 121.4917194 31.2206969
1317671384 121.4934949 31.2250091
1317671383 121.4918222 31.225454
1317671382 121.4935109 31.2239907
1316471833 121.4917194 31.2203436
1316471831 121.4893769 31.2235472
1316471836 121.4888494 31.2232154
1316471837 121.4926796 31.2222475
1317671389 121.4934942 31.2239005
1316471835 121.4888923 31.2225548
477615693 121.4766898 31.2340742
1317671361 121.4887208 31.2244587
1317671360 121.491473 31.2260498
1317671363 121.4918051 31.2263899
1316237011 121.480851 31.2228806
1320104058 121.4934386 31.2216902
1320104059 121.4895997 31.2218961
1320104054 121.4921155 31.2207233
1320104055 121.4922557 31.2202024
1320104056 121.490577 31.2219585
1320104057 121.4927377 31.223048
481390471 121.485098 31.2278625
481390470 121.4836585 31.2275899
1320104052 121.4918536 31.2229571
677796844 121.4853882 31.2341476
1316471696 121.4880179 31.2228897
1316471697 121.4884044 31.220584
1316471693 121.4920144 31.222564
1316471698 121.4901905 31.2232934
1316471699 121.4899033 31.2227605
1320103881 121.4944213 31.2223495
1320103886 121.4892305 31.2222659
1320103888 121.4902707 31.222279
1320103889 121.4900367 31.2221315
1316471740 121.4870313 31.2221676
1315785555 121.482509 31.2287155
1315785556 121.4861143 31.2373095
1315785557 121.4817954 31.2287797
1315785550 121.4816951 31.2273108
1315785551 121.4849477 31.2319554
1315785552 121.484564 31.2365237
1315785553 121.4850719 31.2315514
1315785558 121.4841501 31.2324405
1320103757 121.4910102 31.2214169
475978025 121.490348 31.2297279
475978022 121.490957 31.2275601
1316236653 121.4810746 31.2234065
1320103612 121.490459 31.2221191
1316236497 121.4828935 31.2209019
1316236495 121.4844129 31.2225641
1316236492 121.48181 31.220813
1316236490 121.4843748 31.2201112
654412264 121.4813135 31.2333651
624738894 121.482602 31.2309221
475977804 121.490938 31.2239339
624738897 121.4827698 31.23096
1317671190 121.4886618 31.2251972
476556641 121.4872108 31.2204286
1316236782 121.4841501 31.2208943
1316236780 121.4816985 31.2224999
1316236787 121.482074 31.2209356
1316623602 121.4901282 31.2297251
1316236785 121.4858989 31.2215503
1316236784 121.4820142 31.2215589
476794301 121.4822393 31.2331978
481389986 121.4926106 31.2269514
476794303 121.4803773 31.2334332
476794305 121.4785563 31.2331363
1315785609 121.4808163 31.2318449
1315785604 121.4818058 31.2287292
1320103918 121.4918275 31.2211945
1315785606 121.4786143 31.2294543
1315785607 121.4762229 31.2307096
1315785600 121.4776103 31.2289991
1315785601 121.476777 31.2289141
1315785602 121.4779599 31.2346743
1315785603 121.4878063 31.2332846
1315678594 121.4803469 31.2371923
599408450 121.4823739 31.2328885
1317670882 121.4937202 31.2236375
1317670881 121.4900512 31.2240865
479283382 121.4811638 31.2304084
1315785586 121.4810281 31.2281516
1317670889 121.4882702 31.2262385
1315678756 121.4835119 31.2365914
1316236875 121.4802888 31.2241352
1316198736 121.4810262 31.2220042
1316236877 121.4821652 31.2208392
475978741 121.495426 31.2251809
481396594 121.4790408 31.2280596
1316198732 121.4817827 31.2230647
1316236873 121.4805809 31.2228716
1316471717 121.4885436 31.2223897
1316236879 121.4830255 31.2207122
479283141 121.4796772 31.2329913
1320104015 121.4919323 31.2232397
1320103668 121.4907004 31.2229448
1317670955 121.4893967 31.224922
1317670954 121.4900667 31.2273475
1317670957 121.4928105 31.2260784
1315785580 121.4822726 31.2291149
1320103662 121.4892895 31.2207704
1320103663 121.4890535 31.2223989
481394037 121.4822566 31.2274583
1317670952 121.4913831 31.2258023
476554812 121.4892739 31.2201143
476554810 121.4891205 31.2203185
1319204529 121.4953068 31.2230022
1315678824 121.4831526 31.2361604
1317670775 121.4929798 31.2258755
1317670773 121.4881039 31.2257798
1317670778 121.4887047 31.2252568
476560259 121.4805097 31.2211362
1316623727 121.4891231 31.2289634
1316623726 121.4914286 31.2279547
1316623724 121.490491 31.22828
1316623723 121.4866464 31.2297922
1316623722 121.4890296 31.2286792
1316236987 121.4830354 31.2217605
1316623729 121.4846333 31.2273121
1316694008 121.4888928 31.2256018
1316189799 121.4816293 31.2265454
1316623507 121.4895688 31.2276625
1316623506 121.4914138 31.2281023
1316623505 121.4910183 31.2286116
1316623504 121.487691 31.2283809
1316623503 121.4910972 31.227546
1316694001 121.4868753 31.225656
1316623501 121.4912956 31.227702
1316694003 121.4897222 31.2264279
482732999 121.481277 31.2237083
1316623299 121.4861704 31.2292088
1317671162 121.490953 31.2258177
1316623297 121.4918589 31.229179
1316623295 121.4863746 31.2282492
1316623291 121.4915585 31.2282662
482732996 121.4803671 31.2233169
1316623619 121.4905017 31.2281744
1316623618 121.4897829 31.2289864
1316623612 121.4899277 31.2292249
479299222 121.4750435 31.2273584
1316623617 121.4910864 31.2277341
1316623616 121.4890545 31.2292946
1316623614 121.4891103 31.2282652
1317671174 121.4906198 31.226656
1317671176 121.4909727 31.2256783
1316237228 121.484767 31.2233531
1317671170 121.4901741 31.2276498
479294061 121.4811875 31.2327426
1317671173 121.4933447 31.2259541
1316237221 121.4838028 31.2224792
1316237227 121.4823077 31.2208858
1317671179 121.488651 31.2264469
1316623473 121.4905141 31.2291896
1316623472 121.4858565 31.228991
1316623476 121.4852572 31.2271544
267195122 121.4762304 31.2371525
1316623474 121.4910381 31.2281423
1316623478 121.4895415 31.2286377
1316623182 121.484669 31.2265488
1316623180 121.4889085 31.2283763
1316623187 121.4890279 31.2294231
1316623185 121.4884632 31.2290414
1316623189 121.4897417 31.2294205
481397312 121.4788384 31.224823
95386508 121.4833125 31.235555
1317671226 121.4894879 31.2246467
95386187 121.4803971 31.2345355
602334133 121.4861307 31.2338909
677793536 121.4955657 31.2276659
1316471829 121.4868592 31.2217474
1316472060 121.487196 31.2223771
1316198800 121.4804272 31.2219999
1316471821 121.487106 31.2225777
1316471823 121.4871435 31.2226466
1316471822 121.488211 31.2221557
1316471824 121.4918833 31.2230639
1316471826 121.491478 31.2203574
1316236561 121.4827239 31.224353
1316623518 121.490373 31.2277203
477616429 121.4768941 31.2324191
1316694038 121.4860707 31.2264726
483113556 121.4755016 31.2261825
1317671359 121.4918317 31.2252422
1317671354 121.4903462 31.2266743
1317671355 121.4934636 31.2237351
1317671356 121.4920357 31.2262339
967329921 121.4869533 31.2307042
1317671350 121.4912637 31.225946
482730664 121.4955796 31.2207875
1316237003 121.480453 31.223882
1316237001 121.4842724 31.2213179
1316237000 121.4849976 31.2220136
1316237007 121.4801858 31.2226375
1316623510 121.4901906 31.2280001
1317671288 121.489225 31.2242522
1317671289 121.4910056 31.225446
1317671283 121.4908338 31.2248628
1317671280 121.4899653 31.2257431
1317671281 121.4884848 31.2248394
1320104043 121.4902262 31.2213169
1320104041 121.4908346 31.2235704
1320104046 121.4895417 31.2201373
1320104044 121.4899438 31.2240208
1316189784 121.4818321 31.2273468
1316189785 121.4811429 31.2264498
677800163 121.4870455 31.2364581
1316189787 121.4821009 31.2272983
1315785549 121.4779545 31.2250873
1315785548 121.4841823 31.2317524
1320103895 121.4933917 31.2213317
1320103897 121.4921485 31.2210548
1320103896 121.4906827 31.2216751
1315785543 121.4795258 31.2303645
1315785542 121.4875415 31.2326595
1315785540 121.4811783 31.2355871
1315785547 121.4842199 31.2322478
1315785546 121.4825301 31.2278396
1315785545 121.4819079 31.2282371
1315785544 121.4869128 31.2332478
712767603 121.4899409 31.2325815
1316471756 121.4926571 31.2225258
1316471754 121.4901927 31.2214426
1316471753 121.4884162 31.2220351
1316471752 121.4871542 31.2222933
1316471751 121.4914726 31.2222658
481397090 121.4768348 31.2244236
1316236660 121.4835606 31.2245339
1316236661 121.4797032 31.2235091
1316236663 121.4822403 31.2211328
1316236665 121.4840265 31.2206686
1316236669 121.4806037 31.2228243
1316236462 121.481644 31.2205112
1320103632 121.4893056 31.221167
848690693 121.4793735 31.2291572
1316236467 121.4830396 31.2222889
1320103859 121.4891286 31.221798
601145287 121.476895 31.223731
479283552 121.4805867 31.2313482
599406978 121.4845393 31.2255115
1315785613 121.4768035 31.2245607
1315785612 121.4795585 31.2301791
1315785611 121.4776326 31.2238304
1316472139 121.4910917 31.2223392
1315785617 121.481999 31.2317616
1315785616 121.47592 31.2310846
1315785615 121.4788466 31.2297168
1315785614 121.4778268 31.2287342
1316472132 121.4869933 31.222252
1315785618 121.4776702 31.2225046
1316472137 121.4925348 31.2217795
1316472134 121.4873565 31.2212578
1316472135 121.4894878 31.2232429
1316236849 121.4822028 31.2207016
1316236841 121.4831756 31.2210336
1316236842 121.4817256 31.2204197
1316236843 121.4856736 31.2214952
1316236846 121.4825139 31.2199309
1316196987 121.4821975 31.2246147
1316236688 121.4839623 31.2230458
1315678693 121.481012 31.2367979
1316196982 121.4825247 31.2232064
1315678695 121.4788197 31.2367319
1316196980 121.4831851 31.2234736
1316196981 121.481645 31.224656
1316236682 121.484475 31.2199231
1315678699 121.4787058 31.2369837
1316236680 121.4816127 31.224367
1316236686 121.482589 31.2213393
1316196988 121.4826046 31.2245738
1316236685 121.482589 31.2199951
1317670964 121.4923791 31.2266009
1317670965 121.4932743 31.2266264
1317670967 121.489225 31.2248348
1317670969 121.4939855 31.2250802
1320103677 121.4913439 31.2217934
1320103672 121.489193 31.220908
1315678676 121.4809852 31.2369538
1315678677 121.4806751 31.2365321
1315678675 121.4782389 31.2362337
1317670982 121.4937684 31.2251055
1317670983 121.4927644 31.2265229
1317670980 121.4905445 31.2251562
1317670986 121.4901955 31.2273476
1317670985 121.4929101 31.2262294
850269122 121.4873945 31.2357251
850269125 121.487357 31.235959
1316694013 121.4889152 31.2250784
479297279 121.4785233 31.2208975
1316694011 121.4854441 31.2264914
1316694010 121.4901282 31.2251347
1316694017 121.4860453 31.2265787
1316694016 121.488887 31.2257386
1316694014 121.4858722 31.225578
475977916 121.490854 31.2265179
1316694018 121.4896737 31.2257988
475977913 121.4909378 31.2240374
1316192114 121.4823259 31.2258517
1316623266 121.4852915 31.2270016
1316623264 121.4852071 31.2273771
1316623269 121.4888977 31.2287433
475980598 121.4946306 31.2231343
1317671147 121.4923768 31.2262611
1317671146 121.4884901 31.2251651
476554809 121.488681 31.2212391
1316623669 121.4912527 31.2277616
1316623667 121.4852234 31.2285506
1316236570 121.4818582 31.2207475
1316623665 121.4897453 31.2287341
1319204515 121.4958178 31.2221651
1316623660 121.4894127 31.2284589
1316623661 121.4900404 31.2295139
1315785435 121.4797999 31.2301882
1316623407 121.4843383 31.2306148
1316623404 121.4883559 31.2295185
1316623400 121.4910381 31.2292524
1316623408 121.4850506 31.2280733
1315785430 121.4832451 31.2321247
477615722 121.477538 31.2327573
1316237100 121.485872 31.2217246
1316198794 121.4815498 31.2224069
1316623318 121.4846011 31.2273992
1316237104 121.4839259 31.2203254
1316623310 121.4890846 31.2291492
476078083 121.486514 31.2319763
599407025 121.4841581 31.2263672
1317671168 121.488896 31.2262158
1316471819 121.4883438 31.222263
1316471814 121.4873366 31.2237888
1316471815 121.4887958 31.2203299
1317671161 121.4886671 31.2259725
1317671160 121.488356 31.2262523
1316471810 121.4874868 31.2222475
1317671166 121.4883 31.2249083
1316471813 121.4907323 31.2214492
1317671343 121.4879009 31.2244403
1317671340 121.4904428 31.2268349
1317671347 121.4900246 31.2270092
1317671346 121.4906068 31.225408
1317671344 121.4912364 31.2262798
1317671349 121.4890373 31.2247614
1316237077 121.4804965 31.2270099
1316237078 121.4807113 31.2262157
1317671298 121.4896295 31.2249449
1317671294 121.488576 31.2251972
1317671296 121.4921216 31.2239632
1317671291 121.4885599 31.2243715
1317671293 121.4910181 31.2253574
1317671292 121.4910701 31.2257752
848690593 121.4799313 31.2294782
677800157 121.4872765 31.2351659
677800155 121.4871478 31.2350375
1320104039 121.4937042 31.2221696
1316237108 121.4822429 31.2209957
477618799 121.4756987 31.2313585
1315785539 121.4767411 31.2248344
1316237102 121.482733 31.2211324
1315785537 121.4751425 31.2301646
1315785534 121.47805 31.2265173
1315785535 121.4781527 31.2239846
1315785532 121.4815001 31.2313442
1315785530 121.4788703 31.2313798
1315785531 121.4778814 31.2344233
1316236673 121.4803793 31.2239974
712767166 121.4853143 31.2341901
848690687 121.4804768 31.2301175
1316236471 121.481763 31.2208767
1316236473 121.4841183 31.2199902
1316471788 121.4919813 31.2220962
1316236474 121.4839838 31.2227017
1316236476 121.4846232 31.2225725
1316236479 121.4839033 31.2220778
599408783 121.481818 31.2352885
677798697 121.4848824 31.2339834
1316471780 121.4877707 31.2216093
599408784 121.4816014 31.2361222
1315785280 121.4820527 31.2314543
1315785281 121.4782388 31.2238716
1315785282 121.4815382 31.2279232
1315785283 121.4841287 31.2350412
1315785284 121.4860652 31.2355045
1315785285 121.4772679 31.2285873
154904730 121.4787799 31.232753
1315785287 121.4795952 31.2347023
1315785288 121.4775553 31.2262844
481385195 121.486964 31.2298055
1316192036 121.48194 31.2258395
481385192 121.4868215 31.2307039
1315785443 121.4768174 31.2299737
1315785440 121.4771552 31.2287158
1315785441 121.4766432 31.2252535
1315785446 121.4781841 31.2225152
1315785447 121.4754761 31.2301653
1315785444 121.4798148 31.2300406
1315785445 121.4786036 31.2236102
475974715 121.4879007 31.2240678
1315785448 121.4777711 31.2240172
1315785449 121.4760394 31.2304543
1320103936 121.4902791 31.2211124
1320103937 121.4896114 31.2199584
1320103934 121.4901472 31.2216219
1320103935 121.4925777 31.2213897
1315785262 121.479596 31.2302479
1315785263 121.4762433 31.2299681
1315785260 121.4871691 31.2331344
1315785261 121.478133 31.2294385
1315785266 121.4783837 31.2243946
1315785267 121.4835085 31.234823
1315785264 121.4816166 31.2356754
1315785265 121.4781744 31.225835
599408785 121.4814731 31.2367355
1315785194 121.478083 31.2227924
1315785195 121.477976 31.2249497
1315785196 121.478033 31.2229296
1315785197 121.4814862 31.2280894
1315785190 121.4797744 31.2301008
1315785191 121.4802234 31.2302204
1315785192 121.478094 31.2288442
1315785193 121.4795641 31.2348637
1315785198 121.4759429 31.2305919
1315785199 121.4852177 31.2370869
639308674 121.4814675 31.2212782
639308676 121.4828732 31.2220078
639308679 121.4838784 31.2225027
1316236508 121.4860805 31.2201549
1316192039 121.4829067 31.2258729
1316236858 121.4839677 31.2214127
1316236501 121.4828015 31.2199645
1316236855 121.4832389 31.2251926
1316236504 121.4819391 31.2206376
1320103798 121.4890589 31.2207428
1316236506 121.4806967 31.2234587
1316236699 121.4847107 31.2224382
1316236698 121.483737 31.2216604
1316196991 121.4821492 31.2247661
1315678682 121.4777937 31.2352383
1316196992 121.4834689 31.2243899
1316236690 121.4807705 31.2229816
1316236693 121.4833079 31.2246282
1316236692 121.4817037 31.2245254
1316196999 121.4821975 31.2246973
1316196998 121.4830493 31.2237508
1320103640 121.4934608 31.2218594
1320103641 121.4924221 31.2204676
1320103642 121.492583 31.2211787
1320103643 121.4924359 31.2214837
1317670972 121.4912418 31.226734
1317670971 121.4916066 31.2267798
1315785289 121.4813553 31.2278763
1317670979 121.4897427 31.2270092
1317670978 121.4882487 31.2258303
1317670757 121.4906196 31.2251601
1315678660 121.4785769 31.2350503
1315678663 121.480192 31.2375851
639308705 121.485694 31.2206002
639308704 121.4851015 31.2216219
639308707 121.4860731 31.2225324
1317670750 121.493309 31.2246128
1317670998 121.4934251 31.2235274
1316192034 121.4825603 31.2260162
1317670914 121.4905701 31.2249169
481390844 121.4785326 31.2256714
1320103938 121.4913463 31.2216303
1316694066 121.4860707 31.2261698
1316189806 121.4812104 31.2268129
1316189805 121.4820419 31.2266285
1316189804 121.4822458 31.2268671
1316189803 121.4812601 31.2266058
1316694063 121.4857488 31.2265872
1316189801 121.481827 31.2267839
1316694061 121.4848851 31.2257478
475977438 121.4897382 31.2266353
1316189809 121.481871 31.2272429
1316189808 121.4811829 31.2263174
1316623275 121.4884331 31.2284912
1316623277 121.4849069 31.2273212
1320103933 121.4915262 31.2212016
1316623279 121.4891445 31.2288075
1316623679 121.484585 31.2269726
1316623678 121.4900443 31.2284323
479292967 121.4757489 31.2301004
1316623677 121.4861407 31.2276194
1319204500 121.4946161 31.2202934
477639727 121.4768033 31.237479
1316236590 121.4845043 31.2221793
1316623415 121.490845 31.2290873
1316623417 121.484231 31.2270598
476554611 121.4879337 31.2239934
1316623410 121.49033 31.2294267
1316623413 121.489055 31.2297587
1316623419 121.4917677 31.2282616
75351492 121.4799258 31.2309886
483098199 121.4807671 31.2212457
103788196 121.4843367 31.2373242
1316471839 121.4871274 31.2223576
1317671022 121.4899063 31.2246055
1317671021 121.4910234 31.2248666
1317671027 121.4901274 31.2253944
95386520 121.4853066 31.2346456
1317671028 121.487004 31.2262789
1317671069 121.4917675 31.226445
603758594 121.486198 31.2377883
1316623308 121.4916427 31.2272575
1316623303 121.4845394 31.2271048
1316623305 121.4901957 31.2284594
1316623304 121.4888548 31.2284176
1316623307 121.4890158 31.2294818
1316623306 121.4901798 31.2278579
1316471803 121.4903987 31.2205129
1316471801 121.4910858 31.2229974
639305947 121.480472 31.2212478
1316471807 121.4895573 31.2240276
1316471805 121.4871783 31.2218408
1317671119 121.4938274 31.2239128
1317671112 121.4913712 31.2259527
1317671113 121.4888925 31.2248532
1317671336 121.493453 31.2236779
1317671334 121.4936994 31.2235639
1317671335 121.4891982 31.2249449
1317671332 121.492025 31.2267202
1317671333 121.4896321 31.2247247
1317671330 121.4914135 31.2269862
95386222 121.4817964 31.2348244
1320104025 121.4890267 31.2209768
1320104027 121.4890428 31.2223255
1320104026 121.4917194 31.2206669
152848175 121.4911691 31.2297386
1316237219 121.4849762 31.2218255
1320104029 121.4905551 31.222776
1317671243 121.4913537 31.2266238
1317671240 121.4935592 31.2256514
1317671241 121.4905435 31.227508
1317671247 121.4923791 31.2275551
475978728 121.4942093 31.2272175
1315785528 121.4802609 31.236986
477618769 121.4755037 31.2316975
1315785524 121.4774969 31.2251991
1315785527 121.479537 31.2312433
1316237112 121.484435 31.2214038
1316237115 121.4824052 31.2213955
1315785520 121.4790328 31.2347936
1315785523 121.4781744 31.2309451
1315785522 121.4846651 31.2320598
1315678726 121.4778902 31.2365914
476560879 121.4943393 31.2221324
1317671200 121.4884257 31.2252798
152848312 121.4922609 31.2288587
624739067 121.4815599 31.230335
75349972 121.4866768 31.2363132
1316471792 121.4873165 31.2201815
1316471791 121.4909523 31.2231328
1316471790 121.4879731 31.2216792
1316236440 121.485528 31.222477
1316471796 121.4885967 31.2220637
1316471795 121.4859687 31.2214951
1316471794 121.4894609 31.2223484
1316471799 121.4889802 31.2228191
1316236448 121.4808885 31.2237293
1315785297 121.4780454 31.2295395
1315785296 121.477962 31.2233448
1315785295 121.4801576 31.2314639
1315785294 121.4772732 31.2261515
1315785293 121.4833361 31.2318219
1315785292 121.4787323 31.2293075
1315785291 121.4797355 31.2317249
1315785290 121.4766874 31.2312406
1315785299 121.4888655 31.2329404
1315785298 121.4840804 31.2343165
1315785451 121.4764632 31.2296653
1315785450 121.4785231 31.2347981
1315785452 121.4793063 31.2299405
1315785454 121.4850416 31.2327788
1315785457 121.4864898 31.2320941
1315785456 121.4838033 31.2313056
1315785459 121.4816495 31.2274731
1315785458 121.4840268 31.2346468
1320103923 121.4910961 31.2222357
1320103925 121.4893296 31.2210601
1320103927 121.4896007 31.2209814
1315785279 121.4796604 31.2318396
1315785278 121.4810342 31.2320203
1316236998 121.4856072 31.2216521
1315785271 121.4794538 31.2304839
1315785270 121.4792956 31.2315689
1315785273 121.483383 31.2315047
1315785272 121.4838825 31.232343
1315785275 121.4778204 31.2350596
1315785274 121.4769991 31.2297488
1315785277 121.4817469 31.2312708
1315785276 121.4773483 31.2233762
1315785189 121.4837317 31.2316469
1315785188 121.4816181 31.231491
1315785183 121.4836405 31.2352155
1315785180 121.4815913 31.2310781
1315785187 121.4797945 31.234711
1315785186 121.4817558 31.2289312
1315785184 121.4781382 31.2226411
385114569 121.4772324 31.2228321
1316472111 121.489471 31.2221885
639308666 121.487676 31.2240542
639308664 121.4839857 31.2236358
639308665 121.4839535 31.2235532
481385214 121.4860346 31.2307163
639308668 121.4833486 31.2228637
1320103785 121.4905985 31.2232017
1320103786 121.4934397 31.2223769
1316236539 121.4799819 31.222899
1320103783 121.4904484 31.223478
1316236537 121.4860383 31.2205181
1315785598 121.4775951 31.2226606
1320103653 121.4887862 31.2210123
267198015 121.4765948 31.2366711
874312382 121.4790172 31.23437
1320103658 121.4941655 31.2222521
1316198786 121.4814969 31.2225181
1316198784 121.4808778 31.2225963
1316198781 121.4817991 31.2219961
639308712 121.4841574 31.222154
639308713 121.484093 31.2222182
639308710 121.4843291 31.2221265
1316198788 121.4811997 31.2223944
1315678653 121.4790516 31.2367983
481390839 121.4836014 31.2277796
481390838 121.4827572 31.2275899
481390834 121.4796416 31.2266798
481390832 121.4788777 31.2263055
1315678788 121.480364 31.2362826
773662878 121.4886565 31.227445
479284103 121.4823976 31.2309863
475974969 121.4924623 31.2304571
1315785647 121.478278 31.2237668
1316236404 121.4812037 31.2231349
1316623640 121.483956 31.2270063
1316623646 121.4882586 31.2293265
1316623647 121.4913046 31.227321
1316623648 121.4909523 31.2288717
475977737 121.4928711 31.2253215
1316623429 121.4884742 31.2282945
1316196994 121.4824282 31.2233348
1320104050 121.4906841 31.2214486
1316623423 121.4847876 31.2293631
1316623425 121.490381 31.2284926
1320104051 121.4902766 31.2202841
1316196990 121.4837961 31.2240496
476671523 121.4860732 31.2376768
845390852 121.483229 31.2311908
482729683 121.4956262 31.2206125
483098189 121.4807027 31.2213283
1316694044 121.4857005 31.2264359
1315678569 121.4778601 31.236679
477620748 121.4785492 31.2373296
1317671031 121.4886568 31.2250674
1317671033 121.4932746 31.2251315
1317671035 121.4930228 31.2265596
1317671134 121.4888013 31.2244541
1317671039 121.4934806 31.2238268
1317671038 121.489394 31.2248439
1316623338 121.4898043 31.2281607
1316623339 121.4893645 31.2286148
481392305 121.4801823 31.2291752
1316623330 121.4902764 31.229546
481392303 121.480938 31.2271118
602334140 121.4861242 31.2332475
1316471876 121.4888483 31.2235748
1316471877 121.4877712 31.2236374
1316471874 121.4887367 31.2204354
1316471872 121.4882372 31.2226128
1316471873 121.4891874 31.2231466
1316471870 121.4907377 31.2218759
1316471871 121.4908128 31.2233347
1317671107 121.4905989 31.2255416
1317671106 121.4904144 31.225766
1317671100 121.4906949 31.224399
1316471878 121.4918106 31.2228025
1317671102 121.4922848 31.226897
1320103646 121.4875717 31.2221738
677799505 121.4856339 31.2342739
1316192064 121.4826755 31.2252478
677799508 121.4875385 31.2350628
1317671325 121.4891972 31.2250904
1317671324 121.4884837 31.2263893
1317671321 121.49144 31.226445
1317671322 121.4906949 31.2244678
1316237051 121.486151 31.2203759
1316237054 121.4831577 31.2225641
1316623323 121.4920474 31.2288153
477619297 121.4771198 31.2320684
1316471908 121.4924865 31.2225319
1316471909 121.4880469 31.2214667
1316471903 121.4864922 31.2216922
1316471900 121.4888721 31.2233385
1316471901 121.4878194 31.22233
1316471906 121.4892617 31.2229082
1316471904 121.4877229 31.2217566
1316623326 121.4888817 31.2287891
78597886 121.4872003 31.2355793
1316192069 121.4823796 31.226387
1317671251 121.4883828 31.2258945
1317671250 121.4906258 31.2249256
1317671254 121.4900454 31.2251304
1317671257 121.4887047 31.2253532
1317671256 121.4927339 31.2267983
1315785511 121.4783193 31.2298809
1315785512 121.4800303 31.2317066
1315785513 121.4823316 31.2363668
1315785514 121.4874281 31.2329545
1315785515 121.4802153 31.2320191
1315785516 121.4808835 31.2308648
1316471741 121.4923255 31.2223943
1315785518 121.478448 31.2305048
477615709 121.4771973 31.2333354
1316237126 121.4847938 31.2208071
677800739 121.4871585 31.2351976
475978447 121.4940987 31.2247858
1317670756 121.4913703 31.2256419
639308703 121.4850264 31.2216677
677800734 121.4849913 31.2341385
1315785596 121.4812212 31.2357293
1316471746 121.4911097 31.2219166
1316471747 121.487432 31.2237223
1316236456 121.4863227 31.2204401
1316236454 121.4864353 31.2203162
639308706 121.4861562 31.2225681
475975640 121.4848812 31.228869
475975643 121.4862007 31.2290341
624738555 121.4858148 31.2315597
624739189 121.4826022 31.230867
1315785464 121.4769109 31.2260653
1315785465 121.4850943 31.232179
1315785466 121.4800946 31.2315506
1315785460 121.4795137 31.2301595
1315785461 121.4752259 31.2300308
1315785462 121.4781047 31.2261653
1320104010 121.4905877 31.2218622
1320103915 121.4922934 31.2205777
1320103916 121.4911419 31.2211621
1320104013 121.4900459 31.2234355
1320103910 121.4924258 31.2229877
1315785469 121.4782603 31.2240139
1320104016 121.4926926 31.2228327
1320103913 121.4915006 31.2234482
1315785248 121.4780082 31.2240689
1315785249 121.477662 31.2260284
476794299 121.4824716 31.233147
1315785244 121.4802985 31.2366558
1316236984 121.4833691 31.2222867
1315785246 121.4789255 31.2300369
1315785247 121.4797891 31.2315965
1315785240 121.4799179 31.2348348
1315785241 121.4812212 31.2311102
1315785242 121.4778043 31.22389
1315785243 121.4779652 31.2242111
1315785649 121.4767977 31.2263557
1316471864 121.4882432 31.2201372
1315785641 121.4807437 31.2280782
1315785642 121.4763398 31.2298075
1315785645 121.4767226 31.2265481
1315785646 121.476627 31.2267948
147477301 121.4765658 31.2223241
1316472103 121.4914672 31.2230044
1316472107 121.488209 31.2227054
1316471861 121.4883237 31.2214768
1317671135 121.4883185 31.2244632
1315785304 121.484751 31.2325139
1316236650 121.4851293 31.2215739
1316236522 121.482661 31.2212359
1316236521 121.4815672 31.2223702
624738901 121.4837387 31.2311606
1316236527 121.4809067 31.224427
1316236526 121.4824253 31.220686
1316236524 121.484004 31.222431
1316236529 121.4810547 31.2241397
599406834 121.4871164 31.2203796
482733092 121.4762863 31.2264155
1316197000 121.4838572 31.2239163
1316197001 121.481446 31.2248962
1316197003 121.4825676 31.2246422
1316197005 121.4826266 31.2237798
477647784 121.4815131 31.2361014
1316198795 121.4823531 31.2249037
1315678866 121.4785018 31.2354402
1315678865 121.4765652 31.2342201
1316198796 121.4809229 31.222201
1316198793 121.4816879 31.2241881
1316198798 121.4813611 31.2228038
1317670953 121.4904101 31.2258808
1320103684 121.4904168 31.2203719
1320103686 121.494069 31.2223072
1320103680 121.4895631 31.2201694
1320103682 121.4927157 31.2229425
481395518 121.4808689 31.2245003
1316623259 121.4857491 31.2282754
1316623258 121.4844616 31.2273304
1316623251 121.4851747 31.2275212
1316623257 121.4904588 31.2290644
1316623255 121.4897668 31.2281148
1316623254 121.4855631 31.228151
1316623657 121.4899384 31.2290873
1316192110 121.4824878 31.2256697
1316623659 121.4892291 31.2291971
1316623658 121.4912795 31.2292662
1316189807 121.4819863 31.2268155
1316623439 121.4871009 31.2284864
1316694067 121.4861243 31.2265826
1316623437 121.4914834 31.2294497
1316623435 121.4851912 31.2286286
1316623433 121.4899186 31.2281792
1316694064 121.4846384 31.2260368
1316623430 121.4914029 31.2282111
1316192117 121.4829811 31.2257206
1316694062 121.4882987 31.2250522
1316192116 121.4819829 31.2262799
1316189802 121.4817522 31.2261561
1315785301 121.4820634 31.2284727
1316694060 121.4868432 31.2257248
845390842 121.4829408 31.2322758
1315785300 121.4839544 31.2320258
481433739 121.4828517 31.2298945
1316189800 121.4817728 31.2269308
1316236392 121.4836719 31.2224297
1316694048 121.486693 31.2257936
1316694049 121.4858132 31.2262478
483098227 121.4814652 31.2202035
1316694040 121.4852514 31.2264992
1316694041 121.4855897 31.2262459
1316694042 121.4867842 31.2257753
483098883 121.4825091 31.2205438
1316694045 121.4862584 31.2266973
1316694047 121.4857381 31.2262936
1317671004 121.4906252 31.2248027
1317671006 121.4870793 31.2257064
1317671000 121.4926196 31.2260678
1317671003 121.4920999 31.2272429
483098150 121.4792695 31.2249274
1317671008 121.4904473 31.2269867
483098154 121.4790088 31.2257675
599407018 121.483765 31.2276101
1316623322 121.4868703 31.2283212
1316623320 121.4888602 31.2288763
1316694068 121.484361 31.2264393
1316623325 121.488651 31.2283533
1315785308 121.4847563 31.2323487
479293180 121.4770703 31.2307504
1316623328 121.4901174 31.2276701
482729435 121.4944675 31.2238048
1316693988 121.4857662 31.2264953
1317671130 121.4934519 31.2251697
1317671131 121.4906103 31.2253395
1317671132 121.4929434 31.223743
479319990 121.4753959 31.2225459
1316471860 121.492465 31.2222421
1316471863 121.4911316 31.2214028
1317671137 121.4941439 31.223399
1317671138 121.4880824 31.2256009
1320103917 121.4903678 31.2221558
1316471869 121.492465 31.2231787
1317671318 121.4888983 31.2254728
479282364 121.4815822 31.2305643
882614596 121.4875077 31.2314772
1317671311 121.4918232 31.2262039
1317671312 121.4900512 31.2243577
1316471724 121.4874171 31.2224401
95386499 121.4833866 31.2352642
1316237046 121.48356 31.2220778
1316471918 121.4886174 31.2233289
483091135 121.4812648 31.2215535
1316471913 121.4910649 31.2226833
1316471912 121.4896219 31.2227291
1316471915 121.4879275 31.2217945
1316471914 121.4919926 31.2222559
1317671269 121.490867 31.2264261
1317671264 121.4937792 31.2250275
1317671267 121.4889997 31.2244678
1317671261 121.4929599 31.2241055
1317671263 121.4887422 31.2261468
1315785507 121.4774278 31.2302927
1315785506 121.4799713 31.2305919
1316237131 121.4854322 31.2227384
1315785504 121.4785553 31.2298167
1316237137 121.4835171 31.2227063
1315785502 121.4809324 31.2287088
1315785501 121.4784527 31.2290702
1315785500 121.481071 31.2282204
1316237139 121.4829216 31.2251007
624784002 121.4784744 31.22074
1315785508 121.4815816 31.2277516
1317681865 121.4917458 31.2245634
1317681862 121.4926634 31.2243394
1316236426 121.4861564 31.2200333
481390557 121.4758371 31.2253215
1316236425 121.4839583 31.2207723
1316236423 121.4852572 31.2213534
1316236421 121.483891 31.2208744
476799352 121.4839222 31.2330296
1315785479 121.4777201 31.2288648
1315785478 121.4805828 31.2309084
1315785472 121.4884309 31.2331102
1315785471 121.4813727 31.228471
1315785470 121.4800142 31.2301286
1315785477 121.4785077 31.2257668
1315785476 121.477664 31.224428
1315785475 121.4774342 31.2242386
1320103901 121.4908077 31.2208621
1320103900 121.4903914 31.2218265
1320103907 121.4897992 31.2207107
1320103905 121.4920251 31.2207305
1320103904 121.4938544 31.22222
1320104005 121.4892791 31.2212854
1320103908 121.4933662 31.2211374
1315785253 121.4785607 31.2237249
476794281 121.4854465 31.2345023
1315785251 121.479124 31.231491
1315785250 121.4816664 31.2309405
476794284 121.4850723 31.2342625
1315785256 121.4883612 31.2332569
1315785255 121.4777346 31.2223716
476794289 121.4839226 31.2339372
1315785259 121.4861242 31.2326056
773662896 121.488503 31.2281566
1316236732 121.4805242 31.2229898
1316236736 121.4855374 31.2218172
1316236734 121.4860759 31.2205686
1316236739 121.4817386 31.2231966
479291272 121.4789154 31.2283703
1315785651 121.481546 31.2359659
1315785650 121.4850174 31.2324399
1316472176 121.4904641 31.2230915
1316472177 121.487857 31.2222337
1316472174 121.4885436 31.2223209
1316472172 121.4877107 31.2203264
1317670833 121.4895465 31.2264252
1317670831 121.4931721 31.2237798
1317670837 121.4899439 31.2255229
1317670835 121.4937645 31.223758
1317670839 121.4892304 31.2244678
1316196943 121.4836727 31.2234679
1316236887 121.4829729 31.2218558
1316196946 121.4817254 31.2244771
1316196944 121.4831162 31.2236142
1316196945 121.4833294 31.2231789
481391756 121.4817605 31.2250439
1316196948 121.4832901 31.2232591
1316196949 121.4829539 31.2239275
481394324 121.4821311 31.2274254
385114529 121.4930828 31.2269741
1315785608 121.4776991 31.2242935
1316472006 121.4883861 31.2201821
1316237133 121.4850084 31.2211558
1315678632 121.4802559 31.2374229
1317670782 121.492067 31.2269057
1317670783 121.4908129 31.2248623
93310272 121.4773374 31.2225768
1316471745 121.4897973 31.2232704
1316237038 121.485974 31.2203254
1320103691 121.4923953 31.2211833
1320103696 121.4937618 31.2227063
1320103695 121.4889409 31.2215319
1315785605 121.4786066 31.2254752
1320103698 121.4907926 31.2210011
1316236959 121.4815805 31.2244679
1320104096 121.4925401 31.220096
1316236951 121.4826909 31.2206465
1316236957 121.4844164 31.2228902
1316236955 121.486152 31.222376
1317670822 121.4891602 31.2246142
677797911 121.4820408 31.2330743
1316623411 121.4868541 31.2284815
481389988 121.4930241 31.2270731
639308640 121.4835888 31.2232275
639308641 121.4832743 31.2229408
477621305 121.4806644 31.2330487
1316623228 121.4888173 31.2284955
479288912 121.4780118 31.2285079
1315678742 121.4783547 31.2359115
677797046 121.4845728 31.2340375
1315678744 121.4778366 31.2367474
1315678745 121.4772572 31.236541
1315785509 121.4781205 31.2226897
600502720 121.4788758 31.2330468
479292469 121.4764931 31.2292648
1316189797 121.4819722 31.2269726
1316623687 121.4853934 31.2285662
267198437 121.475093 31.234751
481433742 121.4829747 31.229728
1316694059 121.4894837 31.2251026
1316694058 121.4857756 31.226445
1316694057 121.4855186 31.226223
1316694056 121.4904492 31.2251513
1316694055 121.4866822 31.2250046
1316694054 121.4851105 31.2263946
1316694053 121.4853143 31.2265459
1316694052 121.4847516 31.2261624
1316694051 121.4845847 31.22589
1316694050 121.4888908 31.2264595
1316198773 121.4807074 31.222611
483098146 121.4796474 31.2237714
1320104078 121.4893441 31.2221737
1316623356 121.4892395 31.2294822
1316623357 121.4883471 31.2297836
1320104079 121.4921378 31.2200926
1316623352 121.4870258 31.2287295
1316623350 121.4869293 31.2287983
1316236742 121.4841072 31.2220733
1316471858 121.4929621 31.2216423
481439262 121.4784082 31.2262634
624783812 121.4784025 31.2208568
1316471851 121.4882164 31.2205363
1316471855 121.4908417 31.2230588
1316471856 121.4886885 31.2225594
481390556 121.4765656 31.2255725
1317671125 121.4886774 31.2250683
1317671124 121.4913759 31.2255183
1317671123 121.4932044 31.2234527
475977669 121.489676 31.2240301
1317671121 121.4896532 31.2255324
1317671120 121.4914134 31.2256451
1316189793 121.4822189 31.2270368
475977667 121.4896616 31.2241055
479322299 121.4756362 31.2243441
1317671309 121.4911184 31.2268899
1317671308 121.4902872 31.2271835
1317671306 121.4928294 31.2258431
1317671305 121.4889032 31.2245229
1317671303 121.4923254 31.2242385
1317671302 121.4882755 31.2260138
476548799 121.4782634 31.233702
1316236871 121.4815737 31.2211339
1317671019 121.4932642 31.225188
1316471928 121.491376 31.2232246
481396599 121.4787731 31.2281632
1317671013 121.4887476 31.226211
1317671012 121.4926258 31.2263119
1316471926 121.4918287 31.2224075
1316471927 121.4915096 31.2231232
1317671017 121.4899492 31.2253715
1317671016 121.4906573 31.227078
1316471922 121.4888923 31.2229631
1317671014 121.4913812 31.2253725
1317671271 121.4886886 31.2245642
1317671277 121.4900497 31.2246146
1317671275 121.4878943 31.2255461
1317671274 121.4893868 31.2246367
1316198738 121.4813022 31.2229277
1316237142 121.485813 31.2218898
385113763 121.479247 31.2236421
477623877 121.4761671 31.2371757
599408522 121.4823687 31.233169
599408454 121.4825299 31.2321247
1320104104 121.4930178 31.2221949
481390560 121.478248 31.2260869
1316236439 121.4823627 31.2207923
1319204517 121.4954476 31.2205732
1320104100 121.4907433 31.2213255
1320104101 121.4898905 31.221569
1316236430 121.4811027 31.2233473
1320104108 121.49195 31.2206236
1316236432 121.4838228 31.2215136
1320103666 121.4934141 31.2215029
1317670956 121.4932991 31.2255248
1316192072 121.4813388 31.2257819
1316192070 121.4815514 31.2253944
1315785406 121.483002 31.2320453
477615613 121.475079 31.2367685
1315785404 121.487004 31.2330184
1315785405 121.4763074 31.230605
1315785402 121.488388 31.2334817
1315785403 121.4870733 31.2357838
1315785400 121.4784691 31.2350214
1315785401 121.4774041 31.2292514
1320103860 121.4907107 31.2227298
1317671186 121.4886438 31.2266424
1320103660 121.4906628 31.2225733
1320103970 121.4911481 31.2210157
1320103661 121.4896751 31.2214336
1320103979 121.4917998 31.2200043
1315785226 121.4817737 31.2313901
1315785227 121.4807117 31.2311446
1315785224 121.4809701 31.2355418
1315785225 121.4798535 31.230368
1315785222 121.4755191 31.2308855
1315785220 121.4815538 31.2311974
1315785228 121.4862907 31.232051
1315785229 121.4806063 31.23521
1316236721 121.4827718 31.2214189
1316236723 121.4829274 31.2213706
1316236722 121.4832709 31.2214016
1316623204 121.4897882 31.2289451
483109960 121.4761375 31.2245802
848690530 121.4800789 31.2298287
1316192103 121.481822 31.2259726
1319204522 121.4958647 31.2227392
1316192107 121.4825408 31.225179
1315785312 121.4814089 31.2315139
1315785310 121.4783491 31.2291895
1316472166 121.4914613 31.2226973
1315785316 121.4823382 31.2311717
1315785317 121.4791018 31.2310382
1315785314 121.4783576 31.2235053
1316472162 121.4918353 31.2222655
1320103802 121.4918186 31.2208506
1320103803 121.4925884 31.220766
1320103800 121.4920869 31.222745
1320103807 121.489772 31.2211789
1315785577 121.4771606 31.2264956
1317670820 121.4899633 31.2258533
1320103751 121.4941063 31.2209514
1317670825 121.4936558 31.2250734
1320104009 121.4929131 31.2211303
1317670827 121.4882445 31.2258903
1320104008 121.4938276 31.2216328
1316236544 121.4830035 31.2212673
1316236546 121.4852498 31.2217338
1316196955 121.4823423 31.2236697
1316196954 121.4822423 31.2222692
1316196957 121.4827017 31.2230046
1316196956 121.4822833 31.2236101
1316196959 121.483911 31.2237989
1316196958 121.481881 31.2234771
479280655 121.485868 31.2339339
481389838 121.4909164 31.227147
1316472011 121.4896114 31.2215609
1316472013 121.4877974 31.2225224
1316472014 121.4874739 31.2222832
1315678622 121.4803172 31.2372675
1315785398 121.4807116 31.2348257
677736969 121.4864769 31.2373204
1317671096 121.4909955 31.2255173
1315785257 121.4782128 31.2296273
1316236948 121.4851943 31.2214618
1320103591 121.4925884 31.2214539
1316471800 121.4881681 31.2201968
477621319 121.4806367 31.2334273
1320103597 121.4933252 31.2228551
602393466 121.4948231 31.2230721
1320103599 121.4888788 31.2217454
773662897 121.4873218 31.2272497
602393460 121.4932791 31.2234326
1315785258 121.4760097 31.2309736
1316623235 121.4891928 31.228702
1316236637 121.4802126 31.2234036
1316623230 121.4855165 31.2289485
1316623232 121.4843651 31.2292524
1315785394 121.4777507 31.2292341
1320103571 121.4924441 31.2230844
1316189795 121.4818488 31.2267249
1316236324 121.4841715 31.2209631
1317670798 121.4930822 31.2263258
1317670792 121.4880985 31.2242981
1317670796 121.4931686 31.2239264
1316195130 121.4819943 31.2239415
1316623692 121.4860227 31.2279588
1316623695 121.4869757 31.2277625
1316623694 121.485295 31.2289208
1316623699 121.49055 31.2280185
1316198742 121.481071 31.2225275
639309885 121.4852303 31.2229981
479286375 121.4787242 31.2287574
1316623346 121.4914688 31.2286991
1316623340 121.4888602 31.228913
1316623342 121.490845 31.2291653
639309882 121.4849454 31.2235988
1316198748 121.4815959 31.2223098
1315785286 121.4796765 31.2298626
1316471849 121.4880817 31.2239965
1316471848 121.4889002 31.2207717
1316471847 121.4894395 31.2237888
1316471845 121.490566 31.2227383
1316471841 121.489477 31.2204033
1316471840 121.4888501 31.2208746
477620688 121.4790992 31.2361144
1317671047 121.4923186 31.2255181
483090542 121.4821051 31.2204121
95386562 121.484836 31.2357343
1316694004 121.4851848 31.2262873
1316471931 121.4871289 31.2219505
1316471930 121.4874376 31.2221368
1316471935 121.4919716 31.223381
1316471934 121.493053 31.2225127
1317671067 121.4918685 31.2259907
1317671064 121.4919231 31.224133
475979690 121.4948552 31.2228611
1316694006 121.4865159 31.2251744
1317671060 121.4907807 31.2249495
1315785468 121.4821278 31.2314405
1316189794 121.4819191 31.2271144
1316694000 121.4846116 31.226156
1316189792 121.4822243 31.226679
476561127 121.495222 31.2217584
1317671204 121.4913367 31.2269079
475975342 121.4849317 31.2286023
1316189791 121.4812909 31.2264772
475975347 121.4846828 31.229916
1317671201 121.4923769 31.2265597
1316189790 121.4816607 31.2264459
1317671209 121.4906244 31.2269821
1316189786 121.4812158 31.2270652
1316237156 121.4811631 31.2232202
1316237159 121.4833937 31.2219265
1316237158 121.4832044 31.2215029
477623868 121.4753744 31.2368639
1320104114 121.4915312 31.2210379
1320104116 121.4904182 31.223703
1320104111 121.4908345 31.2222017
1316236405 121.4843807 31.2224219
1316236407 121.4828229 31.2210033
1320104119 121.4915262 31.2214585
848690433 121.4830024 31.2311503
848690432 121.4835684 31.2312213
1315785505 121.4785325 31.2352809
477623884 121.476029 31.2375052
477618430 121.4749565 31.2309901
1316192066 121.4819507 31.2256836
1315785419 121.4836267 31.2343953
1315785418 121.4819891 31.2278527
1316192062 121.4816746 31.2251879
1315785415 121.4826311 31.2281591
1315785414 121.4803963 31.228591
1315785416 121.4812534 31.2288167
1315785411 121.478389 31.2227798
1316192068 121.4823155 31.2265184
1315785413 121.4824663 31.2289136
1315785412 121.4840911 31.2344908
1320103965 121.4886834 31.2214402
1320103966 121.4910005 31.2221833
1320103961 121.4922834 31.2204784
1320103962 121.489428 31.2206218
152848137 121.4899144 31.2297223
1320103969 121.4909364 31.2221696
1315785235 121.4820811 31.2275856
1315785237 121.4837458 31.23158
1315785236 121.4821921 31.2282112
1315785231 121.4812157 31.2283029
1315785230 121.4779545 31.2289406
1315785233 121.4801967 31.2314008
1315785232 121.4820473 31.2316194
75355692 121.4868429 31.2315571
476552806 121.4864168 31.2218508
75355690 121.4905365 31.231061
1315785239 121.4779589 31.2261202
1315785238 121.4787519 31.2315545
75355694 121.4858054 31.2316067
1315785439 121.4816968 31.2291147
93310875 121.4873758 31.2239713
1316236715 121.479714 31.2236146
482733091 121.4772 31.2266932
1316236717 121.4837728 31.2210539
712767599 121.4900444 31.2326629
712767596 121.4889958 31.2315058
1316236718 121.4824867 31.2212925
479283989 121.4815452 31.2317734
479284039 121.4820859 31.2319584
1316472158 121.4872623 31.2216539
1316192118 121.4827447 31.2247248
385113562 121.4840293 31.2263214
1316236885 121.4839248 31.2207337
1316472150 121.4892406 31.2214568
1316472151 121.4875512 31.2208437
1316472154 121.488549 31.2202198
1316472155 121.4924865 31.2218575
1316472156 121.4880194 31.2219651
1316472157 121.4912848 31.2228576
1320103819 121.4908399 31.222587
1320103818 121.4894163 31.2218677
1315785303 121.4787538 31.2346193
1315785302 121.4778579 31.2348578
1315785305 121.4825406 31.2285695
1316236395 121.4857755 31.221064
1315785307 121.4781489 31.230669
1315785306 121.4780558 31.2228671
1315785309 121.4799072 31.2314818
1316236399 121.4813498 31.2234174
1320103813 121.4903624 31.2219998
1320103815 121.4918232 31.2210294
1316693989 121.4884579 31.2257294
1320103817 121.4896651 31.2201786
1317670814 121.4932427 31.2248486
1317670816 121.4909882 31.2255687
1316236550 121.4797622 31.2233531
1320103749 121.4922987 31.2199492
1316236571 121.4840321 31.2229036
1316236883 121.4833275 31.2208275
1317670818 121.4884146 31.2259081
1316196964 121.4818113 31.2235183
1316236378 121.4857699 31.2215188
1316471707 121.4873439 31.2214725
1316196960 121.4797409 31.2287109
1316196961 121.4817093 31.2232844
1316196962 121.4827071 31.2238807
1316196963 121.4820795 31.2244643
1316236371 121.4863349 31.2220132
1316236376 121.4834902 31.2221237
1316196969 121.4820687 31.2235688
1316236374 121.4821879 31.2212317
1316472028 121.4898571 31.2230184
1316623595 121.489689 31.2283687
848690442 121.4829998 31.2310516
476556039 121.4929303 31.2199308
1316236976 121.4834825 31.221079
1315785311 121.4807768 31.2319156
1320103973 121.4921592 31.220596
1316236972 121.4838443 31.2212934
1320103586 121.4891501 31.2205226
602393451 121.4941793 31.2230446
602393450 121.493332 31.2231462
1320103582 121.4926367 31.2204349
1320103589 121.490003 31.2199584
1320103588 121.4925294 31.2199813
1316623200 121.4855935 31.2279405
1316623202 121.4913918 31.2289622
1315678768 121.4781155 31.236275
1316623208 121.489638 31.2287203
1316623209 121.4866771 31.2292662
1315678766 121.4801204 31.2377667
1315678767 121.4795583 31.2352475
1320103569 121.4893889 31.2207959
1317671177 121.4904051 31.2265008
1320103564 121.4888175 31.2219172
1320103567 121.4891018 31.2222613
1317671171 121.4901277 31.2252936
93332133 121.4853376 31.2238605
1317670845 121.4904268 31.2255463
1315678618 121.4809262 31.2361557
1315678619 121.4775844 31.2359034
1316198740 121.4807682 31.2224953
1316472009 121.4918205 31.2225865
1316198747 121.4809522 31.2221453
1316198744 121.481959 31.2227407
1315678610 121.4844713 31.2368079
385114441 121.4941301 31.2200088
1315678612 121.4808785 31.2365839
475977519 121.4897468 31.2273472
1315785529 121.4775981 31.2247377
476671870 121.4859558 31.2375902
93332044 121.4853537 31.223794
1316623591 121.490752 31.2283274
1315785624 121.4752996 31.2299125
1316623599 121.4886939 31.22839
1317670848 121.4904409 31.2252985
1315785526 121.4803039 31.2354953
1316623371 121.4895415 31.2280965
1316623372 121.4841666 31.2273855
1316623373 121.4897737 31.2292847
1316623374 121.4914888 31.2290689
1316623375 121.4919123 31.2290957
1316236898 121.483797 31.2205501
1316623573 121.4840539 31.2291974
1316623572 121.4918759 31.2284708
1317670780 121.4919338 31.2256835
1316623570 121.4894825 31.2279313
1316237116 121.4814357 31.2242844
1316623577 121.4891982 31.229335
1316623575 121.4880204 31.2311014
1316623571 121.4901369 31.2296194
1316196995 121.4826615 31.2249101
475977686 121.4896276 31.2251087
475977684 121.4879013 31.2250353
479293261 121.4778224 31.231113
1316471946 121.490267 31.2211638
1316471947 121.4886005 31.2206485
1316471945 121.4920283 31.2235846
1317671079 121.4913384 31.2269358
1317671077 121.4906734 31.226844
1317671076 121.4901269 31.2255321
1317671070 121.4908022 31.2244678
1317671073 121.4923305 31.2252803
1315785428 121.4846437 31.2326285
1317671214 121.4900473 31.2249037
1317671217 121.4904352 31.2253992
1317671216 121.4918051 31.226289
1317671211 121.4888978 31.2243348
1317671210 121.4904222 31.2256285
1316237160 121.4798964 31.2232155
1316237161 121.4850421 31.2232665
1316237164 121.4832408 31.2209452
1316237165 121.4838498 31.2209369
1316471722 121.4924536 31.222087
1316471723 121.4883773 31.2228438
1316471720 121.4902441 31.223064
1316236413 121.4823161 31.2221903
1316471727 121.4878221 31.222367
1316236411 121.4805293 31.2237495
1316471728 121.4908693 31.2239446
1316471729 121.4897614 31.220862
1316192059 121.4820044 31.2255505
479280255 121.4854031 31.2315975
1316192050 121.4831048 31.2254672
1316192053 121.4818542 31.2252753
1316192055 121.4826159 31.2254267
1316192056 121.4819928 31.2266186
301638562 121.4756691 31.2279372
1315785420 121.48562 31.2329726
1316471793 121.4888721 31.2230821
1315785422 121.4810495 31.2273167
1315785423 121.481012 31.2284864
1315785424 121.4812558 31.2353047
1315785425 121.4833777 31.2316607
1315785426 121.4790054 31.2311804
1315785427 121.4782398 31.2293155
1320103950 121.4900888 31.2234171
1315785429 121.4808886 31.2358072
479290062 121.477308 31.2282584
1320103953 121.4892735 31.2208208
1320103954 121.4890535 31.2219815
1316236446 121.4834161 31.2211804
1320103956 121.493892 31.2218026
1316236447 121.4845202 31.2211787
1316236442 121.4826403 31.2198929
481397829 121.4801866 31.2252967
1316236702 121.4835975 31.2225962
1316236700 121.485062 31.2210548
1316236706 121.4841748 31.2204435
95663349 121.4824115 31.2320812
476078931 121.4880246 31.2307066
1320104092 121.4929215 31.220433
1316693999 121.4853197 31.2263028
1316693998 121.4853304 31.2259037
1316192128 121.4825408 31.2255459
1316192129 121.4820634 31.2264496
1316472149 121.4887207 31.2224401
1316472148 121.4882647 31.2218529
1316472146 121.4890198 31.2226678
1316192126 121.4817285 31.2262311
1316472144 121.490743 31.2217382
1316693997 121.4847993 31.2263074
1316693996 121.488254 31.2253716
1316693995 121.4869183 31.225023
1316693994 121.4856093 31.2260092
1316236387 121.4859793 31.222087
1316236386 121.4859579 31.2207796
1316236385 121.4830901 31.2211497
1315785337 121.4774985 31.2291359
1320103828 121.4915262 31.2217704
601663327 121.4752067 31.2286684
1315785332 121.477008 31.2258162
1315785333 121.4765168 31.229491
1320104121 121.4891769 31.2224081
1320103826 121.4897714 31.2208218
1315785338 121.4750792 31.2302662
1315785339 121.4784175 31.2291107
1320104126 121.4929724 31.2217444
1320103775 121.492406 31.2227174
1320103777 121.4929327 31.2213504
1320103770 121.4925508 31.2204355
1316196972 121.4833999 31.2248629
1316196971 121.4814143 31.2233624
1316196970 121.4831577 31.2242523
1320103779 121.4896224 31.2204206
1316196975 121.4831094 31.2241881
1316196974 121.4819829 31.2234908
602393474 121.4948767 31.2229345
1316236363 121.486505 31.2202061
1316236365 121.4803536 31.2240366
1316237129 121.4809418 31.2243587
147477270 121.476399 31.2227089
1315785208 121.479419 31.22978
1315785209 121.4780725 31.2310644
1316472030 121.4874922 31.2219034
1316472037 121.4880732 31.2209398
476799354 121.4834673 31.2329562
1316472035 121.4889803 31.2221243
1315785200 121.4800508 31.2307909
1316471867 121.4873244 31.223967
1315785202 121.4818542 31.2362705
1315785203 121.4822921 31.2313152
1315785205 121.4816396 31.2313671
1315785206 121.4767036 31.2249987
1315785207 121.4783213 31.2236508
93310009 121.4756732 31.2219865
1316236963 121.4859555 31.221139
1320103929 121.490466 31.2213537
301639384 121.4766796 31.2251039
1320103928 121.4907916 31.2211603
1319204544 121.4941227 31.2203042
1316623226 121.4861622 31.2274084
1317670808 121.4918469 31.2260924
481390039 121.4927156 31.2269823
1317670803 121.4884794 31.224688
1316623224 121.4854449 31.2278857
1317670805 121.4910858 31.2264343
639308698 121.480692 31.2226403
1315678773 121.4787969 31.2351123
1316623215 121.4892858 31.2289444
1316623742 121.4886021 31.2276972
1315678777 121.4785769 31.2363529
1316623744 121.4855951 31.2285827
1316623210 121.4845181 31.2277527
1315678779 121.4765277 31.2343806
1320103921 121.4903015 31.2227249
1320103920 121.4930066 31.2220837
1320103554 121.4923416 31.2202015
481390913 121.4821564 31.2256743
481390910 121.4821135 31.2252119
481390911 121.4821908 31.225322
475978752 121.4948194 31.2230535
1316198750 121.4817898 31.2226926
1316198754 121.4805184 31.2218439
1316198756 121.4803414 31.2221559
1315678607 121.4754764 31.2341069
1316198758 121.4817201 31.2227614
75352048 121.4779659 31.2342603
1316471828 121.491478 31.2223988
103736983 121.4954889 31.227494
93332051 121.4855154 31.2238169
1316623587 121.4891888 31.2297531
1316623585 121.4895356 31.2286793
1316623583 121.4914995 31.2292937
1316623589 121.4904115 31.2291974
385113975 121.4793679 31.229029
385113971 121.4784154 31.2261199
385113972 121.4783287 31.2272165
1316623368 121.4898006 31.229171
1315785370 121.4789563 31.229568
1316623365 121.4902818 31.2288763
1316623363 121.4917355 31.2284313
1316623569 121.4899384 31.2288625
1316623568 121.4888119 31.2278809
1316623567 121.4890426 31.228913
1316236639 121.4823577 31.2214556
483099888 121.4850657 31.2202512
1316236612 121.4827008 31.2243958
479286226 121.4763446 31.2316794
1316236347 121.4819171 31.2240908
1316237089 121.4812329 31.2230734
1315678844 121.4805346 31.2376602
1315785554 121.4816181 31.228569
1316237082 121.4845893 31.2220334
1316237080 121.4858881 31.2218576
1316237087 121.4838979 31.2219953
1316237085 121.4824764 31.2215595
1317671197 121.4928421 31.2256839
1317671195 121.4887794 31.2247287
1317671440 121.4912562 31.2260372
1317671442 121.4923683 31.2263945
1317671041 121.4933125 31.225766
1316471957 121.4888762 31.223298
1316471956 121.4889191 31.2229218
1317671044 121.4915744 31.2269174
1317671045 121.4918111 31.2256744
1316471952 121.4920036 31.2224121
1317671049 121.4896849 31.2276044
1316471959 121.4909683 31.2229952
1317671228 121.488238 31.2259816
1317671221 121.4902416 31.2270002
1317671223 121.4897387 31.2266744
1317671224 121.4902926 31.2268211
95430375 121.4787829 31.2327293
1317671227 121.4927526 31.2266296
1316237178 121.4827964 31.224219
475978414 121.4910049 31.2245665
210643104 121.4899614 31.2313472
1316471924 121.4870094 31.2213758
599408518 121.481901 31.2348495
1316471731 121.4906679 31.2217428
1316471730 121.4913117 31.2232934
1316471732 121.4884149 31.222986
1316471735 121.4911615 31.2207015
1316471734 121.4913063 31.2222887
475974946 121.4925749 31.2305396
1316471739 121.4894127 31.2234448
848690456 121.4851048 31.2313954
848690453 121.4829383 31.2309365
1316192048 121.4820527 31.2261194
1316192045 121.4823477 31.225468
1316192043 121.4823745 31.2256148
1316192042 121.4830399 31.2256001
1315785437 121.4790059 31.2349357
1315785436 121.479935 31.2351314
477615647 121.4757257 31.2363483
1317671357 121.4905925 31.225642
1315785433 121.4806311 31.2316011
1315785432 121.4802341 31.2316102
1315785431 121.4795316 31.2350321
1320103948 121.4910326 31.2206027
1320103946 121.4905663 31.221142
1320103945 121.4911395 31.2212172
1320103943 121.492079 31.2225596
1320103941 121.4934275 31.2228236
1315785438 121.4840126 31.2353234
477641820 121.4749077 31.2333958
1316472056 121.4896058 31.223564
654405679 121.4941105 31.2207726
1316236778 121.4807866 31.2229036
476078905 121.4881624 31.2297871
1316236770 121.482074 31.2208622
677796838 121.4825236 31.2329917
1316471737 121.4885061 31.2207657
1315785329 121.4796819 31.2302387
1316192130 121.4824443 31.2262541
1315785323 121.4784066 31.2366656
1315785322 121.4810549 31.235266
1315785321 121.4827261 31.2277305
1315785320 121.4811622 31.231257
1315785327 121.4782871 31.2255368
1315785326 121.4830693 31.2364758
1315785325 121.4775399 31.2250009
476797601 121.4771706 31.2322209
1320103834 121.4918116 31.2227814
1317671372 121.4943309 31.2241864
1316236594 121.4817093 31.2224403
1316236599 121.4827067 31.2215359
152847559 121.4860934 31.2315653
1316236359 121.4842949 31.2202612
1316236350 121.4844612 31.2209356
1316236352 121.4819709 31.2205944
1320103627 121.4934844 31.2220398
1317670916 121.4870578 31.226156
1315785219 121.4775729 31.2248565
1315785218 121.4880662 31.232679
1315785217 121.4816147 31.227618
1315785216 121.4802288 31.2370686
1315785215 121.4819883 31.2286011
1315785214 121.4780135 31.2238166
1315785213 121.4768476 31.2262277
1315785212 121.4812426 31.2309726
1315785211 121.4797691 31.2304887
1315785210 121.4774127 31.2243763
1317670902 121.4923053 31.2257177
1317670900 121.4928498 31.2255877
1317670907 121.492417 31.2241055
1317670904 121.493173 31.223743
1317670905 121.4935852 31.2238167
1317670908 121.4940992 31.223721
479282332 121.4811704 31.2316418
654412988 121.4812493 31.23298
385114252 121.4811032 31.2200855
1316236913 121.4849225 31.2221375
773662879 121.48661 31.2271867
476078767 121.4870349 31.2335178
639308680 121.4839965 31.2224568
1315678567 121.4776987 31.2370431
639308682 121.4815201 31.2212067
639308683 121.480951 31.2209712
639308684 121.4826505 31.2224044
639308685 121.4826285 31.2225072
773662871 121.4877467 31.2282378
1320103769 121.4904965 31.2209722
1317670878 121.4895469 31.2247155
1317670879 121.4885223 31.226133
1317670876 121.4884772 31.2264322
1317671376 121.4912364 31.2253669
1320103767 121.4904214 31.2216466
1317670873 121.4901266 31.2256376
1317670870 121.4884733 31.2255869
1315678701 121.4806034 31.2367666
476792256 121.4783689 31.2326333
93332110 121.4854985 31.2238972
1316471710 121.4874332 31.2221557
1319204591 121.495633 31.2198966
1316236828 121.4828626 31.2214585
475974959 121.4914366 31.2298629
1315785525 121.4782656 31.2307937
1316198765 121.4815599 31.2247611
1316198767 121.4808832 31.2222765
1316198763 121.480277 31.2222898
1316198769 121.4809898 31.2235848
1319204577 121.4951342 31.2207851
1316623391 121.4890416 31.2288952
475976313 121.4833524 31.2264298
1316623395 121.4868273 31.2287478
1316236909 121.4860128 31.2202632
1316623398 121.491934 31.2283396
64813782 121.477473 31.2203879
1316623555 121.4846065 31.2267754
1316623556 121.4851898 31.227454
1315785636 121.478035 31.224835
1316623550 121.483892 31.2272086
1316623552 121.4893859 31.2285827
1316623553 121.4922086 31.2284212
1316471894 121.4895951 31.2220273
1316471895 121.4918473 31.2219533
1316471890 121.4897453 31.2212933
1316471891 121.4874578 31.2220504
1316471892 121.4883451 31.2237338
1316471893 121.4886509 31.2231237
1316471898 121.4867004 31.2219199
1316471899 121.4918142 31.2227244
1316623488 121.4899579 31.227929
1316623486 121.4890424 31.228556
1316623484 121.4921754 31.2285552
1316623482 121.4851284 31.2277271
479294044 121.4801202 31.232191
1316623480 121.4914083 31.2291744
1315785421 121.4833765 31.2371768
1320103893 121.4939349 31.2225641
1317671184 121.4914638 31.2261607
1317671187 121.4913111 31.2264427
1320103892 121.4890054 31.2221283
479294032 121.4793545 31.2318407
1317671183 121.4884794 31.2253761
1317670864 121.4906037 31.2265084
1317671189 121.4891285 31.224922
1317671188 121.4881575 31.2255963
1316471968 121.4891284 31.2233255
1316237201 121.4838443 31.2213576
1316623458 121.4849123 31.2271836
1316471960 121.488034 31.2222887
1316471961 121.4894931 31.2225961
1316471962 121.4913325 31.2219277
1316471963 121.489241 31.2230686
1316471966 121.4912741 31.2228117
1317671057 121.4914456 31.2263807
1317671056 121.4888925 31.2249449
1317671055 121.4918251 31.2253895
1317671054 121.4881146 31.2263303
1317671053 121.4889032 31.2247444
1320103898 121.4911065 31.2219927
1317671059 121.4889033 31.2253576
1317671058 121.4883721 31.2261147
1317671237 121.4917997 31.2243027
639309884 121.4851444 31.2230256
1317671235 121.4914349 31.2257431
639309886 121.4857429 31.2231531
639309883 121.4850908 31.223099
1317671230 121.4904088 31.2260413
1316237182 121.4826505 31.2216333
1316237180 121.4842542 31.2231305
1316237188 121.4840147 31.2201707
1316237189 121.4816369 31.2238253
475978428 121.4929268 31.2245584
1316471704 121.4904695 31.2233209
1316471706 121.4883666 31.2212933
677795593 121.4780068 31.2326248
1316471700 121.4914784 31.2219349
1316471701 121.4888923 31.2226466
1316471702 121.4892786 31.2227108
848690444 121.4827648 31.2310003
1316471708 121.4878999 31.2228071
1316471709 121.4897828 31.2211327
639308714 121.4832177 31.225236
1316471879 121.4928112 31.2232903
152848105 121.4885701 31.2297793
1315785407 121.4776702 31.2236285
1316236768 121.4846677 31.221893
1316236765 121.4805935 31.224133
1316236764 121.4804164 31.2226237
1316236763 121.4825372 31.2218273
152847380 121.4826015 31.2310597
481389763 121.4905764 31.2272523
481389761 121.4903275 31.2273477
1315785358 121.4765482 31.2303069
1315785359 121.4817365 31.2289914
1315785356 121.4806838 31.2278058
1315785357 121.4880088 31.2328126
1315785354 121.4819511 31.2280291
1315785355 121.4805093 31.2305726
1315785352 121.4849513 31.2325815
1315785353 121.4801272 31.2318949
1315785351 121.4825172 31.2279601
1320103846 121.4902599 31.2203746
1315785599 121.4800678 31.2304681
1315785590 121.4799927 31.2313901
1315785591 121.4822297 31.2280552
1315785592 121.4761053 31.2308552
1315785593 121.4777348 31.2241566
1315785594 121.4834347 31.2283476
1315785595 121.47752 31.2239909
1320103848 121.4888872 31.2211741
1315785597 121.4848201 31.2328626
1315785176 121.4785392 31.2238349
1315785177 121.4842682 31.2321102
1315785174 121.4807978 31.2310044
1315785175 121.4839151 31.2354472
1315785172 121.4812426 31.2282479
1316236584 121.4846382 31.2210961
1316236588 121.4822189 31.2210365
1315785178 121.4798696 31.2299589
1316236342 121.4866231 31.221417
476078803 121.4874699 31.2322751
1316236340 121.4837585 31.221275
476078805 121.48774 31.231501
1316236614 121.4839334 31.2208099
1316236344 121.4832548 31.2224366
1316236618 121.4802072 31.2234908
1316236349 121.4853973 31.2221486
479280077 121.4842002 31.2326839
1316198813 121.4815486 31.2218418
1316198810 121.4818488 31.2248624
1316198811 121.4818625 31.2229012
1316198817 121.4822511 31.2249771
1316198815 121.4810093 31.2220365
1316472054 121.4896863 31.2223713
481389765 121.4909076 31.227111
1320103726 121.4918428 31.2217815
601145288 121.4772268 31.2225445
1317670910 121.492572 31.2240969
1317670913 121.4931854 31.2259198
1317670915 121.4886564 31.2252523
712767586 121.4889324 31.2314094
1317670917 121.4895308 31.2260092
1315785328 121.4801011 31.23563
1317670918 121.4886792 31.224716
1320103628 121.4899333 31.2203483
476556047 121.4931494 31.2232006
267194965 121.4813758 31.2367105
1316236904 121.4814142 31.2232889
1315678579 121.4781936 31.2372098
1316236900 121.4837048 31.221298
1315678575 121.4779701 31.2364262
1315678574 121.4805727 31.2368667
1315678571 121.4805614 31.2363208
1315678570 121.4809477 31.2371098
1315678572 121.4755732 31.2339442
1317670869 121.4884848 31.2249128
1317670868 121.4912203 31.2255321
1320103719 121.4939831 31.2215227
1320103717 121.4924149 31.2228458
1317670867 121.4930603 31.2250871
1317670866 121.4902818 31.2243669
1320103713 121.4920198 31.2206236
1317670863 121.4883117 31.2245366
1315678714 121.4784428 31.2365731
482732933 121.4785775 31.2207976
602393484 121.4945721 31.2228766
1316472033 121.4890641 31.2204344
1316236839 121.4820105 31.2205405
1316198778 121.4817952 31.2249037
1316236831 121.4851586 31.2209723
1316198771 121.4812757 31.222274
1316198775 121.4813406 31.2221712
1316693992 121.4851393 31.226416
1316471789 121.4869236 31.2215502
