1319204568 1319204536
1319204568 482729683
1319204568 1319204539
1316693990 1316694012
1319204563 1319204500
1319204563 1319204530
1319204563 1319204553
1319204567 1319204539
152878617 482733092
152878617 479290062
152878617 601145315
152878617 301638562
845389542 599407018
845389542 624739122
845389542 1316623285
845389542 1315785481
1316472140 1316472039
1316472140 1316471915
1316472140 1316472156
267198468 267198545
267198468 477615693
267198468 477641820
267198468 1315678739
210686289 1315785421
210686289 599408785
210686289 1315785326
1315785335 479293261
1315785335 477619297
1315785335 1315785290
1315785336 1315785604
1315785336 1315785497
1315785336 1315785231
1315785330 1315785482
1315785330 1315785471
1315785330 1315785231
1315785331 1315785209
1315785331 1315785238
1315785331 1315785530
1316623385 1316623279
1316623385 1316623269
1316623385 1316623722
1316623385 1316623391
1316236381 1316236446
1316236381 1316236722
1316236381 1316236385
1316236381 1316236432
1316623387 1316623518
1316623387 1316623701
1316623387 475978022
1316623389 1316623726
1316623389 1316623647
1316623389 1316623308
1316623543 1316623472
1316623543 1316623708
1316623543 1316623744
1316623541 1316623215
1316623541 1316623659
1316623541 1316623368
1316623547 1316623699
1316623547 1316623490
1316623545 1316623328
1316471883 1320103888
1316471883 1320103889
1316471883 1316471886
1316471883 1316471699
1316471882 1316471735
1316471882 1320103948
1316471881 1316471788
1316471881 1316472064
1316471881 1316471895
1316471880 1316471801
1316471880 1316471966
1316471887 1316472082
1316471887 1320103867
1316471886 1316471894
1316471886 1316472111
1316623499 599407018
1316623499 1316623372
1316623499 1316623550
1316623495 1316623226
1316623495 773662879
1316623495 475975057
1316623497 1316623736
1316623490 1316623701
1316623490 1316623591
1316623490 1316623474
1317671426 1317671278
1317671426 1317671283
1317671427 1317670943
1317671427 1317670952
1317671424 1317671435
1317671424 475977667
1317671424 1317671333
1317671425 1317671057
1317671425 1317671184
1317671425 1317671216
1317671422 1317670918
1317671422 1317671125
1317671422 1317671113
1317671422 1317671281
1317671423 475978414
1317671423 1317671070
1317671421 1317671235
1317671421 1317670780
1317671421 1317670943
601662226 601145315
601662226 601663327
1316196978 1316196995
1316196978 1316198795
1316196978 1316192107
1316471977 1316471847
1316471977 1316471711
1316471977 1316471831
1316471976 1316471727
1316471975 1316471740
1316471975 1316471931
1316471975 1316471898
1316471974 1316472158
1316471974 1316472030
1316471974 1316471805
1316471973 1316472146
1316471973 1316471961
1315785521 1315785203
1315785521 1315785468
1315785521 479284039
475976301 1316192080
475976301 475976313
475976301 1316192034
475976301 481394037
479286446 1315785507
479286446 479288842
479286446 479284692
479286446 1315785384
1316236565 1316236471
1316236565 1316236812
1316236565 1316236374
1316196952 481390834
1316196952 1316196960
1316196952 481396594
639309895 639309893
639309895 1316471747
639309892 639309893
639309892 639309891
639309891 1316471747
1316237191 1316236968
1316237191 1316236349
1316237191 1316237022
1316237190 1316236842
1316237190 483098227
1316237190 1316237204
1316237194 1316236639
1316237194 1316236763
1316237194 1316236784
1317671084 475977737
1317671085 1317670954
1317671085 1317671170
1317671085 1317671049
1317671080 475977916
1317671080 481389765
1317671080 1317671209
1317671081 1317670852
1317671082 481389838
1317671082 1317670782
1317671082 1317671330
1316471923 1316471739
1316471923 1316472135
477615666 477615693
477615666 477615647
477615666 267194970
477615666 267198437
1320103645 1320104104
1320103645 1320104071
1320103645 1316471934
476556639 1316472011
476556639 1320103982
476556639 1316472150
1316192080 1316192039
1316192080 1316192084
1316236756 1316236812
601145316 482733092
601145316 601145315
601145316 483113556
601145316 601145318
1316236759 599406834
601145315 479299222
479280511 476792268
479280511 479280217
479280511 602334140
475977736 1317670757
475977736 1317671021
475977736 1317671359
475977736 1317671293
1315785349 1315785610
1315785349 1315785645
1315785349 1315785646
1315785348 1315785287
1315785345 1315785592
1315785344 1315785451
1315785344 1315785443
1315785344 1315785274
1315785347 1315785340
1315785346 1315785373
1315785341 1315785427
1315785340 1315785460
1315785340 1315785190
1315785340 1315785286
1315785342 1315785433
1315785342 1315785609
967330147 882614840
967330147 481385195
967330147 476078905
1316471719 1320103640
1316471719 1320103920
1316471719 1316472064
1316471719 1320104126
1315785589 1315785614
1315785588 1315785429
1315785588 1315785224
1315785588 1315785526
1315785588 1315785596
1316471712 1316471928
1316471712 1316471824
1316471712 1320104015
1316471711 1316471876
1315785584 1315785229
1315785584 95386187
1315785584 1315785566
1315785583 1315785551
1315785582 1315785436
1315785582 1315785496
1315785582 1315785240
1315785581 1315785260
1315785581 1315785514
1315785581 1315785603
1316471714 1320103679
1316471714 1316471909
1316471714 1316471753
475981256 476556047
475981256 1317671132
475981256 1316471879
1316236625 1316236780
848690658 385113975
848690658 848690496
1316236621 1316198773
1316236330 1316236526
1320103982 1320103859
1320103982 1320103818
476078819 476078931
476078819 476078805
476078819 210643104
476078819 1316623575
1320103981 1320103893
1320103981 1320103696
1320103981 1320103720
1316236338 1316237180
1316236338 639308668
1316236338 639309882
848690498 624738901
848690498 848690496
1317671278 1317671004
1317671278 1317671408
1316198801 1316237189
1316198801 1316195130
1316198801 1316198793
1316472061 476556641
1316472061 1316472134
1316472061 639308706
1316198803 1316198786
1316198803 1316198742
1316198803 1316198798
1316198803 1316198758
1316472064 1316471722
1316472064 1316472155
848690496 848690593
1316623421 1316623745
1316623421 1316623521
1316623421 1316623608
1320103984 1320103757
1320103984 1320104100
1320103630 1320104013
1320103630 1320104102
1320103630 1320103722
1317670926 1317670895
1317670926 1317671296
1317670926 1317670907
1317670927 1317671399
1317670927 1317671414
1317670927 1317671394
1317670920 1317671140
1317670920 1317670796
1317670921 1317670905
1320103639 1320103888
1317670929 1317670814
1317670929 1317671033
267194970 1315678742
267194970 1315678807
267194970 1315785531
267194971 477620688
267194971 1315678723
267194971 1315678677
267194971 267198230
1315785201 75351492
1315785201 1315785233
1315785201 479283552
1316236930 476552806
1316236932 1316236669
1316236932 1316236764
1316236932 639308698
1316472039 1316471777
1315678544 1315678736
1315678544 1315678768
1315678544 1315678619
1315678545 1315678618
1315678545 1315678788
479280732 103764845
479280732 677799508
479280732 602334133
1316471889 1320103802
1316471889 1316471838
1316471889 1320103905
1317670852 1317670814
1317670852 1317670750
1317670854 1317671243
1317670854 1317670890
1317670854 1317670971
1320103708 1320103646
1317670856 1317671372
1320103705 1316471756
1320103705 1320104016
1320103705 1320103775
1320103704 1320103666
1320103703 1320104108
475977497 1316623507
475977497 385113786
475977497 1317671049
1316623432 475975536
1316623432 1316623407
1316623432 481385214
1316236808 1316236599
1316236809 482732142
1316236809 1316236485
1316236809 1316237165
1316236804 1316236984
1316236804 1316236392
1316236804 1316236862
1316623620 1316623455
1316623621 1316623616
1316623621 1316623646
1316623621 1316623663
1319204555 1319204491
1319204555 1319204488
1319204555 1319204531
1319204556 1320103751
1319204556 1320104009
1319204556 1320103992
1319204553 1319204577
1319204553 1319204539
1315678817 1315678574
1315678817 1315785528
1315678817 1315678570
1319204488 476561127
1319204486 1319204577
1319204486 482730664
1319204486 1319204517
482732142 1316236976
482732142 1316236717
482732142 1316236883
1315678721 1315678607
1316623714 152848137
1316623714 1316623373
1316623714 1316623410
1315678723 477647749
1315678723 1315678788
1316236445 482732999
1316236445 1316236529
1316236445 1316236448
1316623710 1316623553
1316623711 1316623583
1316623711 1316623480
1316623533 1316623307
1316623531 1316623209
1316623531 1316623395
1320104102 1320104116
1320104102 1320104044
1316236510 1316237089
1316236510 1316237011
1316236510 1316198738
1316623539 1316623520
1316623539 1316623480
477647749 477647784
477647749 1315785328
599408452 599408454
599408452 848690444
599408452 152847380
599408452 848690433
479288842 1315785401
479288842 1315785274
479288842 479292469
475977000 599406978
475977000 385113562
475977000 639308714
475977000 93332133
1317671438 1317671214
1317671438 1317670914
1317671438 1317670892
1317671435 1317671022
1317671434 1317671223
1317671434 1317671224
1317671434 1317670979
479294057 1315785278
479294057 479294044
479294057 479294061
479294057 477621305
1316196984 1316236660
1316196984 1316196949
1316196984 1316196990
1316237212 483099888
1316237212 1316236924
1316237212 639308705
1316237213 1316236618
1316237213 1316236411
1316237213 1316236506
1316196985 1316196949
1316196985 1316196983
1316196985 1316196975
1316196985 1316237178
1316237216 1316237182
1316237216 1316236887
1316237216 1316236763
1316237215 1316236350
1316237215 1316236584
1316623442 1316623308
1316623442 1316623419
1316623442 1317671003
1316237218 1316236948
1316237218 1316236447
1316623441 1316623705
1316623441 1316623350
1316623444 1316623473
1316623444 1316623342
1316198759 1316198740
1316198759 1316198767
1316198759 1316198756
1316236683 1316236529
478373250 93310009
478373250 64813782
1317671093 1317671361
1317671093 1317671291
385113786 1316623328
385113786 1316623488
1317671090 1317671256
1317671090 1317670964
1317671090 1317671102
385113782 475976364
385113782 773662897
385113782 773662871
385113782 773662878
1317671095 1317671347
1317671095 1317670986
1317671095 1317671221
1317671099 1317670839
1317671098 1317671305
1317671098 1317671267
385113789 481389763
385113789 385113791
385113789 1317671241
385113788 1317670986
385113788 1317671241
385113788 1317671170
477648082 599408783
477648082 1315785264
477648082 95386222
639308696 1316198736
639308696 1316198813
639308696 483091135
639308696 483098189
1320103679 1316471999
1320103679 1320103599
1316623289 1316623665
1316623289 1316623204
479280217 1315785454
479280217 1315785597
1316192095 1316192045
1316192095 481390913
1316192095 481390911
1316192096 1316192072
1316192096 1316192088
1316192096 1316192036
1316192092 1316192126
1316192092 1316192072
1316192092 1316189808
1320104090 1320103719
1320104090 1320103627
1320104090 1320103658
1320103996 1320103888
1320103996 1316472139
1320103996 1320103660
1320104094 1320104051
1320104095 1320103881
1320104095 1320103658
1320104095 476560879
1320103992 1320103803
1320103992 1320104092
1320104097 1320103998
1320104098 1320103889
1320104098 1320103987
1320104098 1320103934
1316237033 1316236492
1316237030 1316237207
1315785360 479280077
1315785360 1315785573
1315785360 479280088
1320103998 1320104055
1320103998 1320104079
103764845 103764778
103764845 476078722
103764845 476078767
1316236747 1316236387
1316236747 1316236349
1316236747 1316237219
1316236747 1316236736
1316623741 1316623215
1316623741 1316623618
1315785484 1315785372
1315785484 1315785514
1315785484 1315785256
1315785484 1315785603
1315785485 1315785337
1315785483 75349972
1315785483 1315785556
1315785483 1315785552
1315785480 1315785300
1315785480 1315785272
1315785480 1315785547
1315785480 1315785575
1315785481 1315785378
1315785481 481394996
1320104072 1320103619
1320104072 1316471735
1320104072 1320103901
1320104072 1320103970
1320104073 1320103983
1320104073 1320103777
1320104073 1320103895
1320104070 1320104027
1320104070 1316472035
1320104070 1316471835
1320104071 1320103786
1320104071 1320103597
1320104077 1320103938
1315785488 1315785317
1315785489 1315785578
1315785489 1315785628
1315785489 1315785267
1316623745 1316623742
1316623745 1316623568
874312265 476548799
874312265 874312382
874312265 874312328
475975536 1316623723
475975536 475975347
475975536 1316623299
1315785371 1315785569
1315785372 1315785472
1315785372 1315785375
1315785372 1315785357
1315785373 1315785518
1315785373 1315785317
1315785374 95386187
1315785374 1315785424
1315785374 95386222
1315785375 1315785542
1315785375 1315785514
1315785376 1315785271
1315785377 1315785396
1315785378 1315785439
1315785378 1315785413
1315785379 1315785542
1315785379 1315785218
476797632 654412988
1320103867 1316471826
1320103867 1320103728
1315785573 1315785300
1315785573 1315785425
1315785570 1315785306
1315785571 1315785639
1315785576 1315785426
1315785576 1315785523
1315785576 1315785530
1316623332 1316623648
1316623332 481387485
1316623332 1316623473
1316623332 1316623197
1315785574 1315785476
1315785575 1315785293
1315785575 1315785430
1315785578 1315785458
1315785578 1315785419
1315785579 481390556
1315785579 1315785441
1315785579 1315785265
1315785564 1315785497
1315785564 1315785172
1316196937 1316196949
1316196937 1316196962
1316196935 1316196939
1315785399 1315785443
1315785399 1315785563
1315785399 1315785642
1315785392 1315785646
1315785393 1315678738
1315785391 1315785419
1315785391 479279454
1315785391 1315785298
1315785396 1315785251
1315785396 1315785426
1315785397 1315785233
1316196939 1316236612
1316196939 1316196988
1316471775 1316471913
1316471775 1320103980
1316471775 1316471855
1316236320 1316198765
1315785568 1315785537
1315678851 1315678653
1316236328 1316236924
1316236328 1316236706
483110715 479322299
483110715 483110054
483110715 601145287
483110715 147477270
483110717 481397090
483110717 601145287
483110717 385114569
624739122 624738897
624739122 624739189
624739122 848690453
1320103605 1320103749
1320103605 1320103979
1320103605 1320103728
1320103601 1316471848
1320103601 1316471840
1320103601 1320103672
1320103603 1320103684
1320103603 1320103589
75354590 475974959
75354590 152848312
1316236929 1316236426
1316236929 599406834
1316236928 1316236998
1316236926 1316236828
1316236926 1316237158
1316236926 1316237207
1316236925 1316236699
1316236925 1316236590
1316236925 1316236440
1316236924 1316237126
1315678554 1315678653
1320103730 1320103893
1320103730 1320104081
1320103730 1320103904
1317670846 1317670896
1317670846 1317670873
1317670846 1317671121
1315785629 1315785465
1315785629 1315785551
1315785629 1315785522
1317670843 1317671386
1317670843 1317670798
1317670843 1317670965
1315785380 1315785593
1315785622 1315785606
1315785622 1315785310
1315785622 1315785427
1315785623 1315785508
1315785621 1315785613
1315785621 1315785219
1315785621 1315785539
1315785626 1315785283
1315785627 1315785196
1317670849 1317670820
1317670849 1317671230
1315785625 1315785438
476792268 677796844
476792268 476792267
1315785385 1315785258
476792263 476794301
476792263 95663349
476792263 599408450
476792263 479294074
476792264 845390842
476792264 476792266
476792264 599408450
476792266 479280077
476792266 479279454
476792266 476792267
476792267 712767166
1316236812 1316236871
1316236811 1316237129
1316236810 1316236527
1317670938 1317671200
1317670938 1317671146
475980794 475978752
475980794 475977913
475980794 1317671157
103764778 476671523
103764778 476078723
1317670933 1317670890
1317670930 1317671162
1317670930 1317671350
1317670930 1317671269
1317670935 1317671409
1316623631 1316623571
1316623631 1316623661
1316623630 1316623259
1316623630 1316623408
1316623630 1316623456
1316623632 1316623340
1316623634 1316623608
1316623636 1316623295
1316623636 773662879
1316623636 1316623695
1316623638 1316623486
1316623638 1316623180
1316623638 1316623660
1316623638 1316623614
1315678800 1315678866
1315678800 1315678806
1315678805 1315678736
1315678805 1315678726
1315678805 1315678745
1315678807 267198015
1315678807 1315678745
1315678806 1315678773
1315678806 1315678767
1315678808 1315678622
481390884 481390834
481390884 481396584
481390884 483098154
481390884 1316237078
481390886 1316189785
481390886 1316237078
481390886 1316189808
1319204491 1319204529
1319204491 1319204522
1316623709 1316623506
1316623709 1316623474
1316623708 1316623692
1316623708 1316623254
1315678739 1315678865
1315678739 1315678572
1315678738 1315785202
1315678738 1315678824
1315678736 1315678575
1316623701 1316623726
1316623701 1316623306
1316623703 882614840
1316623703 882614596
1316623703 1316623575
1316694028 1316694027
1316694028 1316694051
1316694028 1316694061
1316694029 1317671106
1316694029 1317670873
1316694029 1317671280
1316694022 1316693997
1316694022 1316694035
1316694022 1316694052
1316694021 1316694006
1316694026 1316694017
1316694026 1316694002
1316694027 1316694033
1316694027 1316694036
1316694025 1316694059
1316623524 1316623208
1316623524 1316623585
1316623524 1316623595
1316623527 1316623486
1316623527 1316623228
1316623520 1316623415
1316623520 1316623374
1316623529 1316623257
475976289 1316192114
475976289 481390913
1317671400 1317671188
1317671400 1317670870
1317671401 1317671107
1317671401 1317671346
1317671401 1317671289
1317671402 1317670905
1317671402 1317670835
1317671402 1317671119
1317671151 1317671041
1317671151 1317671173
1317671157 1317671237
1317671157 1317671123
1317671406 1317670822
1316694012 1316694066
1316694012 1316694038
1316694012 1316694047
1317671408 1317670892
1317671409 1317670910
1317671409 1317671303
1317671158 1317671211
1317671158 1317671305
1317671158 1317671134
479293036 479292967
479293036 479293180
479293036 1315785405
479293036 1315785358
1316237199 1316236439
1316237204 1316236462
1316237204 639308683
1316237207 1316236987
1316237206 1316236653
1316237209 639308712
1316237209 639308713
1316237209 1316236742
1316623450 1316623307
1316623450 1316623413
1316623455 476078931
1316623455 1316623575
1316623454 1316623619
1316623456 475975342
1316623456 1316623462
1316471990 1316472103
1316471990 1316472166
1316471990 1316472157
1316471993 1316471800
1316471993 1316472172
1316471992 1316471728
1316471992 1320104116
1316471992 1320104044
1316471995 1316471707
1316471995 1316472134
1316471995 1316471773
1316471999 476554809
1316471999 1316471861
882614840 476078931
882614840 967329921
1320103809 1320104119
1320103809 1320103938
1320103809 1320103828
475976364 1317671028
475976364 1317671275
475976364 1317671375
600143345 78597886
600143345 476794281
385113791 481389838
385113791 475978022
385113791 1316623647
1315785315 1315785312
1315785315 1315785188
385113794 481389986
385113794 1317671003
385113794 385113795
385113794 1317671247
385113795 481389988
385113795 152848312
1315785318 1315785200
1315785318 1315785355
1315785318 848690687
1316623512 1316623695
76482747 475977804
76482747 602393474
76482747 1316472081
1317671394 481389763
1317671394 1317671016
1317671395 1317670947
1317671397 1317670825
1317671397 475978447
1317671397 1317670750
1317671398 1317671179
1317671399 1317671224
1317671399 1317671221
1317671399 1317671008
1316192088 1316192066
1316192088 1316192070
677800742 677800743
677800742 677800741
677800743 603758594
677800741 677800739
1316192084 1316192110
1316192084 1316192114
1320103989 1320103826
1320103989 1320103936
1320103989 1320104088
1317671379 1317671243
1317671379 1317671187
1317671379 1317671321
1320103983 1316471858
1320103983 1320103666
1317671373 1317670792
1317671373 1317671291
1317671370 481389763
1317671370 481389761
1317671370 1317671414
1317671370 1317671241
1320103980 1320103819
1320103980 1320103860
1320103987 1316471894
1320103987 1320104101
1317671375 1317670876
1317671375 1317671186
1320104087 1320103569
1320104087 1320103925
1320104087 1320103927
1320104085 1320103895
479279454 476794289
479279454 476794299
1320104081 1320103786
1320104081 1320103696
1316237025 1316236885
1316237025 1316236898
1316237025 1316236485
1320104089 476556047
1320104089 1320103597
1320104089 1316471934
1320104088 1316471803
1320104088 1320103948
1315785495 1315785294
1315785495 1315785249
1315785495 1315785332
1315785494 1315785358
1315785497 1315785545
1315785491 481390556
1315785491 481390560
1315785491 1315785332
1315785490 1315785196
1315785490 385113763
1315785490 385114569
1315785492 1315785460
1320104061 1320103680
1320104061 1320103779
1320104061 1316471841
1320104060 1320103691
1320104060 1320103897
1315785499 1315785236
1315785498 1315785355
1315785498 1315785478
479280088 1315785456
479280088 1315785553
479284692 75351492
479284692 1315785307
479284692 1315785615
475975057 1316623182
475975057 1316623266
1315785364 1315785604
1315785364 1315785471
1315785364 1315785416
1315785363 1315785382
1315785362 1315785288
1315785362 1315785534
1315785362 1315785239
1320103878 1320104041
1320103878 1320103722
1320103878 1320103783
1320103870 1320103920
1315785561 385113975
1315785561 479286375
1315785561 1315785504
1315785560 1315785646
1315785563 1315785263
1315785563 1315785358
1315785562 1315785428
1315785562 1315785352
1315785562 1315785597
1316471779 1316471791
1316471779 1316471959
1316471779 1316471855
1316471778 476556641
1316471778 1316472037
1316471778 1316471851
1315785567 1315785415
1315785567 1315785236
1315785567 1315785305
1315785566 1315785436
1315785566 1315785328
1315785569 1315785311
1315785569 1315785515
1316471774 476554809
1316471774 1316471909
1316471774 1316472037
1316471777 1316472177
1316471777 1316471822
1316471777 1316472156
1316471773 1316471780
1316471773 1316471909
1316471773 1316472037
1315785389 1315785322
1315785388 1315785650
1315785381 1315785609
1316236647 1316236699
1316236647 1316236590
1316236647 1316236405
1315785383 1315785446
1315785382 1315785257
1316236642 639308703
1316236642 1316237112
1316236642 1316236768
1315785384 1315785297
1315785384 1315785511
1315785387 1315785217
1315785386 1315785357
1316236489 1316237051
1316236489 1316236909
1316236481 1316236497
1316236481 1316237164
1316236481 1316236951
1316236481 1316236879
1316236485 1316236421
1316236487 1316237133
1316236487 1316236584
1316472082 1320103948
1316472083 1316471876
1316472083 1316471918
1316472083 1316471892
1316472081 1316471945
1316472081 1320103913
1316472086 1316471696
1316472086 1316471877
1316472087 1316472035
1316472087 1316471796
1316472087 1316472149
1316472087 1320103564
1316472084 1320103913
874312328 476794303
874312328 476794305
1315785252 1315785213
75354586 103736983
75354586 677793536
476556302 1316471754
476556302 1320103934
476556302 1320104101
481423043 773662897
481423043 773662871
773662836 1316623433
773662836 1316623678
773662836 1316623595
476078722 712767603
476078722 476078803
476078722 476078723
476078723 712767599
1316236794 1316236732
1316236792 1316236732
1316236792 1316236539
1316236792 482732996
1316623663 1316623275
1316623663 1316623722
1315785639 1315785225
1315785639 1315785435
1315785639 1315785470
1315785638 1315785228
1320103724 1320103923
1320103724 1320103966
1316694002 1316693988
1320103722 1320104116
1320103720 1320103881
1320103720 1320103686
1315785631 1315785260
1315785631 476078803
1315785631 1315785404
1315785630 1315785257
1315785633 1315785279
1315785633 1315785353
1315785632 1315785512
1315785632 1315785353
1315785635 1315785235
1315785635 1315785217
1315785635 1315785546
1315785635 1315785418
1315785634 1315785283
1315785637 1315785513
1315785637 1315785326
1320103728 1320104079
1315678588 1315785323
1315678588 1315678699
1315678588 1315678579
1315678588 1315678569
1315678584 1315678693
1315678584 1315678677
1315678584 1315678701
1315678586 1315678701
1317670894 1317670756
1317670894 1317671176
1317670894 1317670816
1317670896 1316694018
1317670896 1317671280
1317670890 1317671204
1317670891 1317671334
1317670892 1317670866
1317670892 1317671277
1317670893 1317671324
1317670893 1317671160
1317670893 1317671054
1316236862 1316237046
1316236862 1316236861
1316623369 1316623423
1316623369 1316623232
481396584 481397829
1320103619 1320104114
1320103619 1320103802
1317670947 1317671344
1317670944 1317671138
1317670944 1317671275
483110054 479319990
1320103617 1320103915
1317670943 1317671067
1317670940 1317671187
1317670940 1317670972
1317670940 1317670805
1317670941 1317671067
1317670941 1317671000
1317670941 1317671147
1319204536 1319204591
1316623601 1316623356
1316623601 1316623189
1319204530 654405679
1319204530 1319204577
1319204531 1319204515
1316623608 773662896
1317670767 1317670902
1317670767 1317671306
1317670767 1317671197
1315678832 1315678632
1316237128 1316237112
1316237128 1316236742
1316237128 1316236768
1317670769 475977737
1317670769 1317670900
1317670769 1317670956
481387485 1316623591
481387485 1316623505
481387485 1316623425
1315785517 1315785355
1316623731 1316623570
1316623734 1316623297
1316623734 1316623437
1316623734 1316623583
1316623736 1316623505
1316623736 1316623346
267198230 1315678766
267198230 477620748
482732943 639305947
482732943 385113763
482732943 482732996
1316189788 1316189794
1316189789 1316189794
1316694031 1316694049
1316694030 475977438
1316694030 1317671177
1316694030 1316694003
1316694033 1316694004
1316694033 1316694057
1316694033 1316693998
1316694035 1316694068
1316694034 1316694041
1316694034 1316694011
1316694034 1316694063
1316694037 475977438
1316694037 1317671186
1316694037 1316694050
1316694036 1316694064
1316694036 1316694052
267198545 477615693
267198545 477615709
267198545 477616429
267198545 267198544
267198544 477618769
1316623283 1316623612
1316623283 1316623410
1316623283 1316623589
1316623285 475975347
1316623285 1316623407
1316623287 1316623323
1316623287 1316623572
1316623287 1316623346
1317671140 1317671132
1317671140 1317671261
1317671415 1317671230
1317671414 1317671308
1317671145 1317671187
1317671145 1317671344
1317671144 1317671124
1317671144 1317671383
1317671144 1317671045
1317671411 1317671174
1317671411 1317671077
479294074 654412988
479294074 479294061
1317671149 1317671183
1317671149 1317671200
1317671148 1317670798
1316237234 1316237189
1316237235 1316236639
1316237235 1316236871
1316237235 1316236374
1316237235 1316236784
1316237237 1316236768
1316237230 1316236700
1316237230 1316236665
1316237230 1316236706
1316237232 1316236718
1316623465 1316623488
1316623467 1316623305
1316623198 1316623618
1316623198 1316623368
1316623197 1316623365
1316623197 1316623425
1316623192 1316623326
1316623193 1316623679
1316623193 1316623266
1316623193 1316623476
601145318 481390557
601145318 481390556
601145318 601145287
481394996 624739067
481394996 1315785439
1317671386 1317670969
1317671386 1317671173
1316471838 1320104026
1317671384 1317671130
1317671384 1317670825
1317671383 1317671055
1317671383 1317671047
1317671382 1317671389
1316471833 1320104026
1316471833 1316471826
1316471831 1316471739
1316471831 1316472056
1316471836 1316471793
1316471836 1316471957
1316471837 1316471860
1317671389 1317671039
1317671389 1317670796
1316471835 1316471701
1316471835 1316471856
477615693 477615709
477615693 75352048
1317671361 1317671134
1317671360 1317671184
1317671360 1317670808
1317671360 1317671440
1317671363 1317671057
1317671363 1317671216
1317671363 1317671442
1317671363 1317671069
1320104058 1320103640
1320104058 1320103666
1320104058 1320104126
1320104058 1320104008
1320104059 1316472011
1320104059 1320103818
1320104059 1316471894
1320104054 1320103803
1320104054 1320103905
1320104054 1320103897
1320104055 1320103554
1320104055 1320103961
1320104056 1320104010
1320104056 1320103898
1320104057 1320103571
1320104057 1320103682
1320104057 1316471879
481390471 1316623482
481390471 1316623408
481390471 1316623210
481390470 599407018
481390470 481390839
481390470 385113562
1320104052 1320103717
1320104052 1316471824
1320104052 1316471878
677796844 677798697
677796844 677799505
1316471696 1316471708
1316471697 1316471851
1316471697 1316472154
1316471697 1316471947
1316471693 1316472009
1316471693 1320103943
1316471693 1316471952
1316471698 1316471704
1316471698 1316471720
1316471698 1316471745
1316471699 1316471912
1316471699 1316472028
1320103881 602393484
1320103886 1320103567
1320103889 1320103917
1316471740 1316472132
1316471740 1316472014
1315785555 1315785215
1315785555 1315785305
1315785555 1315785413
1315785556 476671870
1315785556 1315785199
1315785557 1315785604
1315785557 1315785186
1315785557 1315785413
1315785550 1315785459
1315785550 1316189784
1315785550 481392303
1315785551 1315785553
1315785552 95386562
1315785552 1315678610
1315785553 479280255
1315785558 1315785272
1320103757 1316471813
1320103757 1316471863
475978025 1316623473
475978025 152848137
475978025 152848175
475978025 1316623602
475978022 1316623503
1316236653 1316198769
1316236653 1316236430
1320103612 1320103917
1320103612 1320104111
1316236497 1316236407
1316236497 1316236526
1316236497 1316236841
1316236495 1316236524
1316236492 1316236471
1316236492 1316236570
1316236490 1316236682
1316236490 1316236473
1316236490 1316236359
654412264 476794301
654412264 477621319
654412264 476799354
624738894 152847380
624738894 624738897
624738894 624739189
475977804 1316471728
475977804 475977913
624738897 848690444
624738897 624738901
1317671190 1317671031
1317671190 1317671294
1317671190 1317670915
476556641 599406834
476556641 1316471792
1316236782 1316236324
1316236782 1316236614
1316236780 1316236594
1316236787 1316237108
1316623602 1316623571
1316623602 152848137
1316236785 1316236378
1316236784 639308674
476794301 95386222
476794301 599408522
481389986 481390039
481389986 1317671102
476794303 600502720
476794303 477621319
476794305 477615722
476794305 476548799
476794305 154904730
1315785609 1315785311
1320103918 1320103933
1320103918 1320103691
1320103918 1320103815
1320103918 1320103726
1315785607 1315785592
1315785607 1315785405
1315785607 1315785198
1315785600 1315785440
1315785600 1315785337
1315785600 1315785479
1315785601 479290062
1315785601 1315785401
1315785601 479292469
1315785602 1315785450
1315785603 1315785402
1315678594 1315678622
599408450 599408454
599408450 599408522
1317670882 1317671336
1317670882 1317671334
1317670882 1317670835
1317670881 1317671312
1317670881 475977667
1317670881 475977913
479283382 479282364
479283382 1315785516
479283382 848690687
1315785586 1315785641
1315785586 1315785500
1317670889 1317671160
1317670889 1317671302
1315678756 1315678610
1316236875 481395518
1316236875 1316236365
1316236875 483098146
1316198736 1316198775
1316198736 1316198815
1316236877 1316237227
475978741 475978728
475978741 475978447
481396594 481396599
1316198732 1316236739
1316198732 1316198811
1316198732 1316198738
1316236873 1316236732
1316236873 1316236669
1316236873 1316237007
1316471717 1316472174
1316471717 1316472149
1316236879 483098883
1316236879 1316236883
479283141 479294044
479283141 477621305
479283141 154904730
1320104015 1320103571
1320104015 1316471935
1320103668 1320103785
1320103668 1320103860
1317670955 1317671038
1317670954 1317671347
1317670954 475977519
1317670954 1317670986
1317670957 1317670983
1317670957 1317671000
1317670957 1317671306
1315785580 1315785359
1320103662 1320103569
1320103662 1320103953
1320103663 1320104121
1320103663 1320104027
481394037 481390838
481394037 481394324
1317670952 1317671235
1317670952 1317671120
1317670952 1317671112
1317670952 1317671292
476554812 476554810
476554810 1316472033
476554810 1316471841
1319204529 475979690
1315678824 95386508
1315678824 1315785326
1317670775 1317671306
1317670775 1317670913
1317670775 1317670985
1317670773 1317671138
1317670773 1317670978
1317670778 1317670915
1317670778 1317671257
476560259 482732933
476560259 639305947
476560259 483098199
476560259 385114252
1316623727 1316623310
1316623727 1316623567
1316623726 1316623506
1316623724 1316623591
1316623724 1316623619
1316623723 481385195
1316623723 1316623209
1316623722 1316623235
1316623722 1316623486
1316236987 1316236887
1316236987 1316237159
1316623729 1316623318
1316694008 1317671318
1316694008 1316694016
1316694008 1317670870
1316189799 1316192056
1316189799 1316189791
1316189799 1316189790
1316623507 1316623570
1316623507 773662878
1316623506 1316623430
1316623505 1316623648
1316623504 1316623322
1316623503 1316623617
1316694001 1316693995
1316694001 1316694060
1316623501 1316623647
1316623501 1316623669
1316694003 1316694018
1316694003 1317670833
482732999 1316237189
482732999 1316198769
1316623299 1316623209
1316623299 475975643
1317671162 1317671176
1317671162 1317671106
1316623297 1316623374
1316623297 1316623375
1316623295 1316623322
1316623295 475975643
1316623291 1316623308
482732996 1316236506
1316623618 1316623204
479299222 483113556
1316623617 1316623669
1316623616 1316623310
1316623616 1316623187
1316623614 773662896
1316623614 1316623595
1317671174 1317670864
1317671176 1317671357
1316237228 1316237180
1317671170 1316623328
479294061 479283989
1317671173 1317670913
1316237221 1316236479
1316237221 1316236392
1316237221 639308679
1316237227 1316237102
1316237227 1316236439
1316237227 1316237108
1317671179 1317670876
1317671179 1317671186
1317671179 1316694050
1316623472 1316623230
1316623472 475975643
1316623476 1316623226
1316623476 1316623264
267195122 477623868
267195122 477623884
267195122 267198015
267195122 477639727
1316623478 1316623585
1316623478 1316623552
1316623182 1316623555
1316623182 1316694068
1316623180 1316623304
1316623187 1316623646
1316623187 1316623307
1316623185 1316623310
1316623189 1316623373
1316623189 1316623577
481397312 1315785605
481397312 481397090
481397312 385113763
481397312 483098150
95386508 599408783
95386508 95386499
1317671226 1317670878
1317671226 1317671274
95386187 874312382
95386187 477621319
602334133 479280655
677793536 677800163
677793536 475974946
1316471829 1316471805
1316472060 1316471821
1316472060 1316471839
1316472060 1316471724
1316198800 1316198796
1316471821 1316471823
1316471823 1316471708
1316471824 1316471927
1316471824 1320103910
1316236561 1316236612
1316236561 1316236347
1316236561 1316237178
477616429 477615722
477616429 477618769
477616429 477619297
1316694038 1316694017
483113556 481390557
1317671359 1317671055
1317671359 1317671073
1317671354 1317671223
1317671355 1317671336
1317671355 1317671039
1317671355 1317670831
1317671356 1317671147
967329921 481385195
967329921 481385192
1317671350 1317671440
1317671350 1317671112
482730664 482729683
1316237003 1316236661
1316237003 1316236673
1316237003 1316236411
1316237001 1316236717
1316237001 1316237112
1316237001 1316237087
1316237000 1316236349
1316623510 1316623699
1317671288 1317670839
1317671289 1317671096
1317671289 1317671293
1317671283 1317671021
1317671283 1317670783
1317671280 1317670820
1317671281 1317670869
1320104043 1316471946
1320104043 1320103929
1320104043 1316471754
1320104041 1316471728
1320104041 1316471871
1320104041 1320103913
1320104046 1320103680
1320104046 1320103937
1320104044 475977669
1316189784 481394324
1316189784 1316189809
1316189785 481392303
1316189785 1316189791
677800163 677736969
677800163 850269125
1316189787 1316189809
1315785549 1315785325
1315785548 1315785189
1320103895 1320103666
1320103895 1320103908
1320103896 1316471731
1320103896 1320103767
1320103896 1316471813
1315785543 1315785262
1315785543 1315785271
1315785543 1315785246
1315785543 1315785211
1315785542 1315785357
1315785540 1315785224
1315785540 1315785424
1315785540 1315785264
1315785545 1315785197
1315785545 1315785354
1315785544 1315785404
712767603 712767596
712767603 475974969
712767603 712767599
1316471756 1316471908
1316471756 1316471934
1316471754 1320104050
1316471753 1316471796
1316471753 1316471819
1316471753 1316472156
1316471752 1316472132
1316471752 1316471839
1316471751 1316471700
481397090 1315785613
481397090 301639384
1316236660 1316196972
1316236660 1316237178
1316236663 1316236471
1316236663 1316236374
1316236665 1316236350
1316236665 1316236898
1316236665 1316236425
1316236669 1316236778
1316236462 1316236842
1316236462 1316236504
1320103632 1320103653
1320103632 1320104005
1320103632 1320103925
1320103632 1316471890
848690693 385113975
848690693 848690530
1316236467 1316236344
1320103859 1320103954
1320103859 1320103599
601145287 601145288
479283552 1315785227
479283552 1315785515
479283552 479282332
599406978 599407025
599406978 1317671028
599406978 93332110
1315785613 1315785529
1315785612 1315785262
1315785612 1315785460
1315785611 1315785242
1316472139 1316471913
1316472139 1320103923
1315785617 1315785232
1315785616 1315785258
1315785616 1315785222
1315785616 477618799
1315785615 1315785370
1315785615 1315785452
1315785614 1315785479
1315785614 479288912
1315785618 1315785184
1316472137 1316471858
1316472137 1316472155
1316472134 1316472151
1316472135 1316471873
1316472135 1316471745
1316236849 1316236352
1316236841 1316236385
1316236841 1316237164
1316236841 1316236446
1316236842 1316236839
1316236843 1316236378
1316236843 1316236423
1316236843 1316236998
1316236846 1316236685
1316196987 1316196946
1316196987 1316196999
1316236688 1316237180
1316196982 1316196980
1315678695 1315785323
1315678695 1315678699
1315678695 477620688
1315678695 1315678653
1316196980 1316196959
1316196980 1316196948
1316196980 1316196944
1316196981 1316198765
1316196981 1316236692
1316196981 1316196991
1316236682 483099888
1315678699 477620748
1316236680 1316236959
1316236680 1316237116
1316236686 1316236721
1316236686 1316236522
1316236686 1316236718
1316196988 1316196972
1316196988 1316197003
1316236685 1316236442
1317670964 1317671201
1317670965 1317671035
1317670965 385114529
1317670967 1317671038
1317670969 1317671264
1317670969 475978447
1320103677 1320103938
1315678676 1315678574
1315678677 1315678612
1315678675 1315678768
1315678675 1315678777
1317670982 1317671264
1317670982 1317670825
1317670983 1317671035
1317670983 1317671227
1317670980 1317670757
1317670980 1316694056
1317670980 1317670914
1317670986 481389761
850269122 677800157
850269122 850269125
1316694013 1317671325
1316694013 1317671125
1316694013 1317671059
479297279 624783812
479297279 93310272
479297279 639305947
479297279 482732933
1316694010 1316694056
1316694010 1317671254
1316694010 1317671171
1316694017 1316694067
1316694016 1317671168
1316694016 1316694018
1316694016 1316693989
1316694014 1316694048
475977916 1317670864
475977916 1317671269
475977913 475978414
1316192114 1316192034
1316623266 1316623555
1316623264 1316623556
1316623264 1316623277
1316623269 1316623326
475980598 602393484
475980598 602393460
475980598 482729435
1317671147 1317671442
1317671146 1317671294
476554809 1320103653
476554809 1316472150
1316623667 1316623435
1316623667 1316623687
1316236570 1316236770
1316236570 1316236504
1316623665 1316623208
1316623661 1316623330
1316623404 1316623357
1316623400 1316623342
1316623400 1316623658
1316623408 1316623254
1315785430 1315785406
1315785430 1315785272
477615722 477615709
1316237100 1316236998
1316198794 1316198786
1316198794 1316236521
1316198794 1316198771
1316623318 1316623251
1316623318 1316623210
1316237104 1316237188
1316237104 1316236898
1316237104 1316236706
476078083 476078803
476078083 152847559
476078083 1315785457
599407025 1316623640
599407025 385113562
599407025 1316694068
1317671168 1317671013
1317671168 1316694050
1316471819 1316471872
1316471819 1316472174
1316471814 1316471867
1316471814 1316471747
1316471815 1316472033
1317671161 1317670818
1316471810 1316471710
1316471810 1316472014
1317671166 1317670869
1317671166 1316694062
1317671166 1317670863
1316471813 1320104050
1317671343 475974715
1317671343 1317671135
1317671343 475977684
1317671340 1317671077
1317671340 1317671008
1317671347 1317670979
1317671346 1317671217
1317671346 1317671131
1317671344 1317671440
1317671349 1317671053
1316237077 481390834
1316237077 1316237078
1316237077 481392303
1317671298 1317671214
1317671298 475977686
1317671298 1317671333
1317671293 1317671131
848690593 481392305
848690593 624739067
677800157 677800155
677800155 712767166
1320104039 1320104104
1320104039 1320103904
1316237108 1316236588
1316237108 1316236522
477618799 477618769
477618799 477618430
477618799 479286226
1315785539 1315785325
1315785539 1315785206
1316237102 1316236522
1316237102 1316236407
1316237102 1316236544
1315785537 1315785338
1315785537 1315785461
1315785534 479290062
1315785534 481390560
1315785535 1315785281
1315785535 1315785469
1315785535 1315785242
1315785532 1315785205
1315785530 1315785251
1315785531 1315785303
1315785531 75352048
1316236673 1316236715
1316236673 1316236365
712767166 677798697
848690687 848690530
1316236473 1316237188
1316471788 1316471722
1316471788 1316471914
1316236474 1316236957
1316236476 1316236699
1316236476 1316236957
1316236476 1316236405
599408783 599408518
599408783 599408784
677798697 677796838
1316471780 1316471707
1316471780 1316471790
1316471780 1316471904
599408784 599408785
599408784 477647784
1315785280 1315785226
1315785280 1315785468
1315785281 1315785214
1315785281 1315785647
1315785282 1315785289
1315785282 1315785354
1315785282 1315785197
1315785282 1315785508
1315785283 1315785267
1315785284 1315785403
1315785285 1315785479
154904730 95430375
154904730 476792256
1315785287 1315785187
1315785287 1315785193
1315785288 1315785294
1315785288 1315785249
481385192 75355692
481385192 481385214
1315785443 1315785507
1315785441 1315785477
1315785441 301639384
1315785446 1315785255
1315785446 1315785184
1315785447 1315785461
1315785444 1315785470
1315785444 1315785190
1315785444 1315785178
1315785445 1315785314
475974715 639308666
475974715 475977667
475974715 476554611
1315785448 1315785593
1315785448 1315785248
1315785448 1315785595
1315785448 1315785242
1315785449 1315785405
1320103936 1316471946
1320103936 1320103946
1320103934 1320103767
1320103935 1320103591
1320103935 1320103777
1315785262 1315785329
1315785262 1315785225
1315785260 476078767
1315785261 1315785297
1315785261 1315785394
1315785261 1315785427
1315785266 1315785608
1315785267 95386499
1315785264 1315785651
599408785 267194965
1315785194 1315785598
1315785194 1315785509
1315785194 1315785306
1315785195 1315785219
1315785196 1315785306
1315785197 1315785356
1315785190 1315785329
1315785191 1315785470
1315785192 1315785501
1315785193 1315785520
1315785193 1315785431
639308674 639308682
639308674 483091135
639308676 1316236984
639308676 1316236887
639308676 639308684
639308676 1316236763
639308679 639308680
1316236508 1316236426
1316236508 1316236909
1316236508 1316236454
1316192039 1316192110
1316192039 1316192117
1316236858 1316237201
1316236501 483098883
1316236501 1316236442
1316236855 1316196972
1316236855 1316237139
1316236855 639308714
1316236504 1316236352
1320103798 1320103953
1316236506 1316198769
1316236698 1316236722
1316196991 1316196999
1315678682 1315678866
1316196992 1316196970
1316236690 1316236404
1316236690 1316236778
1316236693 1316236612
1316236692 1316236959
1316236692 1316196946
1316196999 1316196995
1316196998 1316196949
1316196998 1316196990
1316196998 1316196944
1316196998 1316196961
1320103640 1320103627
1320103640 1320103956
1320103641 1320103961
1320103642 1320103803
1320103643 1320103591
1320103643 1320103691
1320103643 1316472155
1317670979 475977519
1317670978 1317670827
1317670757 1317671131
1315678660 1315678773
1315678660 1315785505
1315678660 1315785400
1315678663 1315678844
1315678663 1315678766
1315678663 1315678632
639308705 1316236386
639308705 1316236423
639308704 639308703
639308704 1316236650
639308707 1316236955
639308707 1316236440
639308707 639309886
639308707 639308706
1317670750 475978428
1317670998 1317671336
1317670998 1317671123
1316192034 1316192130
1317670914 1317671250
481390844 1315785605
481390844 1315785477
481390844 483098154
1316189806 1316189803
1316189806 1316189800
1316189805 1316189807
1316189805 1316189792
1316189805 1316192056
1316189804 1316189807
1316189803 1316189795
1316189803 1316189791
1316694063 1316693988
1316694063 1316694045
1316189801 1316189807
1316189801 1316189795
1316189801 1316189800
475977438 1317671223
1316189809 1316189794
1316189809 1316189786
1316189808 1316189790
1316623275 1316623429
1316623275 1316623228
1316623277 1316623458
1320103933 1320104114
1320103933 1320103945
1316623679 1316623555
1316623679 1316623303
1316623678 1316623569
1316623678 1316623305
479292967 477618430
479292967 1315785624
479292967 479292469
1316623677 1316623226
1316623677 1316623692
1316623677 1316623556
1319204500 1319204544
1316236590 639308710
1316236590 1316237082
1316623415 1316623342
1316623417 1316623640
476554611 93310875
476554611 1316472107
476554611 1316471849
1316623410 1316623330
1316623413 1316623587
1316623413 152848105
75351492 1315785200
75351492 479294032
483098199 639308683
483098199 483091135
483098199 483098189
103788196 1315678610
103788196 1315785421
103788196 476671870
1317671022 1317671277
1317671021 475978414
1317671027 1317671217
1317671027 1317671076
1317671027 1317671017
1317671027 1317671171
95386520 95386562
95386520 476794281
1317671028 1317670916
1317671069 1317671321
1316623303 1316623458
1316623303 1316623258
1316623305 1316623425
1316623304 1316623599
1316471803 1320103684
1316471803 1320103779
1316471801 1316472103
1316471801 1316471959
639305947 483098189
1316471807 1316471847
1316471807 475977669
1316471807 1316471849
1316471805 1316471931
1317671112 1317671067
1317671113 1317671056
1317671113 1317671053
1317671334 1317671137
1317671335 1317671325
1317671335 1317671189
1317671332 1317670782
1317671333 1317670878
1317671330 1317671079
95386222 599408518
1320104025 1320103925
1320104027 1320103567
1320104026 1316471735
152848175 475974959
1320104029 1316472176
1320104029 1320103921
1320104029 1316471845
1317671243 1317671201
1317671240 1317670956
475978728 385114529
475978728 103736983
1315785528 1315785244
1315785528 1315785216
1315785524 1315785605
1315785524 1315785325
1315785524 1315785206
1315785527 1315785317
1316237115 1316236639
1316237115 1316236599
1316237115 1316236718
1315678726 1315678575
1315678726 1315678569
476560879 476561127
476560879 1320103751
152848312 1316623323
624739067 624739189
75349972 95386562
75349972 1315785403
1316471792 1316472172
1316471791 1316471927
1316471790 1316471915
1316471790 1316471909
1316236440 1316237131
1316471796 1316472174
1316471795 1316471903
1316471794 1316472054
1316471794 1316472111
1316471799 1316472107
1316471799 1316471906
1316471799 1316472146
1315785297 1315785257
1315785296 1315785314
1315785295 1315785590
1315785295 1315785466
1315785295 1315785233
1315785294 1315785464
1315785293 1315785300
1315785293 1315785425
1315785292 1315785339
1315785291 1315785353
1315785290 479293180
1315785290 479286226
1315785299 1315785218
1315785450 1315785400
1315785454 1315785420
1315785454 479280255
1315785457 602334140
1315785457 1315785228
1315785456 845390852
1315785456 1315785237
1315785459 1315785235
1315785459 1315785217
1315785459 1315785422
1320103923 1320103898
1320103925 1320103807
1315785278 1315785311
1315785278 479282332
1316236998 1316236736
1315785271 1315785200
1315785270 1315785251
1315785273 1315785237
1315785275 1315785505
1315785274 1315785333
1315785277 1315785226
1315785277 1315785220
1315785276 1315785207
1315785189 1315785237
1315785188 1315785232
1315785188 1315785205
1315785183 1315785438
1315785180 1315785203
1315785186 1315785416
1315785186 1315785359
1315785184 1315785509
385114569 93310272
1316472111 1320104078
639308666 639308640
639308666 93332110
639308664 1316196959
639308664 639308665
639308665 639308640
481385214 152847559
639308668 639308684
639308668 93332044
1320103786 1320103941
1320103783 1320103950
1320103783 1316471704
1316236537 1316237051
1316236537 1316236734
1320103653 1316471840
267198015 1315678567
267198015 477615647
874312382 1315678773
874312382 75352048
1316198786 1316198788
1316198784 1316198798
1316198781 1316198813
1316198781 1316198748
1316198781 1316196954
639308712 639308710
639308713 1316236524
1316198788 1316198771
1316198788 1316198767
481390839 1315785594
481390839 481390838
481390838 1315785321
481390834 481390832
481390832 481439262
481390832 483098154
1315678788 1315678571
773662878 1316623742
479284103 479282364
479284103 152847380
479284103 1315785316
475974969 103736983
475974969 475974946
475974969 475974959
1315785647 1315785176
1315785647 1315785407
1315785647 1315785207
1316236404 1316237089
1316236404 1316237156
1316623640 1316623550
1316623646 476078905
1316623648 1316623202
475977737 475978428
475977737 1317671073
1316623429 773662896
1316623429 1316623325
1316196994 1316196944
1320104050 1320104100
1316623423 475975640
1316623423 475975347
1320104051 1320103846
1316196990 1316197000
845390852 1315785406
845390852 848690433
1316694044 1316694058
1316694044 1316694047
1315678569 1315678744
477620748 1315678579
1317671031 1317671125
1317671031 1316694062
1317671033 1317671130
1317671033 1317671019
1317671033 1317670867
1317671035 1317670798
1317671134 1317671195
1317671039 1317670905
1317671038 1317671274
1316623338 1316623433
1316623338 1316623255
1316623339 1316623486
1316623339 1316623215
1316623339 1316623552
481392305 1315785414
481392303 1315785356
602334140 479280655
602334140 476078767
1316471876 1316471900
1316471877 1316471747
1316471874 1316471947
1316471872 1316472013
1316471872 1316472107
1316471873 1316471968
1316471873 1316471963
1316471870 1316472144
1316471870 1316471746
1316471871 1316471704
1316471871 1316471730
1316471871 1316471855
1317671107 1317670816
1317671107 1317671357
1317671107 1317670845
1317671106 1317671210
1317671106 1317670953
1317671100 1317670866
1317671100 1317671322
1316471878 1320103834
1317671102 1317670782
1320103646 1316472177
1320103646 1316471930
677799505 476794281
677799505 677799508
677799505 479280655
1316192064 1316192050
1316192064 1316192107
1316192064 1316192055
677799508 78597886
1317671325 1316694059
1317671324 1317670876
1317671324 1317670879
1317671321 1317671057
1317671322 1317671070
1316237051 1316236456
1316237054 1316236344
1316623323 1316623484
1316623323 1316623375
477619297 479293261
477619297 476792256
477619297 479286226
1316471908 1320103943
1316471908 1316471860
1316471903 476552806
1316471903 1316236342
1316471900 1316471918
1316471900 1316471957
1316471900 1316471968
1316471901 1316472177
1316471901 1316471727
1316471906 1316471963
1316471906 1316472028
1316471904 1316471915
78597886 1315785403
1316192069 1316192130
1316192069 1316192068
1316192069 1316192116
1317671251 1317670818
1317671251 1317670827
1317671250 1317671004
1317671250 1317671060
1317671254 1317671214
1317671254 475977686
1317671257 1317671059
1317671256 481390039
1317671256 1317671227
1315785512 1315785466
1315785512 1315785247
1315785513 1315785202
1315785515 479294044
1315785516 1315785174
1315785516 1315785212
1316471741 1316471952
477615709 476548799
1316237126 1316236831
677800739 677800734
475978447 1317671372
1317670756 1317671124
1317670756 1317671120
677800734 476794289
677800734 677797046
1316471746 1320103898
1316471746 1316471962
1316471746 1316471863
639308706 93332051
475975640 475975342
475975640 1316623694
624738555 712767596
624738555 848690432
624738555 848690530
624739189 481433739
1315785464 1315785213
1315785464 1315785332
1315785466 1315785309
1315785466 1315785432
1315785461 1315785624
1315785462 1315785239
1320104010 1320103900
1320103915 1320103961
1320103915 1320103973
1320103916 1320103928
1320103916 1320103945
1320103916 1320103970
1320104013 1320103950
1320103910 1320103717
1320103910 1320103571
1320103910 1320103682
1320104016 1320103717
1320104016 1320103682
1315785249 1315785239
476794299 599408522
1316236984 1316236344
1315785241 1315785174
1315785243 1315785593
1315785649 1315785213
1315785649 1315785645
1315785649 1315785577
1316471864 1316471800
1316471864 1316472006
1315785645 482733091
1315785645 482733092
147477301 93310009
147477301 601145288
147477301 147477270
147477301 64813782
1316472103 1316471927
1316471861 1316471706
1317671135 1317670863
1315785304 1315785352
1316236650 1316236948
1316236650 1316237165
1316236522 1316236723
1316236521 1316198748
1316236521 1316236594
624738901 848690456
1316236527 481395518
1316236527 1316237129
1316236526 1316236439
1316236526 483098883
1316236524 639308680
1316236529 1316237129
599406834 1316236342
482733092 481390556
1316197000 1316196959
1316197000 1316196944
1316197001 481395518
1316197001 1316198765
1316197001 481391756
1316197003 1316196963
1316197005 1316196955
1316197005 1316196962
477647784 267194965
477647784 1315785651
1316198795 1316198817
1315678866 1315678742
1315678866 1315785505
1316198796 1316198767
1316198796 1316198747
1316198798 1316198811
1316198798 1316198738
1317670953 1317670820
1317670953 1317671230
1320103684 1320103846
481395518 481397829
1316623258 1316623550
1316623251 1316623482
1316623251 1316623556
1316623257 1316623589
1316623255 1316623371
1316623254 1316623200
1316623657 1316623589
1316192110 1316192043
1316192110 1316192128
1316623659 1316623373
1316623659 1316623577
1316623439 1316623352
1316623439 1316623411
1316623435 475975342
1316623433 1316623488
1316192117 1316192128
1316192117 1316192042
1316694062 475977684
1316694062 1316693996
1316189802 1316192126
1315785301 1315785305
1316694060 1316694042
845390842 1315785406
845390842 599408454
845390842 479280077
1315785300 1315785177
481433739 481433742
1316189800 1316189797
1316236392 1316236702
1316694048 1316694042
1316694049 1316694047
483098227 483090542
483098227 385114252
1316694040 1316693992
1316694040 1316693999
1316694040 1316694053
1316694041 1316694057
1316694041 1316694047
483098883 483090542
1317671006 1317670916
1317671000 1317671012
1317671003 1317670782
483098150 483098146
483098150 483098154
483098150 481397829
1317671008 1317671209
599407018 1316623210
1316623322 1316623411
1316623322 1316623695
1316623320 1316623391
1316623320 1316623340
1316623325 1316623599
1315785308 1315785650
479293180 1315785507
479293180 479293261
482729435 1317671372
482729435 1317670908
1316693988 1316694058
1317671132 1317670904
479319990 93310009
1316471860 1316471722
1316471860 1316471914
1316471863 1320103945
1317671137 1317670908
1317671138 1317671188
1316471869 1320103571
1316471869 1316471935
1317671318 1317671059
1317671318 1317671183
479282364 479282332
882614596 848690456
882614596 712767586
1317671311 1317670808
1317671311 1317671216
1317671311 1317671184
1317671312 1317670866
1317671312 1317671277
1316471724 1316472013
1316471724 1316472014
95386499 1315785175
95386499 599408518
1316237046 1316236376
1316471918 1316471893
483091135 1316236413
1316471913 1316472166
1316471912 1316472054
1316471915 1316472148
1316471914 1316471952
1316471914 1316472162
1317671269 1317670805
1317671267 1317670839
1317671261 475978428
1317671261 1317670910
1317671263 1317671013
1317671263 1317670879
1315785507 1315785307
1315785506 1315785211
1316237137 1316236702
1315785502 1315785414
1315785502 1315785416
1315785502 1315785423
1315785501 479286375
1315785501 1315785339
1315785500 1315785172
624784002 624783812
624784002 482732933
1315785508 1315785217
1315785508 1315785418
1317681865 1317671237
1317681865 475978414
1317681865 475978428
1317681862 1317671237
1316236426 1316236363
481390557 483109960
1316236425 1316236885
1316236425 1316236614
1316236423 1316236948
1316236421 1316236614
1316236421 1316237165
476799352 476799354
1315785471 1315785554
1315785477 385113971
1315785476 1315785529
1315785476 1315785608
1315785476 1315785210
1315785475 1315785608
1320103901 1320103698
1320103900 1320103813
1320103900 1320103767
1320103907 1320103826
1320103907 1320103962
1320103905 1320103713
1320104005 1316472150
1320104005 1320103848
1320104005 1320103661
1315785253 1315785207
476794281 476794284
1315785250 1315785316
476794284 677797046
476794284 476794289
1315785259 1315785228
1316236736 1316236546
1316236736 1316237142
1316236734 1316236386
1316236739 1316237089
1316236739 1316196961
479291272 481396599
479291272 479286375
479291272 385113975
1315785651 1315785429
1315785650 1315785352
1316472176 1316471720
1316472177 1316471960
1316472172 1316471851
1317670833 1316694050
1317670833 1317670917
1317670831 1317670796
1317670831 1317670904
1317670837 1317671076
1317670837 1317671017
1317670837 1317671121
1317670835 1317670908
1316196943 1316196948
1316236887 1316236376
1316196946 1316236347
1316196945 1316196948
481391756 481390910
481391756 1316192062
1316196948 1316196957
481394324 1315785235
385114529 481389988
1315785608 1315785593
1316472006 1316471851
1315678632 1315678622
1317670783 1317671060
93310272 601145288
1316471745 1316472028
1316471745 475977669
1316237038 1316236909
1320103691 1320104009
1320103696 1320103941
1320103695 1320103965
1320103695 1320103599
1320103698 1320103928
1320103698 1320103769
1320104096 1320104079
1320104096 1320103582
1320104096 1320103588
1316236957 1316237180
1316236957 639309883
1316236955 1316236349
1316236955 1316236371
1317670822 1317671189
1317670822 1317671274
677797911 677797046
677797911 600502720
1316623411 1316623395
481389988 481390039
639308640 639308641
639308641 639308685
639308641 93332133
477621305 654412988
477621305 477621319
479288912 479286375
479288912 479290062
1315678742 477620688
1315678744 1315678567
1315678744 1315678745
1315785509 1315785411
479292469 601663327
1316189797 1316189794
1316189797 1316189793
1316623687 1316623744
1316623687 1316623694
267198437 1315678607
481433742 1315785594
1316694059 475977686
1316694057 1316693994
1316694056 1317670848
1316694055 1316694006
1316694055 1316693995
1316694054 1316693992
1316694054 1316693997
1316694052 1316694004
1316694052 1316694000
1316198773 1316198740
1316198773 639308698
483098146 385113763
1320104078 1320103818
1320104078 1320103892
1316623356 1316623587
1316623357 152848105
1316623357 476078905
1316623352 1316623350
1316471858 1320104126
481439262 385113971
481439262 385113972
624783812 601145288
624783812 64813782
1316471856 1316472149
1317671124 1317671014
1317671123 602393460
475977669 475977667
1317671121 475977686
1317671120 1317671045
479322299 483109960
479322299 147477270
1317671309 1317670805
1317671308 1317671221
1317671305 1317671053
1317671302 1317671228
476548799 75352048
1316236871 639308682
1316471928 1316471730
481396599 385113972
1316471926 1316471828
1316471926 1316472009
1316471926 1316472162
1317671016 1317671209
1316471922 1316471793
1316471922 1316471956
1317671014 1317671055
1317671014 1317671376
1317671271 1317670863
1317671277 1317671214
1317671275 475977684
1316198738 639308698
477623877 477623868
477623877 477623884
599408522 599408518
599408454 95663349
1320104104 1320103920
481390560 385113971
1316236439 1316236407
1320104100 1320103928
1320104101 1316472011
1316236430 1316236399
1316236430 1316237156
1320104108 1320103713
1317670956 1317671041
1316192072 1316192103
1316192070 1316192059
1316192070 1316192062
477615613 477615647
477615613 477623868
1315785400 1315785302
1315785401 1315785337
1320103860 1316471845
1320103660 1320103819
1320103970 1320104114
1320103661 1316472011
1320103661 1316471890
1315785227 1315785174
1315785227 1315785320
1315785224 1315785322
1315785225 1315785211
1315785225 1315785599
1315785229 1315785322
1315785229 1315785398
1316236721 1316236828
1316236721 1316236599
1316236723 1316236828
1316236723 1316237158
1316236723 1316236544
1316236722 1316237158
1316236722 1316236544
1316192107 1316192045
1315785310 1315785230
1315785310 1315785339
1316472166 1316471899
1315785316 1315785203
1315785317 1315785426
1315785314 1315785207
1316472162 1316471895
1320103802 1320103815
1320103800 1320103775
1320103800 1320103943
1320103800 1320103834
1320103807 1316471890
1320103807 1316471709
1320103751 654405679
1320104009 1320103777
1317670827 1317671228
1316236544 1316236385
1316196955 1316196956
1316196954 639308685
1316196954 1316198744
1316196956 1316196969
1316196958 1316196964
1316196958 1316196974
481389838 481389765
1316472013 1316471727
1316472014 1316471727
1317671096 1317670816
1317671096 1317670868
1320103597 1320103941
602393466 602393460
773662897 773662879
1315785258 1315785592
1316236637 1316237160
1316236637 1316236618
1316623230 1316623744
1316623230 1316623694
1316623232 1316623573
1316236324 1316236447
1317670798 1317670913
1316195130 1316236347
1316195130 1316237178
1316623692 1316623482
639309885 639309884
639309885 639309886
1316623346 1316623202
639309882 1316237161
639309882 1316471867
1316198748 1316198775
1316471849 1316471892
1316471848 1316472033
1316471848 1316471947
1316471841 1320103962
1316471840 1316471737
1317671047 1317670902
1317671047 1317670900
1317671047 1317671073
483090542 1316236839
95386562 1315785175
1316694004 1316693992
1316471931 1316471891
1316471930 1316471710
1316471930 1316471891
1316471935 1316471945
1317671067 1317670808
1317671064 1317670907
475979690 602393484
1315785468 1315785232
1317671204 1317671079
1317671204 1317671044
1317671201 1317671442
1317671201 1317671227
1316189790 1316192126
1316237156 1316236904
1320104114 1320103815
1320104111 1320103969
1316236407 1316236385
848690433 848690432
848690432 848690442
1315785419 1315785412
1315785418 1315785354
1315785418 1315785351
1316192062 1316192053
1315785415 1315785591
1315785415 1315785321
1315785415 1315785594
1315785414 1315785356
1316192068 1316192129
1320103966 1320103969
1320103962 1320103569
1320103962 1320103586
152848137 1316623587
152848137 152848105
1315785235 1315785321
1315785231 1315785172
75355692 152847559
75355692 476078805
476552806 1316236371
75355690 210643104
75355690 475974959
1315785238 479293261
1315785238 479294032
75355694 152847559
75355694 848690442
75355694 479280255
1315785439 1315785359
93310875 1316471867
93310875 93332051
1316236717 1316237165
712767599 475974946
712767596 712767586
479283989 479282332
479283989 479284039
479284039 95663349
1316472158 1316471789
1316472158 1316471707
1316192118 1316196995
385113562 475976313
1316472157 1316471966
1316236395 1316236963
1316236395 1316236386
1315785307 479293261
1320103817 1320103779
1316236550 1316236411
1316236571 1316237161
1316236883 1316237164
1317670818 1317671058
1316196964 1316196971
1316236378 1316236963
1316471707 1316471924
1316236371 1316237080
1316196969 1316196974
848690442 848690444
476556039 1320104092
476556039 1320103588
1316236976 1316237164
1316236976 1316236446
1316236972 1316237201
1316236972 1316236340
602393451 602393450
602393450 476556047
602393450 602393484
1320103582 1320104092
1320103582 1320103770
1316623200 1316623224
1316623202 1316623375
1317671177 1317670864
1317671177 1317671230
1320103564 1320103954
1317671171 1317670848
93332133 93332044
93332133 93332110
1317670845 1317671076
1317670845 1317671217
1317670845 1317671210
1315678618 1315678612
1316198740 1316198763
1316472009 1316471899
1316198747 1316198771
1316198747 1316198815
1316198744 1316198750
1316198744 1316198811
385114441 1319204544
1315678612 267194965
475977519 1317671049
1315785529 1315785219
1315785529 1315785636
93332044 93332051
93332044 639309886
1317670848 1317671217
1316623373 1316623368
1316623572 1316623484
1316623572 1316623363
1317670780 1317670902
1317670780 1317671045
1316623570 1316623742
475977684 1316693995
479293261 479294032
1316471946 1316471709
1316471945 1316471879
1317671076 1317670873
1317671210 1317671357
1317671210 1317670873
1316237161 639309883
1316471723 1316471956
1316236413 639308684
1316236413 1316236763
1316471729 1320103826
1316471729 1316471709
1316192050 1316192042
1316192050 639308714
1316192055 1316192128
1316192055 1316192042
1316192056 1316192129
301638562 601663327
301638562 301639384
1316471793 1316471732
1315785424 1315785322
1315785426 1315785525
1315785429 1315785328
1320103954 1320103892
1316236446 1316236900
1316236702 1316236344
1316236706 1316236359
95663349 152847380
476078931 476078905
1316472146 1316471701
1316472146 1316471702
1316472144 1316471731
1320103828 1320103726
1320103775 1320103717
1316196970 1316196975
1316236365 1316236765
1315785208 1315785370
1316472030 1316471891
1316472035 1320103892
1315785206 301639384
1316236963 1316236342
301639384 1315785327
1319204544 654405679
1317670803 1317670918
1315678777 1315678714
1315678779 1315678572
1320103920 1320103627
481390910 481390911
1316198750 1316198758
1316198754 1316198815
1315678607 1315678572
93332051 93332110
385113975 1315785370
1316623567 1316623391
1316237082 1316236913
1316237082 1316236768
1316237085 1316237182
1317671197 1317670900
1317671197 1317671041
1317671195 1317671053
1317671195 1317670918
95430375 479294032
1316471734 1316471962
1316471739 1316471968
848690456 848690453
848690453 152847559
1316192048 1316192130
1315785437 1315785431
1315785436 1315785431
1315785438 1315785175
476078905 152848105
677796838 677795593
1315785323 1315678714
1315785325 1315785219
476797601 677795593
476797601 476792256
1320103834 1316471899
1316236599 1316237182
1316236359 1316237188
1316236352 1316236839
1315785218 1315785357
1317670907 1317670910
1315678567 1315678579
639308682 639308683
639308684 639308685
1317670870 1317671183
1315678701 1315678574
1316198765 1316198778
1316623398 1316623553
1316623553 1316623484
1316471895 1320103726
1316471895 1316471700
479294044 479294032
1316471962 1316471700
639309884 639309883
481389763 481389765
1320103846 1320103628
1315785597 479280077
476078803 476078805
1316236340 1316236900
1316198813 1316198775
1316198810 1316198778
1316198810 1316198817
1315678575 1315678714
1316198771 1316198775
