277668676 114.0878758 22.5473392
278217284 114.0908545 22.5563237
1123454248 114.0992941 22.5566108
277328663 114.0888628 22.5492496
349237486 114.1007225 22.5531235
1123439570 114.0916807 22.5583747
349237524 114.099324 22.5551036
349237523 114.0946096 22.5550257
1123460249 114.0946094 22.5584351
277057799 114.0909021 22.5583722
349237499 114.103404 22.5543139
1123464430 114.092629 22.5558888
1123439542 114.091756 22.5518902
277486624 114.0893563 22.547333
349237495 114.1034155 22.5540588
349237516 114.1003489 22.5501083
1123424704 114.0911664 22.5492584
1123456126 114.0974817 22.557166
564275538 114.0909913 22.551752
564275644 114.0911054 22.5518866
1123427065 114.0951461 22.5464053
277486618 114.089608 22.54648
277486619 114.0895 22.546753
1123458112 114.0969378 22.557156
564055566 114.0908591 22.5584954
1123424667 114.092893 22.5517712
277667381 114.0889014 22.547333
564275540 114.0911067 22.5517519
564275546 114.0993792 22.5518474
564275549 114.0995307 22.5518549
1123427077 114.0944702 22.5467819
564726180 114.1040091 22.5585883
349237339 114.1040567 22.5530481
277486620 114.089418 22.546818
1123464433 114.0969551 22.5557491
1123369098 114.09094 22.5542037
1123369099 114.0883655 22.5547289
1123454271 114.0969807 22.5565714
564001914 114.103136 22.5491851
1123454279 114.097485 22.5566011
277323272 114.0910663 22.5474184
1123424760 114.0929574 22.5491798
564275666 114.0909885 22.5518864
1123427486 114.0945024 22.5486744
1123427484 114.0912025 22.5477526
1123427485 114.0930647 22.5477529
1123433895 114.0930539 22.5542072
1123369107 114.0891594 22.554243
564001303 114.0994712 22.5551061
349237395 114.1047482 22.5563887
349237393 114.1044533 22.5566307
564275561 114.1019347 22.5523861
349237390 114.1044288 22.5569333
1123454282 114.0974742 22.5584341
1123444182 114.091078 22.5548669
564002613 114.0910055 22.5584845
1123433076 114.0960902 22.5519343
564055511 114.0910389 22.5583712
277668607 114.091051 22.557796
277668606 114.091051 22.557801
564275681 114.0910262 22.5493284
349237388 114.1062102 22.5532458
349237389 114.1040029 22.5569333
564275607 114.0993914 22.5586321
349237517 114.1040143 22.555747
564275605 114.0993972 22.5584896
564275603 114.0995284 22.5519822
1123456167 114.0926892 22.5568092
278217365 114.08886 22.555263
278217367 114.0889988 22.5552899
1123433067 114.0910841 22.5542032
1123433068 114.0960366 22.5542133
1123424752 114.0929681 22.5491699
1123424751 114.0913803 22.54915
1123444206 114.0926355 22.5548573
1123433902 114.0930969 22.5519145
349237502 114.104037 22.5543245
277731153 114.0877556 22.5516831
348428739 114.1060818 22.5464078
278217370 114.0900284 22.5562841
349237375 114.1055701 22.5535476
564275581 114.0992522 22.5586165
564275583 114.0992568 22.5584895
564001941 114.1049666 22.5493415
564001283 114.0995912 22.5474887
1123456143 114.0929789 22.557047
1123456150 114.092775 22.5569182
278657231 114.099377 22.5519581
564275705 114.1040674 22.5587118
1123458094 114.0970023 22.5519194
349237367 114.0994659 22.5475003
564001837 114.1008615 22.5474967
1123460278 114.0946096 22.5542133
