277668676 277731153
277668676 277667381
278217284 277057799
278217284 278217370
278217284 1123369098
1123454248 349237524
1123454248 564275583
1123454248 1123454271
277328663 277667381
277328663 564275681
349237486 349237516
349237486 349237495
1123439570 1123439542
349237524 278657231
349237524 564001303
349237524 349237523
1123460249 1123460278
1123460249 564275583
1123460249 564055511
277057799 564055566
277057799 564055511
349237499 349237502
349237499 349237495
1123464430 1123464433
1123464430 1123456167
1123464430 1123444206
1123439542 564275644
1123439542 1123458094
277486624 277486620
277486624 277323272
277486624 277667381
1123424704 564275540
1123424704 1123424751
1123424704 1123427484
1123456126 1123454282
1123456126 1123456143
1123456126 1123454279
564275538 564275540
564275538 564275666
564275538 277323272
564275644 564275540
564275644 1123433067
564275644 564275666
1123427065 1123427077
277486618 277486619
277486619 277486620
1123458112 1123464433
564055566 564002613
1123424667 564275540
1123424667 1123424760
1123424667 564275546
564275546 564275549
564275546 278657231
564275546 349237367
564275549 564001283
564275549 564275603
1123427077 1123424760
564726180 349237389
349237339 349237375
349237339 564001941
349237339 349237502
349237339 564275561
1123464433 1123458094
1123369098 1123369107
1123369098 564275666
1123369099 278217367
1123369099 1123369107
564001914 564001941
564001914 564001837
1123427486 1123427485
1123427484 1123427485
1123433895 1123433902
1123433895 1123433067
1123433895 1123433068
564001303 349237517
564001303 564275605
564001303 564275603
349237395 349237393
349237393 349237390
349237390 349237389
1123444182 277668606
1123444182 1123433067
1123444182 1123444206
564002613 564275581
564002613 564055511
1123433076 1123433068
564055511 277668607
277668607 277668606
349237388 349237375
349237389 349237517
564275607 564275705
564275607 564275605
564275607 564275581
349237517 349237502
564275605 564275583
564275603 278657231
1123456167 1123456150
278217365 278217367
278217367 278217370
1123424752 1123424751
348428739 564001941
564275581 564275583
564001283 349237367
564001283 564001837
1123456143 1123456150
278657231 1123458094
