623915653 637640262
623915653 623915650
623915653 622618238
623915653 637640141
623915650 654154851
623915650 654154734
623915650 622618044
622617809 622617641
622617809 622617798
622617809 622617748
622617809 622617810
622617586 622617580
622617586 622617545
622617586 622617587
637639904 637640135
637639904 637640133
637639904 637639709
618866133 618866129
618866133 618866146
618866133 618866143
618866133 618866136
622617801 622617798
622617801 622617691
622617801 622617810
656132418 656132422
656132418 656132415
656132418 656132421
618866136 253559061
618866136 618866397
654326213 656132463
654326213 656132515
654326213 654326238
622617965 622617837
622617965 622617901
622617965 622617976
618649303 618649294
618649303 618649301
618649303 618649315
618649303 618649307
631669437 619137006
631669437 631668918
631669437 631668990
618649301 618649258
618649301 618649300
622617991 622618015
622617991 622618153
622617991 622617994
618955811 618955764
618955811 618955849
618955811 618955809
618955811 618955799
655375243 655375318
655375243 631668954
655375243 655375293
655375243 656132414
618865982 619136858
618865982 253559061
618865982 618865977
618865982 619136857
618865986 619136904
618865986 302303166
618865986 619136874
618865986 618865992
655375296 655375318
655375296 656132498
655375296 655375293
655374971 655374972
655374971 655374970
655374971 655374968
420039234 623979720
420039234 623979865
420039234 618955593
420039234 618955693
619136871 619136870
619136871 619136901
619136871 619136916
619136942 619136929
619136942 619137000
619136942 619136899
619136942 631669078
420039231 622617618
420039231 622617555
420039231 25423605
619136941 181184190
619136941 622617884
619136941 619136999
619136941 619136931
619136876 619136873
619136876 619136878
619136876 619136875
622617565 622617580
622617565 618955686
622617565 622617542
622618165 631822018
622618165 619136881
619136877 619136851
619136877 619136878
619136877 619136875
631821749 631821748
631821749 631821759
631821749 631821751
631821748 631821758
631821748 631821747
622617737 622617790
622617737 622617735
622617737 622617875
622617735 622617793
622617735 622617734
622617735 622617891
622617734 622617782
622617734 622617795
631822000 25423625
631822000 631822003
631822000 631821999
631821747 631821752
631821747 631821700
618638412 618638410
618638412 618638415
618866256 618866246
618866256 618865753
618866256 618866199
618866256 618866185
631821806 631821902
631821806 631821808
631821806 631822117
637639830 637639827
637639830 637640043
637639830 637640138
619136829 619136828
619136829 619136830
631668984 648173130
631668984 631669073
631668984 631668981
623979745 623979711
623979745 623979713
623979745 623979740
623979742 623979740
623979742 623979982
623979742 623980190
618955691 622617508
618955691 618955595
618955691 618955693
618955691 25423605
618638371 618638339
618638371 618638372
631668981 631668976
631668981 631669076
631822039 631821989
631822039 631821988
631822039 631821998
622617891 622617865
622617891 622617888
622617891 622617875
618866853 618866315
618866853 618866267
618866853 618638343
618866856 618866369
618866856 618866406
618866856 618866526
618866856 618865756
622617898 622617935
622617898 622617835
622617898 622617869
622617782 622617783
622617782 622617888
622617783 622617798
622617783 622617775
622617783 622617784
654154732 654154718
654154732 654154721
654154733 654154738
654154733 654154734
654154733 654154758
654154734 654154739
654154735 654154754
654154735 654154753
654154735 654154736
622617784 622617691
622617784 622617772
654154737 654154738
654154737 654154749
654154737 654154748
654154737 654154736
654154738 654154756
654154738 654154739
654154739 623915648
631821730 637640270
631821730 637639786
631821730 631821756
631821730 631821700
619136827 619136826
619136827 619136828
619136827 619136830
619136827 619136831
25423605 618955597
25423605 622617622
619120361 619120246
619120361 619120324
619120361 619120364
619120361 619120340
655375293 631668971
631822066 631822158
631822066 631822049
631822066 631822063
656132683 656132600
656132683 656132591
619120367 619120369
619120367 619120326
619120367 619120258
619120367 619120364
619120369 618955737
619120369 618955593
618638410 618638409
618638410 618638360
618649232 618649271
618649232 618649267
618649232 618649231
623979832 623979718
623979832 623979839
623979832 623979901
623979832 623979826
618649231 618649281
618649231 618649278
618866597 618866534
618866597 618866932
618866597 618866397
618866597 618866148
618638421 618638373
618638421 618638337
618649300 618649260
618649300 618649276
618649300 618649292
631821936 631821873
631821936 631821925
631821936 631821889
631821936 631821929
631821937 631821925
631821937 631822118
631821937 631822079
631821934 631822172
631821934 631821935
631821934 631821933
631821934 631821922
631821935 631821873
631821935 631821861
631821935 631821923
618955584 622617823
618955584 25423625
618955584 622617687
618955584 618955585
618955585 619120332
618955585 619120359
618955585 618955703
631822135 631822138
631822135 631822136
631822135 631822134
631821931 631822079
631821931 631821928
631821931 631821885
618955588 619120418
618955588 619120332
618955588 619120261
631822138 631822159
631822138 631822157
656132758 656132748
631668935 631668876
631668935 631668831
631668935 631668894
631668935 631668934
631821939 631821960
631821939 631821941
631821939 631821957
619137013 619137012
619137013 619137516
619137013 619136915
619137013 619136985
619137012 619137011
619137012 619136986
619137012 623979705
619137011 623979702
619137011 619137010
619137011 619136987
619137010 619137006
619137010 619137043
619137010 619136988
619120311 619120291
619120311 619120318
618866928 618955737
618866928 618866925
618866928 619120422
618866928 618866612
618866925 618866629
618866925 618955738
618866925 618866922
655375061 631668976
655375061 655374989
655375061 655375008
619120318 619120277
619120318 619120261
618866922 618866916
618866922 618955739
618866922 618866635
656132435 656132434
656132435 656132436
656132435 656132430
656132434 631821693
656132434 656132663
656132436 656132663
656132436 656132433
656132436 656132429
656132431 631821693
656132431 656132442
656132431 656132430
656132430 656132429
656132433 656132428
656132433 656132432
656132432 632569633
656132432 656132663
622618230 622618112
622618230 655375232
622618230 622618144
622618230 623980152
656132439 656132440
656132439 656132473
656132439 656132469
622617930 622617884
622617930 622617858
622617930 622617959
637639786 637639622
637639786 637639760
631668943 631668894
631668943 631669071
631668943 631669073
631822119 631822120
631822119 631821861
631822119 631821938
631822119 631822172
618649281 618649284
618649281 618649267
637639760 637639615
637639760 632569635
618649284 618649263
618649284 618649286
618638409 618638358
618638409 618638372
623980412 623980090
623980412 631821979
623980412 631821977
655375244 655375231
655375244 656132414
618638401 618638373
618638401 618638372
623980419 631821868
623980419 623980094
623980419 631821938
619136846 619136845
619136845 631669428
655374967 619137000
655374967 655374966
655374967 655374968
655374967 655374972
631822003 631821969
631822003 631821941
631822002 631821969
631822002 631821999
631822002 631822001
631669006 631668843
631669006 631668831
631669006 631668993
655374963 655374965
655374963 655374962
631669362 619137021
655374968 655374969
655374969 622618112
655374969 655374970
619136831 619136832
622617928 622617935
622617928 622617858
622617928 622617865
622617928 622617877
637640141 637640138
622617694 622617823
622617694 622617663
622617694 622617666
622617925 622617681
622617925 622617760
622617690 622617687
622617690 622617826
622617690 622617831
622617691 622617663
618649343 619136832
618866378 618866369
618866378 618866406
618866378 618866415
618866378 618866107
619136983 619136907
619136983 619136985
619136986 618865996
619136986 619136987
619136986 619136985
619136987 619136988
619136987 618865992
631821959 631821958
631821959 631821960
619136985 619136911
619136988 619137606
619136988 619136924
656132534 656132537
656132534 656132513
656132534 656132532
656132534 656132588
656132537 656132552
656132537 656132514
656132537 656132585
619120261 619120262
619120262 619120255
619120262 619120267
619120262 619120418
618955553 618955582
618955553 618955550
631821704 631821706
631821704 631821759
631821704 631821703
618638339 618638343
618638339 618638338
618638339 618866629
631821706 632569635
631821706 631821708
631821706 631821760
618955557 618955580
618955557 618955558
618955557 618955556
631821700 631821699
631821700 631821703
631821703 631821758
618955554 618955577
618955554 618955550
618955554 618955555
618638333 618866057
618638333 618866803
618638333 618638337
631821845 631821825
631821845 631821710
618638337 618638338
618638337 618865658
631821708 631821762
631821708 631821710
622617580 622617543
622617581 622617574
622617581 622617622
622617581 622617543
253559061 181184587
253559061 618866143
618866107 618866115
618866107 618866098
622617855 622617884
622617855 622617858
622617855 622617877
618866456 618866192
618866456 618866199
618866456 618866467
618866456 618866151
622617858 622617859
622617859 622617935
622617859 622617837
622617859 622617959
619137516 619136912
622617994 618955624
655375336 655375233
655375336 655375236
655375336 655375345
655375336 631668954
631821694 656132441
631821694 656132419
631821694 656132473
631821694 631822077
631668918 631668854
631668918 631668926
637639605 637639615
637639605 637639564
637639605 637639600
631668990 631668993
631668990 631668853
637639600 637639880
637639600 632569635
622617458 622617509
622617458 622617461
622617458 622617453
622617458 623915677
618638389 618638303
618638389 618638313
618638386 618638384
618638386 618638318
618638384 618649307
618638384 618638303
619120331 619120359
619120331 619120280
619120331 619120340
619120331 619120322
622617452 622617453
622617452 622617511
622617453 622617510
619136931 619136824
619136931 619136880
619136931 619136865
656132515 656132478
631668889 631668876
631668889 631668891
631668889 631668894
618866202 618866246
618866202 618866199
618866202 618866467
618866202 618866205
637639842 637640239
637639842 637639799
637639842 637639887
618866205 618866237
618866205 618866400
618866205 618866129
623979736 623979782
623979736 623979734
623979736 623979738
618866199 618866189
623979731 618955703
623979731 623916005
623979731 623979729
618866192 618866189
618866192 618866164
618866192 618866159
618865604 618865610
618865604 618865628
618865604 618638323
618649307 618638415
619137006 631669007
631669403 631669202
631669403 631669177
623979738 623979757
623979738 623979740
622617778 622617869
622617778 622617775
622617778 622617888
623979982 623979993
623979982 623979895
622617772 622617901
622617772 622617775
618866309 618638351
618866309 618866315
618866309 618866359
622617775 622617835
622618197 619136999
622618197 622618112
622618197 622618015
622618197 622617671
654154851 654154834
619120424 618955737
619120424 619120419
619120424 619120326
619120424 619120423
619120425 619120267
619120425 619120418
619120425 618955593
637640043 637640062
637640043 637640040
619120423 619120422
619120423 619120420
619120420 619120419
619120420 619120421
619120420 619120409
619120421 618866932
619120421 619120422
631821922 631821923
631821922 631822122
631821922 631821919
632569631 632569630
632569631 656132865
632569631 632569632
623979734 623916005
623979734 623979890
622617731 622617754
622617731 622617793
622617731 622617748
622617731 622617727
623979803 623979776
623979803 623979890
623979803 622617505
656132522 656132524
622618015 622618144
618866237 618866246
618866237 618865759
618866237 618866123
656132480 656132478
656132480 656132482
631821949 631821952
631821949 631821955
631821949 631821957
656132483 656132463
656132483 656132475
631668843 631669016
631668843 631668844
631821946 631821972
631821946 631821960
631821946 631821943
631822049 631822050
631822049 631822048
631822048 622617470
631822048 631822126
631821943 631822120
631821943 631822001
631821941 631822116
631668844 631668834
631668844 631668897
631669325 619136913
631669325 619136912
631669325 631669331
631821976 622618144
631821976 623980090
631821976 631821975
619120329 619120383
619120329 619120343
619120329 619120328
619120329 619120322
619120328 619120336
619120328 619120327
619137040 619137041
619137040 631669007
619137041 619137042
619137042 619137043
619137043 631668996
619137046 619136826
619137046 619136832
619137046 618866003
619120322 619120323
619120255 619120246
619120255 619120258
619120255 619120364
656132504 656132510
656132504 656132482
656132468 656132426
656132468 656132472
656132468 656132447
656132469 656132470
656132469 656132472
656132469 656132465
631821995 631821899
631821995 631821918
631821995 631821964
631821995 631822122
618865902 618865890
618865902 618865692
618865902 618865807
618865902 618865910
618866860 618866230
618866860 302303166
618866860 618866115
619120258 619120267
656132464 656132457
656132464 656132473
656132464 656132458
656132465 656132457
656132465 656132447
623979704 631669765
623979704 623979703
623979704 648172998
631821808 631821903
631821808 631821810
631821808 631822171
631669765 631669245
631669765 631669233
631669765 623979705
618638374 618638338
618638374 618638373
618638373 618866822
618955569 618955568
618955569 618955570
618955569 618955573
637639348 637639353
637639348 637639379
656132419 656132424
656132419 656132420
618638372 618638343
618866803 618866822
618866803 618638327
618866803 618865870
619136898 619136899
619136898 622618159
619136899 619136900
619136899 619136881
618866635 253559038
618866635 618638338
618866635 618866629
618955693 618955594
618955693 622617507
618866148 618866146
618866148 618866467
618866148 618866151
637640138 637639868
637640138 637640078
637640135 637639863
637640135 637640062
637640135 637639729
622618102 631822077
622618102 622618159
637640133 637639756
637640133 637639742
637640133 637639584
618866143 618866230
618867349 618866822
618867349 618638327
618649339 618649328
618649339 618866369
618649339 618866415
618649339 618866504
656132412 656132413
656132412 656132411
656132412 656132417
656132441 656132440
656132441 656132471
656132441 656132420
631669427 631669346
631669427 631669334
631669427 619136915
631669427 631669428
656132411 655375318
656132411 656132416
622617959 622617839
618866504 618866359
618866504 618638358
631821848 631821766
631821848 631822171
631821848 631821771
622617658 622617663
622617658 622617649
622617552 622617618
622617552 622617548
622617552 622617557
622617551 622617558
622617551 622617548
622617551 622617587
622617550 622617491
622617550 622617548
622617550 622617558
622617550 622617557
622617557 622617490
622617557 622617555
622617555 622617509
622617558 622617492
637639729 637639742
637639729 637640011
631821758 631821759
631821759 631821760
619120277 619120246
619120277 619120280
631821752 631821751
631821752 631822080
631821753 631822018
631821753 631821699
631821751 631821777
631821756 631821699
631821756 631821690
637639804 637639799
637639804 637639817
637639804 637639887
637639804 637639891
631821837 631821994
631821837 631822171
631821837 631821768
631821835 631821834
631821835 631821826
631821834 631821962
631821834 631821712
623979776 623979782
623979776 623979753
631669398 631669279
631669398 631669343
618865644 618865616
618865644 618865635
618865760 618865759
618865760 618866123
618865760 618866115
654154730 654154713
654154730 623915633
656132865 656132727
618866098 618866415
618866098 302303166
637640040 637640054
637640040 637640078
637640040 637639992
619136863 619136862
619136863 619136864
654154745 654154744
654154745 654154755
654154745 623915645
654154744 654154754
654154744 654154741
619136862 619136825
654154741 654154740
654154740 654154748
654154740 654154736
618865811 618865813
618865811 618865890
618865811 618865807
654154749 654154753
654154749 654154750
654154748 654154756
637639654 637639559
637639654 637639756
637639654 637639457
637639654 637639398
619136824 619136825
619136824 619136868
619136858 619136859
619136858 619136868
618955768 618955767
618955768 618955769
618955768 618955758
618955769 618865667
618955769 618955938
618955764 618955755
618955764 618955766
618955764 618955762
618955766 618955799
618955766 618955756
618955766 618955767
618955767 618955757
618955767 618955794
618955760 618955759
618955760 618865815
618955761 618955753
618955761 618955762
618955761 618955846
618955762 618955754
618955762 618955849
648172773 648172998
631668821 631668818
631668821 631668822
631668821 631668826
631821909 631822156
631821909 631821907
631821909 631822123
631821903 631821902
631821903 631821897
631821903 631821905
631821902 631822118
631821901 631821899
631821901 631821907
631821901 631821964
631821907 631821905
631821907 631821814
631821905 631821899
631821905 631821810
631822125 631822126
631822125 631822072
631822125 623915943
631822125 631822123
631822126 631822070
631822120 631821979
631822120 631821985
631822122 631822118
631822122 631821897
631822123 623915946
631822123 631821964
631668926 619136929
631668926 631668855
631822128 623915670
631822128 631822131
631822128 631822134
656132600 656132657
656132600 656132513
656132600 656132524
631668923 631668914
631668923 631669076
631668923 631668902
631669174 631669175
631669174 631669240
631669174 631669238
618866932 619120353
618866932 619120333
619137000 622618112
619136851 619136852
619136851 619136854
618866123 618866129
618866123 618866230
619136826 619136911
631822012 631822010
631822012 631822076
631822012 631821714
631822012 631822014
656132426 656132425
656132426 656132446
656132427 632569633
656132427 656132446
656132427 656132428
656132424 623980147
656132424 656132423
656132425 656132445
656132425 656132447
656132422 656132416
656132422 654326238
656132420 656132421
656132421 656132471
619136854 619136853
619136854 619136855
622617976 618865977
622617976 622617839
656132428 656132429
656132429 656132444
618649298 618649273
618649298 618649276
618649298 618866003
618649298 618649290
618649294 618638360
618649294 618649297
618649294 618649292
618649297 618638415
618649290 618649329
618649290 618649292
618649290 618865996
618649292 618649328
623979839 623979905
623979839 623979724
631822018 631822031
619136859 619136860
619136859 619136855
631822010 631821716
631822010 631822075
631669175 631669202
631669175 631669177
619136852 619136878
619136852 619136856
631669177 631669246
631822014 622618044
631822014 631822153
619136855 619136856
619136856 619136857
631822150 631822076
631822150 631822153
631822150 631822082
631822150 631822145
631822153 631822072
631669076 631668903
631669076 631669078
631669071 623979702
631669071 631668891
631669071 648173130
631668815 631668818
631668815 631668854
631668815 631668813
631668815 631668899
631822157 631822054
631822157 631822084
631822157 631822136
631822156 631821963
631822156 631821990
631668818 631668855
631668818 631668902
631822158 622617470
631822158 622617467
631669078 631668976
631669078 655375236
655375345 655375237
655375345 631668971
622618144 631821983
622617663 622617666
631669073 631668914
631669073 631668897
622617666 618865977
656132552 656132565
656132552 656132555
656132555 656132558
656132555 656132581
656132555 656132572
655375233 655375232
655375233 655374970
655375233 655374962
655375232 655375231
655375232 631668954
655375231 623980147
655375231 623980152
655375237 655375008
655375237 655375236
655375236 655374962
637639682 637639672
637639682 637639690
637639379 637639776
623980094 623980090
623980094 623980147
623980094 631821885
648173130 623979703
623916005 623915943
623916005 623915996
631668954 631668971
619120291 619120280
619120291 619120332
619136904 619136901
619136904 619136867
618865996 618866003
618865996 618865992
618638392 618638395
618638392 618866750
618638392 618638390
622617618 622617546
622617618 622617589
631669416 631669351
631669416 631669343
631669416 631669340
631821873 631821876
25423625 631822036
25423625 618955703
631821714 631821716
631821714 622618044
631821712 631821710
631821712 622618238
631821876 631821879
654154731 654154716
654154731 654154722
654154731 654154729
631821879 631821865
631821879 631821889
618638327 618638326
618638327 618865877
618866526 618866315
618866526 618865753
618866526 618866359
631821718 631821716
631821718 623915670
631821718 631822131
618638323 618638319
618638323 618867170
623980152 623980147
623980152 623980090
622617865 622617869
622617865 622617861
622617861 622617875
622617861 622617877
618866115 618866406
637640000 637639992
637640000 637640054
637640000 637640011
654326238 656132471
654326238 656132474
622617916 622617681
637639880 637639883
637639880 637639569
637639457 637639447
637639457 637639776
637639742 637639753
622617508 622617509
622617508 622617461
622617508 622617507
622617509 622617510
622617461 623915674
622617461 622617464
637639615 637639622
622617467 631822159
622617467 622617506
622617467 622617464
622617464 623915671
622617464 622617507
619136929 619136900
619136929 631668863
637639753 637639771
637639753 637639756
622617505 622617470
622617505 622617506
622617506 623979714
622617506 622617507
618955580 618955571
618955580 618955579
618955580 618955581
618955581 618955570
618955581 618955573
618955581 618955556
618638395 618866822
622617754 622617757
622617754 622617760
618955582 618955567
618955582 618955551
181184190 619136881
619120325 619120324
619120325 619120419
619120325 619120326
619120325 619120364
637639852 637640262
637639852 637639799
637639852 637639891
619120324 619120323
619120324 618955736
618638351 618638358
618638351 618638343
631821932 631821997
631821932 631821933
631821932 631822172
623979722 623979821
623979722 623979753
623979722 623979716
623979723 623979719
623979723 623979724
181184587 619120383
181184587 618865977
181184587 619120327
619120327 619120353
618865610 618865616
618865610 618865635
656132727 656132639
618865753 618865756
631822134 631822159
618865756 618866246
618865756 618865759
654154718 654154722
654154718 654154714
654154719 654154714
654154719 654154720
619120323 619120340
619120323 619120343
654154713 654154717
622617760 622617758
654154717 654154716
654154717 654154729
654154714 654154715
654154715 654154716
654154715 654154722
618649258 618649260
618649258 618649263
618649258 618649257
619136915 619136914
631822131 631822136
619120383 619120359
618649257 618649262
618649257 618649315
618955755 618955754
618955755 618955756
618955754 618955753
618955757 618955756
618955757 618955758
631821938 631821865
631668934 631668874
631668934 631668993
618955759 618955938
618955759 618955758
631821899 631821897
631821952 631821953
631821953 631821955
631822050 631822063
631822050 631822052
631822052 631822054
631822052 631822083
631822052 631822084
631821957 631821969
631668854 631668855
631668854 631668853
631668855 631668863
631822117 631822171
631822117 631821777
631822116 631821983
631822116 631821972
631821895 631821897
631668853 631669016
631668914 631668899
631669334 631669351
631669334 631669331
656132674 656132558
656132674 656132678
618638303 618638304
631669331 631669340
619120336 619120353
619120336 619120343
619120336 619120333
619120333 619120409
656132678 656132572
656132678 656132527
656132678 656132657
619120246 619120241
623979702 623979703
623979702 623979705
656132514 656132513
656132514 656132657
618865877 618865813
618865877 618865890
618865877 618865870
618865870 618865857
618865870 618865815
656132510 656132491
656132457 656132448
302303166 618649329
618649329 618649328
618649329 618865992
631668993 631669007
656132588 656132585
656132588 656132591
656132585 656132659
656132585 656132581
656132581 656132921
637639827 637639822
619136861 619136825
619136861 619136860
619136861 619136853
619136860 619136868
619120419 618955736
619136865 619136924
619136865 619136864
619136867 619136873
619136867 619136866
619136866 619136872
619136866 619136901
619136869 619136870
619136869 619136853
619136869 619136875
631668822 631668903
631668822 631668863
637640054 637640062
618866629 618866612
631668826 631668902
631668826 631668903
622617823 622617826
631821933 631821919
618866159 618866155
618866159 618866164
618866406 618865759
618866155 618866151
618866400 618866146
618866400 618866467
618866400 618866477
637639392 637639622
637639392 637639695
637639392 637639398
618866164 618866447
618866151 618866534
631821819 631821818
631821819 631821991
631821819 631821829
631821980 631821982
631821980 631821979
631821980 631821985
631669417 619136912
631669417 631669233
631669417 631669340
618955938 618865815
618865807 619137481
618649328 618638360
631668813 631669016
631668813 631668897
618866397 618866146
623979757 623979782
623979757 623979711
623979757 623979753
631821986 631821987
631821986 631822036
631821986 623915996
631668996 631668874
631668996 631669012
631821984 631821972
631821984 631821982
631821984 631821985
637639714 637639569
637639714 637639584
637639714 637639709
622617544 622617545
622617544 622617574
622617544 622617543
622617545 622617589
622617545 622617546
622617546 622617548
622617546 622617587
622617541 618955686
622617541 622617542
622617541 622617622
622617542 622617543
631821989 631821987
631821989 623915996
631821983 631821974
631821829 631821826
631821829 631821993
622617757 622617634
622617757 622617748
631821764 631821771
631821764 631821761
631821764 631821766
618955579 618955558
618955579 618955572
618955578 618955597
618955578 618955568
618955578 618955740
631821768 631821766
631821768 631821826
631821766 631821825
618955577 618955551
618955577 618955568
618955577 618955573
637639817 637639868
637639817 637639863
637639817 637639822
618955571 618955570
618955571 618955572
618955570 618955740
618955573 618955555
618955572 618866916
618865658 618865846
618865658 618865661
631821826 631821825
618638313 618638390
618638313 618638319
618638313 618638310
631669246 631669245
631669246 631669238
631669233 631669235
631821760 631821771
631821760 631821761
618638319 618638380
618638319 618638310
618638318 618638306
618638318 618649315
631669240 631669279
631669240 631669401
618955846 618955849
618955846 253559038
618865890 618638326
637639883 637639887
637639883 637639709
632569630 632569633
632569630 656132558
632569630 656132921
632569633 632569632
632569632 656132491
637639887 637639863
654154750 654154751
654154751 654154758
654154751 654154834
619136911 619136910
619136910 619136909
619136913 619136914
623915674 623915671
623915674 623915636
623915674 623915677
619136917 619136919
619136917 619136916
618638310 618638306
619120343 618955736
618955794 618955853
618955794 618865667
618955799 618955853
631821982 631821977
631821982 631821974
637639868 637639891
631821918 631821915
631821918 631821997
631821918 631821919
631668891 631669012
631668894 631668834
631668897 631668899
623979711 623979710
623979713 623979712
623979713 623979895
631669245 631669235
623979715 623979714
623979715 623979716
623979714 623979865
623979717 623979718
623979717 623979865
623979717 623979826
623979717 623979716
623979719 623979720
623979719 623979718
656132639 656132748
656132921 656132659
622617758 619136999
622617758 622617790
619136875 619136872
655374972 655374965
618638326 618866750
618638326 618867170
637639442 637639447
618649263 618649262
618649263 618649265
618649262 618649286
618649265 618649260
618649265 618649267
622617798 622617795
618955703 623979993
637639564 637639559
637639564 637639589
637639564 637639569
631821987 631821988
631821963 631821994
631821963 631821818
631821963 631821814
631821962 631821818
631821962 631821990
631821962 631821991
631821965 623915946
631821965 631821915
631821965 631821997
631821964 631821915
631822063 631822084
618649271 618649273
618649271 618649276
618649271 618649278
637640017 637639771
637640017 637640011
631822145 631822054
631822145 631822075
631822145 631822083
623979782 623979890
631669346 631669344
631669346 619137021
656132458 656132448
656132458 656132442
631669344 631669343
631669344 631669351
618866359 618866369
622617671 622617973
622617671 622617681
618866057 618865857
622617901 622617835
656132568 656132565
656132568 656132572
618865846 618865819
618865846 618865661
637639695 637640270
637639695 637639690
619136919 619136924
618955550 618955551
655374965 655374966
637639360 637639353
637639360 637640270
637640262 637640239
654154755 654154754
656132413 656132414
632569635 637640239
637640269 637639559
637640269 637639622
656132417 656132415
656132416 656132415
618866612 618866534
618866612 618866447
631821865 631821868
631821865 631821861
623915645 623915648
623915645 623915670
623915645 623915640
623915648 654154756
618865692 618865628
618865692 618867170
631821868 631821887
637639398 637639353
637639398 637639672
623915670 623915671
622617973 622617687
622617973 622617831
618955809 253559038
618955809 618865819
622617810 622617649
623915671 623915640
619136857 619136879
631821972 631821974
623915636 623915640
623915636 623915633
622617470 623915943
654154758 654154873
623915633 654154721
623915633 623915677
622617574 622617589
619136916 619137606
656132498 656132475
631669428 619136907
619136832 619136834
253559038 618866916
631821810 631821994
631821810 631821814
637639988 637640078
637639988 637639992
631822070 631822072
631822070 631822082
622617492 622617491
622617490 622617491
622617490 622617510
622617491 622617511
631669235 631669238
618865661 618865857
618865661 618865667
622617511 622617510
623915946 623915996
623915946 623915943
622617790 622617793
622617793 622617795
622617795 622617748
631821988 631822038
654154721 654154720
623979821 623979895
623979821 623979826
631821926 631821925
631821926 631821927
618955740 618866916
618955740 618955739
637639756 637639589
623979703 623979705
631821925 631821923
631821927 631821928
631821889 631821887
631821923 631822118
631668899 631668902
618955597 618955567
618955597 618955595
618955595 618955594
618955595 618955739
631821929 631821887
631821929 631821928
631821887 631821885
631821762 631821761
623979895 623979901
656132440 656132470
656132442 656132443
618955594 618955738
618955594 618955593
656132444 656132443
656132444 656132445
656132445 656132446
656132448 656132443
631822083 631822082
631821761 631821825
622618238 622618044
622618238 631821990
618866447 618866267
637639410 637639353
656132591 631821690
619136872 619136873
619136872 619136870
619136873 619136874
631822031 631822077
631822031 631822079
631822036 631822038
619120409 618955736
619136874 619136879
631668831 631668834
631669012 631668876
622617834 622617831
622617834 622617641
622617835 622617837
622617837 622617839
622617831 622617649
618865628 618865635
618866003 619136834
618865813 618865815
631821777 631822080
631669401 631669202
618865819 618955853
631821693 631821699
631821693 631821690
631822001 631821998
631821690 656132659
618638358 618638360
619136878 619136879
622617634 622617641
656132527 656132526
656132526 656132657
656132526 656132524
631821994 631821993
631821997 631821998
618955568 618955552
618955567 618955552
618866267 618866185
631821998 631821999
618638306 618638304
623979720 623979724
619136908 619136909
619136908 619136907
637639771 637639776
656132663 656132659
619136900 619136880
623979905 623979993
623979905 623979901
631822080 631822079
618866189 618866185
618638390 618867170
618955552 618955551
618955739 618955738
618955738 618955737
618955556 618955555
631822076 631822075
631821977 631821975
631821974 631821975
631668876 631668874
622617641 622617649
656132471 656132470
656132470 656132474
656132472 656132474
637639584 637639589
619136881 619136880
