434487829 434487769
434487829 434487831
434487828 434487833
434487828 434487765
434487828 434487756
497593946 497593937
497593946 497593911
429677723 497593961
429677723 497593925
429677723 434485490
437911973 425150175
437911973 448099699
437911973 437911971
1293987559 424994314
1293987559 434485040
1293987559 1293987560
434487767 429677704
434487767 434487766
434487767 434487837
434485352 1293990953
434485352 429677708
434485352 1293990956
434485351 1293990958
434485351 434485345
434485351 1293990956
434485350 1293990960
434485350 1293990958
434485350 434485346
434485055 1294006098
434485508 434485520
434485508 434485342
434485508 434485343
497593919 413752649
497593919 497593911
497593911 429677709
497593911 497593949
497595737 497595749
497595737 497595730
497595730 413752496
1294006114 1294006115
1294006114 1294006117
1294006114 1294006120
1294006114 1294006113
1294006115 1294006121
1294006115 1294006116
1294006116 1294006117
1294006116 1293987567
1294006117 413752637
1294006117 1294006118
1294006110 1294006111
1294006110 424989438
1294006110 413752660
1294006111 434487769
1294006111 1294006112
1294006112 434487831
1294006112 434487837
1294006113 1294006118
1294006113 1294006119
1294006118 413752665
413752626 413752628
413752626 437911983
413752626 413752632
437911983 425150175
437911983 448099698
429259949 437913794
429259949 424992284
429259949 429259917
497593961 497593925
497593961 413752648
429259941 26207638
497593967 497593925
497593967 497593971
434485007 434485064
434485007 429677703
434485007 434485001
434485007 434485008
434485006 434485340
434485006 434485005
434485006 434485012
434485005 434485004
434485005 434485011
434485004 434487760
434485004 434485010
434485003 434487760
434485003 434487776
434485003 434485002
434485003 434485009
434485002 434487777
434485002 434485001
434485002 434485008
434485001 434487816
434485001 434485000
434485000 434487779
434485000 434485063
434485000 413752646
434485009 434485010
434485009 434485067
434485009 434485008
434485008 434485068
424992284 424992286
424992284 437913880
1293987566 1293987565
1293987567 413752642
1293987567 1294006122
1293987567 1293987569
1293987564 434485038
1293987564 434485039
1293987564 1293987563
434487868 434487862
434487868 434487854
434487868 434487783
1293987562 424994314
1293987562 434483821
1293987562 434485039
1293987563 434483821
1293987560 434483821
1293987560 1293987561
1293987561 1293986861
1293987561 434485040
434487863 434487792
434487863 434487871
434487863 434483819
434487862 434487784
434487862 434483819
1293987569 434483694
1293987569 434483735
1293987569 1294006129
434483816 1293986869
434483816 1280854304
434483816 1280854306
434483817 424989223
434483817 434487813
434483817 434485056
434483817 424989438
1293986862 1293986861
1293986862 434485041
1293986862 434485040
434483815 434483795
434483815 1293986902
434483815 434483759
434483815 434483772
1293986865 1293986868
1293986865 1293986866
434483810 434487800
434483810 1293986892
434483810 424989224
1293986867 1293986868
1293986867 434485043
1293986867 434485044
1293986868 1293986863
1293986869 434487808
1293986901 413752667
1293986901 1293986902
1293986901 1293986898
1293986900 1293986899
1293986900 1280854309
1293986900 1293986887
1293986905 434487803
1293986905 1293986911
434483819 434487811
424989458 1280854303
424989458 1280854304
424989450 424989454
424989450 424989441
424989450 1280854306
424989454 1280854303
424989454 434485046
1293986888 1293986899
1293986888 1293986891
1293986888 1293986887
1293986889 1293986891
1293986889 1293986890
1293986889 424990214
1293986886 1280854308
1293986886 1293986893
1293986886 1293986887
1293986886 1293986885
1293986887 1293986892
1293986885 1293986894
1293986885 1280854307
434487768 429677704
434487768 434487841
434487768 413752646
434487769 1294006097
434487760 434487774
434487765 1293987580
434487765 434487766
434487766 434487841
437911971 413752635
437911971 26207634
437912099 424990563
437912099 437912097
437912099 437913863
437912099 437912121
437912097 429259876
437912097 437912114
1293987584 1293987586
1293987584 413752645
1293987584 1293987578
1293986915 434487805
1293986915 434487804
434487795 1294006092
434487795 434487796
434487795 434487848
434487794 1294006091
434487794 434487856
434487794 1294006092
434487796 434487850
434487796 424989224
434487791 434487811
434487791 1294006107
434487791 1294006106
434487791 434487792
434487790 434487810
434487790 1294006107
434487790 434487789
434487793 1294006091
434487793 434487871
434487793 1294006087
434487793 434487792
434487792 434487814
1293987581 429677705
1293987581 1293987580
1293987581 1293987583
1293987583 413752643
1293987583 413752644
434485043 434485021
434485043 434485041
434485043 1293986863
434485041 434485022
434485040 434485023
434485047 434485038
434485047 434485048
434485047 424989218
434485046 434485018
434485046 434485045
434485045 434485019
434485045 1293986866
434485044 434485020
434485044 1293986866
434485049 434485048
434485048 434485037
434483765 424990364
434483765 434483795
434483765 434483784
434483765 434483763
434483761 434483791
434483761 434483759
434483761 434483763
434483763 434483788
413752670 413752665
413752670 413752668
413752670 434483690
413752670 1294006096
413752671 1294006096
413752672 434483690
413752672 424990218
413752672 434483752
413752674 434483694
413752674 434483735
413752674 434483734
413752674 497595881
434483788 434483791
434483788 434483798
434483788 434483784
437913877 429260105
434483784 434483796
429259912 429259954
429259912 429259914
429259912 429260098
429259914 424992286
429259914 429259952
429259917 429259919
429259917 424992286
429259851 429259848
429259919 437913794
429259919 424992051
437913801 424992051
1280854310 424986486
1280854310 424986487
429259848 26207638
434487831 434487833
1294006094 434483690
1294006094 1294006093
1294006094 1294006095
434485340 429677707
434485340 434485341
434485341 434485342
434485341 434485345
434485341 434485530
434485342 434485346
434485343 434485344
434485343 434485347
434485344 434485348
434485344 413752648
434485344 497593954
434485345 434485346
434485345 429677708
434485346 434485347
434485347 434485348
434485347 434485349
434485348 429677702
434485348 434485059
434485349 1293990962
434485349 1293990960
424986486 424990205
424986486 424989224
424986487 434483752
429259954 429260105
429259954 429259952
434487756 413752665
434487756 413752637
434485016 413752663
434485016 413752662
434485016 434485062
434485536 434485530
434485530 434485520
434487776 434487777
434487776 434487774
1294006109 434487812
1294006109 1294006108
1294006109 1294006105
1294006108 434487813
1294006108 1294006107
1294006108 1294006106
1294006103 1294006102
1294006103 1294006105
1294006103 1294006104
1294006102 1294006101
1294006102 1294006088
1294006101 1294006087
1294006101 434487814
1294006100 1294006098
1294006100 413752656
1294006100 434485015
1294006106 1294006105
1294006106 1294006104
1294006104 434487814
413752639 413752635
413752639 413752669
413752639 434483749
413752635 413752636
413752636 413752666
413752636 413752669
413752636 1294006135
413752637 429677705
413752630 413752629
413752630 437911963
413752630 413752632
437912121 437912085
437912121 437912114
429260105 429260098
497593991 413752649
497593991 497593951
434485018 434485032
434485018 434485019
434485018 424989441
434485019 434485020
434485019 434485031
434485010 434485011
434485010 434485066
434485011 434485065
434485011 434485012
434485012 429677707
434485012 434485060
497593971 497593937
434485015 434485026
429259952 437913880
434485017 1293990981
434485017 413752650
434485017 434485059
434485017 429677702
434483694 413752643
434483694 413752642
434483759 413752667
434483759 434483793
434483752 1294006093
413752649 429677702
413752648 497593954
413752643 413752642
413752642 429677705
413752645 1293987574
413752645 1293987577
413752644 1293987578
413752646 1293987574
1293987574 1293987576
448099697 448099700
448099697 448099698
448099698 448099699
448099699 448099700
448099699 448099702
1293987578 1293987580
26207634 448099702
26207634 437911969
26207638 424990868
425150175 434483706
1293986874 434487805
1293986874 434487806
1293986871 434487807
1293986871 434487806
497595953 497595753
1294006088 1294006089
1294006088 1294006087
448099703 448099700
448099703 448099702
434485490 434485520
434485490 497595753
1294006087 1294006090
1293986899 1293986898
1293986898 1293986897
1293986891 1293986892
1293986893 424989220
1293986893 1293986892
1293986893 1293986894
1293986895 1293986904
1293986895 1293986919
1293986895 1293986896
1293986894 434483809
1293986897 1280854309
1293986897 1293986902
1293986897 1293986896
1293986896 1293986903
1293986896 1280854308
434487809 434487787
434487809 434487810
434487809 434483818
434487809 434487788
434487808 434487807
434487808 434487787
434487801 434487802
434487801 434483809
434487801 434487780
434487800 424989220
434487800 434487850
434487803 1293986914
434487803 434487782
434487802 1293986911
434487802 434487781
434487805 434487784
434487804 1293986914
434487804 434487783
434487807 434487786
434487806 434487785
429677704 429677703
429677707 429677708
429677703 413752663
424994314 434485024
429677709 497593937
429677709 429677710
429260097 424992049
429260097 429260098
424990868 424990563
424990868 424991129
413752629 413752628
434487871 434487856
434487786 434487787
434487786 434487810
434487786 434487785
434487787 424989441
434487784 434487785
434487784 434487783
434487785 434487811
434487782 434487854
434487782 434487783
434487782 434487781
434487780 424989220
434487780 434487850
434487780 434487781
434487781 434487848
424991129 437913816
434487788 424989223
434487788 434487789
434487789 434487813
1294006119 1294006120
1294006119 1294006131
497595758 497595762
497595758 497595753
434485056 413752656
434485056 413752657
434485056 1293990965
434485059 1293990962
1294006132 1294006133
1294006132 1294006131
1294006132 1294006120
1294006132 1294006135
1294006133 1294006121
1294006133 1294006134
1294006130 1294006129
1294006131 1294006136
1294006136 413752666
1294006136 1294006135
1294006134 434483749
1294006134 1294006135
424990205 424990214
437912119 437912114
437912114 437912082
437913863 437913794
437913863 437913816
434485021 434485020
434485021 434485022
434485021 434485029
434485020 434485030
434485023 434485022
434485023 434485027
434485023 434485024
434485022 434485028
434485025 434485039
434485025 434485024
434485025 424989218
434485024 434485026
434485027 434485028
434485027 434485026
434485026 424989218
434485029 434485028
434485029 434485030
1280854309 1280854308
1280854308 1280854307
434483706 434483709
434483706 434483749
434483709 1293987565
1280854307 1293986919
434487846 434487856
434487846 434487854
434487846 434487848
434487848 434487850
1294006089 1294006090
1294006089 1294006095
424990374 424990563
424990374 437911969
424990374 437912085
434485520 434485524
1294006091 1294006090
497593949 497593951
434485065 434485066
434485065 434485061
434485067 434485066
434485061 434485060
434485061 434485062
434485060 1293990953
497595762 497595881
434483740 413752667
434483740 434483793
434483740 413752668
434483741 413752666
434483741 413752668
434483741 434483802
413752658 434483731
413752658 413752660
413752652 1293990980
413752652 413752651
413752650 1293990963
413752650 413752651
413752656 434485030
413752657 434483731
424988547 434483779
1294006099 1294006098
1294006098 1293990965
424989438 434487812
424989438 434483731
437913794 429259876
1294006090 1294006093
1294006093 1294006092
1294006095 1294006096
497595881 413752496
1294006097 413752665
1294006097 1294006096
1293990953 1293990954
1293990957 1293990959
1293990957 1293990956
1293990957 1293990954
1293990955 1293990954
1293990954 413752660
1293990959 1293990961
1293990959 1293990958
434487812 434487813
434487810 434487811
434487816 434487778
437912072 424990364
437912072 437912082
437912072 437912133
1293987565 434483739
437912133 437911969
424990218 424990214
1294006121 1294006120
1294006123 1294006122
1294006123 1294006124
1294006123 1294006126
1294006122 1294006129
1294006125 1294006124
1294006124 1294006128
1294006127 1294006126
1294006126 1294006129
1294006126 1294006128
1294006128 434483739
424989441 434483818
424991619 424992051
434485032 424989223
434485032 434485031
434485030 434485031
434485037 434485038
429259876 434483770
434483737 434483735
434483737 434483739
434483734 1293987586
434483733 1293987586
434483733 434487779
434483732 434487774
1293986861 1293986863
434483795 434483770
1293990980 1293990981
434483800 434483791
434483800 434483798
434483800 434483802
434483802 434483793
437912036 437912034
437912036 437911963
434483809 424989220
1293986903 1293986902
1293986903 1293986904
1293986903 434483772
1293990962 1293990963
1293990963 1293990961
1293990963 1293990965
1293990960 1293990961
434483818 424989223
1293986904 434483777
424992051 437913816
434487777 434487778
434487779 434487778
437912082 437912085
497593951 497593954
434483772 434483779
434483772 434483770
434483777 434483779
413752662 413752661
413752661 413752660
434483798 434483796
434483791 434483793
