1105125316 139.7714423 35.6761556
1072641561 139.7708041 35.6835894
1130818761 139.7835223 35.6747299
1106211604 139.7857198 35.6809593
1105152852 139.7687718 35.6682437
1106211603 139.783135 35.6825202
1130958344 139.7737896 35.6695332
951246999 139.765043 35.6711523
1130958694 139.7756627 35.6731956
31255230 139.7714117 35.6741465
1130958342 139.7744837 35.672383
1130958691 139.7804318 35.6692997
31255239 139.7699644 35.6745622
31255238 139.7701757 35.6746099
1105125556 139.7708636 35.6752048
1106212135 139.7827478 35.6813929
1130958699 139.7783671 35.6723927
1130812428 139.7755442 35.6765002
1130812429 139.7770387 35.677878
1130812387 139.7775469 35.6796528
1130812386 139.7733495 35.6818308
1130812389 139.7795688 35.6779021
1105291138 139.7841336 35.6850683
1130812422 139.7759198 35.6746093
1130812423 139.7769067 35.6807393
1130812424 139.7723976 35.6803089
1130812425 139.7767218 35.6835787
260996137 139.7782031 35.6766759
1130812427 139.777111 35.6810881
499276003 139.7793851 35.6835905
1106212103 139.7833119 35.6798449
1130958668 139.7689785 35.6698766
1130812546 139.776874 35.6785906
1105291284 139.7809884 35.6824169
567878939 139.7784021 35.6836807
1136631242 139.7689299 35.6804579
567878935 139.7784599 35.6839723
1136631247 139.7689515 35.6810759
1106211735 139.7843546 35.6801253
1130958665 139.7809918 35.6717319
1105125349 139.7727627 35.6782404
878518788 139.7740694 35.6694165
1130958283 139.7738124 35.6731244
1130813282 139.7806002 35.6806846
1054597767 139.784512 35.6838288
878518780 139.7709078 35.6717273
1130812945 139.7779232 35.6790214
1130812324 139.7761836 35.6751052
1130958524 139.7795603 35.6701391
878518784 139.7701703 35.6715405
1130812941 139.7759142 35.6770799
1130812442 139.7798141 35.6795534
1130958441 139.7665669 35.669952
1130958447 139.7751087 35.6704617
1130812443 139.7806277 35.6796101
1130958883 139.7762551 35.6733583
1130812770 139.7777506 35.6809736
1130958881 139.7740263 35.6712839
1130812440 139.774731 35.6751873
473466580 139.7657764 35.6752279
1105125130 139.7770682 35.6788971
256669806 139.7729091 35.6813909
568092769 139.7783876 35.684228
264871782 139.7713168 35.6845798
835996365 139.7694222 35.6687947
1130958347 139.7785618 35.6730579
1130812400 139.7728289 35.6755946
1105125582 139.7716898 35.6765647
1105125583 139.7669699 35.6712938
1130958597 139.7801737 35.669819
1105291180 139.783579 35.6840745
1105125584 139.7793149 35.6732326
1105125585 139.7747895 35.6762867
510591086 139.7673563 35.674133
499275976 139.7804416 35.681383
499185644 139.7662109 35.6758679
1105290859 139.7811323 35.6832025
1105290994 139.7820175 35.6832155
236621597 139.7736722 35.6826113
1105290997 139.7853185 35.6770624
1130812938 139.7779601 35.6812819
31255186 139.7715867 35.6736496
1130812837 139.7793461 35.6811661
1130812722 139.7759947 35.682289
1130812932 139.7821755 35.6775336
499185704 139.7681842 35.6762594
499185657 139.7674925 35.6752868
499185514 139.7708588 35.6805297
1105125626 139.7790722 35.6781022
1130958979 139.7730977 35.6733471
1130813240 139.7791163 35.6752983
271660876 139.7770502 35.6848403
1105125140 139.7662272 35.6705685
1130813125 139.7822004 35.6775143
1105125146 139.7747972 35.6673692
1093866732 139.7828228 35.6836288
271660870 139.7745285 35.6845828
271660871 139.7746878 35.684569
254366845 139.7738049 35.6746948
1105290987 139.7803254 35.6835726
254366847 139.7769925 35.6745988
254366846 139.7748415 35.6746299
499185738 139.7701137 35.6793424
1105290699 139.7797995 35.6840488
1130813195 139.7777238 35.6820514
568095448 139.7782471 35.683592
1105291353 139.7845393 35.6845989
1130813067 139.7819207 35.6782211
1130958878 139.7655487 35.6707765
499185465 139.7711429 35.6836098
499185464 139.7714507 35.6848929
499185467 139.7675782 35.6752605
499185549 139.766073 35.6758353
1106211463 139.7829058 35.6802725
499185542 139.7685178 35.6752177
237415644 139.7794216 35.6762719
1130958943 139.778727 35.671632
1106211581 139.7853803 35.6787753
572570053 139.7751198 35.6785545
1093866937 139.7806252 35.6835431
1130812593 139.7780838 35.6826233
1105125441 139.7758619 35.6700683
1130958712 139.7797127 35.6714883
1130812599 139.7780375 35.6780056
1130812611 139.7795131 35.6802826
1070638239 139.773841 35.6783224
1105125723 139.7693681 35.6787963
1130812615 139.7718765 35.678611
1105125721 139.7718602 35.6768282
499185499 139.7770814 35.6835896
1130958771 139.7765809 35.6719222
1130812204 139.7726869 35.6764761
304153036 139.766933 35.672918
1130812208 139.7787425 35.6758662
1054597783 139.7817074 35.682494
1105125282 139.7785437 35.672843
499185496 139.7743393 35.683466
1136641926 139.7692519 35.6801435
1130813232 139.7787981 35.6804199
1130813230 139.7757734 35.6759175
1130958909 139.7792442 35.6712496
1106211515 139.78517 35.6820651
1130812388 139.7806315 35.6755331
1130958902 139.7765704 35.6741403
1130958907 139.7737872 35.6707246
1130812183 139.7711967 35.6746348
1106211761 139.7832181 35.6808275
1106211889 139.7852367 35.6807765
265887034 139.7676551 35.6843876
1138564598 139.7851259 35.6835697
1130812184 139.7763235 35.6788175
1105125366 139.7721349 35.6772486
1106211881 139.7858337 35.6823297
1105290956 139.7840598 35.684324
1130818758 139.7825751 35.673937
1130818759 139.782854 35.6724799
1105125539 139.7685704 35.6732764
1130812920 139.7771113 35.6765716
499831289 139.7794873 35.6836287
1105291170 139.7803637 35.6836785
860369068 139.767536 35.6842911
1105125432 139.7803289 35.6703666
1072641846 139.7737312 35.6824583
499831364 139.769765 35.6674287
1105152917 139.7698295 35.6717552
1105125437 139.7756854 35.682909
1130812542 139.7778623 35.6835837
1130812506 139.7763734 35.6778004
1130812056 139.7812507 35.6792737
1130812503 139.7751375 35.6778064
1106212140 139.7854194 35.6817737
1130812115 139.7730837 35.6760083
1130812116 139.7839212 35.6769466
1130813147 139.7784831 35.6810703
1130958623 139.7725824 35.6707663
1130958621 139.7790946 35.6702561
1130958620 139.7747626 35.6730614
588407962 139.7827168 35.6786824
588407963 139.780705 35.6747429
1130812295 139.772529 35.6762235
588407961 139.7825343 35.6785804
1059532126 139.7650048 35.6819295
1130812119 139.7716249 35.6782125
588407964 139.7830592 35.6722626
1130812290 139.7714525 35.6787883
1130812860 139.7779464 35.6802833
1130818765 139.7831988 35.6744498
572569986 139.7725986 35.6745663
307385366 139.7705201 35.6824063
307385365 139.7701269 35.6818014
251637185 139.768556 35.676696
1130818767 139.7811796 35.6748739
1130958401 139.7776789 35.6725755
265554117 139.783309 35.685137
1130818766 139.7823981 35.6746469
499831318 139.777799 35.6844444
1130958398 139.7748985 35.6722689
1130958397 139.7806232 35.6747233
1130958396 139.7756472 35.6730116
31254278 139.7657699 35.6684561
31254373 139.7721632 35.6675711
860364906 139.7689308 35.6835286
31254375 139.7743106 35.6693151
31254374 139.7732457 35.6684165
31254377 139.775166 35.670229
31254376 139.7750989 35.6701454
1130813111 139.7773371 35.676931
1130812251 139.7753867 35.6781942
1130812373 139.7828203 35.6770351
1130812375 139.7708165 35.6777697
1130958666 139.7746141 35.6727002
1106211648 139.7838407 35.682422
1106211649 139.7843599 35.6818201
1130958492 139.7794278 35.6697953
1130812470 139.7804244 35.6792855
1130958495 139.7731213 35.6735451
1106212132 139.7819587 35.6817115
1130958499 139.7688657 35.6707627
1130812571 139.7741288 35.677688
1130812576 139.7789578 35.6831388
1130958715 139.780365 35.6707519
1130812575 139.778755 35.6791346
1130958279 139.7660592 35.6700312
1070638476 139.7709048 35.6737997
1072641717 139.7736115 35.6825138
860351535 139.7712053 35.6848314
1130958270 139.7789845 35.6699889
1106211535 139.7842011 35.681252
1130812874 139.7774309 35.6770832
1130958275 139.7781332 35.6717964
1130818768 139.7837881 35.6745103
1130958572 139.7794909 35.6699589
1130958571 139.7777916 35.6728851
1130958577 139.7691662 35.6705615
1130812973 139.7716727 35.67487
1105125667 139.7737036 35.6719506
1105125665 139.777852 35.6710795
1130958471 139.7767852 35.6724275
1105125663 139.7745278 35.6782714
1130812062 139.7779852 35.6763005
1130812978 139.7787699 35.6764737
1105125107 139.7808371 35.6702329
1105125104 139.7726367 35.6722635
1105125105 139.7806169 35.6731456
263086176 139.76571 35.675481
1130812289 139.7755602 35.6811487
1105125061 139.7751228 35.6820337
1130958476 139.778245 35.6701713
1130812128 139.7792517 35.6819817
1105125550 139.7798276 35.669044
567878882 139.7781794 35.6840051
1130818783 139.7823542 35.6741692
1138564634 139.7854379 35.6834289
1130812480 139.7789859 35.6748594
588411738 139.7762792 35.6729673
567878888 139.7781791 35.6836092
588391376 139.7709954 35.6705213
1105291250 139.7804807 35.68278
588391373 139.771624 35.6710475
1105291369 139.7840141 35.6835971
1070638168 139.7708013 35.6738278
499185507 139.772082 35.6800347
951247032 139.7684001 35.6702951
951247034 139.7696682 35.6710265
951247035 139.7705971 35.6703816
689881128 139.7698445 35.676243
1070638276 139.7647826 35.681312
689881127 139.7697782 35.6761245
835996348 139.771899 35.6709284
689881123 139.76597 35.6720183
1130812514 139.7822543 35.6754022
1105125670 139.7688254 35.6731049
1130812129 139.7726845 35.683452
1130812653 139.7714589 35.6745412
1130958526 139.7758186 35.6741566
499185691 139.7677627 35.6756018
1215848314 139.7811849 35.6751702
1130812714 139.7787079 35.6775044
1059532190 139.7656393 35.6814683
499185698 139.7668708 35.676834
1130812805 139.7765542 35.6780858
469189493 139.764716 35.6747652
1105125619 139.7742411 35.671806
499185599 139.7658736 35.6757576
1105125100 139.7751501 35.6696503
1106211940 139.7856999 35.681464
1130958869 139.7782265 35.6720342
1130813274 139.7806204 35.6763634
1105125611 139.7765147 35.6791151
598438986 139.7680158 35.6721406
1130958889 139.7809745 35.6722177
1106211948 139.7859476 35.6806834
1130958829 139.7797067 35.6705304
1130958944 139.7764645 35.6733903
1130813172 139.7837691 35.6778074
1130958942 139.7793052 35.6730236
1130813174 139.7750513 35.6767076
1130958941 139.7741533 35.6701181
1070638575 139.7659944 35.6688499
1130813178 139.7781618 35.677058
1130958823 139.7783975 35.6724701
1130958825 139.7774487 35.6719789
1105290813 139.7806661 35.6848138
1105125468 139.7738203 35.6702657
1072642001 139.7758324 35.6815866
1105125419 139.7719178 35.6725939
1105291030 139.7808278 35.6834109
1130818795 139.7835643 35.6728974
1105125575 139.7742593 35.6741904
1130818790 139.7826733 35.6744115
1130818791 139.7824904 35.6734975
1130818792 139.7827213 35.6753883
1130818793 139.7830056 35.6729337
1105125477 139.7666418 35.6702853
1130812109 139.776216 35.6766073
1105125578 139.7804016 35.6727525
1130812150 139.7783895 35.6757501
499276017 139.7786267 35.6837019
1130813090 139.7769379 35.6749726
1130812621 139.7757149 35.6787153
1106212069 139.7849847 35.6796227
1106212068 139.7834893 35.6813653
1130812158 139.7785314 35.6787716
1106212064 139.7849237 35.6811618
1130812628 139.7745823 35.6833631
1130812250 139.7836376 35.6766725
1130812255 139.7780351 35.6752534
1130812254 139.7767105 35.6773822
1130812784 139.7785635 35.6751464
256671737 139.7736927 35.6786107
1106211934 139.7842139 35.6802815
1130958723 139.7743198 35.6708737
510591085 139.7670139 35.6743671
1105167225 139.7726066 35.6750199
1105152848 139.7715166 35.6712253
1105167228 139.7726633 35.6747996
1072641478 139.7793966 35.680176
588407947 139.7852749 35.6741012
1130958357 139.7804267 35.6722426
387769170 139.772037 35.6824156
1130958687 139.7738339 35.6722656
387769172 139.7710717 35.6808779
31254339 139.7707753 35.6701638
387769174 139.76981 35.6813615
1326673800 139.7710684 35.6716312
914718372 139.7703688 35.6797479
565480320 139.7828041 35.6800498
1093866857 139.7780719 35.6848551
878518775 139.7734062 35.6696931
1105125501 139.7752766 35.6760811
1105125506 139.7737067 35.6797677
258071544 139.7737963 35.6825653
1130812439 139.7797758 35.6782394
258071546 139.7717898 35.679357
1105125744 139.7747684 35.6798381
1130812434 139.7789612 35.6804963
1130812433 139.7758815 35.6832589
1130812432 139.7750606 35.6757273
1130812431 139.77427 35.679532
1130812430 139.7705575 35.6773456
1130812536 139.7757398 35.6768067
1106211685 139.7852925 35.6836639
1130812535 139.7783321 35.6773151
567878906 139.7777294 35.6844603
1130812530 139.7802 35.6789255
1106211728 139.7829868 35.6819542
1130958616 139.7758903 35.6724537
1136631237 139.7687152 35.6806687
1130958614 139.7804349 35.6714663
567878908 139.7779109 35.6843906
568091570 139.7857465 35.6813541
1106211722 139.784881 35.6834214
1130958610 139.7733142 35.6728598
1106211827 139.781657 35.6812338
734877625 139.7645194 35.6803792
734877624 139.7652212 35.6802244
734877623 139.7650431 35.6776099
1130958538 139.7763232 35.6741457
1130958534 139.7780354 35.671547
1105125572 139.766302 35.6705178
499185504 139.7695915 35.6810442
1130958918 139.7678581 35.6703143
236104869 139.7708623 35.6837058
1130958435 139.7779455 35.671318
1130958432 139.7760001 35.670433
1130958433 139.77529 35.6709286
258071907 139.7650853 35.671309
1130958431 139.7700312 35.669901
258071908 139.7687438 35.6747881
1130958376 139.7720364 35.6712045
1106211841 139.7839917 35.6807683
1130958439 139.7786344 35.6713997
271660700 139.774901 35.6841598
31254349 139.772339 35.6730064
1130958629 139.7697441 35.6701161
1130958798 139.7741876 35.670554
393101163 139.763976 35.6732601
1105290612 139.7815466 35.6826887
271660706 139.7765851 35.684806
31254341 139.7716237 35.6711641
1105125386 139.7697882 35.6794812
1130813169 139.7714049 35.6749774
31254346 139.7693906 35.6689151
1070588233 139.7767694 35.6848246
1105125598 139.7751197 35.6696866
1130812448 139.7779691 35.6803192
1130812449 139.773469 35.6793799
1130812327 139.7774076 35.6757885
1105152856 139.7681971 35.6749327
499275925 139.7859555 35.6811371
473474084 139.7643633 35.6718075
473474085 139.7642473 35.6717151
1105125593 139.7730091 35.678649
1130812441 139.7768183 35.6785027
1130812446 139.7759562 35.6747499
1130812444 139.7851862 35.6762797
1130812445 139.7795997 35.6809477
499185652 139.7675958 35.6754816
1105290865 139.7825635 35.6846085
265886152 139.7650887 35.6777225
264936072 139.7645319 35.6850773
1106211739 139.7843922 35.6817822
1070638135 139.7697886 35.6724727
588411740 139.7730778 35.6731802
588411742 139.772479 35.6733371
588411745 139.7722445 35.6721371
1130812847 139.7765126 35.6814734
1130958549 139.7749615 35.6730494
1130958543 139.7644247 35.6725012
1130958540 139.7734482 35.6731521
1326673799 139.7716456 35.6723975
1130958545 139.7804166 35.671302
1105125656 139.7783056 35.6784051
1105125657 139.7710108 35.6729586
1130958981 139.7645762 35.6699456
1105125652 139.7760418 35.6835447
1105125651 139.7743199 35.6674774
1105152945 139.772194 35.6734317
1130813136 139.7756467 35.6759593
1130813131 139.7766287 35.683904
1130958478 139.7806017 35.6696908
1070638431 139.7648172 35.6814158
258347411 139.7653861 35.6815222
1130958861 139.780159 35.669786
588411739 139.7741775 35.6730967
1105290916 139.7806475 35.6841451
1130958862 139.7767741 35.6741377
499185726 139.7713169 35.6788162
236104832 139.7801804 35.6800243
567878871 139.7795931 35.6836553
1130958592 139.7808799 35.6705151
568095439 139.7782013 35.6842901
860362994 139.769542 35.6839903
1093866582 139.7813971 35.6839473
1105152954 139.7689251 35.6699152
31254287 139.7657163 35.6684958
568090179 139.7818172 35.6802449
499185472 139.7731102 35.6846319
1106211577 139.7848087 35.6794625
499185470 139.7714044 35.6841907
951247002 139.7695147 35.6694892
1093866904 139.7791608 35.6850351
1070638340 139.7735675 35.6784305
1070638617 139.7695948 35.6726028
1070588267 139.7745427 35.6848846
1130812584 139.7697516 35.6762747
1130812580 139.7760505 35.678297
1130812664 139.7748603 35.6788049
31254361 139.7719359 35.6711562
1130812661 139.7821305 35.6732463
1130812741 139.7704014 35.67709
1106211875 139.7831977 35.6804058
1105125071 139.7725591 35.6807928
1130812746 139.7760124 35.67629
1130812554 139.7824792 35.6777327
1054597794 139.780526 35.6823673
1130813221 139.7763088 35.6753009
1105290990 139.7849879 35.6840703
1130812346 139.77639 35.6768781
1106211502 139.7839199 35.6815883
1106211500 139.7851834 35.6830794
1130813229 139.7757746 35.6802611
1130813228 139.7738816 35.6772926
1130958913 139.7763718 35.673186
1070588260 139.7753731 35.6846546
1045501842 139.776533 35.6845112
1106211716 139.7842927 35.6831122
264873158 139.7641327 35.6734905
1130958644 139.7776757 35.6706292
260102613 139.7855736 35.6843549
260102612 139.7831859 35.6831947
1130958649 139.7684766 35.6710077
1138564580 139.7852448 35.6834318
1130958318 139.7659618 35.6703236
565480289 139.7827698 35.6801829
1130958911 139.770669 35.6693296
1106211484 139.7848282 35.6824656
1093866648 139.7851216 35.6849143
1130812398 139.7763524 35.6746011
1105125279 139.7696971 35.6786613
257717882 139.7645838 35.6814665
565362105 139.765874 35.6720807
565362103 139.7655242 35.6723262
1130812131 139.7745614 35.6749096
565362101 139.7651885 35.6725769
1130812067 139.7771687 35.6778223
1130812103 139.7755707 35.6784853
1130812102 139.7792923 35.674561
1130812101 139.7714502 35.6779377
1130812100 139.781877 35.6781955
1130812107 139.7759099 35.6833095
1130812831 139.7789508 35.6794524
1130812105 139.7791623 35.6797957
1130812104 139.7799883 35.6759048
1130812267 139.7753135 35.683535
588407959 139.7805745 35.6773522
1130812265 139.779576 35.6791938
588407957 139.7845794 35.6798759
588407956 139.7822838 35.6752382
588407955 139.7822393 35.6753638
1106211809 139.7853601 35.6793381
588407953 139.784402 35.6774113
588407952 139.7845197 35.677521
1106211475 139.7835256 35.6796198
598438985 139.7687499 35.6716546
499185596 139.7662993 35.6757196
1130958316 139.7775492 35.672219
1106211622 139.7855415 35.6789213
1105125185 139.7729194 35.6773557
1106211626 139.7858795 35.6792273
1130812087 139.77686 35.6775998
1130812084 139.7814163 35.6783693
1130958360 139.7747391 35.6707471
256426175 139.7791784 35.684025
1130958365 139.7768927 35.6726933
1105291395 139.780804 35.6833196
256426172 139.775537 35.6842055
1070588272 139.7751899 35.6850655
257717782 139.7647036 35.6818622
1070588275 139.7768615 35.6835857
1070588276 139.7767442 35.6834629
1093866675 139.7829101 35.6848153
860364917 139.7694449 35.6837162
31254306 139.7670401 35.6698012
31254307 139.7678614 35.6706982
1105291265 139.7827726 35.6843672
1130958311 139.7739058 35.6710019
1130812369 139.7767491 35.6759949
1130958937 139.7757253 35.6720364
31254262 139.767675 35.6677135
31254359 139.7741887 35.6703263
31254309 139.7671134 35.669486
304153015 139.7730873 35.6685777
1130958487 139.7803758 35.6708665
1130812568 139.7767745 35.6760354
1130812404 139.7724356 35.6765817
1130958484 139.7736505 35.6727621
1130958483 139.7744388 35.6711612
256677072 139.784383 35.671783
359522074 139.767067 35.6773574
256677070 139.7852 35.668333
1130958766 139.7810018 35.671452
1130812558 139.7740287 35.6791469
1130958762 139.7741923 35.673281
1106211652 139.7846472 35.6793176
1130812408 139.7741695 35.6760846
1130812409 139.7758682 35.6779999
1072641766 139.7782036 35.6806621
499185754 139.7713433 35.6812943
1130812413 139.7763575 35.6747277
1130958268 139.7749794 35.6732326
1130958267 139.7802397 35.6699667
1130958266 139.7739423 35.6725279
1130958264 139.7779976 35.6695354
1130958506 139.7809967 35.6712857
568095471 139.7795078 35.6838526
1130812464 139.7830688 35.6755075
1106211698 139.7829865 35.6811059
1130958502 139.773202 35.6726153
1105125697 139.7743635 35.6808269
1130958820 139.7752828 35.6741682
1130958461 139.7786147 35.674101
1130818772 139.7824517 35.6767441
1130812969 139.7746263 35.6835259
568095473 139.7797083 35.6836851
1105291057 139.7799529 35.6842637
499276009 139.7790428 35.6837377
1130812557 139.7739088 35.6829683
1059532229 139.7648211 35.6808646
1105291054 139.7805224 35.6846873
1105290811 139.7800236 35.6839017
1105291322 139.7818151 35.6848105
1130818771 139.7816333 35.6744053
236104926 139.7739255 35.6785186
1130958938 139.7800026 35.6694358
1130958948 139.7731626 35.6742154
1130812316 139.776012 35.680636
1130812517 139.7785711 35.6800429
951247044 139.7672162 35.6711382
1105125628 139.7712946 35.6728463
1105125369 139.7733348 35.6720555
1070638147 139.7649605 35.6818083
1105125483 139.7797726 35.6778199
1138564627 139.7850028 35.6832883
1130812895 139.7754052 35.6808993
1130812703 139.7800385 35.6812637
1106211877 139.7847687 35.6788128
1105125609 139.7792932 35.670696
1130958876 139.7750503 35.6726437
727444581 139.7663629 35.6846851
1130813268 139.7739701 35.6757663
1130958877 139.7785326 35.6708984
1105125601 139.7806777 35.6731098
1105125600 139.7729936 35.672161
1106211459 139.7824968 35.6816794
255334831 139.7657428 35.6848279
1130813261 139.7816735 35.6784148
568095442 139.7782959 35.6840714
1105125607 139.7733042 35.6790939
1130958954 139.7694336 35.6703483
1130958957 139.7728546 35.6727164
568095469 139.7792643 35.683948
264873301 139.7709683 35.6837899
1105290826 139.7809126 35.6833567
568095462 139.778866 35.6839527
499185617 139.7675097 35.6751387
1130958817 139.7723156 35.6713575
1130958810 139.7770065 35.6731511
499185613 139.7695367 35.6743349
1105290944 139.7829511 35.6841717
1105125231 139.7792693 35.6706455
1130818789 139.7803237 35.6765845
1130818788 139.7826831 35.6748642
1105125234 139.7765416 35.6756646
499185632 139.7705253 35.6746889
878518764 139.7714148 35.6705257
1105125238 139.7684317 35.6791693
1130818782 139.779743 35.6760637
1130818781 139.7834563 35.674243
1130818780 139.7834406 35.6724624
1130818787 139.7827785 35.6731792
1130818786 139.7833242 35.6731497
1130818785 139.782908 35.6742107
1130818784 139.7808853 35.6771187
1105291025 139.7815964 35.6837103
271660875 139.7762675 35.6847712
1130812232 139.778539 35.6760926
1105125464 139.7760587 35.6792918
1105125467 139.7683782 35.6719008
559979730 139.7655973 35.6691979
256677074 139.7837631 35.6726884
1105125080 139.7666125 35.6704001
1130812146 139.7783764 35.6825215
1130812633 139.7773551 35.6815107
951246988 139.7710407 35.6701289
1130812142 139.7752311 35.6753009
1130812141 139.777121 35.676587
1130812229 139.7754396 35.6825266
261022523 139.7675883 35.6844014
1130812680 139.7823856 35.6794161
1105125748 139.7750743 35.6715861
1105125749 139.7691599 35.6728797
1130812220 139.7701512 35.6766802
261022524 139.7680432 35.6843038
1106211436 139.7822945 35.6827571
1106211434 139.7855349 35.6816462
1106211539 139.784666 35.6814627
499185532 139.7695095 35.6802936
1106211534 139.7850238 35.6790394
499185530 139.7695279 35.6809373
499185536 139.7691861 35.6804167
1106211530 139.7837557 35.681046
499185534 139.7695025 35.6807029
31255219 139.7723446 35.6741786
31254390 139.7719567 35.6712421
1130958844 139.7752092 35.6730357
1130958735 139.776687 35.6721846
1105152876 139.7679014 35.6675339
1105152877 139.7660304 35.6756021
31255167 139.7689327 35.6715161
1130958324 139.7776458 35.6724846
1105152918 139.7718268 35.6723198
1106211745 139.7851514 35.6797744
1106211560 139.78393 35.6835563
1130812106 139.7818725 35.6763684
1105125305 139.7802457 35.6688713
1105125307 139.7665842 35.6701684
387769166 139.7728757 35.6838276
256669820 139.7749263 35.680593
387769165 139.7724432 35.6830905
1105291113 139.7836498 35.6847936
565480316 139.7840332 35.6804478
387769168 139.7742691 35.6835121
1106212152 139.7821724 35.6820497
1093866797 139.7821821 35.684381
914718368 139.770459 35.6798913
254366843 139.7719407 35.6752823
1130818776 139.7832202 35.6727027
1105125510 139.7734998 35.6766837
1130818774 139.7838018 35.6750209
1130818775 139.7837973 35.6757729
1105125515 139.766696 35.6700769
1130818773 139.7831092 35.6733757
1130818770 139.7819513 35.6745928
1105125516 139.7697946 35.6742092
499185462 139.7743008 35.68442
499185706 139.7685142 35.6767771
1130818778 139.7825069 35.6772774
1130818779 139.7824039 35.6729567
1130812526 139.7761854 35.678517
1130812521 139.7777927 35.6759705
567878913 139.7781619 35.6841638
1130812138 139.7803414 35.6784781
1130813037 139.7764952 35.6830729
565362099 139.7647036 35.6715888
565362098 139.7645777 35.6714898
499275980 139.7801487 35.6816481
473470198 139.7672431 35.6752206
1130812264 139.7785528 35.6833388
1130958895 139.7725822 35.6712434
951247036 139.7656922 35.6708621
1130812259 139.7806449 35.6787437
1072641608 139.775598 35.6816825
1130958420 139.7751971 35.6718854
568090177 139.7820802 35.6802494
1130958787 139.7792742 35.6723127
1130958429 139.7758509 35.6746106
1106211471 139.7834118 35.6821885
1130958891 139.7781358 35.6698953
499297210 139.7710394 35.6843664
1130812249 139.7788159 35.6776816
568092780 139.7770611 35.6849308
1130812796 139.7732339 35.6762521
499297216 139.7711212 35.6840495
499297217 139.7711062 35.683905
31254353 139.772142 35.6717372
31254311 139.7680664 35.6705506
31254351 139.7697889 35.6696952
1130958893 139.7681714 35.668782
31254357 139.7747321 35.670322
1130812155 139.7752437 35.6770167
1130812459 139.7742536 35.6844006
1130812253 139.7766159 35.6772181
567878918 139.7782498 35.6837987
1105290666 139.7816126 35.6850474
1130818794 139.7816104 35.6765691
1130812252 139.7752395 35.6779612
1130812451 139.7782787 35.6818226
1130812450 139.7777183 35.676328
1130812453 139.7775796 35.6773141
1130812452 139.7748734 35.6754207
1130812454 139.7743895 35.6764358
1130812457 139.7858162 35.6755581
1130958789 139.7660024 35.6701054
499185667 139.7691795 35.675343
256426167 139.7709444 35.6851987
1105125048 139.7801532 35.6731916
31254363 139.7721144 35.6713864
835996350 139.7772481 35.6695623
499185649 139.7676718 35.6754599
588411750 139.7760988 35.6729807
588411751 139.7767546 35.6745934
256426169 139.7715009 35.6847515
499185669 139.7692133 35.6753931
265886513 139.76705 35.683267
1130812855 139.7742489 35.6753771
1130958250 139.7742031 35.6734672
265886494 139.765633 35.67955
1130812639 139.7846808 35.6760947
1130958553 139.7792515 35.6714964
1105125724 139.7785796 35.6732681
1130958258 139.7796203 35.6713247
1130958858 139.7740751 35.6714026
1105152951 139.7662581 35.6749028
265886496 139.76485 35.68075
588407951 139.784805 35.6779804
1105125643 139.7709347 35.6781589
1130813107 139.780006 35.6786143
1105152894 139.7678409 35.6737866
1105125645 139.7665591 35.6704644
568095426 139.7770094 35.6847835
1059532267 139.7653954 35.6807881
571867117 139.7656492 35.6756266
499185715 139.7670619 35.6772066
258347403 139.7650144 35.6818483
1130813283 139.7719806 35.6796558
1105125393 139.775042 35.6819135
499185562 139.7647128 35.674415
951247019 139.7699117 35.6692073
237415667 139.7815759 35.6749874
1130958741 139.7792948 35.672801
1106211558 139.7840974 35.6821265
951247010 139.7705773 35.6687351
1105125391 139.7731402 35.6788369
1105125775 139.7744022 35.6746488
1105290886 139.7855327 35.6804472
568095425 139.7769034 35.6848905
1105125702 139.777205 35.6754366
1130812679 139.7798128 35.6807563
1106211624 139.7856189 35.6833052
1105125707 139.7696956 35.674259
1130812675 139.7859278 35.6758695
1105125709 139.7756736 35.671444
1130812671 139.7784903 35.6775541
567878928 139.7775421 35.6822685
860356751 139.7697464 35.6839493
1105290889 139.7811732 35.6815197
727443774 139.7659794 35.6826719
1130812775 139.7726994 35.6770038
1130812302 139.7754106 35.6772804
469184276 139.764038 35.6737403
1130812772 139.775418 35.6755999
1106212023 139.7832447 35.681663
1106211961 139.7859675 35.6839937
1106211960 139.7857162 35.6790795
1130958368 139.7772476 35.6714963
499185490 139.7745241 35.6799375
1327305056 139.7651811 35.6704625
1093866769 139.7782788 35.6848624
1130812209 139.7761419 35.678535
1130958924 139.7720606 35.670953
835996339 139.7684163 35.6685615
835996338 139.7711585 35.6708826
1130958921 139.7801495 35.6740766
1130958640 139.7793883 35.6708965
1130958923 139.776136 35.672607
1130958676 139.779211 35.6692328
1106211706 139.7836695 35.6818939
31254388 139.7732335 35.6709605
31254389 139.7722265 35.6713956
1130818777 139.7821093 35.6744267
1130812195 139.7744941 35.6794334
31254387 139.7749138 35.6702566
1105125266 139.7804089 35.6703456
31254383 139.7719929 35.6677182
565362118 139.7664271 35.6732562
1130958721 139.7769767 35.6707965
1105291018 139.7851748 35.6785893
588407968 139.7844186 35.6730036
565362110 139.7647892 35.6728617
568092773 139.7781498 35.6844747
565362112 139.765042 35.6742583
572570004 139.7727617 35.6745286
565362114 139.7657188 35.6737751
1106211498 139.7846211 35.6798852
565362116 139.7660962 35.6735091
1130812481 139.7758763 35.6790011
1130812077 139.7819137 35.6777683
1130813079 139.7754187 35.682494
1130812075 139.7785787 35.6761581
473470182 139.7639905 35.6720718
1130812178 139.7769442 35.6763056
1130812070 139.7787184 35.6823743
1130812175 139.7793739 35.6788886
1106211512 139.7842105 35.6796419
1130812078 139.7776917 35.6786492
588407940 139.7808481 35.6727529
499185448 139.7743429 35.6846117
588407944 139.7827926 35.6737084
588407945 139.7841418 35.6747952
1130812277 139.7777436 35.6775689
1130958352 139.7762117 35.6709915
860363654 139.7694985 35.6838682
1106211818 139.7811939 35.6815523
860363656 139.7692741 35.6832323
1130812099 139.7775663 35.6760641
1130812098 139.7753667 35.6834633
1136631235 139.768973 35.681089
1130812350 139.7781697 35.6793949
1130812197 139.7762691 35.6752388
31254305 139.7669151 35.6696594
1130812093 139.7780062 35.681935
1130812095 139.7791318 35.6785229
1130812094 139.7783529 35.6757854
1130812097 139.7826945 35.6757609
1130812096 139.7771669 35.6812093
1130958371 139.7663252 35.6699471
31255221 139.7719893 35.6740877
1130958372 139.7745938 35.6703809
1093866965 139.7795704 35.6851587
31255226 139.7723651 35.6740744
31255227 139.7721787 35.6739944
1130958379 139.7752967 35.6746212
1070588266 139.7730027 35.685021
1105290639 139.7833112 35.6843725
759198802 139.779386 35.6820869
860364913 139.7690327 35.6838074
1130812392 139.7740811 35.6830378
1130812393 139.7766088 35.6751098
1130812390 139.780343 35.6802801
1130812391 139.7785976 35.6748633
1130812396 139.7804164 35.6774453
1130812397 139.7722763 35.6763268
1130812394 139.7736593 35.6752701
31254310 139.7672436 35.6696173
878518757 139.7705772 35.6719408
31254254 139.7677718 35.667688
1130812399 139.7813588 35.6794009
304153023 139.7727716 35.668794
759198826 139.7780867 35.6826462
304153020 139.7726267 35.670046
1130812415 139.7821611 35.678782
1130812414 139.7809971 35.6790518
1130812417 139.7831233 35.6789449
1130812416 139.7786518 35.6751707
1130958779 139.7766143 35.6698632
1105125486 139.7704299 35.6731869
473462993 139.7640907 35.6702627
473462992 139.7640198 35.67033
1130958775 139.7761862 35.6731917
387769175 139.7653066 35.6776708
1130958777 139.7801594 35.6729749
1105125488 139.7710192 35.6781015
1130812419 139.7793466 35.6772481
1130812418 139.7761918 35.6809199
1130958773 139.7733333 35.6711706
1130958292 139.7732332 35.6747748
567878857 139.7779872 35.6845482
257722518 139.7642126 35.6803467
387769177 139.7650784 35.6770077
1130958294 139.7768715 35.6705223
1130812460 139.774575 35.6759219
387769176 139.7652246 35.6773606
1130812362 139.7776252 35.6745839
499185615 139.7688845 35.6747554
1130958517 139.7679274 35.6690017
567878944 139.7779859 35.6829649
951247022 139.7693398 35.6712389
1130958459 139.7687457 35.6696828
1105125687 139.7709742 35.668443
1105125686 139.7723436 35.6775981
1105125120 139.7769885 35.6729301
1130958304 139.7771506 35.6712497
1105152915 139.7699777 35.6708116
1130812360 139.772235 35.6746513
1105125124 139.7729517 35.6768997
1136631230 139.7692458 35.6809821
1130813030 139.781202 35.6759239
1105291096 139.7817603 35.6835214
568092779 139.777147 35.6848307
1130958897 139.7788212 35.6718687
1130958890 139.7773479 35.6717244
393101164 139.764519 35.6738976
1130958892 139.7717234 35.670367
1130958486 139.772907 35.6711023
1059532218 139.7659123 35.6821616
31254402 139.7775254 35.6696079
1130958655 139.776763 35.6702394
1105290631 139.7821654 35.6830338
1130958485 139.7794132 35.6709492
1130958308 139.7753048 35.672148
1130812405 139.7783348 35.6757557
1130958749 139.7795349 35.6711733
1130958586 139.7746384 35.6727593
1130812402 139.7816895 35.6780858
469184950 139.7644843 35.673545
1130813073 139.7791385 35.6769686
1130812307 139.7720156 35.6759196
1130812403 139.7745676 35.6768922
1130958659 139.7748581 35.6710471
727443798 139.7650256 35.6829204
1130958768 139.7754391 35.6708745
1070638257 139.7702278 35.6721752
1130958769 139.7747861 35.671999
1072641378 139.7723833 35.6830014
878518777 139.7720917 35.6701775
1130958860 139.7778101 35.6731029
499185671 139.7689353 35.6753463
1130812826 139.7800047 35.6768223
1130812486 139.7821173 35.675176
473470166 139.7666356 35.6746345
1105125241 139.7725006 35.6750617
261022723 139.7762338 35.6775801
499185673 139.7690562 35.675396
271660869 139.7730373 35.6849153
1130813256 139.7750944 35.6791805
1327305018 139.7656764 35.6701151
1130813257 139.7764592 35.6813422
1130812565 139.7743872 35.6756027
1105125636 139.7761267 35.6774128
1105125637 139.7725026 35.6778607
265885805 139.7654835 35.6790193
1130958966 139.7809108 35.6707188
1105125491 139.7770228 35.673352
499185748 139.7688122 35.6772393
1130958606 139.7793502 35.6695941
1105290834 139.7853996 35.6850461
499185627 139.7706257 35.6748489
499185659 139.7663332 35.6760485
1105290831 139.7805414 35.6847228
1130958961 139.7764872 35.6716906
499185740 139.7694773 35.6783112
568095456 139.7784907 35.6837805
1093866649 139.77786 35.6848475
499185743 139.7692122 35.6778932
1105290933 139.7825506 35.6839484
499185746 139.7690673 35.6776374
1105290838 139.7838271 35.684596
759198784 139.7788641 35.6815812
1106211599 139.7849426 35.6840483
1106211981 139.7826928 35.682304
1105125509 139.7682184 35.6735216
1130812412 139.7820115 35.6790555
1138564529 139.7853019 35.6833656
499185550 139.765732 35.6757868
1070638366 139.7709678 35.6737859
499185502 139.7722964 35.6803644
1106211596 139.7855305 35.6794895
1105125758 139.7737195 35.6770332
1072641870 139.7644644 35.6849558
878526733 139.7713299 35.6698955
1105125458 139.7763841 35.6714356
1105125752 139.7710935 35.6755758
1136641940 139.7694505 35.6804255
1130812411 139.7751594 35.6805039
1105125756 139.7786341 35.6745603
567878876 139.7805486 35.6814628
1105290688 139.78377 35.6793625
1136641938 139.769446 35.6805292
1130958846 139.7702928 35.6705928
264873305 139.7709695 35.6841528
1106212041 139.7824276 35.6812185
1130812537 139.7692997 35.6753313
1130812163 139.7819259 35.6763289
1136641930 139.7689703 35.6798188
1130812185 139.7696907 35.6761652
1130812231 139.7722728 35.6758136
1105125389 139.7661663 35.6705087
1136641934 139.769158 35.6801086
951246993 139.7686686 35.6701005
1105290745 139.781043 35.684367
1106211915 139.7844004 35.6797623
1130958800 139.7785434 35.6711673
499185483 139.77173 35.6818858
1130812610 139.7747635 35.6772065
499185480 139.7707843 35.6829068
835996361 139.7730146 35.6706116
1105125534 139.7778262 35.6733123
499185521 139.7706482 35.680202
499185488 139.7726427 35.6807115
1130958704 139.7813618 35.6717412
1130958705 139.7754558 35.6725288
1130958707 139.7761062 35.6707129
1072641451 139.7656948 35.6847006
31255183 139.7700922 35.6740641
1130812301 139.7778033 35.674875
256669905 139.7756873 35.6818075
878518740 139.7704974 35.6713191
1130812196 139.782041 35.6752896
1136631239 139.7687125 35.6806272
1106211770 139.7844468 35.6809761
1130958709 139.7749919 35.6734239
1130958971 139.7783583 35.6704577
1105291287 139.7802094 35.6841701
1136631236 139.7689166 35.6805117
1105152950 139.7686566 35.6681606
499831363 139.7696389 35.6673169
1105291281 139.7808958 35.682827
271660705 139.7765937 35.6846317
1105125358 139.775506 35.6714822
1105291071 139.7833465 35.6843332
565362121 139.766845 35.6729786
1130818764 139.782639 35.6727077
1105125526 139.7733338 35.6747366
1130958808 139.7800885 35.6696283
499831371 139.7720858 35.6693182
1130818760 139.7831555 35.6762065
1130818763 139.7829576 35.6746436
1130818762 139.783035 35.6751325
1130812510 139.7733359 35.6775143
254366661 139.7716854 35.6753814
236621453 139.7716673 35.6794087
1130818769 139.7812447 35.6741763
1105125529 139.7711733 35.6757011
1130812516 139.7779001 35.6778015
1106212134 139.7851872 35.6791846
1130813022 139.7768828 35.6755473
1130812123 139.7766943 35.6783069
588407949 139.7801722 35.6798561
1130958634 139.779259 35.6717468
1130812538 139.773087 35.6776238
1130812695 139.7733275 35.6780085
261023335 139.7691067 35.6802848
261023334 139.7715599 35.6792224
588407973 139.7845121 35.6718082
1130812283 139.7774602 35.6754005
588407975 139.7853416 35.6683264
236104943 139.780627 35.6807267
261023333 139.7716867 35.6791597
1105125227 139.7677838 35.6722931
1130812247 139.7755297 35.6764777
860364542 139.7693458 35.6834354
359522083 139.7672462 35.6773242
1130813004 139.7831726 35.6772806
1105125695 139.7739515 35.680141
1130812998 139.7773116 35.6792813
1072641825 139.7710824 35.6834953
1130958792 139.7774543 35.6700639
1130958796 139.7794463 35.6761252
236104849 139.7759094 35.681716
1105125569 139.7731784 35.6772623
1093866858 139.7833634 35.6850734
1130958799 139.7692461 35.6696833
1130958383 139.7790985 35.6702658
1130958457 139.7756645 35.6732164
345118821 139.7786298 35.684875
1130812496 139.7799333 35.6794859
1130813100 139.7740832 35.675107
258347405 139.7651015 35.6817015
31254364 139.7722227 35.6712173
499275998 139.7795084 35.6834534
1130958335 139.7754685 35.672561
1130812627 139.7749301 35.6774737
1130958464 139.7664409 35.6698564
1130812410 139.7822454 35.6752987
878518724 139.7716424 35.6696459
878518723 139.7725404 35.669946
359522099 139.7679536 35.6783848
835996357 139.7715631 35.6714007
572570042 139.7744011 35.6770869
359522094 139.7677982 35.678139
1130812465 139.7695341 35.6757199
359522096 139.770452 35.6774272
469182105 139.7666358 35.6764773
359522090 139.7675608 35.6777532
1130812550 139.7786372 35.677776
359522092 139.770283 35.6771597
1136631240 139.7687476 35.6805923
1105125058 139.7743031 35.676468
307385259 139.7713746 35.6852051
598438981 139.7673375 35.6726092
264871779 139.7748754 35.6839431
1136641983 139.7697752 35.6800004
264871773 139.7779779 35.6842846
264871772 139.7781277 35.6841492
264871771 139.7773862 35.6823348
1105125678 139.7666269 35.6702084
1106211670 139.7859025 35.6829936
261022722 139.7782771 35.6807611
387769169 139.7732577 35.681932
1130812905 139.7785401 35.6772289
1130958564 139.7735205 35.671565
1105125111 139.7734993 35.6794325
1130812909 139.779008 35.6753931
1130958451 139.7759266 35.6720802
1130958561 139.7803454 35.6705424
598438978 139.7664743 35.6716465
1130813116 139.7817644 35.6797363
1105125170 139.7675673 35.6709181
1105152922 139.7667689 35.6753698
1105152920 139.7677503 35.6738553
359522088 139.7700096 35.6767448
1130958847 139.778447 35.6709212
1130812395 139.779507 35.6788159
1130958845 139.7763335 35.6746015
1130812438 139.7770652 35.6823491
469189604 139.7645615 35.6745491
1105152884 139.7711126 35.6726261
1130958841 139.780158 35.6752742
1105125075 139.7692267 35.6745636
1106211673 139.7845518 35.6827856
559359765 139.764273 35.6732475
499276020 139.7784432 35.6835972
559359760 139.7652649 35.6694479
567878894 139.7777715 35.6829104
499185708 139.7684582 35.6766798
1106212074 139.7854505 35.6827579
1130958595 139.7775644 35.6703449
1105290672 139.782355 35.6828009
499185517 139.7718569 35.6796927
499185723 139.7682143 35.6788227
689881139 139.7800518 35.6799124
1105290780 139.7829735 35.6834486
1106211552 139.7834667 35.6805286
1106211439 139.7843449 35.6790461
689881134 139.7779297 35.6766952
689881137 139.7780174 35.6768398
258071906 139.7649624 35.6712122
588391115 139.7733598 35.6706658
689881130 139.7715629 35.6755174
951247020 139.7651556 35.6712576
499185685 139.7690275 35.6753679
499185684 139.7690404 35.6754655
1106211562 139.783577 35.6827362
1130812644 139.7764376 35.6840435
1130812645 139.7735798 35.6779046
1130812648 139.7762415 35.6826756
1130812761 139.7794703 35.677414
1138564605 139.7853729 35.6834979
1105125351 139.774389 35.6781043
499185688 139.767964 35.6759159
1136641976 139.7687579 35.6797216
499185720 139.7707113 35.6778129
1105125778 139.7804573 35.6716986
1106211953 139.7820099 35.6809911
1106211954 139.7848225 35.6800215
588407934 139.7798406 35.671715
264871777 139.7764827 35.6842047
1130812246 139.7783574 35.6817902
1130813162 139.777438 35.6782413
1130958932 139.7650198 35.6696355
1130958838 139.7788867 35.6697045
1130958930 139.7740764 35.6728521
31255220 139.7721623 35.674093
1130958935 139.7743707 35.6721143
1105290809 139.7857076 35.6775413
1130958832 139.7809934 35.6716871
265886506 139.7653891 35.6823937
1130958830 139.775679 35.6733882
1070638565 139.7662252 35.6686138
265886502 139.7650801 35.6821357
1105290645 139.7813868 35.6828821
1130812406 139.785985 35.6749759
1105125490 139.7751478 35.669593
759198797 139.7795769 35.6821646
1105125310 139.780965 35.6724839
1130812605 139.7812789 35.676823
31254396 139.7773023 35.6696756
31254395 139.7747965 35.6698319
31254394 139.7745884 35.6699253
1130958681 139.766049 35.6703872
31254391 139.7719646 35.6709527
1070638350 139.7707009 35.6738569
1105125560 139.7763192 35.6712752
31254398 139.7774508 35.6695278
1130813251 139.7757348 35.6777823
1130812456 139.7792812 35.6784453
1130812497 139.772192 35.6799869
1105125400 139.7746582 35.6716916
1105125406 139.7758012 35.6699549
1130812238 139.7756217 35.6776138
1130812407 139.7746561 35.6812955
1130812169 139.7742542 35.6790474
1130812168 139.7720311 35.6743362
1130813069 139.777699 35.6820617
1106211785 139.7827444 35.6829854
1130812248 139.7694305 35.6757443
1130812167 139.7764572 35.6825917
1105291103 139.7821947 35.6850266
1105152881 139.7677209 35.6750632
1105125269 139.7788942 35.6781641
1105290731 139.7823805 35.684148
588407935 139.780147 35.6722495
1130812245 139.7752942 35.6754019
1059532111 139.7656723 35.682524
588407936 139.7801657 35.6727522
588407932 139.7799468 35.6745617
499185680 139.7690562 35.6754305
499185457 139.7743307 35.6844501
1105125073 139.7753456 35.6795836
588407938 139.7801508 35.6742138
1070638606 139.764892 35.6824812
1105290883 139.7802126 35.6844089
