1105125316 1105125582
1105125316 1130812307
1105125316 1105125529
1105125316 1130812220
1072641561 236104869
1072641561 860363654
1072641561 1072641825
1072641561 1136631230
1130818761 1130818765
1130818761 1130818774
1130818761 1130818768
1130818761 1130818762
1106211604 1106211889
1106211604 1106211948
1105152852 835996339
1105152852 1105152950
1105152852 499831364
1105152852 835996365
1106211603 1106211785
1106211603 1106211471
1106211603 1106211562
1106211603 1106211981
1130958344 878518788
1130958344 878518775
1130958344 1130958941
951246999 951247020
951246999 473462993
951246999 1130958878
951246999 258071906
1130958694 1130958396
1130958694 1130958457
1130958694 1130958268
31255230 31255238
31255230 499185596
31255230 31255227
1130958342 1130958266
1130958342 1130958666
1130958342 1130958935
1130958342 1130958398
1130958691 1105125305
1130958691 1130958478
1130958691 1130958938
31255239 31255238
31255239 1105125707
1105125556 1105125752
1105125556 1130813169
1105125556 499185627
1105125556 1130812465
1106212135 1106211459
1106212135 1106212023
1106212135 1106211698
1106212135 1106212041
1130958699 1130958823
1130958699 1130958869
1130958699 1130958401
1130812428 1130812536
1130812428 1130812247
1130812428 1130813174
1130812429 1130812067
1130812429 1130812087
1130812429 1130812805
1130812387 1130812860
1130812387 1130812998
1130812387 1130812350
1130812386 1072641846
1130812386 499185488
1130812386 1130812407
1130812389 1105125483
1130812389 1105125626
1130812389 1130812439
1105291138 1105291113
1105291138 1105291353
1130812422 1130958429
1130812422 1130958845
1130812422 1130812446
1130812423 1105125464
1130812423 1130812448
1130812423 1130812427
1130812424 1130812497
1130812424 1105125506
1130812424 499185488
1130812425 1130813131
1130812425 1105125652
1130812425 1070588275
1130812425 1070588276
260996137 689881134
260996137 1130812062
260996137 689881137
260996137 1130812905
260996137 1130812978
1130812427 1072641766
1130812427 1130813257
1130812427 1130812096
499276003 499276009
499276003 499275998
1106212103 1106211475
1106212103 1106211934
1106212103 1106211463
1130958668 1130958799
1130958668 1130958459
1130958668 1105152954
1130812546 1130812184
1130812546 1130812441
1130812546 1105125130
1105291284 1054597783
1105291284 1054597794
1105291284 1105291281
567878939 567878944
567878939 567878935
1136631242 1136631236
1136631242 1136631230
1136631242 359522074
567878935 568092769
1136631247 1136631237
1136631247 1136631235
1106211735 588407957
1106211735 1106211475
1106211735 1106211934
1130958665 1130958704
1130958665 1130958832
1130958665 1130958889
1105125349 1105125593
1105125349 1105125637
1105125349 1130812695
1105125349 1130812615
878518788 31254394
878518788 31254375
878518788 304153015
1130958283 1130958540
1130958283 1130958484
1130958283 588411739
1130813282 1130813116
1130813282 1130812390
1130813282 236104943
1054597767 1106211599
1054597767 1105290956
1054597767 1106211722
1054597767 1105291369
878518780 878518757
878518780 878518740
878518780 835996357
1130812945 1130812158
1130812945 1130812998
1130812945 1130812350
1130812945 1130812078
1130812324 1130812245
1130812324 1130812197
1130812324 1130812446
1130958524 1130958829
1130958524 1130958572
1130958524 1130958267
1130958524 1130958621
878518784 1105152917
878518784 878518757
878518784 951247034
878518784 878518740
1130812941 1130812536
1130812941 1130812346
1130812941 1105125636
1130812941 1130812302
1130812442 689881139
1130812442 1130812105
1130812442 1130812265
1130958441 31254305
1130958441 1130958681
1130958441 1130958464
1130958447 31254387
1130958447 1130958433
1130812443 1130812056
1130812443 1130812470
1130812443 588407949
1130958883 1130958902
1130958883 1130958775
1130958883 1130958830
1130812770 1130812938
1130812770 261022722
1130812770 1130812096
1130958881 1130958858
1130958881 1130958483
1130958881 1130958311
1130812440 1130812855
1130812440 1130812131
1130812440 1130812452
473466580 1105152951
473466580 565362112
473466580 1105152877
1105125130 1105125611
1105125130 1130812998
1105125130 1130812078
256669806 1105125071
256669806 387769169
256669806 499185483
256669806 1105125697
568092769 568092773
264871782 264871779
835996365 951247019
835996365 31254346
1130958347 1105125724
1130958347 1130958942
1130958347 1130958860
1130958347 1105125282
1130812400 1105125241
1130812400 1130812115
1130812400 1130812231
1130812400 1130812394
1105125582 1130812741
1105125582 1130812397
1105125582 1105125721
1105125583 1105125227
1105125583 951247044
1105125583 1105125140
1105125583 598438978
1130958597 1130958267
1130958597 1130958478
1130958597 1130958861
1105291180 1105290956
1105291180 1093866732
1105291180 1105291071
1105291180 1105291369
1105125584 1105125724
1105125584 1105125048
1105125584 1130958942
1105125585 1105125501
1105125585 1130812460
1105125585 1130812454
1105125585 1130813174
510591086 1105152856
510591086 565362118
510591086 1105152920
510591086 510591085
499275976 499831289
499275976 499275980
499275976 568090179
499185644 499185652
499185644 499185659
499185644 1105152877
1105290859 1105291096
1105290859 1105290645
1105290859 1105290826
1105290994 1105291096
1105290994 1105290645
1105290994 1105290631
1105290994 1093866732
236621597 1130812557
236621597 1072641717
236621597 258071544
236621597 387769165
1105290997 588407952
1105290997 1105290809
1130812938 1130812451
1130812938 1130812633
1130812938 1130813147
31255186 1105125657
31255186 1130812168
31255186 1070638366
31255186 1105152945
1130812837 1130812434
1130812837 759198784
1130812837 1130812445
1130812722 1130812648
1130812722 256669905
1130812722 1130812229
1130812932 1130812077
1130812932 1130812605
1130812932 1130813125
499185704 1130812248
499185704 499185708
499185704 499185688
499185704 499185698
499185657 499185652
499185657 499185467
499185657 499185596
499185514 499185507
499185514 499185504
499185514 387769172
499185514 499185521
1105125626 1105125269
1105125626 1130812249
1105125626 1130812456
1130958979 588411740
1130958979 1130958762
1130958979 1130958495
1130813240 1130812909
1130813240 1130812416
1130813240 588407932
271660876 499185499
271660876 1093866649
271660876 1070588233
1105125140 1105125572
1105125140 1105125389
1130813125 1130812554
1130813125 1130818778
1105125146 1105125406
1093866732 1105290933
1093866732 1105290780
271660870 387769168
271660870 499185448
271660870 271660871
271660871 1070588267
271660871 499185496
271660871 1070588260
254366845 1130813100
254366845 1105125526
254366845 1105125775
1105290987 1105291250
1105290987 1105291170
254366847 1130812283
254366847 588411751
254366847 1130812362
254366847 1130958862
254366846 1130958379
254366846 1105125775
254366846 1130812142
499185738 499185726
499185738 1105125386
499185738 1105125279
499185738 914718372
1105290699 345118821
1105290699 1105290811
1105290699 1105291057
1130813195 1130812093
1130813195 1130812593
1130813195 1130813069
568095448 568095442
568095448 567878894
1105291353 1105290990
1105291353 1105290956
1105291353 1093866648
1130813067 1130812554
1130813067 588407961
1130813067 1130812100
1130958878 1130958681
1130958878 1327305056
499185465 236104869
499185465 1072641825
499185465 499185470
499185465 387769165
499185464 307385259
499185464 499185472
499185464 499185470
499185467 499185649
499185467 499185617
499185549 499185542
499185549 499185550
1106211463 1106211875
1106211463 1106211953
499185542 31255221
499185542 499185632
237415644 1130818782
237415644 1130812826
237415644 1130958796
237415644 1130812978
1130958943 1130958553
1130958943 1130958897
1130958943 1130958275
1130958943 1130958439
1106211581 1106211622
1106211581 1106211534
1106211581 1105291018
572570053 31255219
572570053 572569986
572570053 264871771
1093866937 1105291030
1093866937 1105291170
1093866937 1093866582
1130812593 759198826
1105125441 1130958432
1105125441 1130958779
1105125441 31254377
1130958712 588407934
1130958712 1130958553
1130958712 1130958258
1130812599 1105125656
1130812599 1130813162
1130812599 1130812550
1130812599 1130812516
1130812611 236104832
1130812611 1130812434
1130812611 1130812679
1070638239 1105125351
1070638239 236104926
1070638239 1130812645
1070638239 1070638340
1105125723 1105125238
1105125723 1105125386
1105125723 1105125279
1130812615 1130812119
1130812615 1130812290
1105125721 1105125366
1105125721 1130812404
1105125721 1130812430
499185499 1130812542
499185499 1070638476
499185499 1130812167
499185499 1070588275
1130958771 1130958735
1130958771 1130958890
1130958771 1130958451
1130958771 1130958961
1130812204 1130812796
1130812204 1130812295
1130812204 1105125124
304153036 565362121
304153036 598438981
304153036 689881123
304153036 1105152894
1130812208 1130812150
1130812208 1130812075
1130812208 1130812909
1054597783 1106211818
1054597783 1105290672
1054597783 1105290612
1054597783 1106212152
1105125282 1130958741
1105125282 1130958571
1105125282 1130958823
499185496 1130812392
499185496 1130812628
499185496 1130812969
499185496 387769168
1136641926 1136641983
1136641926 1136641934
1130813232 1072641766
1130813232 1072641478
1130813232 1130812517
1130813230 1130813136
1130813230 1105125234
1130813230 1130812746
1130958909 1130958749
1130958909 1130958553
1130958909 1130958439
1106211515 1106211739
1106211515 1106211484
1106211515 1106211881
1106211515 1106212140
1130812388 237415667
1130812388 1130813030
1130812388 1130958841
1130812388 1130812104
1130958902 588411751
1130958902 1130958538
1130958907 1130958798
1130958907 31254388
1130958907 1130958311
1130812183 1130813169
1130812183 499185627
1130812183 1070638350
1106211761 1106211698
1106211761 1106211552
1106211761 1106211530
1106211889 1106212064
1106211889 1105290886
1106211889 1106211934
265887034 261022523
265887034 261022524
1138564598 1138564580
1130812184 1130812209
1130812184 1105125611
1130812184 1130812481
1105125366 1130812775
1105125366 1105125686
1105125366 1130812375
1106211881 1106212074
1105290956 1105290838
1130818758 1130818783
1130818758 588407944
1130818758 1130818785
1130818759 1130818776
1130818759 1130818764
1130818759 588407964
1105125539 1105125227
1105125539 1105125670
1105125539 1105125509
1105125539 499185613
1130812920 1130812450
1130812920 1130812178
1130812920 1130812141
499831289 499831318
1105291170 1105290811
1105291170 1105290916
860369068 261022523
860369068 860363654
860369068 265886513
860369068 1072641451
1105125432 1130958829
1105125432 1130958561
1105125432 1105125266
1072641846 1105125393
1072641846 1072641717
1072641846 258071544
499831364 499831363
499831364 1105125687
1105152917 951247022
1105152917 1070638257
1105125437 1130812648
1105125437 1130812628
1105125437 1130812433
1105125437 1130812229
1130812542 1130812264
1130812542 1130812438
1130812506 261022723
1130812506 1130812805
1130812506 1130812087
1130812506 1130812409
1130812056 1130812415
1130812056 1130812414
1130812503 1130812252
1130812503 1130812627
1130812503 1105125351
1130812503 1130812238
1106212140 1106211434
1106212140 1106211539
1130812115 1130812796
1130812115 1130812295
1130812116 1130812250
1130812116 588407953
1130812116 1130813004
1130812116 1130812444
1130813147 261022722
1130813147 759198784
1130958623 1130958924
1130958623 835996361
1130958623 878518777
1130958621 1130958270
1130958621 1130958383
1130958620 1130958586
1130958620 1130958549
1130958620 588411739
588407962 1130812417
588407962 588407961
588407962 588407952
588407962 1130812412
588407963 1130958397
588407963 1130818767
588407963 1130818769
1130812295 1130812231
588407961 1130812415
588407961 1130813172
1059532126 1070638147
1059532126 265886502
1059532126 258347403
1130812119 1130812101
1130812119 1105125637
588407964 1130818780
1130812290 1105125488
1130812290 261023333
1130812860 1130812448
1130812860 1130812517
1130818765 1130818781
1130818765 1130818763
1130818765 1130818785
572569986 31254349
307385366 499185480
307385366 499185483
307385366 307385365
307385365 499185754
307385365 387769174
251637185 387769175
1130818767 1215848314
1130818767 237415667
1130818767 1130818771
1130958401 1130958571
1130958401 1130958324
265554117 1093866858
1130818766 1130818777
1130818766 1130818788
1130818766 1130818790
499831318 264871777
1130958398 1130958876
1130958398 1130958308
1130958398 1130958769
1130958397 1130958841
1130958397 588407932
1130958396 1130958335
1130958396 1130958844
1130958396 588411750
31254278 1070638476
31254373 31254374
31254373 31254383
860364906 860364913
860364906 860364542
31254375 31254395
31254375 31254374
31254374 304153015
31254377 31254387
31254377 1130958768
31254377 31254376
31254376 31254395
31254376 31254387
31254376 1105125406
1130813111 1130812253
1130813111 689881134
1130813111 1130812874
1130813111 1130812141
1130812251 1130812103
1130812251 1130812252
1130812251 1130812409
1130812373 1130812250
1130812373 1130818772
1130812373 1130813004
1130812373 1130818778
1130812375 1105125488
1130812375 499185720
1130812375 1130812430
1130958666 1130958586
1130958666 1130958930
1106211648 1106211471
1106211648 1106211562
1106211648 1106211558
1106211648 1106211673
1106211649 1106211739
1106211649 1106211558
1106211649 1106211502
1130958492 1130958572
1130958492 1130958808
1130958492 1130958606
1130812470 1130812496
1130812470 1130812530
1130812470 1130812414
1130958495 1130958250
1130958495 1130958948
1106212132 1106211827
1106212132 1106212041
1106212132 1106212152
1130958499 1130958649
1130958499 951247032
1130958499 1130958577
1130958499 951247022
1130812571 1130813228
1130812571 1130812645
1130812571 1105125351
1130812576 759198797
1130812576 1130812264
1130958715 1130958487
1130958715 1130958561
1130958715 1130958966
1130812575 1130812158
1130812575 1130812831
1130812575 1130812175
1130812575 1130812350
1130958279 1130958371
1130958279 559359760
1130958279 1130958789
1070638476 1070638168
1070638476 1070638366
1072641717 387769169
1072641717 1072641378
860351535 236104869
1130958270 1130958838
1130958270 1130958476
1106211535 1106211770
1106211535 1106211502
1106211535 1106211530
1106211535 1106211539
1130812874 1130812453
1130812874 689881137
1130812874 1130812254
1130958275 1130958869
1130958275 1130958534
1130958275 1130958825
1130818768 1130818781
1130818768 588407945
1130958572 1130958861
1130958571 1105125120
1130958571 1130958860
1130958577 951246993
1130958577 951247034
1130958577 1130958954
1130812973 1130812653
1130812973 254366843
1130812973 1130812360
1105125667 1130958564
1105125667 1130958687
1105125667 1105125619
1105125667 1105125369
1105125665 1130958847
1105125665 1130958435
1105125665 1130958304
1105125665 1130958644
1130958471 1130958316
1130958471 1130958365
1130958471 1130958735
1130958471 1130958923
1105125663 1130812252
1105125663 1130812664
1105125663 1105125351
1105125663 236104926
1130812062 1130812521
1130812062 1130812232
1130812978 1130812075
1130812978 1130813073
1105125107 1130958478
1105125107 1105125266
1105125107 1130958592
1105125104 1105125600
1105125104 1130958957
1105125104 31254389
1105125104 1105125419
1105125105 1105125601
1105125105 1105125048
263086176 387769176
1130812289 1072642001
1130812289 1130812895
1130812289 1130812418
1105125061 1105125393
1105125061 1130813079
1105125061 258071544
1105125061 256669905
1130958476 1130958595
1130958476 1130958891
1130958476 1130958971
1130812128 759198802
1130812128 759198784
1130812128 1130812703
1105125550 1130958938
567878882 567878888
567878882 264871772
1130818783 1130818777
1130818783 1130818790
1138564634 1138564605
1130812480 1130812102
1130812480 1130812391
1130812480 1130812416
588411738 1105125120
588411738 1130958913
588411738 588411750
588411738 1130958923
567878888 567878894
588391376 31254262
588391376 588391373
588391376 31254341
1105291250 1054597794
1105291250 1105291281
588391373 31254361
1105291369 1106211560
1070638168 31254287
1070638168 1070638350
1070638168 1070588275
499185507 499185517
499185507 499185502
951247032 31254311
951247032 951246993
951247034 1105152915
951247034 951247022
951247035 1130958846
951247035 951246988
951247035 835996338
951247035 1130958431
689881128 689881127
689881128 1130812584
689881128 1105125529
689881128 1130812220
1070638276 1070638431
1070638276 1059532229
689881127 1105125752
689881127 1130812185
689881127 1130812465
835996348 31254391
835996348 878518764
689881123 598438978
689881123 565362105
689881123 951247020
1130812514 588407955
1130812514 1130812097
1105125670 598438986
1105125670 1105125749
1105125670 1105125516
1130812129 1130812557
1130812129 387769166
1130812129 387769165
1130812653 1070638366
1130812653 1130812168
1130958526 1130958820
1130958526 1130958429
1130958526 1130958538
499185691 499185649
499185691 499185671
499185691 499185659
499185691 499185688
1130812714 1130812419
1130812714 1130812249
1130812714 1130812905
1059532190 1059532218
1059532190 258347411
1059532190 1059532267
499185698 499185715
499185698 469182105
1130812805 1130812123
1130812805 1130812580
469189493 469189604
1105125619 1130958858
1105125619 1105125400
1105125619 1130958935
499185599 571867117
499185599 499185596
1105125100 1105125598
1105125100 1105125490
1106211940 1106212064
1106211940 1106211434
1130958869 1130958316
1130958869 1130958897
1130813274 1130812605
1130813274 1130818789
1130813274 1130813030
1130813274 1130812104
1105125611 1105125464
598438986 1105125227
598438986 951247044
598438986 1105125467
1130958889 1105125310
1130958889 1130958357
1106211948 1105290886
1130958829 1105125231
1130958944 1130958913
1130958944 1105125491
1130958944 1130958862
1130813172 588407953
1130813172 1130813004
1130958942 1130958741
1130958942 1130958777
1130813174 1130812403
1130813174 1130812155
1130958941 31254394
1130958941 1105125468
1070638575 31254305
1070638575 559979730
1070638575 1070638565
1130813178 1130812453
1130813178 1130812535
1130813178 689881137
1130958823 1130958787
1130958825 1130958316
1130958825 1130958735
1130958825 1130958890
1105290813 1105290745
1105290813 1105290831
1105125468 878518775
1105125468 835996361
1072642001 1072641608
1072642001 236104849
1072642001 1130813257
1105125419 1105152945
1105125419 1105125628
1105125419 1105152918
1105291030 1105291395
1105291030 1105290826
1130818795 1130818776
1130818795 256677074
1130818795 1130818786
1105125575 1130958820
1105125575 1105125775
1105125575 1130958250
1105125575 1130958948
1130818790 1130818763
1130818790 1130818785
1130818791 588407944
1130818791 1130818771
1130818791 1130818787
1130818791 1130812661
1130818792 1130812464
1130818792 588407956
1130818792 1130818762
1130818793 1130818776
1130818793 1130818764
1130818793 1130818787
1130818793 1130818786
1105125477 1105125678
1105125477 1105125080
1130812109 1130812536
1130812109 1130812346
1130812109 1130812178
1130812109 1130812746
1105125578 588407940
1105125578 588407936
1105125578 1130958357
1130812150 1130812784
1130812150 1130812094
499276017 499276009
499276017 499276020
1130813090 1130812393
1130813090 1105125702
1130813090 588411751
1130812621 1130812103
1130812621 1130812209
1130812621 1130812481
1106212069 1106211809
1106212069 1106211745
1106212069 1106211498
1106212069 1106211577
1106212068 1106212023
1106212068 1106211698
1106212068 1106211502
1106212068 1106211530
1130812158 1105125656
1130812158 1130812095
1106212064 1106211539
1106212064 1106211770
1130812628 1130812969
1130812250 1130812639
1130812250 1130818760
1130812255 1130812301
1130812255 1130812784
1130812255 1130812405
1130812255 1130812283
1130812254 261022723
1130812254 1130812087
1130812784 1130812391
1130812784 1130812416
256671737 1105125391
256671737 1130812558
256671737 236104926
256671737 1070638340
1130958723 1130958360
1130958723 1130958798
1130958723 1130958483
1130958723 1130958311
510591085 1105152881
510591085 473470166
510591085 565362116
1105167225 1130958292
1105167225 1105167228
1105167225 1105125241
1105152848 835996338
1105152848 835996357
1105167228 31254349
1072641478 689881139
1072641478 1130812105
588407947 1130812406
588407947 588407968
588407947 588407945
1130958357 588407935
1130958357 1105125778
387769170 1072641378
387769170 387769169
387769170 499185483
387769170 499185480
1130958687 1130958266
1130958687 1130958935
387769172 499185754
387769172 499185502
387769172 387769174
31254339 31254353
31254339 31254254
31254339 31254346
387769174 499185504
1326673800 1326673799
914718372 1136641983
914718372 261023334
914718372 914718368
565480320 565480316
565480320 568090179
1093866857 1093866649
1093866857 1093866769
878518775 304153023
878518775 304153020
1105125501 1130813136
1105125501 1130812247
1105125501 1130812432
1105125506 1105125111
1105125506 1130812431
1105125506 1105125695
258071544 1130812392
1130812439 1130813107
1130812439 1130812456
258071546 1130813283
258071546 1105125391
258071546 261023333
258071546 236621453
1105125744 1105125073
1130812434 261022722
1130812433 1130812098
1130812433 1130812107
1130812432 1130812460
1130812432 1130812772
1130812432 1130812452
1130812431 499185490
1130812431 1130812558
1130812430 1130812741
1130812536 1130812155
1106211685 1106211599
1106211685 1106211961
1106211685 1106211624
1130812535 1130812671
1130812535 1130812277
567878906 567878908
567878906 256426172
1130812530 1130812259
1130812530 1130813107
1106211728 1106211459
1106211728 1106211471
1106211728 1106212023
1106211728 1106211981
1130958616 1130958335
1130958616 588411750
1130958616 1130958937
1136631237 1136631239
1130958614 1130958766
1130958614 1105125778
1130958614 1130958545
567878908 567878913
568091570 565480289
1106211722 1106211716
1106211722 1138564627
1130958610 1130958540
1130958610 1130958484
1130958610 1130958502
1106211827 1106211818
1106211827 1106211953
734877625 734877624
734877624 265886494
734877624 265886496
734877623 265886152
734877623 499185715
1130958538 1130958845
1130958534 1130958435
1130958534 1130958890
1130958534 1130958439
1105125572 1105125645
499185504 499185530
1130958918 1130958459
1130958918 31254311
1130958918 31254310
236104869 860356751
1130958435 1130958800
1130958435 1130958368
1130958432 1130958707
1130958432 1130958655
1130958433 1130958659
1130958433 1105125358
258071907 565362105
258071907 951247020
258071907 565362099
258071907 258071906
1130958431 31254351
1130958431 1130958629
258071908 1105152856
258071908 499185667
258071908 499185615
258071908 1105152920
1130958376 1130958924
1130958376 1130958817
1130958376 31254390
1106211841 1106211770
1106211841 1106211552
1106211841 1106211530
1130958439 1130958800
271660700 256426172
271660700 1045501842
271660700 256426169
31254349 31254341
1130958629 1130958954
1130958629 1130958799
1130958629 1130958846
1130958798 1130958372
393101163 393101164
1105290612 1105290631
1105290612 1105290645
271660706 271660875
271660706 271660705
271660706 1070588233
31254341 31254351
1105125386 1136641930
1130813169 254366661
1070588233 1070588275
1105125598 31254395
1130812448 1072641766
1130812449 1105125111
1130812449 1130812558
1130812449 1105125607
1130812327 1130812099
1130812327 1130812568
1130812327 1105125702
1105152856 1105152881
499275925 565480316
473474084 473470182
473474084 565362099
473474084 565362101
473474085 565362098
1105125593 1105125391
1105125593 261023333
1105125593 1070638340
1130812441 1130813162
1130812441 1130812123
1130812444 1130812639
1130812444 1130812675
1130812445 1130812679
1130812445 1130812703
499185652 499185649
1105290865 1093866797
1105290865 1093866675
1105290865 1105291265
1105290865 1105291103
265886152 265885805
265886152 387769175
264936072 1072641870
264936072 255334831
1106211739 1106211539
1070638135 31255167
1070638135 1105125486
1070638135 1070638257
588411740 1130958540
588411740 588411742
588411740 1130958957
588411742 588411745
588411742 1105152945
588411745 31254353
588411745 572570004
1130812847 1130812096
1130812847 236104849
1130812847 1130812438
1130958549 1130958268
1130958549 1130958844
1130958543 565362110
1130958543 473470182
1326673799 1105152884
1326673799 1105152918
1130958545 1130958487
1130958545 1130958506
1130958545 1130958258
1105125656 1105125269
1105125656 1130812078
1105125657 1105125628
1105125657 1105125486
1105125657 1070638257
1130958981 1130958932
1130958981 1327305056
1130958981 473462993
1105125652 1130812107
1105125652 1130812267
1105125651 1105125490
1130813136 1130812772
1130813131 1130812644
1070638431 258347411
1070638431 1070638147
1070638431 257717882
258347411 258347405
1130958861 1130958808
588411739 1130958930
588411739 1130958762
1105290916 1105290745
1105290916 1105291054
1130958862 1130958461
499185726 261023334
499185726 1105125643
236104832 588407949
236104832 1130812399
236104832 689881139
236104832 1130812390
567878871 256426175
567878871 567878876
1130958592 1130958561
1130958592 1130958966
568095439 568095426
568095439 568095442
860362994 860356751
860362994 860363654
860362994 261022524
1093866582 1105290745
1093866582 1093866797
1093866582 1105291025
1105152954 1130958954
1105152954 951246993
499185472 1130812459
499185472 387769166
499185472 271660869
1106211577 1106211915
1106211577 1106211652
1106211577 1106212134
499185470 387769166
951247002 1130958799
951247002 835996339
951247002 951247019
951247002 31254351
1093866904 345118821
1093866904 1093866965
1070638340 1130812695
1070638617 598438985
1070638617 1105125749
1070638617 1070638350
1070588267 1070588272
1130812584 499185706
1130812584 359522088
1130812584 1130812185
1130812580 1130812103
1130812580 1130812409
1130812580 1130812526
1130812664 1130812169
1130812664 1130813256
31254361 588391115
1130812661 588407940
1130812661 1130818769
1130812661 1130818779
1130812741 1130812220
1106211875 1106212041
1106211875 1106211552
1105125071 499185754
1105125071 499185502
1105125071 499185488
1130812746 1130812247
1130812746 1130812369
1130812554 1130813004
1054597794 759198797
1054597794 1105290889
1130813221 1130812197
1130813221 1105125234
1130813221 1130812772
1105290990 1106211599
1105290990 260102613
1130812346 1130812253
1130812346 1130812141
1106211502 1106211706
1106211500 1106212074
1106211500 1106211624
1106211500 1138564627
1130813229 1130812411
1130813229 1130812316
1130813229 1105125073
1130813228 1130812510
1130813228 1105125758
1130958913 1130958810
1070588260 1070588272
1070588260 271660875
1045501842 271660705
1106211716 1106211560
1106211716 1106211562
1106211716 1106211673
264873158 499185562
1130958644 1130958595
1130958644 1130958721
1130958644 1130958971
260102613 1093866648
260102613 1106211961
260102612 1106211785
260102612 1106211560
260102612 1106211562
260102612 1105290780
1130958649 31255167
1130958649 31254311
1138564580 1138564605
1138564580 1138564529
1138564580 1138564627
1130958318 1130958681
1130958318 1130958789
1130958318 1327305018
565480289 568090177
1130958911 878526733
1106211484 1106212074
1106211484 1106211558
1106211484 1106211673
1093866648 1105290834
1130812398 1130958845
1130812398 588411751
1130812398 1130812413
1105125279 499185740
1105125279 1105125643
257717882 257717782
257717882 257722518
565362105 565362121
565362105 565362103
565362103 565362118
565362103 565362099
565362103 565362101
1130812131 1130813100
1130812131 1105125775
565362101 565362110
565362101 565362116
1130812067 1130813162
1130812067 1130812277
1130812102 1105125756
1130812102 588407932
1130812101 1105125488
1130812101 1105125686
1130812100 1130813261
1130812100 1130812402
1130812107 1130813037
1130812831 1130812265
1130812831 1130812105
1130812105 1130812517
1130812104 1130818782
1130812267 1130812969
1130812267 1130812098
588407959 1130812396
588407959 1130812826
588407959 1130812402
588407959 1130818784
1130812265 1130812175
588407957 1106211915
588407957 1106211954
588407956 1130812486
588407956 1130818788
588407956 1130812410
588407955 1130812410
1106211809 1106211960
1106211809 1106211596
1106211809 1106212134
588407953 588407952
588407952 588407951
1106211475 1105290688
598438985 1105125467
598438985 31254307
598438985 31255167
1130958316 1130958324
1106211622 1106211960
1106211622 1106212134
1105125185 1130812775
1105125185 1130812538
1105125185 1105125686
1106211626 1106211960
1106211626 1106211596
1130812087 1130812453
1130812084 1130812396
1130812084 1130812402
1130958360 1130958659
1130958360 1130958372
256426175 567878857
1130958365 1105125120
1130958365 1130958324
1105291395 1105291281
256426172 567878857
257717782 1070638606
257717782 1070638147
1070588275 1070588276
1070588276 1130813037
1093866675 1105290639
1093866675 1093866858
860364917 860363654
860364917 860364913
860364917 860364542
31254306 31254305
31254306 31254307
31254306 1105125515
31254306 31254310
31254307 1105125170
31254307 31254311
1105291265 1105290731
1105291265 1105290944
1130958311 1130958773
1130812369 1130812568
1130812369 1105125234
1130958937 1130958308
1130958937 1105125358
31254359 588391115
31254359 31254357
31254309 1105152950
31254309 1070638565
31254309 31254305
31254309 31254310
304153015 304153023
304153015 31254383
1130958487 1130958640
1130812568 1130812178
1130812404 1130812775
1130812404 1130812397
1130958484 1105125369
1130958483 1130958659
1130958483 1105125400
256677072 256677074
256677072 256677070
359522074 359522083
359522074 387769175
359522074 499185715
1130958766 1130958506
1130958766 1130958832
1130958762 1130958250
1130958762 1130958268
1106211652 1106211512
1106211652 1106211534
1106211652 1106211439
1130812408 1130812460
1130812408 1130812454
1130812408 1130813268
1130812409 1130813251
1072641766 261022722
499185754 499185483
1130812413 1130812393
1130958268 1130958709
1130958267 1105125266
1130958266 1130958930
1130958264 1130958891
1130958506 1130958966
568095471 568095473
568095471 568095469
1130812464 1130818774
1130812464 1130818775
1130812464 1130812097
1130958502 1105125600
1130958502 1130958957
1105125697 1130812407
1105125697 256669820
1105125697 1105125695
1130958820 1130958379
1130958461 1105125756
1130958461 1105125724
1130958461 1130958921
1130818772 1130818760
1130818772 1130812163
568095473 567878876
1105291057 1093866965
1130812557 387769168
1059532229 265886496
1059532229 1059532267
1105291054 1105290831
1105290811 1105291287
1105291322 1093866797
1105291322 1105290666
1105291322 1105291103
1130818771 1130818769
1130818771 1130818770
236104926 1130812169
1130958938 1130958808
1130958938 1130958606
1130958948 1130958292
1130812316 1130812895
1130812316 1130812418
1130812517 1130812350
951247044 1105125645
951247044 1105125170
1105125628 1105152884
1105125369 1130958486
1105125369 1105125600
1105125483 1130812138
1105125483 1130812396
1105125483 1130812761
1130812895 1130812411
1130812703 236104943
1106211877 1106211534
1106211877 1105291018
1106211877 1106211439
1105125609 1130958877
1105125609 1130958640
1105125609 1105125231
1130958876 1130958586
1130958876 1130958705
1130958876 1130958844
727444581 261022523
727444581 255334831
1130813268 1130812565
1130813268 1130812394
1130958877 1130958847
1130958877 1130958971
1105125601 588407940
1105125600 1130958895
1106211459 1106212152
255334831 1072641451
1130813261 1130812415
1105125607 1130813283
1105125607 1105125391
1130958954 1105152915
568095469 568095462
264873301 264873305
264873301 499185562
1105290826 1105291025
568095462 568095456
499185617 1105152881
499185617 473470198
1130958817 1130958895
1130958817 31254389
1130958810 1105125120
1130958810 1105125491
1130958810 1130958860
499185613 1105125075
499185613 1105125707
1105290944 1105290639
1105290944 1105290933
1105125231 1130958383
1130818789 1130818782
1130818789 1130812826
1130818789 1130818784
1130818788 1130818763
1130818788 1130818762
1105125234 1130813022
499185632 499185627
499185632 31255183
878518764 951246988
878518764 1130958892
1105125238 1136641976
1105125238 499185723
1130818781 588407944
1130818780 1130818776
1130818780 588407968
1130818787 1130818779
1130818787 1130818773
1130818786 1130818773
1130818784 1130812077
1130818784 1130812605
1105291025 1105291096
1105291025 1105290731
1130812232 1130812075
1130812232 1130812094
1105125464 1105125073
1105125464 1130812481
1105125467 1105125749
1105125467 1105125170
559979730 559359760
559979730 1130958464
256677074 588407973
1105125080 1105125645
1130812146 759198826
1130812146 1130812093
1130812146 1130812070
1130812633 1130813069
1130812633 1130812096
951246988 878526733
951246988 951247019
1130812142 1130812245
1130812142 1130812452
1130812229 1130813079
1130812680 1130812417
1130812680 1130812412
1105125748 1130958659
1105125748 1130958420
1105125748 1105125400
1105125748 1105125358
1105125749 31255183
1106211436 1106211981
499185532 499185536
499185532 914718368
499185532 1136641940
1106211534 1106212134
499185530 499185536
499185530 499185534
499185536 261023335
499185534 1136641938
499185534 499185521
31255219 31255220
31254390 31254391
31254390 31254389
31254390 835996357
1105152876 1105152950
1105152877 1105152922
31255167 951247022
1105152918 835996357
1106211745 1106211954
1106211745 1106211596
1130812106 1130818794
1130812106 1130813030
1130812106 1130812163
1105125307 1105125678
1105125307 1105125515
1105125307 1105125389
387769166 387769168
256669820 499185490
256669820 1072641608
387769165 1072641378
1105291113 1093866858
1105291113 1105290838
1106212152 1106211981
1093866797 1105290731
914718368 236621453
914718368 499185521
254366843 1105125241
254366843 1130812231
254366843 254366661
1105125510 1130812796
1105125510 1105125058
1105125510 1105125758
1105125510 1105125124
1130818774 588407945
1130818775 1130812639
1130818775 1130818760
1105125515 1105125170
1130818773 588407944
1130818770 1130818777
1130818770 237415667
1105125516 31255183
1105125516 1105125707
499185462 1130812459
499185462 499185457
499185706 359522083
499185706 499185748
499185706 499185708
1130818778 1130818794
1130818779 1130818764
1130812526 1130812209
1130812526 1130812123
1130812521 1130812405
1130812521 1130812283
567878913 567878918
1130812138 1130812259
1130812138 1130813107
1130813037 1130812648
565362099 565362098
565362098 258071906
499275980 499275998
473470198 1105152922
473470198 473470166
1130812264 759198826
1130958895 1130958486
951247036 598438978
951247036 1105125389
951247036 951247020
1130812259 1130812414
1072641608 1105125393
1072641608 256669905
1130958420 1130958308
1130958420 1130958769
568090177 567878876
1130958787 588407935
1130958787 1130958741
1130958787 1130958634
1130958429 1130958379
1106211471 1106211706
1130958891 1130958792
1130958891 1130958838
499297210 499297216
1130812249 1130812761
568092780 568092779
499297216 499297217
499297217 393101164
31254353 31254363
1130958893 1130958799
1130958893 835996339
1130958893 1130958517
31254357 31254387
31254357 1130958372
1130812155 1130812302
1130812155 1130812610
1130812253 1105125636
567878918 567878928
1130818794 1130812605
1130812252 1130813251
1130812451 1130812246
1130812451 1130812093
1130812450 1130812099
1130812450 689881134
1130812453 1130812277
1130812452 1130812565
1130812454 1105125058
1130812457 1130812639
1130812457 1130812675
499185667 1130812537
499185667 499185669
499185667 499185671
256426167 256426169
1105125048 1130958777
1105125048 1130958921
31254363 31254364
835996350 31254396
835996350 1105125406
835996350 31254398
588411750 1130958775
499185669 1130812537
499185669 1130812248
499185669 499185684
265886513 727443774
1130812855 1130813100
1130812855 1130812565
1130958250 1130958709
265886494 265885805
1130958553 1130958634
1105125724 1105125534
1130958258 1130958749
1130958858 1130958564
1105152951 1105152922
1105152951 473470166
588407951 1130812417
588407951 1105290809
1105125643 499185720
1130813107 1130812395
1105152894 499185615
1105152894 1105125509
1105152894 1105152920
568095426 568095425
571867117 393101164
499185715 359522083
499185715 499185708
258347403 258347405
1130813283 1130812497
1105125393 1130812407
499185562 499185550
951247019 951247010
237415667 1130812486
1130958741 588407936
1106211558 1106211706
951247010 878518724
951247010 1105125687
1105290886 1106211954
1105125702 1130813022
1105125702 1130812283
1130812679 1130812390
1106211624 1106211670
1105125709 1105125560
1105125709 1130958451
1105125709 1130958768
1105125709 1105125358
1130812671 1130812550
1130812671 1130812516
567878928 572570042
567878928 567878944
1105290889 1106211818
1105290889 236104943
727443774 727443798
727443774 1059532111
1130812302 1130812238
1130812302 1130812627
469184276 469184950
469184276 469189604
1130812772 1130812245
1106212023 1106211706
1130958368 1130958304
1130958368 1130958890
1130958368 1130958961
499185490 1105125695
1327305056 1327305018
1093866769 345118821
1130958924 31254391
835996338 878518740
1130958921 588407938
1130958640 1130958485
1130958923 1130958451
1130958676 1130958606
31254388 1130958486
31254388 1130958773
31254388 835996361
1130812195 1130812169
1130812195 1130812411
1130812195 1130813256
31254387 31254394
31254383 1105125687
565362118 565362121
565362118 565362116
1130958721 1130958352
1130958721 1130958304
1130958721 1130958294
565362110 565362114
565362110 559359765
568092773 568092779
565362112 565362114
565362112 469184950
565362112 469189604
572570004 572570042
565362114 473470166
565362114 565362116
1130812077 1130812402
1130813079 1130812392
1130812178 1130812099
1130812070 1130812246
1130812070 759198802
1130812175 1130812095
1106211512 1105290688
1106211512 1106211915
1130812078 1130813162
588407940 1105125310
499185448 499185457
499185448 271660869
1130812277 1130812516
1130958352 1105125560
1130958352 1130958707
860363656 860364542
1136631235 1136631230
1130812197 1130812393
1130812095 1105125269
1130812094 1130812405
1130812097 1130818760
1130812097 1130812163
1130958371 1130958464
31255221 31255220
31255226 572570042
31255226 31255227
1070588266 271660869
1105290639 1105291071
759198802 759198797
1130812393 1130813022
1130812391 1130812301
1130812391 1105125756
1130812397 1130812307
1130812394 1130813100
1130812394 1105125526
31254310 1130958517
878518757 1105152884
878518757 1070638257
1130812399 1130813116
1130812399 1130812412
304153023 499831371
304153020 878518723
304153020 835996361
1130812417 1105290688
1130958779 31254396
1130958779 1130958655
1105125486 1070638366
473462993 473462992
473462992 258071906
1130958775 1130958457
387769175 387769176
1130958777 588407936
1130812419 1130813073
1130812419 1130812761
1130812418 1130813257
1130958773 1130958564
1130958292 1105125526
387769177 387769176
1130958294 1130958595
1130958294 1130958707
1130958294 1130958655
1130812460 1130812565
1130812362 1130812301
1130812362 1105125756
499185615 1105125075
499185615 1130812537
1130958517 1130958459
567878944 499276020
1105125687 499831371
1105125686 1105125637
1130958304 1105125458
1105152915 878518740
1105152915 1130958846
1130812360 1105125241
1130812360 1130812168
1105125124 1105125569
1130813030 1130812196
1105291096 1105290933
1130958897 1130958634
1130958892 878526733
1130958892 878518777
1059532218 1059532111
31254402 31254396
1130958655 1130958792
1105290631 1105290780
1105290631 1105290672
1130958485 1130958800
1130958485 1130958749
1130958308 1130958705
469184950 559359765
1130813073 1130812905
1130812307 254366661
1130812403 1130812610
1130812403 1105125058
727443798 1070638606
727443798 1072641451
1130958768 1130958707
1130958769 1105125400
1130958769 1130958935
1072641378 1072641825
878518777 878518723
878518777 878518724
1130958860 1105125534
499185671 499185685
1130812486 1130812196
261022723 1105125636
261022723 1130813251
499185673 499185685
499185673 499185680
271660869 307385259
1130813256 1105125073
1327305018 1130958932
1105125636 1130812238
1105125637 1130812538
1105125491 1105125534
499185748 359522088
499185748 359522090
499185748 499185746
1130958606 1130958838
499185627 1130812537
499185659 469182105
1130958961 1105125458
499185740 499185743
499185740 499185720
499185740 499185723
568095456 264871771
499185743 359522096
499185743 359522099
499185743 499185746
1105290933 1105290731
499185746 359522094
499185746 359522092
1105290838 1105291071
759198784 1130812246
1105125509 598438981
1105125509 1105125075
1105125758 1105125569
1072641870 1072641451
878526733 878518724
1105125458 1105125560
1105125752 254366661
1105125752 1105125529
1136641940 1136641938
1105290688 1106211439
1106212041 1106211953
1130812537 1130812465
1136641930 1136641976
1136641930 1136641934
1130812185 499185708
1130812185 1130812248
1130958800 1130958847
1130812610 1130812627
499185480 1072641825
499185521 499185517
499185488 1105125695
1130958705 1130958335
31255183 1070638350
256669905 236104849
1136631239 1136631240
1130958709 1130958830
1130958971 1130958383
1105291287 1105290883
1136631236 1136631240
1105152950 499831363
1105291281 1105290645
565362121 1105152920
499831371 878518723
499831371 878518724
1130812510 1130812645
1130812510 1105125569
254366661 689881130
236621453 261023334
236621453 499185517
1105125529 689881130
588407949 689881139
588407949 1130812496
1130958634 588407934
1130812538 1130812695
261023335 1136641983
261023335 1136641976
261023334 261023333
588407973 588407975
1105125227 598438981
359522083 359522090
1130958792 1130958595
1130958792 31254396
1130958796 1130958841
236104849 1130812167
1130958457 1130958830
1130812496 1130812395
31254364 588391115
359522099 359522094
359522099 499185723
359522094 359522090
359522096 359522092
359522096 499185720
469182105 499185688
1130812550 1105125269
359522092 359522088
598438981 598438978
264871779 264871777
264871779 1130812644
264871773 264871777
264871773 264871772
264871771 567878894
1106211670 1106212074
1105125111 1130812497
1130812395 1130812456
1130812438 1130812167
1130812438 1130813069
559359760 1130958932
1105290672 1106211785
689881134 689881137
499185684 499185688
499185684 499185680
1130812648 1130812167
1105125778 1130958832
1105125778 588407934
588407934 588407935
265886506 1070638606
265886506 1059532111
265886506 265886502
31254395 31254394
588407935 588407936
588407932 588407938
