1186631527 1186631617
1186631527 1186631443
1186631527 317115549
1186631522 1186631645
1270140842 1270140839
1270140842 1186631536
1186631528 662034203
1186631528 1186631641
1186631528 1270145981
299845111 299845112
299845111 1270137402
299845112 299845113
299845113 299845114
299845114 299845119
299845119 299845120
1270140840 1270140835
1270140840 317003603
317116253 1270140835
317116253 317116252
317115590 317003956
317115590 317115589
317115590 1186631609
317003956 317115589
317003956 317407234
317003956 316994296
317116256 317408037
317116256 1270140835
317116256 317003600
317116256 317003603
317002345 845686558
317002345 316998820
317002345 317115549
317002356 317408037
317002356 317002325
317002356 1270137402
317002350 1270145529
317002350 317002349
317002350 317407234
317002350 317407286
1186631645 1186631558
1186631645 317115551
1186631645 1186631473
1186631594 317115546
1186631594 1186631617
1186631594 1186631600
1186631594 317115549
1186631551 1186631622
1186631558 1186631483
1186631558 1186631443
1186631558 1186631613
317115586 317115589
317115586 317115585
1186631496 1186631617
1186631496 1186631544
1186631496 317003593
1186631496 1186631630
317115585 317115641
316994287 317003595
316994287 1186631623
316994284 317748371
316994284 317748752
845686558 317115551
1207481119 1207481047
1207481119 1207481161
1207481111 1207481159
1207481111 1207481089
317115589 1186631473
317407212 1207481099
317407212 317407406
1186631463 317115546
1186631463 1186631505
1186631543 1186631613
1186631543 316998820
1186631544 1186631443
1186631544 1186631509
316994290 1270145529
316994290 1186631623
316994290 1186631609
317407234 1207481099
317407234 317407405
317407286 317408037
317407286 317407405
1207481047 1207481075
286085145 286085144
286085145 317003603
286085144 317002325
1207481161 1207481034
286085140 317004360
317004360 1207481159
317004360 317003966
1186631473 1186631483
317407407 317407406
662034203 1270145981
662034203 662034204
317003966 317002325
317003966 317003962
317407405 317407406
317407405 317003962
317003962 1207481159
1186631489 1186631623
1186631489 1186631618
1186631489 1186631630
299845093 299845094
1207481034 1207481140
1270137531 1270137675
316998820 1186631537
316998820 1186631600
316998820 1270145980
1207481099 1207481075
1186631569 317748752
1186631569 1186631536
1186631569 1186631599
1186631443 1186631509
1207481155 1207481140
1207481155 1207481089
1207481159 317407406
317003611 1186631598
317003611 1186631600
317003611 317003590
1186631606 1186631505
1186631606 317003595
1186631606 1186631536
1270137620 317116252
1270137620 1270137414
317115641 316994296
1186631609 1186631483
1270145529 317002349
317115551 1186631613
1186631457 1186631622
1186631457 1186631536
1186631457 1186631599
317748752 317748749
1270140835 1270140839
299845120 299845122
299845123 299845122
1270145981 317003590
1270145980 1186631537
1270145980 662034204
1186631613 317115549
1186631618 317003595
1186631618 317003593
1186631598 1186631537
317115546 317003593
317115546 317003590
299845098 299845097
299845098 1270137402
299845095 299845094
299845095 299845096
299845097 299845096
1270137414 1270137675
1186631509 317002349
1186631509 1186631630
1186631509 1186631483
1186631505 1186631622
1186631505 317003593
317003595 317003600
