1186631527 114.2834069 30.58545
1186631522 114.2872951 30.5876494
1270140842 114.2801498 30.5747599
1186631528 114.2776109 30.5852454
299845111 114.292575 30.5771407
299845112 114.2924205 30.5770003
299845113 114.2922403 30.5765273
299845114 114.2920858 30.5764387
299845119 114.2908841 30.5743252
1270140840 114.2892392 30.5720625
317116253 114.2858461 30.5710305
317115590 114.2872838 30.5847803
317003956 114.2875281 30.5853857
317116256 114.2890917 30.5763927
317002345 114.2820061 30.586619
317002356 114.2917419 30.5786656
1186631641 114.2762559 30.584685
317002350 114.2875998 30.5820425
1186631645 114.2858447 30.5863379
1186631594 114.2807481 30.5844669
1186631551 114.2765874 30.5812781
1186631558 114.2850187 30.5855637
317115586 114.2871028 30.5863716
1186631496 114.282409 30.5831491
317115585 114.2871851 30.5865705
316994287 114.2835974 30.5797282
316994284 114.27615 30.5764561
845686558 114.283693 30.5881136
1207481119 114.2908807 30.5866133
1207481111 114.2918559 30.5872046
317115589 114.2873658 30.5854055
317407212 114.2911404 30.5876774
1186631463 114.277448 30.5828837
1186631543 114.2818687 30.5881152
1186631544 114.2842169 30.5847552
316994290 114.2853998 30.5820927
317407234 114.2892512 30.5846272
317407286 114.2889645 30.5808898
1207481047 114.2906506 30.5865631
286085145 114.2925213 30.5787902
286085144 114.2922209 30.5791966
1207481161 114.291305 30.5865156
286085140 114.2965124 30.5872138
317004360 114.2952236 30.5845424
1186631473 114.2866853 30.5855866
317407407 114.2927325 30.5875916
317748371 114.2769491 30.574884
662034203 114.2789158 30.5858178
317003966 114.2935639 30.5815066
317407405 114.2906597 30.5838997
317003962 114.2920483 30.5827767
1186631489 114.2835731 30.5821998
317002325 114.2922317 30.5791937
299845093 114.2969781 30.5843822
1207481034 114.2912338 30.5868783
1270137531 114.2762713 30.5726166
316998820 114.2809163 30.5872734
1207481099 114.2896358 30.5852482
1186631569 114.2775638 30.5769707
1186631443 114.2841509 30.5848096
1207481155 114.2914055 30.5872186
1207481159 114.2937119 30.5857872
317003611 114.2776791 30.5852432
1186631606 114.2806564 30.5782368
1186631600 114.2790189 30.5858217
1270137620 114.2772794 30.5706573
317408037 114.2909562 30.5792584
317115641 114.2884615 30.5875508
1186631609 114.286939 30.5840368
1270145529 114.2862593 30.5831136
317115551 114.2842163 30.5876951
1186631457 114.2779861 30.5792727
317748752 114.2762451 30.5764907
1207481089 114.2915999 30.5872548
1207481140 114.2912921 30.5871098
1270140835 114.2870808 30.5730002
299845120 114.2907382 30.5742365
299845123 114.2898198 30.5727807
299845122 114.2900087 30.5728916
1270145981 114.2776838 30.5852774
1270145980 114.2808606 30.5873336
1186631617 114.281601 30.5837901
1186631613 114.2833773 30.5868839
1186631618 114.2821331 30.5808775
1186631598 114.2775933 30.5853486
1186631599 114.2765777 30.5786737
317115546 114.2792481 30.5835009
299845098 114.2965747 30.5835694
299845095 114.2967378 30.5838649
299845094 114.2968494 30.5842418
299845097 114.2968065 30.5835102
299845096 114.296815 30.5837024
1270137414 114.2768346 30.5706407
662034204 114.2804758 30.5869524
317115549 114.2825742 30.5861474
1186631509 114.2850946 30.584094
1207481075 114.290453 30.5864264
1186631505 114.2788229 30.5809141
317407406 114.2922766 30.5868648
1186631622 114.2772858 30.5802798
1186631623 114.284852 30.581157
1270140839 114.2834543 30.5746952
1270137675 114.2769472 30.5711756
1270137402 114.2934307 30.5786464
1186631536 114.2791482 30.5776016
1186631537 114.2807813 30.5874193
317116252 114.2850651 30.5706388
317003595 114.2834395 30.5796481
1186631483 114.2859097 30.5848635
317003590 114.2779896 30.5849132
317003593 114.281062 30.58189
1186631630 114.2832815 30.5824376
317002349 114.286126 30.5832201
316994296 114.2884039 30.5874867
317003600 114.2884125 30.5770975
317003603 114.2909437 30.5753771
317748749 114.2772838 30.5738864
