243752008 -4.0048635 5.3279825
1082810390 -3.9936086 5.3279702
1390040107 -4.0022037 5.3328785
1230637241 -4.0043635 5.3321938
1230637245 -4.0013831 5.3318223
1097466127 -4.0041071 5.3272205
1230637249 -4.0023321 5.3319406
243528445 -4.0072511 5.3286402
243528443 -4.0065185 5.3282378
243531506 -4.0010334 5.3298234
1097466215 -4.0045362 5.3268686
1097466216 -4.0039079 5.3278554
244516088 -3.9979931 5.333459
243531502 -4.0006047 5.3320032
244514116 -4.0088834 5.329687
244514115 -4.0077906 5.3295318
244516083 -3.995173 5.3271599
244516082 -3.9944971 5.3281347
244516081 -3.9940547 5.3277247
1097466194 -4.0054962 5.3269396
244516087 -3.9966778 5.3333393
243531508 -3.9971562 5.3293676
244516084 -3.9948029 5.3262739
244510472 -4.0048032 5.3400751
244510459 -4.0034255 5.3398845
244510477 -4.0088536 5.3399679
244510570 -4.005528 5.3360589
244510572 -4.0059736 5.3342788
1050175613 -4.0020309 5.3234375
1050175592 -4.002252 5.3226395
1230637257 -4.0021808 5.3330458
782100741 -3.9951663 5.3301461
1230637254 -4.0027688 5.3331264
1082809242 -3.9933545 5.3277279
1097466186 -4.00287 5.3262749
1097466229 -4.0041603 5.327053
244516161 -4.002487 5.3357689
244514104 -4.0092596 5.3288557
244514106 -4.0098842 5.3297887
1082810419 -3.9985263 5.3243565
244512659 -3.9935469 5.33545
1097466203 -4.0030117 5.3262043
1097466168 -4.0045447 5.3269094
244514103 -4.0086615 5.3285367
1082810093 -3.9930855 5.3282975
244510569 -4.0091801 5.3356046
1390040047 -4.001347 5.3320971
244516073 -3.9985509 5.3280862
244510567 -4.0099202 5.3372228
782100590 -3.9984486 5.330247
1082809401 -3.9989435 5.3242174
1387715228 -3.9995583 5.3404114
244510519 -4.0093382 5.3390326
243531486 -3.9960132 5.3389442
243531485 -3.9999138 5.3394447
243531483 -4.0000252 5.3384463
782100221 -3.9981363 5.3297751
243528462 -4.0056013 5.3280642
244516070 -3.9994847 5.3281874
782100390 -3.9984755 5.3297912
1230637279 -4.0023944 5.3314856
243531488 -4.0000345 5.3366417
244512663 -3.9927832 5.3385569
244516060 -3.9988879 5.3301462
244512661 -3.9939179 5.3361321
244516062 -3.9987519 5.3315705
1097466175 -4.0037839 5.3277496
1097466174 -4.0041713 5.3274294
244516067 -3.9991486 5.3295982
244512664 -3.9929378 5.3366864
244516069 -3.9994998 5.328258
244510568 -4.009603 5.335203
1390040072 -4.0013004 5.3324524
782099675 -4.0092208 5.3300456
1082810190 -3.9993284 5.3250796
243531498 -3.9978614 5.3376516
244514113 -4.0076546 5.330578
243531490 -3.9992177 5.3365428
243531492 -3.9989242 5.3361123
243531494 -3.9974407 5.3359457
243531504 -4.0008665 5.3312175
244514098 -4.007644 5.3306943
244514099 -4.0076335 5.3308105
243528597 -4.004047 5.3361149
243528595 -4.0038548 5.3360961
1097466189 -4.0027756 5.3266535
243531496 -3.9973552 5.3374984
244514117 -4.0048581 5.3291778
243528612 -4.003893 5.3371029
1390040141 -3.9961289 5.3379622
1390040142 -3.9977936 5.3381652
1390040143 -3.9960744 5.3384252
1390040144 -3.9977327 5.3386267
243531500 -3.9976613 5.3391674
243528451 -4.0078809 5.3285878
1390040063 -4.000555 5.3323663
1230637238 -4.0042252 5.333326
244516078 -3.9981309 5.3294695
1082809818 -3.9936222 5.3282812
1097466148 -4.0042067 5.3273307
1082810657 -3.993631 5.3276374
1389041667 -3.9992279 5.3240926
244510544 -4.0086984 5.3357762
244510545 -4.0093485 5.3360179
244510546 -4.0096148 5.3363299
244516136 -4.0070706 5.3330896
244510549 -4.01012 5.3375464
243528576 -4.0038727 5.3359028
244514119 -4.0047237 5.3291765
244514118 -4.0011528 5.3287568
244510503 -4.0020571 5.3365307
243531469 -4.0001448 5.3356353
782100322 -3.9923816 5.3298125
1097466191 -4.0040274 5.3269251
782100499 -3.9953327 5.3302671
1097466151 -4.0027531 5.3267798
1097466156 -4.0025929 5.3276806
1097466155 -4.005358 5.3267879
243528464 -4.0013448 5.3274357
244516046 -3.9995745 5.3244099
244516044 -3.9981196 5.3252478
244516043 -3.9982328 5.3250156
244516042 -3.9978457 5.3240805
244516041 -3.998066 5.3245986
244516137 -4.0072835 5.3331948
1082809940 -3.9988875 5.3252469
244516135 -4.0097336 5.3322153
244516134 -4.0074848 5.3319071
244516133 -4.0004626 5.3329815
244516132 -3.999461 5.3328635
244516049 -4.0001623 5.3236825
244516048 -4.0003469 5.3241113
729648119 -4.0009834 5.3356075
244510534 -4.0100847 5.3376556
1235426320 -3.9979424 5.3280272
782099484 -3.9934256 5.330675
244510532 -4.0097009 5.3370785
1235426329 -3.9958799 5.3263704
243531515 -3.9958011 5.3291714
243528457 -4.0049891 5.3279845
243531512 -3.9940719 5.3311056
244516085 -4.0025157 5.3306222
243528454 -4.0042001 5.3278916
244516058 -3.9964992 5.3274428
244516059 -4.0009903 5.3304293
243531516 -4.0047337 5.330331
244516050 -3.9999538 5.3231286
244516076 -3.997517 5.3278771
244516052 -3.9958961 5.3262685
244516053 -3.9959499 5.3266117
244516054 -3.9952714 5.3269119
244516055 -3.997635 5.3255011
244516056 -3.9981784 5.3266974
1082809366 -3.9978082 5.3258077
243531477 -3.9964545 5.3352004
243531475 -3.9935841 5.3346797
243531473 -3.9964803 5.335048
243528573 -4.0040621 5.3359159
243531471 -4.0001606 5.3354777
244516129 -3.9992517 5.3345548
244516075 -3.9976785 5.3278234
243531479 -3.9935607 5.3348059
244510526 -4.0086322 5.3391875
244510527 -4.0075154 5.3387148
244510524 -4.0068518 5.3368138
244510525 -4.0054434 5.3365605
244510522 -4.0088536 5.3374719
1097466228 -4.003543 5.3262537
244516089 -3.9979053 5.3344046
243531514 -3.9952714 5.3287618
243531481 -3.9998493 5.3381835
244516148 -4.0035032 5.3342882
1097466134 -4.0037839 5.3276482
1235426314 -4.0011058 5.3364056
1097466130 -4.0035147 5.3267369
1097466132 -4.0051597 5.326735
243531517 -4.0045918 5.3303231
1374289844 -4.0095051 5.3362831
244510518 -4.0093203 5.3394854
244516150 -4.0026434 5.3341825
1374289841 -4.0084634 5.3359555
1082810345 -3.9996312 5.3246494
244510512 -4.0082733 5.338014
244510511 -4.0078545 5.3396283
244510516 -4.0054933 5.3361822
244510514 -4.0052878 5.3373349
1390040132 -3.9973092 5.3374233
1390040134 -3.9974076 5.3375356
1390040136 -3.9977731 5.3375732
1390040138 -3.9978319 5.3376025
729648133 -4.0011292 5.3352817
244516061 -3.9987908 5.331152
1097466123 -4.0045326 5.3269568
244512662 -3.9936745 5.3386029
244516063 -3.9969246 5.3313461
1389041665 -3.9990036 5.3235576
1389041666 -3.9994025 5.3240159
1374289845 -4.0092114 5.3363299
1082809615 -3.9933355 5.3279655
244516065 -3.9970377 5.33044
244516064 -4.0008072 5.331389
244516146 -4.0098771 5.3345557
244516147 -4.0003603 5.3339198
244516144 -4.0086024 5.3346248
244516145 -4.0087036 5.3345374
244510508 -4.0064246 5.3391577
244510509 -4.0049958 5.3390063
1082809911 -3.9938707 5.3279615
244510504 -4.0010045 5.3364281
244510505 -4.0007476 5.3367279
244510506 -4.0070408 5.3401525
244510507 -4.0067873 5.3394417
244510500 -4.0023383 5.3397475
244510501 -4.0024579 5.3386633
244510502 -4.0017879 5.3385144
1050175606 -4.0022126 5.3227816
244510513 -4.0067233 5.3375133
729648123 -4.0025208 5.3352872
1390040100 -4.0005067 5.3326883
1390040102 -4.0012584 5.3327725
1082810078 -3.9932674 5.3276223
1082810070 -4.006697 5.3272001
244510461 -3.9997727 5.3401555
244510460 -4.0035528 5.3399023
