243752008 243528457
243752008 244514119
243752008 243528454
1082810390 1082810657
1082810390 1082809818
1082810390 1082809615
1082810390 1082809911
1390040107 1230637257
1390040107 1230637249
1390040107 1390040102
1230637241 1230637249
1230637241 243531517
1230637241 1230637238
1230637245 1230637249
1230637245 1390040047
1097466127 1097466229
1097466127 1097466134
1230637249 1230637279
243528445 243528443
243528445 243528451
243528443 243528462
243528443 1082810070
243531506 244516059
243531506 243531517
243531506 244514118
243531506 244516067
1097466215 1097466168
1097466215 1097466130
1097466216 243528454
1097466216 1097466175
1097466216 1097466156
244516088 244516089
244516088 244516087
243531502 1390040063
243531502 244516064
243531502 1390040047
244514116 782099675
244514116 244514115
244514115 244514113
244514115 244514117
244514115 243528451
244516083 244516082
244516083 244516084
244516082 243531514
244516082 244516081
244516081 1082809911
1097466194 243528462
1097466194 1097466155
244516087 244516063
244516087 243531473
243531508 243531515
243531508 244516065
243531508 244516078
243531508 244516076
244510472 244510509
244510472 244510460
244510459 243528595
244510459 244510500
244510459 244510460
244510477 244510526
244510477 244510518
244510570 244510572
244510570 244510544
244510570 244510516
244510570 243528573
244510572 244516144
244510572 244516136
1050175613 244516048
1050175613 1050175606
1050175613 243528464
1050175592 1050175606
1230637257 1230637254
782100741 782100499
1230637254 1230637238
1230637254 244516150
1082809242 1082809615
1082809242 1082810078
1097466186 1097466203
1097466186 1097466189
1097466229 1097466191
244516161 729648119
244516161 243528576
244516161 729648123
244514104 244514106
244514104 244514103
1082810419 1082809401
1082810419 244516041
1082810419 1082809940
244512659 244512661
244512659 243531479
1097466203 1097466228
1097466168 1097466123
244514103 243528451
1082810093 1082809615
244510569 244510568
244510569 244510544
1390040047 1390040072
244516073 244516070
244516073 244516078
244516073 1235426320
244510567 244516146
244510567 244510549
244510567 244510546
782100590 782100390
1082809401 1082810190
1082809401 1389041667
1387715228 244510461
244510519 244510518
244510519 244510522
243531486 244512662
243531486 1390040143
243531486 243531500
243531485 244510500
243531485 243531483
243531485 244510461
243531485 243531500
243531483 243531481
782100221 244516078
782100221 782100390
243528462 243528457
244516070 244516069
1230637279 243531504
1230637279 244516085
243531488 243531490
243531488 244510505
243531488 243531469
243531488 243531481
244512663 244512662
244512663 244512664
244516060 244516061
244516060 244516059
244512661 244512662
244516062 244516061
244516062 244516063
1097466175 1097466134
1097466174 243528454
1097466174 1097466148
244516067 244516069
244516067 244516078
244510568 244516146
244510568 1374289844
1390040072 1390040063
1390040072 1390040102
1082810190 1082809940
243531498 1390040138
243531498 1390040142
244514113 244514098
243531490 243531492
243531492 243531494
243531494 1390040132
243531504 244516059
243531504 244516064
244514098 243531516
244514098 244514099
244514099 244516134
243528597 243528595
243528597 243528573
243528597 243528612
243528597 244510516
243528595 243528576
243528595 243531469
1097466189 1097466151
1097466189 1097466130
243531496 1390040132
243531496 1390040134
244514117 243528457
244514117 244514119
244514117 243531516
243528612 244510460
243528612 244510514
1390040141 243531477
1390040141 1390040142
1390040141 1390040143
1390040142 1390040144
1390040143 1390040144
1390040144 243531500
1390040063 1390040100
1230637238 243528576
1082809818 782100322
1082809818 1082809911
1097466148 1097466123
1389041667 1389041665
1389041667 1389041666
244510544 244510545
244510545 244510546
244516136 244516137
244516136 244516134
243528576 243528573
244514119 243531517
244514119 244514118
244514118 243528464
244510503 244510502
244510503 1235426314
243531469 243531477
243531469 243531471
782100322 782099484
1097466191 1097466151
782100499 244516065
1097466151 1097466156
1097466156 243528464
1097466155 1097466132
244516046 1082810345
244516046 1389041666
244516046 244516048
244516044 244516043
244516044 244516055
244516043 244516041
244516042 1389041665
244516042 244516041
1082809940 1082809366
244516135 244516134
244516133 244516147
244516133 1390040100
244516133 244516132
244516132 244516129
244516049 244516050
244516049 1389041666
244516049 1050175606
244516049 244516048
729648119 729648133
729648119 243531471
244510534 244510532
1235426320 244516075
244510532 1374289844
244510532 1374289845
1235426329 244516052
1235426329 244516053
243531515 243531514
243531512 243531514
243531512 243531475
244516085 244516059
244516058 243531514
244516058 244516056
243531516 243531517
243531516 243528573
244516050 1389041665
244516076 244516075
244516052 244516055
244516053 244516054
244516055 1082809366
244516056 1082809366
243531477 243531473
243531477 243531479
243531475 243531473
243531473 243531471
243531471 244516147
244516129 244516089
244510526 244510512
244510526 244510511
244510527 244510512
244510527 244510511
244510527 244510507
244510524 244510513
244510524 244510525
244510524 244510522
244510525 244510516
244510525 244510514
244510522 244510512
1097466228 1097466130
244516148 244516150
1235426314 244510504
244516150 244516147
244516150 729648123
1374289841 1374289845
1374289841 244510516
244510512 244510513
244510511 244510506
244510514 244510513
244510514 244510509
1390040134 1390040136
1390040136 1390040138
729648133 729648123
244516061 244516064
244516063 244516065
244516146 244516145
244516144 244516145
244510508 244510513
244510508 244510507
244510508 244510509
244510504 244510505
244510506 244510507
244510500 244510501
244510501 244510502
1390040100 1390040102
