110594838 -0.1990673 5.5531269
104289111 -0.1972429 5.5596746
99445675 -0.1913826 5.5637537
107371828 -0.1856492 5.5657527
1215470057 -0.1865386 5.5521198
124103716 -0.2025235 5.5563671
104594641 -0.1942034 5.5501087
110594830 -0.1980803 5.5560656
1390293406 -0.2008226 5.5549359
1390293405 -0.200626 5.5549053
1390293403 -0.2006875 5.5548194
102667608 -0.2022749 5.5508201
107371830 -0.18631 5.5661115
120363913 -0.1996005 5.5643316
120363910 -0.1996091 5.5644598
99455362 -0.1951765 5.5628542
104588209 -0.1856832 5.5514871
120363917 -0.1993859 5.5641095
120363914 -0.1994975 5.5641864
33450590 -0.1923339 5.5551308
120363918 -0.1983817 5.5638533
33450594 -0.1900698 5.5531267
33450444 -0.1959148 5.5616377
104592191 -0.1870623 5.5557897
110622891 -0.2010672 5.5626008
110596579 -0.1978657 5.553349
276977178 -0.1936042 5.5540801
276977177 -0.1937648 5.553895
1390293407 -0.200759 5.5550244
33531061 -0.1970244 5.5592321
107394116 -0.1911852 5.5585085
110599327 -0.1993334 5.5528279
110599326 -0.199239 5.552939
33531065 -0.1969972 5.5596205
1213932557 -0.2007753 5.5583131
105516182 -0.1856756 5.5579876
107386339 -0.1923611 5.564514
107394119 -0.1918719 5.5591492
99454451 -0.1904816 5.5653742
124194452 -0.1896209 5.5507138
102667616 -0.2029015 5.5512131
99449861 -0.1862501 5.5633325
107364559 -0.1888764 5.5656758
102667612 -0.2028414 5.5509312
102667613 -0.2028929 5.5510081
102667610 -0.2027556 5.5508885
104286813 -0.1971665 5.5591877
276977015 -0.1920266 5.5541662
110594841 -0.1991875 5.5530244
102667618 -0.2028243 5.5514437
102665251 -0.1952111 5.5513412
104593825 -0.1872168 5.5565927
124111227 -0.1980947 5.5583149
100276578 -0.2024816 5.5526055
102665254 -0.1940352 5.5509055
99338876 -0.2003349 5.5546446
99338878 -0.2004551 5.5549265
33606079 -0.1986163 5.5607982
110596578 -0.1977455 5.553238
104593828 -0.1873971 5.5567209
104286512 -0.1970975 5.5591975
124105615 -0.1999915 5.5619028
847506213 -0.1886015 5.5518838
120362858 -0.1973174 5.5629392
124094949 -0.1991161 5.5673017
1363133987 -0.1909629 5.5671252
33531054 -0.1973254 5.5596295
33531055 -0.1973803 5.5595656
276977005 -0.1930463 5.55326
110599331 -0.1997454 5.5526571
276977007 -0.1933382 5.5552761
276977006 -0.1941965 5.5542765
276977009 -0.1917503 5.5539263
110598866 -0.2023632 5.552452
104592600 -0.1876975 5.5557043
104592601 -0.1879292 5.553953
33531058 -0.197377 5.5593035
33531059 -0.1973086 5.5592323
276977180 -0.1934755 5.5539861
110599945 -0.2018053 5.5525631
107403619 -0.1889794 5.5576969
107403617 -0.1891339 5.5576201
107403616 -0.1892025 5.5575346
110610285 -0.2032301 5.5524777
33474720 -0.1960091 5.5584461
33474721 -0.1957755 5.5582096
99449859 -0.1858295 5.5631959
107380498 -0.1933567 5.5561165
110610276 -0.2027237 5.5520505
110622474 -0.2013161 5.5623958
110622475 -0.201256 5.5624983
110622477 -0.2012817 5.5625837
110622478 -0.2014276 5.5626862
104305836 -0.1971236 5.5661612
104305833 -0.1980678 5.5666737
104300700 -0.1934587 5.5614029
102663188 -0.1899411 5.5530925
99342358 -0.1910051 5.5502963
33530888 -0.2017942 5.5631668
33530889 -0.2018516 5.5630742
107393705 -0.1914513 5.5596788
33530882 -0.2015882 5.5638759
107357589 -0.1857779 5.5678371
104305522 -0.198042 5.566725
33450609 -0.202925 5.5628655
33530887 -0.2017341 5.5632352
33530885 -0.201571 5.5632608
276977012 -0.1918927 5.5540499
276977013 -0.1927963 5.5530381
99454470 -0.1871857 5.5645712
33450567 -0.2024271 5.5630364
120362861 -0.197099 5.5636711
120362860 -0.1972916 5.5632724
276977014 -0.1929234 5.5531509
1215470078 -0.1881566 5.5503931
33450476 -0.1970464 5.5597286
105517542 -0.1873236 5.5588761
641116540 -0.1943988 5.5603346
104285155 -0.1974159 5.5594381
1363133982 -0.1882635 5.5556203
276976811 -0.1902483 5.5573434
276976810 -0.1906774 5.5577107
110614331 -0.2031958 5.5503249
105483407 -0.1857797 5.5587354
105511177 -0.1886024 5.5664961
33450589 -0.1925828 5.5553444
1363133980 -0.1868212 5.5537994
105511777 -0.1858215 5.5625836
276976899 -0.1929433 5.55496
104288064 -0.1969227 5.5593843
105513831 -0.1858301 5.5619856
276977008 -0.1921537 5.5542765
102670902 -0.1985241 5.5511362
33530967 -0.2011826 5.562652
33530961 -0.2023692 5.5629447
105514288 -0.1867399 5.5614731
276977004 -0.1926515 5.5529097
107376296 -0.1875374 5.5627713
120362855 -0.1969826 5.5623412
276976729 -0.1922138 5.555259
102671098 -0.1984984 5.5510508
99338592 -0.1951851 5.5513898
110605058 -0.2024147 5.556245
104595499 -0.192813 5.5504675
110605055 -0.2029211 5.556339
33530894 -0.2015882 5.5628166
33530897 -0.201468 5.5631497
33530896 -0.2014508 5.5630301
33530891 -0.2018349 5.5629424
33530722 -0.2020345 5.5664728
33530893 -0.2017341 5.5627909
105509729 -0.1888943 5.5649243
99454461 -0.1876406 5.5648019
107377069 -0.1892197 5.5630361
99453424 -0.1877607 5.5634009
107375487 -0.186722 5.5637964
110596593 -0.1985867 5.5539641
107391740 -0.1958373 5.5616095
110596595 -0.1986296 5.5540837
276976736 -0.1909177 5.5570102
99453422 -0.1876492 5.5629652
110596596 -0.1987068 5.5541179
276976802 -0.1911179 5.5571794
276976803 -0.191716 5.5576851
276976800 -0.1900852 5.5562926
276976801 -0.1907059 5.5568277
33531418 -0.2024036 5.5563241
276977181 -0.1936214 5.553764
276976730 -0.1923168 5.5553786
104589002 -0.1903668 5.5519369
107368989 -0.1874087 5.5625492
110599942 -0.2019684 5.5527083
107390876 -0.1963437 5.5602854
110599946 -0.2016851 5.5525204
99454728 -0.1898636 5.5665531
124103342 -0.1986955 5.5607495
276976883 -0.1913126 5.5598464
276976880 -0.1914475 5.5598464
99454725 -0.1924643 5.5678858
276976886 -0.1906087 5.5586333
276976887 -0.1909349 5.5582746
276976884 -0.1913126 5.5596414
276976885 -0.1906002 5.5596072
276976904 -0.1926858 5.5547122
847506205 -0.1883651 5.55188
33530714 -0.2015109 5.5640296
33531062 -0.1969542 5.5593061
99448680 -0.1858038 5.5604024
33530718 -0.2020688 5.565217
105511174 -0.1861133 5.566462
276976731 -0.1924627 5.5554725
107404575 -0.1872971 5.5612592
107404574 -0.1895459 5.5612934
107368589 -0.1900523 5.5644371
107368588 -0.1901209 5.5643944
124108879 -0.2020772 5.5594852
99338896 -0.2003864 5.5552597
124194454 -0.1886768 5.5501756
99453434 -0.1857952 5.5670913
105517712 -0.1873579 5.5573128
110596587 -0.1980373 5.5539897
105517710 -0.1861648 5.5572615
107368586 -0.1901467 5.5620025
33450586 -0.1941035 5.5566718
33530886 -0.2016568 5.5632608
104285381 -0.1974124 5.5593959
1213932689 -0.1996004 5.5596773
276976830 -0.1910551 5.5583941
107404103 -0.1901982 5.5603025
104590770 -0.185998 5.5530133
104594638 -0.1956797 5.5500831
102665265 -0.191014 5.5501623
99454454 -0.1893914 5.5649326
104592086 -0.1889334 5.5540726
102665266 -0.1909285 5.5502479
104288797 -0.19714 5.5596852
124113565 -0.2027553 5.5611083
124113562 -0.2035106 5.5619113
33530898 -0.2015109 5.5632181
110615087 -0.2029297 5.550641
107386341 -0.1943524 5.5621904
110596581 -0.1979172 5.553443
33530877 -0.2022233 5.565499
110610279 -0.2029554 5.5523837
33530875 -0.202189 5.5662165
124111229 -0.2008756 5.5608606
110596586 -0.1979515 5.5539299
107411977 -0.1887991 5.55891
110594826 -0.196043 5.5584126
107387512 -0.1915543 5.5638818
99387811 -0.1895031 5.5529446
104594257 -0.1941949 5.550459
99453431 -0.1866364 5.5655195
124097601 -0.2013648 5.566251
107368592 -0.1877005 5.5636683
105510298 -0.18577 5.5672479
99454453 -0.1897005 5.5649642
99387813 -0.1866755 5.5528472
107373257 -0.1865332 5.56571
104306942 -0.1975797 5.5677801
105510300 -0.1877527 5.5672137
104287876 -0.1969327 5.5595244
105508654 -0.1857786 5.5680253
107380503 -0.1915286 5.5545703
107380502 -0.1890223 5.5573723
107380501 -0.1907732 5.5589442
276976903 -0.1927459 5.5546524
276976902 -0.1928318 5.5546439
276976901 -0.1929519 5.5547549
276976900 -0.1929948 5.5548404
33530895 -0.2014938 5.5629105
105517545 -0.1865339 5.5587907
276977585 -0.1926096 5.5537574
1390293427 -0.199212 5.5569339
99449860 -0.1861471 5.5632642
104591654 -0.1863242 5.5512193
107395001 -0.1930392 5.5573467
124113559 -0.2035621 5.5619284
124113558 -0.2036393 5.5619113
107374582 -0.186413 5.5646678
107374583 -0.1869538 5.5649582
33450572 -0.2006419 5.5625751
105510303 -0.1881218 5.5673333
276976831 -0.1921022 5.5572494
276977058 -0.1929176 5.5534223
99387812 -0.1884871 5.5527143
276977056 -0.1929176 5.5538836
276977057 -0.1930635 5.5537554
33530934 -0.201262 5.5628337
105517544 -0.1866283 5.5588334
124090279 -0.1975368 5.5636199
105512809 -0.1859674 5.5638906
107392762 -0.1914427 5.5596361
99448677 -0.1866964 5.5624099
107403623 -0.1873658 5.5575859
99448679 -0.1867394 5.5604622
107367728 -0.1897347 5.5642406
124097597 -0.2010816 5.5650038
99453418 -0.1872801 5.562222
124097612 -0.1999572 5.5677203
124377662 -0.1996847 5.5510318
107376284 -0.1869366 5.563916
102665939 -0.1986355 5.551111
107375489 -0.1874087 5.5641808
102665247 -0.1963355 5.5512131
107357587 -0.185632 5.5678371
641116536 -0.1932932 5.5575714
110596591 -0.1984751 5.5539214
99338587 -0.1929277 5.5501511
107364554 -0.1868679 5.5656587
120363908 -0.1995576 5.5646135
107404104 -0.1873143 5.5601999
107373256 -0.1859581 5.5653853
1209340487 -0.1858201 5.5613857
107391737 -0.1922667 5.5583974
102661249 -0.1900612 5.5531267
641116539 -0.1952658 5.5593232
124193816 -0.190505 5.5515425
33530920 -0.2015431 5.5628655
641116537 -0.192422 5.5585385
110622885 -0.2012989 5.5624299
124193810 -0.1895265 5.5510214
110610278 -0.2028095 5.552247
124097600 -0.2013906 5.566046
105517550 -0.1859245 5.555963
104303487 -0.1959563 5.5657682
124193118 -0.1892261 5.5519013
33531066 -0.1970646 5.5596649
1280783181 -0.1970386 5.5663155
99451390 -0.1874088 5.5566607
99342361 -0.1913141 5.5500913
99451395 -0.1873058 5.5604793
99451912 -0.1895546 5.5529788
104595759 -0.1928816 5.5505017
102667624 -0.2020003 5.5530071
110598845 -0.1991102 5.5525887
120363903 -0.1989482 5.5650663
