110594838 110594841
110594838 110596596
104289111 33606079
104289111 33531054
104289111 104288797
99445675 276976880
99445675 99454451
99445675 104300700
107371828 107371830
1215470057 847506205
1215470057 99387813
1215470057 104591654
124103716 1213932557
124103716 33531418
104594641 104594257
104594641 104594638
110594830 110594826
110594830 110596596
1390293406 1390293407
1390293406 100276578
1390293406 1390293403
1390293406 110605058
1390293405 1390293407
1390293405 99338896
1390293405 1390293403
1390293405 99338876
1390293403 110599326
1390293403 102667624
102667608 110615087
102667608 102667610
102667608 124377662
107371830 105511174
107371830 107373257
120363913 120363910
120363913 120363914
120363910 120363908
99455362 107386341
99455362 99454725
99455362 107391740
104588209 104591654
104588209 104590770
120363917 120363918
120363917 120363914
33450590 276976729
33450590 33450589
33450590 33450594
33450590 276976904
120363918 104305836
120363918 124090279
33450594 102661249
33450444 33450476
33450444 120362855
104592191 104593825
104592191 104592600
104592191 105517550
104592191 1363133980
110622891 33530967
110622891 110622885
110622891 124105615
110596579 110596581
110596579 110596578
276977178 276977180
276977178 276977177
276977177 276977005
276977177 276977006
1390293407 1390293427
1390293407 33531418
33531061 33531062
33531061 104286512
107394116 107394119
107394116 107380498
107394116 107380501
107394116 276976830
110599327 110599326
110599327 110599331
110599326 110598845
33531065 104287876
33531065 33531066
1213932557 124108879
1213932557 1390293427
1213932557 1213932689
105516182 105483407
107386339 1363133987
107386339 107386341
107386339 107387512
107394119 641116537
107394119 107392762
99454451 99454728
99454451 99454453
124194452 124194454
124194452 124193810
102667616 102667613
102667616 102667618
102667616 110614331
99449861 99449860
99449861 105512809
99449861 99448677
107364559 105509729
107364559 107364554
107364559 105511177
102667612 102667613
102667612 102667610
104286813 99338896
104286813 104286512
104286813 33531059
276977015 276977012
276977015 276977008
276977015 276977014
110594841 102670902
110594841 99338876
102667618 110598866
102667618 110610276
102665251 102665254
102665251 102665247
104593825 104593828
124111227 1213932689
102665254 104595759
102665254 104594257
99338876 99338878
99338878 99338896
33606079 124103342
33606079 120362860
33606079 33450572
104593828 99451390
104593828 105517712
104286512 110594826
124105615 124103342
124105615 124111229
847506213 847506205
847506213 99387812
847506213 1215470078
120362858 120362855
120362858 120362860
124094949 104305522
124094949 124097612
1363133987 99454725
1363133987 99454728
33531054 33531055
33531055 104285155
276977005 276977585
276977005 276977014
110599331 110598845
110599331 110599946
276977007 276976899
276977007 276977006
276977009 276977012
276977009 276977004
110598866 110599946
110598866 102667624
104592600 104592601
104592600 1363133982
104592601 104592086
104592601 1363133980
33531058 104285381
33531058 33531059
276977180 276977181
110599945 110599942
110599945 110599946
107403619 107403617
107403619 107403623
107403617 107403616
107403616 107380502
107403616 107380501
110610285 110610279
33474720 110594826
33474720 104288064
33474720 33474721
33474720 641116539
33474721 33450586
33474721 110594826
99449859 99449860
99449859 105511777
107380498 107380503
110610276 110610278
110622474 124113565
110622474 110622885
110622475 110622885
110622475 110622477
110622477 110622478
110622478 33530967
110622478 33450609
104305836 104305833
104305836 1280783181
104305833 120363903
104305833 104305522
104300700 107386341
104300700 107393705
104300700 641116540
102663188 104589002
102663188 99451912
102663188 102661249
99342358 99342361
99342358 102661249
33530888 33450567
33530888 33530889
33530888 33530887
33530889 33530891
107393705 276976880
107393705 107392762
33530882 33530877
33530882 33530887
107357589 105510298
107357589 105508654
107357589 107357587
104305522 104306942
33450609 33530961
33530887 33530886
33530885 33530886
33530885 33530898
276977012 276977013
276977013 276977004
276977013 276977014
99454470 107374583
99454470 99454461
99454470 107375489
33450567 33530891
120362861 124090279
120362861 120362860
120362861 104303487
120362860 124090279
1215470078 124194454
1215470078 104591654
33450476 104288797
105517542 107403623
105517542 107411977
105517542 107404104
105517542 105517544
641116540 641116537
641116540 641116539
641116540 107391740
104285155 124103342
104285155 104285381
1363133982 99451390
1363133982 104592086
276976811 276976810
276976811 276976801
276976810 276976802
110614331 110615087
105483407 99448680
105511177 105510303
105511177 105511174
33450589 276976899
33450589 276976731
33450589 33450586
1363133980 99387813
105511777 105513831
276976899 276976900
276976899 276976904
104288064 104287876
104288064 33531062
105513831 1209340487
276977008 276977585
276977008 276976904
102670902 102665939
102670902 99338592
102670902 102671098
33530967 33530893
33530961 33530893
105514288 99448679
105514288 1209340487
105514288 99448677
107376296 107376284
107376296 107368989
107376296 99453422
276976729 276976730
102671098 102665247
102671098 102665939
99338592 99342361
110605058 110605055
104595499 104595759
104595499 99338587
33530894 33530920
33530894 33530893
33530897 33530896
33530897 33530898
33530897 33530714
33530896 33530895
33530896 33530934
33530891 33530920
33530891 33530893
33530722 33530718
105509729 99454454
105509729 99454461
107377069 99453422
99453424 107368592
99453424 99453422
107375487 107376284
110596593 110596591
110596593 110596595
107391740 104287876
110596595 110596596
276976736 276976802
276976736 276976801
276976736 276976730
276976802 276976803
276976803 276976831
276976803 276976830
276976800 276976801
276976730 276976731
104589002 124193816
104589002 124193118
107368989 99453418
107368989 107368586
110599942 102667624
107390876 641116539
124103342 1213932689
276976883 276976880
276976883 276976884
276976886 276976887
276976886 276976885
276976887 276976830
276976884 276976885
276976904 276976903
847506205 124193118
33530714 33530718
99448680 99448679
99448680 1209340487
105511174 99453434
107404575 99451395
107404575 99453418
107404575 107404574
107368589 107368588
107368589 107367728
107368588 107368586
124108879 124111229
99453434 105510298
105517712 107403623
105517712 105517710
110596587 110596591
110596587 110596586
105517710 105517550
105517710 105517545
107368586 107404103
33450586 641116536
104285381 1390293427
1213932689 124111229
107404103 107404104
104590770 99387813
102665265 102665266
99454454 107367728
99454454 99454453
104592086 99451912
102665266 124193816
104288797 33531066
124113565 124113562
124113562 124113559
110596581 110596586
33530877 33530875
110610279 110610278
99387811 99387812
99387811 99451912
99453431 107373257
99453431 107364554
99453431 107374583
124097601 124097600
124097601 124097612
107368592 107367728
107368592 107375489
105510298 105510300
99387813 99387812
107373257 107373256
105510300 105510303
107380503 107380502
276976903 276976902
276976902 276976901
276976901 276976900
33530895 33530920
105517545 105517544
276977585 276977056
107395001 641116536
124113559 124113558
107374582 107374583
33450572 33530920
33450572 33530934
276977058 276977057
276977056 276977057
99448679 99451395
124097597 124097600
124377662 102665939
107376284 107375489
102665939 110598845
641116536 641116537
641116536 641116539
120363908 120363903
107404104 99451395
107391737 641116537
124193816 124193810
124193810 124193118
104303487 1280783181
