279996400 634308338
279996400 279996402
279996400 548237624
279996400 306373446
469650143 548237588
469650143 469650168
469650143 469649450
469652348 29706799
469652348 634308121
469652348 29706797
469652348 469652343
1091060109 306371356
1091060109 306371287
1091060109 306371350
1091060109 306371358
469650415 548237567
469650415 548237554
469650415 60727260
469650415 469650303
469652343 469651974
833381318 235956764
833381318 469654095
1175729112 483611539
1175729112 306373440
634308217 634308119
634308217 634308250
634308217 634308220
1207640571 648316015
1207640571 648316013
1207640576 535936438
1207640576 29706793
1207640576 1110769633
548237666 538352304
548237666 548237678
240250764 1205721175
240250764 469654095
240250764 240250759
240250764 29706802
240250764 29706803
240250764 1205721207
306371245 306371302
306371245 306371366
306371245 306371299
306371245 306371238
306371244 306371294
306371244 306371343
306371244 306371238
306371243 306371294
306371243 306371296
306371243 306371342
469648286 469648284
469648284 469648283
469648283 469648280
469648280 469648277
634308369 634308366
634308369 29706800
634308369 469651930
634308369 342358538
634308366 634308372
634308366 469651925
648315769 648315772
648315769 460011758
648315769 648315767
648315767 648315770
1205721304 469647130
1205721304 1205721154
1205721304 1205721223
240250734 560010755
240250734 1205721197
548237619 548237374
548237619 634308335
548237619 469657583
548237619 548237617
270457900 497558596
270457904 29706827
270457904 548237604
1175729026 1175729053
1175729026 306371296
1175729026 306371292
1175729026 60725387
29706823 29706821
29706823 29706824
29706820 29706821
29706820 29706818
29706820 469651247
29706821 469650511
548237615 634308317
548237615 548237525
548237615 548237435
548237615 647883007
548237615 469648658
548237615 634308294
548237617 469657584
548237617 469652412
548237617 548237622
1110429736 1110429676
469650350 469650304
469650350 469650352
469650350 469650303
469650350 469649343
469650352 469650489
469650352 548237673
469650952 469650951
469650952 497558592
469650951 469650560
1205721232 469650516
1205721232 548237810
1205721232 469650560
1205721232 1205721159
647883277 647883315
647883277 647883278
548237779 548237781
548237779 1205721212
279996411 60725367
279996411 243825862
279996411 533591392
306373440 306373446
719369705 469656823
719369705 29706793
719369705 719369695
719369705 469647663
533591503 240250719
469650516 469650514
469650516 29706824
469650514 1110429676
469647430 469647417
469647430 469647439
469647430 469647134
469650511 1110429676
469647439 469647132
469647439 469647446
306371339 306371346
306371339 306371288
306371339 306371340
306371339 306371338
306371338 306371347
29706804 648315772
29706804 29706805
29706804 29706818
29706804 29706803
635010545 635010551
635010545 635010336
548237502 469648664
548237502 469647417
548237508 548237510
548237508 548237536
548237508 279996423
634308317 634308302
634308311 634308225
634308311 469656911
634308311 634308222
469647873 634308306
469647873 469648100
469647873 469647663
306371299 634308263
306371299 469656823
306371299 634308222
535936477 535936476
535936477 535936412
535936476 60727141
535936475 271861437
1110769633 29706793
1110769633 535936454
1110769633 1205721210
469647446 469647131
469647446 469647454
722475386 548237629
722475386 548237525
722475386 29706797
722475386 538352282
560010685 560010687
560010685 29706818
560010687 1205721188
548237597 548237580
548237597 548237801
548237597 548237595
548237595 469650531
548237595 548237604
469656823 634308225
648315819 648315824
648315819 648315820
648315819 648315821
469649447 548237556
469649447 469649448
469649447 469650122
469649447 469649446
469649446 548237444
469649446 60727261
469649448 548237567
469649448 548237554
469649448 469650123
648315815 648315807
648315815 648315809
648315815 648315820
548238030 538352366
243825862 60725370
548237801 469650489
469648811 469647225
469648811 469648935
469648811 535936454
634308258 548237374
634308258 634308260
634308258 634308335
469657584 469657583
469656911 469656399
469656911 469656747
469656911 469656624
469656912 469656689
469656912 469656253
469656912 469651974
469656912 469656748
538352304 1205721176
538352304 538352305
538352304 538352325
538352304 538352303
538352302 1205721159
538352302 1205721106
538352302 538352303
548237525 1205721154
548237525 1110769765
60727141 535936486
60727141 60727139
469648668 469648664
469648668 279996425
469648668 271861436
635010367 635010359
635010367 635010363
469654605 635010560
469654605 635010363
469654605 469654095
635010361 635010336
635010361 635010359
469652858 634308908
469652858 469653651
469652858 497559356
469652858 469652624
469648100 469648166
469648100 469656747
469650559 469650531
469650559 469650560
469651247 1205721159
548237544 548237523
548237544 548237546
548237544 548237541
548237546 548237536
548237546 279996423
548237541 548237420
548237541 548237520
548237423 548237420
548237423 548237426
548237423 548237558
548237420 548237518
548237426 548237561
548237426 548237427
548237427 548237435
548237427 279996422
469656689 469656691
469656689 469656664
469656689 469656395
469656688 469656395
469656688 469656665
469656688 469657583
548237781 469654095
279996425 548237510
650303069 650303071
650303101 538352283
650303101 650303103
650303101 538352288
650303103 650303110
650303102 538352288
650303102 538352283
650303102 538352282
548238188 548238184
548238188 548237867
548238188 235958256
535936439 535936438
535936439 535936452
535936438 535936410
548238184 1205721278
548238184 648316015
538352281 647883003
538352281 538352283
538352280 538352283
538352280 548237605
538352282 548237605
469657583 469656253
548237498 469647388
535936486 535936447
548237622 634308338
548237622 634308335
548237622 548237624
634308225 469656745
634308222 469656399
634308220 634308121
634308220 1175729031
634308220 306371295
469651920 634308332
469651920 469652932
469651920 469653640
469655939 634308351
469651925 469651930
469651925 469653651
469651925 469652932
634308351 634308338
634308351 634308347
634308351 279996402
235956764 235958259
342360580 279996402
648315770 648315821
538352309 538352325
538352309 538352321
240250701 1207640518
240250701 240250705
634308901 497559358
634308901 634308341
240250707 240250664
240250707 240250705
634308908 497559358
634308908 279996406
469654644 635010551
469654644 548237633
469654644 635010560
864703212 864703190
864703212 29706793
1175729031 306371292
548237604 29706824
548237605 469650304
548237605 469649343
548237605 647883121
469647225 469647388
469647225 60727139
469647388 469647417
469647388 469648935
469651580 469651974
469651580 634308332
469651580 469653396
1205721207 1205721135
1205721207 1205721212
1205721207 29706803
60725370 538352365
469647663 469656745
469647131 469647130
469647131 469647132
469647131 1205721223
469647130 469646842
469647130 469647454
469647132 1205721279
469647132 469647134
342358538 29706799
342358538 29706800
469647134 1205721196
469647134 469647136
469653396 1091060025
469653396 469652412
469647136 469648935
469647136 1205721210
306371287 306371235
306371287 306371286
306371286 306371356
306371289 306371364
306371289 306371235
306371289 306371291
306371288 60725365
647882947 647882964
548237513 548237430
548237510 548237538
1205721119 240250759
1205721119 240250722
548237518 548237558
548237518 548237520
469648658 469646844
469648664 469647454
648316015 648316019
469650269 469650267
469650269 469650272
548237867 548237791
469650267 469650203
648316019 648316013
469650168 469650170
469647417 548237531
469648277 469646844
469648277 469647454
560010696 548237678
469649450 548237554
469649450 60727260
469649450 469649451
469649451 469650170
469649451 469650204
648315807 648315824
648315807 648315820
469650489 469650488
469650488 469650303
634308263 306371297
634308263 863149962
634308260 1175729044
634308302 634308287
469649034 469649029
469649034 279996423
634308306 469656745
634308306 469656747
469652624 235954651
634308287 634308291
533591392 306371292
533591392 533591389
1175729044 60725367
1175729044 1175729053
29706805 29706806
29706805 650303114
29706806 548237631
29706807 29706799
29706807 548237631
29706807 548237629
29706800 29706802
29706802 29706803
29706803 1205721175
29706803 1205721256
548237374 863149962
306371364 306371365
306371364 306371361
306371364 306371352
306371365 306371366
306371365 306371291
306371365 306371353
306371366 306371354
306371366 306371293
306371361 306371235
306371361 306371351
306371361 306371358
533590770 29706793
648315824 648315821
1205721159 1205721188
538352366 548237633
538352366 538352365
548237558 279996422
548237556 548237567
548237556 60727261
548237554 548237588
1205721154 469646842
1205721156 1205721251
1205721156 1205721212
1205721156 548237675
469656693 469656691
469656693 469646731
469656693 29706796
1205721251 1205721278
1205721251 1205721142
469656691 469656663
469656691 469656748
1205721257 1205721289
1205721257 240250719
1205721256 460011763
548237821 548237810
650303114 548237673
650303114 650303110
469650303 469650272
469650531 497558596
469652412 634308338
469652412 634308347
469650125 548237588
469650125 469650123
469650125 548237580
469650122 469650123
271861437 271861436
469656625 469656398
469656625 863149962
469656625 469656665
469656624 469656398
469656624 469656622
469656624 469656664
469656622 469656663
469656622 469648166
469656622 469656747
648316013 1205721141
634308332 1091060025
634308335 60725367
306371291 306371293
548237684 548237677
548237684 1205721142
535936452 535936454
535936454 535936443
497559356 469653645
497559356 469653304
469651930 235954651
497559358 279996402
634308347 1091060025
634308347 469653304
634308341 279996402
469648943 469648935
1205721285 1205721106
1205721285 538352321
1205721289 1205721226
1205721289 1205721278
469653651 469653645
235958259 235958257
240250719 240250724
235958256 235958257
483611539 483611537
235954651 548237633
548237633 279996406
483611537 1175729063
60727260 469649343
60727261 548237433
279996423 548237523
538352324 1205721176
279996422 548237561
1205721196 1205721279
1205721196 719369695
1205721197 1205721213
469646731 469656663
469646731 469648166
1205721213 1205721226
1205721210 719369695
60725367 548237624
60725365 306371290
60725365 306371340
647883315 647883007
306371295 634308276
306371296 306371297
306371297 1175729053
306371290 533591389
306371290 306371292
306371290 306371341
306371292 306371342
306371292 1175729063
306371293 306371302
306371354 306371238
306371354 306371353
306371354 306371343
306371351 306371346
306371351 306371352
306371351 306371350
306371350 306371347
306371353 306371344
306371353 306371352
306371352 306371345
560010755 560010744
548237523 548237520
469656663 469656664
469656665 469656397
469656664 469656397
1207640518 240250724
535936412 535936447
469651974 29706797
719369695 548237533
548237678 548237677
548237678 1205721135
548237673 650303071
548237673 647883003
548237677 548237675
1110769765 29706796
1110769765 29706797
634308276 548237624
634308375 634308372
497558596 497558592
460011763 460011758
460011763 648315809
634308291 634308297
634308297 634308294
634308294 647882964
240250722 1205721141
469650207 469650204
469650203 469650170
469650203 469650201
469650201 469650200
1205721142 1205721176
548237810 548237819
469656748 29706796
1205721223 1205721279
647883003 647882968
306371343 306371344
306371343 306371342
306371302 306371236
306371340 306371345
306371340 306371341
1205721135 1205721188
1091060025 469653640
469646844 469646842
535936443 535936444
535936447 535936444
548237580 548237444
469653645 469652932
469653645 469653640
469653640 469653304
469656253 469656395
469656399 469656398
469656398 469656397
469656397 469656395
306371346 306371347
306371346 306371345
306371344 306371345
306371344 306371341
306371342 306371341
548237538 548237430
548237538 548237536
