279996400 38.7384284 9.0304045
469650143 38.7466769 9.0208209
469652348 38.7421084 9.0278712
1091060109 38.7340789 9.0257641
469650415 38.7446245 9.021563
469652343 38.7417331 9.0278906
833381318 38.7469979 9.0319453
1175729112 38.7375981 9.029864
634308217 38.7352777 9.0252105
1207640571 38.7512407 9.0304777
1207640576 38.7354502 9.0225504
548237666 38.7477677 9.0260342
240250764 38.7440217 9.0288468
306371245 38.7356929 9.0259738
306371244 38.7354545 9.0274642
306371243 38.7360662 9.0282531
469648286 38.7430892 9.0245507
469648284 38.7426257 9.02372
469648283 38.7422652 9.0234318
469648280 38.7414928 9.0232623
634308369 38.7428608 9.0291814
634308366 38.7415864 9.0291812
648315769 38.74819 9.022009
648315767 38.747867 9.0223955
1205721304 38.7391953 9.0255276
240250734 38.7517854 9.0267516
548237619 38.7382613 9.0289066
270457900 38.7518568 9.0214257
270457904 38.7477193 9.0209042
1175729026 38.7359075 9.029464
29706823 38.7477656 9.0216531
29706820 38.7461391 9.0240888
29706821 38.7467533 9.0231904
548237615 38.7415048 9.0262135
29706827 38.7468383 9.0193175
548237617 38.7387891 9.0292163
1110429736 38.7473919 9.0237006
469650350 38.7450885 9.0238448
469650352 38.7456687 9.0248092
469650952 38.7507968 9.0228384
469650951 38.7505908 9.0229486
1205721232 38.7491833 9.0233058
647883277 38.7385804 9.0213213
548237779 38.7464458 9.0289508
279996411 38.7347486 9.0342908
306373440 38.7376405 9.0299281
719369705 38.7377228 9.0245956
533591503 38.751138 9.0323742
469650516 38.7489342 9.022947
469650514 38.7479043 9.0228977
469647430 38.7398448 9.0227113
469650511 38.7468859 9.0232293
469647439 38.7401795 9.0229147
306371339 38.7340857 9.0279691
306371338 38.7337689 9.0279208
29706804 38.7437207 9.0283801
635010545 38.7417207 9.031885
548237502 38.7400363 9.0212343
548237508 38.7425393 9.0209129
634308317 38.7405878 9.0253751
634308311 38.7380783 9.0259025
469647873 38.7386115 9.0252168
306371299 38.7373517 9.0262427
535936477 38.7381191 9.0196491
535936476 38.7385994 9.0195003
535936475 38.7402641 9.0192619
1110769633 38.7355184 9.0226256
469647446 38.7404456 9.0231012
722475386 38.7410135 9.026758
560010685 38.7459126 9.0260118
560010687 38.7466062 9.02574
548237597 38.7476472 9.0210973
548237595 38.7480122 9.021097
469656823 38.7374587 9.0254154
648315819 38.7450023 9.0270582
469649447 38.7451577 9.0205242
469649446 38.7449861 9.0203377
469649448 38.745338 9.0208209
648315815 38.744729 9.0272093
548238030 38.7416075 9.0339023
243825862 38.7367843 9.0345514
548237801 38.7476704 9.0216353
469648811 38.7376338 9.0216335
634308258 38.7375668 9.0289335
469657584 38.7392697 9.0285179
469656911 38.7383428 9.0261105
634308250 38.7347701 9.0287736
469656912 38.7395959 9.0269836
538352304 38.7484322 9.0257346
538352305 38.7487449 9.0254644
538352302 38.7481187 9.0252922
538352303 38.7482787 9.0254306
548237525 38.7409235 9.0267026
60727141 38.7386867 9.0210453
469648668 38.7415397 9.0196815
635010367 38.7449377 9.0301658
469654605 38.7447114 9.0304973
635010363 38.7445906 9.0303612
635010361 38.7433168 9.0292184
469652858 38.7406717 9.0305147
469648100 38.7388794 9.0254041
469650559 38.749475 9.0226858
469651247 38.7465653 9.0246864
548237544 38.7441579 9.0207537
548237546 38.744012 9.0204701
548237541 38.7443255 9.0210101
548237423 38.7444888 9.021586
548237420 38.7445342 9.0212747
548237426 38.7443104 9.0223618
548237427 38.7439992 9.0232687
469656689 38.739244 9.0267462
469656688 38.7384543 9.0278906
548237781 38.7464248 9.0291336
279996425 38.7418531 9.0200307
650303069 38.7475965 9.0212801
650303101 38.7430141 9.0265035
650303103 38.7432478 9.0266798
650303102 38.7420225 9.0267307
548238188 38.7499235 9.0311011
535936439 38.7355699 9.0200369
535936438 38.7352559 9.0199558
548238184 38.750472 9.0308793
538352281 38.7442985 9.0254775
538352280 38.7434667 9.0250588
538352283 38.7432035 9.0258886
538352282 38.741594 9.026335
538352288 38.7427045 9.0274619
469657583 38.7387882 9.0281443
548237498 38.7393586 9.0201695
535936486 38.7380772 9.0204334
548237622 38.7385298 9.0295498
634308225 38.7376607 9.0255742
634308222 38.7377268 9.0264241
634308220 38.7365176 9.0253353
469651920 38.7407031 9.0291451
469655939 38.7409967 9.0312351
469651925 38.7413351 9.029552
634308351 38.7394364 9.0301479
235956764 38.7472205 9.0320027
342360580 38.73807 9.0320931
634308121 38.7368428 9.0241514
648315772 38.7477895 9.0218608
648315770 38.7477226 9.0223392
60725387 38.7357223 9.030527
538352309 38.7480983 9.0278971
240250701 38.7512367 9.0323538
634308901 38.739678 9.0311111
240250707 38.751461 9.0325617
240250705 38.7512811 9.0324729
634308908 38.7399883 9.0314849
469654644 38.7422316 9.0321833
864703212 38.7340425 9.0212224
1175729031 38.7359041 9.0294595
548237604 38.7478245 9.0212645
548237605 38.7433875 9.0248374
469647225 38.7381701 9.0213866
469647388 38.7384801 9.0217534
469651580 38.739742 9.0284841
1205721207 38.7441139 9.0285028
1110429676 38.7470564 9.0231824
60725370 38.7401525 9.0337592
469647663 38.7382987 9.0249981
469647131 38.7396131 9.0243727
469647130 38.7398791 9.0245423
469647132 38.7393384 9.0241693
342358538 38.7431545 9.028803
469647134 38.7390122 9.0239658
469653396 38.7395322 9.0287924
469647136 38.7377334 9.0230758
306371287 38.7341857 9.0250646
306371286 38.7338913 9.0250303
306371289 38.7348148 9.0251503
306371288 38.7338875 9.0292252
647882947 38.7413767 9.0196928
635010551 38.7421384 9.0319504
548237513 38.7426068 9.0201623
548237510 38.7423629 9.0206862
1205721119 38.7513122 9.0271957
548237518 38.7432268 9.021982
469648658 38.7405658 9.0254069
469648664 38.7410052 9.020538
648316015 38.7508334 9.0307047
469650269 38.7461362 9.0232792
548237867 38.749339 9.0296453
469650267 38.7464623 9.0219907
648316019 38.7504926 9.0296816
469650168 38.7461019 9.0217279
469647417 38.7392955 9.0222959
469648277 38.7407117 9.0235335
469647454 38.7407203 9.0232877
560010696 38.7481748 9.026327
469649450 38.7456212 9.0213804
469649451 38.7459645 9.0220077
648315807 38.744612 9.0271347
469650489 38.7458577 9.0244474
469650488 38.7456813 9.0241693
469654095 38.7453262 9.0301927
634308263 38.7371209 9.0282846
634308260 38.7373688 9.0291842
634308302 38.7406166 9.0251096
469649034 38.7420592 9.0214143
634308306 38.7383961 9.0255241
634308119 38.7340829 9.0250717
469652624 38.7409303 9.0307067
240250759 38.7441224 9.0285684
29706824 38.7478055 9.0213827
60727139 38.7385064 9.0212318
634308287 38.7422184 9.0237865
533591392 38.7341915 9.0342247
1175729044 38.7372264 9.029715
29706805 38.7435388 9.0282561
29706806 38.7433379 9.0282766
29706807 38.7430866 9.0285571
29706800 38.7433182 9.0288823
29706802 38.7436206 9.028777
29706803 38.7437794 9.0285923
548237374 38.7377541 9.0285592
306371364 38.7347171 9.0258407
306371365 38.7350186 9.0258742
306371366 38.7353624 9.0259263
306371361 38.7344256 9.0258046
533590770 38.7345131 9.0230585
648315824 38.7447622 9.026905
1205721159 38.7477251 9.0250645
538352366 38.7416242 9.0336965
548237558 38.7433783 9.0222307
538352365 38.741332 9.033859
548237556 38.7446668 9.0207967
548237554 38.7454769 9.0210953
1205721154 38.739514 9.0257443
1205721156 38.747148 9.0282041
469656693 38.7397507 9.0260133
1205721251 38.7480401 9.0280853
469656691 38.7395358 9.026297
1205721257 38.7514039 9.0273149
1205721256 38.7440968 9.0284674
548237791 38.7481643 9.0290531
548237821 38.7503962 9.0245091
650303114 38.7442408 9.0274421
650303110 38.7436315 9.0266874
469650304 38.7450032 9.0238641
469650303 38.7456384 9.02372
469650531 38.7503286 9.0212772
469652412 38.7391008 9.0294267
469650125 38.74684 9.0200326
469650122 38.745853 9.020219
469650123 38.7463422 9.0201851
271861437 38.7409094 9.0193114
271861436 38.7414587 9.0195912
635010560 38.7424618 9.0321839
469656625 38.7378192 9.0274583
469656624 38.7386346 9.0263139
469656622 38.7389343 9.0258901
648316013 38.7513308 9.0292721
634308332 38.7403832 9.0289251
634308335 38.7380361 9.0292269
306371291 38.7351238 9.0251673
634308338 38.7388608 9.0297736
548237684 38.7481127 9.0275918
535936452 38.7368405 9.0213905
535936454 38.7374545 9.021716
497559356 38.7403941 9.0303251
864703190 38.7337625 9.021004
469651930 38.7419444 9.0300052
497559358 38.7397205 9.0312862
863149962 38.7372861 9.0282789
634308347 38.7396787 9.0298265
634308341 38.7391374 9.030732
469648943 38.738523 9.0225332
1205721285 38.7441821 9.0284708
1205721289 38.7513228 9.0271346
469653651 38.7411093 9.0298776
235958259 38.7473313 9.0319864
635010336 38.7416794 9.0307334
240250719 38.751587 9.0274013
235958256 38.7475038 9.0321202
235958257 38.7474411 9.0320249
483611539 38.7373747 9.029958
235954651 38.7414378 9.030637
548237633 38.7415586 9.0321417
483611537 38.7370202 9.0297958
548237631 38.743164 9.0284219
469648935 38.7381454 9.022262
60727260 38.7445865 9.0218788
60727261 38.7447077 9.0200562
279996423 38.7427059 9.0211271
538352324 38.7490342 9.0257501
279996422 38.7435681 9.0225423
538352321 38.7479762 9.0280432
1205721196 38.7383364 9.0249436
1205721197 38.751636 9.0267379
469646731 38.7394665 9.0258146
1205721213 38.7513965 9.0268595
1205721212 38.7462456 9.0283336
1205721210 38.7372815 9.0242049
60725367 38.7375992 9.0298623
60725365 38.7342103 9.0292619
647883278 38.7388274 9.0209574
647883315 38.7357083 9.0226464
306373446 38.7383708 9.030444
469648166 38.7391498 9.0255931
306371294 38.7362056 9.0275844
306371295 38.7359116 9.0294592
306371296 38.7359899 9.0287379
306371297 38.7370731 9.0288258
306371290 38.7345183 9.0292981
306371358 38.734071 9.0257585
306371292 38.7348442 9.0293367
306371293 38.7354639 9.025206
306371354 38.7352426 9.0267386
306371356 38.7337836 9.0257143
306371351 38.7342991 9.0265815
306371350 38.7339605 9.0265396
306371353 38.7349331 9.0266722
306371352 38.7346015 9.026628
560010755 38.7518299 9.0261857
548237523 38.742878 9.0214095
1205721106 38.747755 9.0251108
548237520 38.7430445 9.0216829
469656663 38.7392354 9.0261189
469656665 38.7381797 9.0276787
469656664 38.7389522 9.0265343
469650272 38.7462907 9.0236013
1207640518 38.7513749 9.0304746
635010359 38.7438999 9.0291
535936410 38.7357 9.0193749
535936412 38.7373607 9.019533
469651974 38.7404588 9.0274302
719369695 38.7377552 9.0245485
548237678 38.7472812 9.0268294
548237673 38.7449849 9.0260571
548237677 38.7473469 9.0272675
548237675 38.7471498 9.027811
1110769765 38.7408496 9.0267932
634308276 38.7372343 9.0297025
634308375 38.7414964 9.0286185
634308372 38.7415214 9.0290529
497558596 38.7513125 9.0213683
497558592 38.751296 9.0219999
460011763 38.744518 9.0279951
240250724 38.7517154 9.0274074
634308291 38.7424639 9.0237427
634308297 38.7426875 9.0239469
634308294 38.7431275 9.0247529
240250722 38.7513719 9.027357
469649029 38.741364 9.0214482
469649343 38.7444086 9.0225787
1175729053 38.7369326 9.0296002
533591389 38.7338334 9.0341427
29706818 38.7452718 9.0257328
469650207 38.7458959 9.0230927
469650204 38.7457757 9.0223128
469650203 38.7464285 9.0216865
469650201 38.7467713 9.021533
469650200 38.7469945 9.0215754
29706799 38.7430803 9.0286804
548237561 38.7441798 9.0221735
548237567 38.7446467 9.0211611
29706793 38.7354336 9.0226654
1205721142 38.7481436 9.0279286
1205721141 38.7515358 9.0274266
29706797 38.7409247 9.0268419
1205721226 38.7513202 9.0270067
548237810 38.7497801 9.0238519
469656748 38.7398994 9.0265364
1205721223 38.7389232 9.0253426
279996402 38.7389935 9.0307805
548237819 38.7492791 9.0247038
469656747 38.7386346 9.0257036
279996406 38.7408526 9.0320612
647883007 38.7409087 9.026562
647883003 38.7447986 9.0258512
306371343 38.7351542 9.0274165
306371302 38.7358136 9.0252284
647882964 38.743876 9.0232726
306371340 38.7344247 9.0280281
647882968 38.7474888 9.0215424
1205721135 38.7467501 9.0260558
469650170 38.7460847 9.0218805
648315809 38.7443754 9.0278514
1091060025 38.7401646 9.0292048
469646844 38.7406001 9.0242032
469646842 38.7402053 9.0247203
240250664 38.7516577 9.0325831
535936443 38.7372107 9.0209854
535936447 38.7369005 9.0201159
535936444 38.7370906 9.0209163
306371236 38.7364859 9.025236
306371235 38.7345311 9.0251154
306371238 38.735549 9.026791
548237588 38.7467462 9.0205845
548237580 38.7470425 9.0199621
1205721279 38.7386521 9.0251583
1205721278 38.7494071 9.0279467
469653645 38.7408441 9.0296721
469653640 38.7405102 9.0294362
469656253 38.7392687 9.0274491
469656399 38.7380424 9.0265767
469656398 38.738292 9.0267837
548237624 38.7380712 9.0301736
648315820 38.7448521 9.0272878
648315821 38.7448862 9.0269841
548237629 38.7429124 9.028491
469656397 38.738626 9.027009
469656395 38.7389264 9.0271955
1205721188 38.7468882 9.0259265
548237444 38.7468656 9.0196207
460011758 38.7491023 9.02331
469653304 38.7400507 9.0300676
1175729063 38.7369323 9.0296079
29706796 38.7400947 9.0262538
538352325 38.7487281 9.0262905
647883121 38.744544 9.0224507
306371346 38.7341815 9.0272691
306371347 38.7338721 9.0272249
306371344 38.7348241 9.0273671
306371345 38.7344984 9.0273207
306371342 38.7350584 9.0281312
469652932 38.7410581 9.0293632
469650560 38.7493892 9.0231605
306371341 38.7347269 9.028087
548237538 38.7436932 9.0199319
548237531 38.7388452 9.0231103
548237533 38.7381983 9.023881
560010744 38.7518697 9.0256794
548237536 38.7438522 9.0201794
1205721176 38.7487893 9.0262852
548237430 38.7435531 9.0196483
548237433 38.7446989 9.0194991
1205721175 38.74409 9.0285247
548237435 38.7432557 9.0247726
469656745 38.7380939 9.0252967
650303071 38.7475895 9.0215083
