293124131 29.9062579 31.195578
527219691 29.9193474 31.1932939
527216950 29.9214973 31.1913824
293116331 29.9181992 31.1963683
293116330 29.9164477 31.1960195
1128125436 29.9077721 31.196634
527225464 29.9179616 31.1943796
293117687 29.9169764 31.1948176
401333004 29.9156524 31.1986947
295959775 29.9187046 31.2016572
1128125527 29.9072624 31.1992901
274601774 29.9214741 31.1951662
1128125240 29.910864 31.1955367
261733131 29.9225951 31.1937224
263684096 29.916346 31.1983816
527218629 29.9226436 31.1935184
261735351 29.9202434 31.1954625
261735350 29.9173852 31.1941262
293114784 29.9074252 31.2013633
1128125255 29.9090204 31.1971368
527218626 29.920926 31.1929009
274601770 29.9240661 31.1918182
401333003 29.9161352 31.1985888
401332843 29.9150859 31.1985773
401332940 29.9166118 31.1983561
1128126113 29.9109969 31.1965351
1128125646 29.9097544 31.2003019
1128125311 29.9087001 31.2005884
401332847 29.9156781 31.1989077
274605054 29.9164959 31.1992189
1128125315 29.9113589 31.2015162
1128125641 29.9127509 31.1976666
263684088 29.9213843 31.1949309
261733648 29.9148103 31.1913582
261733122 29.9144927 31.1922026
1128125722 29.912952 31.2011598
261733124 29.9160455 31.1927778
1128125724 29.9102673 31.1965896
261733128 29.9180049 31.1931277
263684081 29.9238219 31.1917591
274601777 29.9184357 31.1964584
293117685 29.9152833 31.1940237
1128125484 29.9108648 31.1960888
263684085 29.9224829 31.1937488
261733647 29.9143039 31.1927533
293125002 29.9070959 31.1981933
261726596 29.9076114 31.201002
261726595 29.9081474 31.2011642
261726593 29.9105314 31.202062
274604957 29.9166246 31.199028
261726591 29.913393 31.2024243
293125035 29.906687 31.1990067
1128125804 29.9094481 31.1991092
263684079 29.9162087 31.1987707
526084789 29.9183791 31.2002294
274604959 29.9169851 31.1983012
401332135 29.9156419 31.2022038
1128126019 29.9129004 31.2024182
295959526 29.9192197 31.1998616
295959528 29.9213432 31.1983365
1128125417 29.9111955 31.202199
527218966 29.9202045 31.1909461
1128125412 29.9121458 31.200159
260758080 29.9185042 31.1997675
276648161 29.9062398 31.195359
263684775 29.9188349 31.1996679
260758768 29.9163538 31.1958706
260758769 29.9163367 31.1960542
401332743 29.9159267 31.2014273
527222043 29.9179004 31.1932882
81312631 29.9182393 31.1964526
1128125499 29.9135626 31.2007102
260758485 29.9149548 31.1945858
260758484 29.9129978 31.1926254
1128125267 29.9110761 31.1960493
81312638 29.9239299 31.191739
1128125261 29.9076879 31.1960606
260758483 29.9127919 31.1915755
527218070 29.923048 31.1929855
526084795 29.919256 31.2002209
526084797 29.9190058 31.2004432
526084791 29.9183903 31.1998944
526084792 29.9186509 31.1996928
526084793 29.9190227 31.1997084
1128125952 29.912057 31.1990947
1128125795 29.9077738 31.1947046
1128125951 29.907983 31.200324
1128125394 29.9098291 31.2032637
527217670 29.9189622 31.1915508
293114946 29.9075797 31.2016937
260758475 29.9170233 31.1912084
401331644 29.9175443 31.2024705
1128125643 29.908264 31.1996831
1128126068 29.9089928 31.1999624
293117985 29.9158646 31.1948779
1128125981 29.9106057 31.1988274
293117987 29.9167234 31.1952455
1128126064 29.9087314 31.1947824
260758094 29.9094015 31.1918545
1128125577 29.913132 31.201873
260758120 29.9126731 31.196182
81312625 29.9164111 31.1987432
401331649 29.9163308 31.2020591
260757232 29.9068524 31.1940718
527218068 29.9211464 31.1923151
261732917 29.9157249 31.1932921
1128125505 29.9074642 31.1953489
260758713 29.915774 31.1932119
1128125867 29.9115979 31.19636
1128125863 29.9073577 31.1962244
295959719 29.9178071 31.2011583
261735402 29.9102495 31.1994213
293116911 29.9104481 31.1943162
293116912 29.909873 31.1936774
1128125334 29.9109768 31.1969409
401332011 29.9156463 31.2018113
401332016 29.9149363 31.2014608
527227905 29.9159599 31.1947087
401332018 29.9144851 31.20158
527227114 29.9195381 31.1944294
295959777 29.918013 31.2024038
1128126091 29.9125194 31.1990382
527218221 29.9186206 31.1921097
1128126095 29.9088883 31.1979447
260758767 29.9191176 31.1912965
261735492 29.9090614 31.2016017
1128125206 29.9112645 31.1993207
293116983 29.9171704 31.1944895
293116981 29.9154705 31.1937075
527224140 29.9209303 31.1951062
1128125373 29.9128553 31.2018024
1128125479 29.9076681 31.1964278
261735398 29.9120809 31.1962995
1128126010 29.9100268 31.199816
260758715 29.9174439 31.1940351
276645248 29.9112749 31.2031962
527217375 29.92071 31.1934749
274601781 29.9164959 31.1988739
1128125976 29.9105131 31.1977413
295565832 29.9162851 31.1994166
293116907 29.9135663 31.1955382
260757835 29.9166027 31.1968544
260757836 29.915547 31.1971334
261733682 29.9136172 31.1932452
260757833 29.9162337 31.1958853
260757832 29.9136416 31.1955916
527227122 29.9191702 31.1949339
280490443 29.9077152 31.202034
1128126087 29.9087221 31.2010753
1128125595 29.9110607 31.1980006
1128126152 29.9113255 31.1981142
274605254 29.9156807 31.2014611
274605253 29.9159122 31.2012893
274604789 29.9163929 31.2013553
261732898 29.9143296 31.1926578
1128125512 29.9107921 31.196343
1128125841 29.9129874 31.2019012
401332745 29.9162958 31.2014787
401332744 29.9160983 31.2014934
1128125448 29.9105279 31.1960775
1128125352 29.9113337 31.1966029
1128125447 29.9130984 31.2005296
293117841 29.9156544 31.1952149
293117844 29.9161269 31.1944123
1128125682 29.9122882 31.199921
274599838 29.9160925 31.2023244
274605392 29.9161227 31.2011653
316714009 29.9239127 31.1893675
316714008 29.9254401 31.189447
527228289 29.9150915 31.194352
1128125289 29.9084144 31.1953713
263684127 29.9168838 31.1977269
263683790 29.9114966 31.1972069
263683793 29.906424 31.1949676
263684124 29.9235558 31.1901658
401332851 29.9161073 31.1988489
1128125753 29.9069659 31.1999455
1128125998 29.9074287 31.1976792
81312634 29.921518 31.1950283
260757707 29.915547 31.1971114
1128125225 29.9078316 31.1964928
261726948 29.9078114 31.2017818
1128125613 29.9061842 31.1957163
1128126039 29.9113998 31.1961453
1128125317 29.9132707 31.201647
263684779 29.9188004 31.2004772
274604790 29.9163869 31.2007562
274604791 29.916436 31.2017914
274604792 29.9164015 31.2017077
527224116 29.9182812 31.1938183
1128125910 29.9108449 31.1983962
523953199 29.9101187 31.2027387
276648200 29.9065201 31.1950028
274603554 29.9170039 31.2020739
274603552 29.9149509 31.2011204
1128125697 29.9082213 31.1970577
261727489 29.9199419 31.2032906
527222854 29.9198863 31.1938183
1128125926 29.9082014 31.1972837
527227142 29.9183725 31.1962624
1128125295 29.9077247 31.1994766
401332849 29.9159099 31.198915
261726781 29.907608 31.2019031
260758682 29.9191519 31.1911056
1128125293 29.9107987 31.1962018
1128125292 29.9081889 31.1986189
527219681 29.9198592 31.1918647
261726782 29.9070244 31.2031218
527219687 29.9196409 31.1924598
1128125988 29.914119 31.2018631
1128125238 29.9106734 31.2000934
295959723 29.9219784 31.2030792
1128125233 29.9086974 31.1988169
527225964 29.9201367 31.1933988
1128125626 29.9113917 31.2012162
565618858 29.9246875 31.1998919
1128125620 29.9115913 31.1965295
81312641 29.9237411 31.1893013
1128126118 29.9077048 31.2010104
261735399 29.9117461 31.1966446
263684777 29.9192889 31.2000704
1128125906 29.9084975 31.2009397
263684772 29.9184971 31.2003721
263684773 29.9183445 31.2000319
401332288 29.9158927 31.202204
401332287 29.9157382 31.2021747
1128125820 29.9071786 31.1982255
274604960 29.9171846 31.1983124
1128126047 29.9094499 31.2008813
263684778 29.9191528 31.2003566
1128125825 29.912156 31.1988989
263683634 29.9147371 31.2008947
293116978 29.913963 31.1930026
527224518 29.918505 31.1934496
263683638 29.9144749 31.1983889
