293124131 1128125613
293124131 276648161
527219691 261733128
527219691 527219687
527219691 527225964
527216950 527218068
293116331 263684127
293116331 293116330
293116331 527227142
293116330 260758768
1128125436 1128125225
1128125436 1128125697
527225464 527224116
527225464 261735350
527225464 527227122
293117687 293116983
293117687 293117987
293117687 293117844
401333004 401333003
401333004 401332843
295959775 295959777
295959775 295959723
295959775 295959719
1128125527 1128125295
274601774 274601777
274601774 274601770
1128125240 260758120
1128125240 1128126064
1128125240 1128125448
261733131 81312634
261733131 81312638
261733131 263684085
263684096 263684127
263684096 263684079
527218629 527218626
527218629 263684085
527218629 527218070
261735351 527227122
261735350 260758715
261735350 293116983
293114784 261726596
293114784 293114946
1128125255 1128125976
527218626 527218068
527218626 527219687
527218626 527217375
274601770 316714009
401333003 260757836
401333003 263684079
401332843 401332847
401332843 263683638
401332940 81312625
401332940 81312631
401332940 401332851
1128126113 1128125512
1128126113 1128125352
1128125646 1128126010
1128125646 1128125317
1128125646 1128126047
1128125646 1128126068
1128125311 1128126047
1128125311 1128125951
1128125311 1128126068
1128125311 1128125906
401332847 401332849
274605054 274601781
274605054 274604790
274605054 274604957
1128125315 1128125417
1128125315 1128125373
1128125315 1128125626
1128125315 1128126047
1128125641 263683790
1128125641 263683638
1128125641 1128125825
263684088 527224140
263684088 263684085
261733648 261733122
261733122 261732898
261733122 261733124
1128125722 1128125447
261733124 261733128
261733124 260758475
261733124 260758713
1128125724 1128125505
1128125724 1128125334
1128125724 1128125448
261733128 527222043
261733128 527218221
263684081 263684124
263684081 527218070
274601777 274601781
293117685 293116981
293117685 293117844
293117685 527228289
1128125484 1128125267
1128125484 1128125293
263684085 527217375
261733647 293116978
261733647 261732898
293125002 293125035
293125002 1128125820
261726596 1128126118
261726595 261726948
261726595 261735492
261726595 1128126118
261726593 1128125417
261726593 523953199
261726593 261735492
274604957 274604789
274604957 274604959
261726591 1128126019
261726591 1128125988
1128125804 261735402
1128125804 1128125233
1128125804 1128126068
263684079 295565832
526084789 263684772
526084789 263684773
274604959 274604960
401332135 401332287
401332135 401332011
1128126019 1128125417
1128126019 1128125841
295959526 263684777
295959526 295959528
295959526 526084793
527218966 527219681
1128125412 1128125682
1128125412 1128125447
1128125412 261735402
260758080 526084791
260758080 526084792
260758080 274604960
276648161 276648200
276648161 1128125261
263684775 526084792
263684775 526084793
260758768 293117987
260758768 260757833
260758768 260758769
260758769 260757835
260758769 260757833
401332743 401332744
401332743 274605253
527222043 260758715
527222043 527224518
81312631 81312634
1128125499 1128125447
1128125499 401332016
1128125499 1128125317
260758485 293117841
260758485 261733682
260758485 527228289
260758485 260757832
260758484 261732898
260758484 260758483
260758484 261733682
1128125267 1128126039
81312638 81312641
1128125261 1128125479
527218070 527218068
526084795 263684777
526084795 263684778
526084797 263684778
526084797 263684779
526084791 263684773
1128125952 1128125825
1128125795 1128125505
1128125951 1128125753
1128125951 1128125643
1128125951 1128126118
1128125394 523953199
527217670 527219681
527217670 260758767
527217670 527218221
293114946 261726948
401331644 261727489
401331644 401331649
1128125643 1128125295
1128125643 1128125233
1128125643 1128126068
293117985 293117841
293117985 293117987
293117985 527227905
1128125981 1128125206
1128125981 1128125910
1128125981 261735402
1128126064 260757232
1128126064 1128125289
260758094 293116907
1128125577 1128125841
1128125577 1128125317
260758120 261735398
260758120 260757707
260758120 260757832
81312625 274605392
401331649 274599838
401331649 401332011
260757232 263683793
527218068 527219681
261732917 293116981
261732917 260758713
261732917 261732898
1128125505 276648200
260758713 260758715
1128125867 1128125620
1128125867 1128126039
1128125863 1128125613
295959719 263684772
295959719 274603554
261735402 1128126010
293116911 293116912
293116911 293116907
1128125334 263683790
1128125334 1128125976
401332011 401332016
401332016 401332018
527227905 293117844
527227905 527228289
401332018 1128125988
527227114 527222854
527227114 527224140
527227114 527227122
527227114 527224116
295959777 274603554
1128126091 1128125825
527218221 527219687
1128126095 1128125926
260758767 260758682
261735492 1128126047
293116983 293116981
293116981 293116978
527224140 527227142
1128125373 1128125841
1128125479 1128125225
261735398 261735399
1128126010 1128125238
276645248 523953199
527217375 527225964
1128125976 1128125595
295565832 274605253
293116907 260757832
260757835 263684127
260757835 260757836
260757836 260757707
261733682 293116978
260757833 293117841
260757833 260757832
527227122 527227142
280490443 261726781
1128126087 1128125906
1128125595 1128126152
1128125595 1128125910
1128125595 263683790
274605254 274603552
274605254 274605253
274605254 274604791
274605253 274605392
274604789 401332745
274604789 274604790
274604789 274604792
1128125512 1128125293
401332745 401332744
1128125448 1128125293
1128125352 1128125620
274599838 401332288
316714009 316714008
263684127 274604960
263683790 261735399
263683793 276648200
401332851 401332849
1128125998 1128125820
261726948 523953199
261726948 261726781
1128125317 1128125988
263684779 263684772
274604791 274603554
274604791 274604792
527224116 527224518
1128125910 1128125825
274603552 263683634
1128125697 1128125926
527222854 527224518
527222854 527225964
1128125295 1128125292
261726781 261726782
1128125292 1128125820
1128125292 1128125233
527219681 527219687
565618858 263684777
1128125620 261735399
401332288 401332287
263683634 263683638
