318437318 318440534
318437318 318424801
318437318 318437251
318447750 284039380
318447750 318447749
318447750 318466256
319892823 319892822
319892823 319886802
319892822 318424227
319892822 319892786
284010641 283691831
284010641 284011705
650008319 650008320
650008319 650081654
284039378 318463061
284039378 284032554
284039378 284032548
650011093 650008323
284039375 284032536
284039375 284032542
284039375 318441596
318408772 318409269
318408772 283997433
318408772 284031153
319886803 319886802
319886803 319892477
284034326 284034330
284034326 318446217
284034326 284034323
284034321 318445060
284034321 318468679
284034321 284032561
284034323 318445060
284034323 318468679
318434832 318424240
318434832 318437073
318434832 318424248
318434832 284030617
318434832 318434977
283960401 283960801
283960401 283954449
318479966 318479964
318479964 318479961
318479961 318479954
287635105 283692673
287635105 284008859
319886778 319886777
319886778 319892366
319897592 319897593
319897592 284027095
319897592 319897603
319897593 319897594
319886777 319886775
319886770 319886768
319886770 319886772
319897594 318431734
319897594 319897604
319897595 318424253
317901910 317901861
317901910 317899335
317901910 317898568
317902250 317901423
317902250 317899338
317902250 317902251
317902251 317899354
317902251 317901548
318409772 284031037
318409772 318424801
318409772 318411457
283943324 650008349
283943324 283939664
283943324 650011046
283943324 26616448
318441283 318424238
318441283 318441595
318441283 318438996
317901935 317901410
317901935 317899354
317901935 317901586
317899211 317899208
317899211 317899667
284040707 284040515
284040707 284035171
283954449 650011193
283954449 26616448
283954449 283958768
317899219 317903467
317899219 317901861
318424229 318424235
318424229 318424228
319886815 319886820
319886815 319886802
319893799 319893795
284050732 284037640
284050732 284037634
319893792 318429219
319893792 319893794
318425195 318444413
318425195 318425202
318425195 284032542
318425195 319892786
319893794 319893795
318424235 318440984
319892319 319892318
319892319 319892323
319892318 319892316
650081635 650081634
650081635 650081622
319897603 318429219
319897603 319897604
319892316 319892315
319897604 318424253
650008321 650008320
650008321 650008322
650008323 650011045
650008323 650008322
650008323 650008325
650008323 650011041
650008325 650008330
318480517 318480516
318480517 318480520
318480516 319895297
283997421 318446587
283997421 283997418
283997421 318465531
284031153 284031034
284031153 318431738
283694938 283960801
283694938 650011149
283694938 283958768
318465573 318465572
318465573 318465004
318465573 318465179
317901846 317901844
318425682 318425681
318425682 318425684
318425681 318427708
318425681 318425678
319895995 319895998
319895995 318479945
318425684 318426937
319895998 319896000
319895234 318480043
319895234 319895217
317901700 283998568
317901700 317901553
317901700 317899337
650007078 650007080
650007078 650007077
650007075 650007076
650007076 650007077
284027351 283997427
284027351 317899206
284027351 317898817
319895198 319894906
319895198 319895217
318413384 318413385
318413384 284027090
318413385 319897624
318413385 318426667
318440983 318439962
318440983 318440984
318440984 318438994
319886161 319886991
319886161 319886160
318424238 318438994
318424238 318424240
283692679 283691831
283692679 650826874
283692679 284008804
284035173 318444413
284035173 284035172
284035173 319895295
284035172 284035171
284035171 284035360
318430989 318424252
318430989 318431372
319895767 319895750
319895767 319895765
319895765 319895764
319895764 319894957
318446593 283997424
318446593 318465512
318424801 284030621
284028231 284027315
284028231 284026339
317899667 317903012
317899667 317899335
317899667 317898817
283272771 283272768
319897788 1038117343
319897788 284056649
319892240 319892241
319892240 319892239
283692673 283694944
283692673 650081633
284037634 318437818
284037634 319886794
283974665 284063316
283974665 283965716
283974665 283974669
283974665 283978531
318446217 284040513
283974662 283983302
283974662 283272766
283974662 283978531
283974662 283976715
319895949 319895948
319895949 318479940
319895949 318479943
319895863 319895893
319895863 319895866
283974669 283963192
283974669 283965716
283974669 283976715
284026339 284025781
284026339 284027090
319889377 319889378
319889377 284037651
319889377 284049814
319889378 319889210
284056712 284005107
284056712 284056649
318437073 318437251
284064502 284005441
284064502 283997433
284064502 317901081
650081743 650081650
650081743 650081744
650081744 650081652
318444405 318464681
318444405 284032555
318444407 318444410
318444407 284032555
283997408 283997411
283997408 283998557
283978531 283974656
284038964 284035362
284038964 284034330
284038964 284038925
318431193 318431192
318431193 318431195
318431192 284031034
318431195 319897629
318431195 318424252
26616573 650008349
284061846 284061844
284061846 284062747
284061846 284064605
284061844 284001593
319895893 318479940
319895893 319895939
319895893 318479937
317901583 317899337
317901583 317901723
317901583 317899354
317901583 317901584
317901586 317901544
317901586 317901584
317901584 317901841
284027315 284005442
318426491 318415160
318426491 318426668
318426491 318426937
318431372 318434312
318441595 318440534
318441595 318441596
318427709 318427708
318427709 318415173
318427709 318425674
284030617 318437249
284030617 284032533
283976715 283963192
318415159 318415160
650826874 650826867
318425678 318425676
319895309 319895310
318425670 318413395
318425670 318425674
319895301 319895300
319895301 319895302
318425676 318425674
319895303 319895298
319895303 319895302
283983315 283272768
283983315 283983314
318462690 318412605
284056662 284006615
284056662 284063319
284056662 284056649
318438994 318438996
318438996 318439962
317901722 317899336
317901722 317899337
317901722 317901723
284001596 319897755
284001596 284001600
317900269 317903012
284001593 283998572
284001593 284005442
284057405 283965713
318479954 318479951
284031037 318437249
284031037 318409264
284031034 284032533
284031038 284030622
284031038 284031039
284031039 284032536
284031039 318439961
319889235 319889236
319889235 319889233
319889236 284037640
319889236 319889201
319889233 284037846
317901841 317901844
319895635 319895720
319895635 319895636
317901844 283272768
317901844 317898481
319895636 319895747
318463061 318463015
318463061 318463019
319893813 319893834
319893813 319893612
317898568 317899336
317898568 317898481
317899206 318444385
317899206 317899207
317899207 317899208
317899207 317902259
283998568 283997427
283998568 317899669
317898817 317899669
319893670 318413395
319893670 319893669
319893670 319897624
319892786 318437818
284030621 284030622
283974656 284059819
283974656 283272766
283974656 284064605
319886802 319886800
284032533 318424248
319886800 319886798
318412615 318462246
318480040 318480042
318462475 284032542
318462475 318462245
318462475 318462246
284037640 284049812
284037645 284037844
284037645 284037846
317903012 317902259
318480043 318480042
318480043 318480044
284059819 284062747
284059819 284063316
319886775 319886773
283963192 283979765
283963196 283960801
283963196 283979765
650008332 650008330
317901544 283272768
317901544 317901413
319895356 319895357
318409326 318409269
318409326 284005441
318409326 283997430
319895293 319895313
319895293 319895295
319895297 319895299
319895297 284040513
319895295 319895720
317901548 317899337
317901548 317901553
317901548 317899338
317899336 317899669
317899336 317899335
317899334 317899335
319886772 319886990
319886772 319892477
319886772 319886773
318466256 318466257
318466257 318463857
650011040 650008349
650011040 650011041
650011046 650011045
650081622 650081652
650081622 283938273
318431382 318431380
318431380 318434437
650007081 650007080
650007081 650007083
650007083 650007084
650007084 650081653
284052661 284052662
284052662 284025781
284052662 284054971
318444385 283997424
318444385 318461948
319895299 319895300
284039380 284039381
284039380 284032555
319895298 319895313
284064753 317902244
284064753 317902169
284064753 317901081
319895357 319895805
319895357 319895313
318429219 319897624
318440534 318439961
318445017 318463342
318445017 283997418
318445017 318445013
318445011 318445006
318445011 318445012
318445013 318445012
283984102 283983302
283984102 283983314
318426667 318426668
317902166 317902244
317902166 317902168
317902166 317902169
318434437 318434414
318434437 318434435
318424248 318424251
318424248 318434311
317902162 317902163
317902163 317902244
319886987 319886986
319886987 319890433
319886986 319886985
319886985 319886984
317902169 284064605
319886995 319886984
319886995 319886632
318437249 318437250
318446587 318446588
318465531 318465512
318465531 283997424
318463021 318444410
318463021 318463019
318446588 318465004
318446588 318464693
283997411 283997418
318424252 318431729
318424252 318424251
283272766 317901082
283272766 283272765
283272765 283965716
319890434 319890435
319890434 319890433
319894954 319894955
319894954 319894952
319894952 318479948
319890433 319886990
283691831 284011338
317901423 317901410
317901423 317899353
317901423 317899354
319889209 319889207
319889209 319889210
319889205 319889204
319889205 319889207
319889204 319889202
319889201 319889202
319895810 319895805
283939664 650011192
283939664 26616448
283939660 650826867
283939660 650011192
283939660 283938273
650081634 650081633
319897672 319897629
26616510 650011143
26616510 26616448
26616510 26616515
317899338 317899339
317899338 283997430
318444412 318444413
318444412 318444410
317899339 317899353
317899339 317901159
317899339 317901081
284006958 284005107
319892241 319892243
318437251 318437250
284032544 318462566
284032544 284032543
284032544 284032548
284032543 284032542
318441596 318439962
318441596 318439961
319892238 319892236
319892238 319892239
319892235 319892236
319892235 319891550
319892235 319891545
284025781 284055011
284058727 319897763
284058727 283965716
284058727 284063319
284008804 284008859
283997430 317901553
318463342 318445006
318463342 284032561
318463342 318447749
318412833 283997427
318412833 318411457
318412833 318412605
318465160 318461948
318465160 318465002
318465160 318465179
318465000 318464693
318465000 318465002
318465002 318465003
318465003 318465004
26616515 26616565
284054971 284055011
319895310 319895805
283961126 283960801
283961126 283960805
319894047 319886767
319894047 319894046
319894046 319886798
319894046 319886795
318411457 318409264
318462065 318462245
318462065 318462068
318462063 318462062
318462063 318462245
318462062 318461948
318462062 318462074
318479945 318479948
318479945 318479943
319897753 319897754
319897753 319897755
319897753 284005442
319897754 284063316
319897754 319897763
319897755 319897763
318462068 318462565
318462068 318462074
319894037 319893614
319894037 319894038
319894038 284049814
319886794 319886795
318434312 318434313
318434312 318434311
318434312 318434414
319895747 319895749
318434311 318434415
318434435 318434415
318434435 318434414
319895749 319895750
318434415 318434974
318463015 318463013
318463013 284032554
318463013 284032555
318425206 318424227
318425206 318425205
318425206 319886821
318425204 318425205
318425204 318425203
318425205 319891198
318425203 318425202
319886158 319886156
319886158 319886160
319886156 319887353
317898481 317901723
317898481 317898594
283998572 284028232
283998572 283997433
319893661 319894000
319893662 319893663
319893662 319894000
319893663 319893664
319893664 319893666
319893666 319893667
319893667 319893668
319893668 319893669
319892366 319886983
319892366 319886820
318479948 318479951
318412605 318461948
318412605 318412607
318412607 318462246
284063319 1038117343
284039381 284032561
284039381 318447749
284037650 284037846
284037650 319893834
284037651 319893834
318462566 318462565
319897629 319897662
318434977 318437822
318434977 318434974
317901082 317901413
317901082 317899353
26616448 650011149
26616448 283958768
318431734 318431729
318431734 318431738
284028232 284027098
318431738 284027095
283965713 284006615
283965713 284005107
283965713 284056649
283965716 284006615
284027098 284027095
317901159 284064605
318464681 318462074
318464681 318464693
319886340 319886338
284011338 284011703
319886344 319889219
318426668 318426937
284011703 284011705
284006615 284057607
318479985 318479977
318479985 318479987
318447749 318463857
318479987 318479990
318445006 318445060
318479990 319894979
319886990 319886991
319886991 319886333
319886333 319886338
317901553 318409264
318424253 318431729
319886696 319886695
319886696 319886699
319886695 319886694
319886694 319886693
319886693 319886637
319886699 319891196
284037844 284049812
283960805 283958768
319887113 319887112
319887113 319889213
319887113 319887114
319887114 319889219
319894000 319893612
319886768 319886767
650081933 650081616
650081933 650081653
650081933 650081615
319892323 319891550
319886767 319886766
319886766 319886765
319886765 319892477
317902244 317902246
319889218 319889216
319889218 319889219
319889216 319889214
319889214 319889213
319889213 319889211
319889210 319889211
319886984 319886983
318437818 318437819
284039701 284035362
284039701 284034330
318437819 318437820
284027095 284027090
319891198 319891555
319891198 319891196
318468678 318468679
318468678 318468677
319895937 319895938
319895938 319895939
318468676 318468677
650081652 650081650
650081653 650081650
650081653 650081654
650081656 650081654
318424227 318424228
318480522 318480523
318480522 318480521
318480523 318480524
318480520 318480521
318480526 318480524
318409267 318409269
318409267 318409264
318465179 318465512
319895116 319894957
319895116 319895117
319895117 319894906
319894906 319894903
319894901 319894902
319894902 319894903
650011192 650011196
650011193 650011198
650011193 283694944
650011196 650011198
317901410 317901413
319896002 319896000
319894979 319894957
319893615 319893612
319893614 319893612
284001600 284005443
1038117343 284005443
319886820 319886821
319886633 319886632
319886633 319886634
319886635 319886634
319886635 319886636
319886637 319886636
319891555 319891552
319891550 319891552
318437821 318437820
318437821 318437822
650011143 650011145
319894957 319894955
650011147 650011149
650011147 650011145
284035362 284035360
284040515 284040513
