318437318 3.0518858 36.7674839
318447750 3.0486181 36.7658564
319892823 3.0488655 36.768688
319892822 3.0488429 36.7684119
284010641 3.060883 36.771526
650008319 3.0626423 36.7709811
284039378 3.0493903 36.7667269
650011093 3.0657373 36.7648988
284039375 3.0503948 36.7674447
318408772 3.0539825 36.7685654
319886803 3.0487711 36.7688668
284034326 3.0467381 36.7659774
284034321 3.0471845 36.7659499
284034323 3.0469785 36.765998
318434832 3.0519569 36.7687304
283960401 3.0579305 36.7667337
318479966 3.0435455 36.7661589
318479964 3.0436914 36.7661933
318479961 3.0437772 36.7662621
287635105 3.0606132 36.770687
319886778 3.0479128 36.7697606
319897592 3.0545888 36.770177
319897593 3.0544188 36.7700081
319886777 3.0480158 36.7696299
319886770 3.0493977 36.7700768
319897594 3.0539639 36.7701731
319897595 3.0533631 36.7704137
317901910 3.0533553 36.7646503
317902250 3.0549128 36.7676035
317902251 3.0545448 36.7669473
318409772 3.0522573 36.7676578
283943324 3.0592093 36.7663693
318441283 3.0507589 36.7683484
317901935 3.0554659 36.7666596
317899211 3.0523586 36.7652263
284040707 3.0465836 36.7662937
283954449 3.0580678 36.7666375
317899219 3.0555171 36.7642156
318424229 3.0486524 36.7683385
319886815 3.0485051 36.768853
319893799 3.0505736 36.7702831
284050732 3.0508323 36.7698071
319893792 3.0521185 36.7706544
318425195 3.0484836 36.7676457
319893794 3.0521014 36.7703519
319893795 3.0520069 36.7702762
318424235 3.0496738 36.7681804
319892319 3.0465481 36.7692312
319892318 3.0464709 36.7692243
650081635 3.0613453 36.7711491
319897603 3.0538559 36.7704407
319892316 3.0461619 36.7695062
319897604 3.0537434 36.7702352
650008321 3.0597992 36.766426
650008320 3.060797 36.7693826
650008323 3.0598812 36.76618
650008322 3.0598099 36.7662799
650008325 3.0600996 36.7658674
318480517 3.0438287 36.7648319
318480516 3.0438717 36.7649488
283997421 3.0496221 36.7651936
284031153 3.0536818 36.7688102
283694938 3.0576987 36.7656061
318465573 3.0506557 36.7658234
317901846 3.0554056 36.7656251
318425682 3.0533474 36.7712881
318425681 3.05321 36.7712331
319895995 3.0442736 36.7665153
318425684 3.0536821 36.7712468
319895998 3.0448658 36.7664534
319895234 3.0442822 36.7687705
317901700 3.0531721 36.7669818
650007078 3.0602646 36.7695828
650007075 3.0594062 36.7665748
650007076 3.059299 36.766867
650007077 3.0601573 36.7696086
284027351 3.0519137 36.7660668
319895198 3.0444968 36.7686055
318413384 3.0543173 36.7706418
318413385 3.0541713 36.7706006
318440983 3.0503261 36.7679879
318440984 3.0498077 36.768375
319886161 3.0485394 36.77018
318424238 3.0501802 36.7687923
283692679 3.0610032 36.7709209
284035173 3.0478368 36.766775
284035172 3.0477424 36.766665
284035171 3.0475621 36.7665825
318430989 3.0527122 36.770188
319895767 3.0456297 36.7675398
319895765 3.0454237 36.767636
319895764 3.0453379 36.7676292
318446593 3.0512703 36.7660627
318424801 3.0519556 36.7674303
284028231 3.0553985 36.7701922
317899667 3.0524438 36.7651646
283272771 3.0568619 36.7618707
319897788 3.057846 36.7716715
319892240 3.0458701 36.7703656
283692673 3.0595012 36.7699171
284037634 3.0508666 36.7697246
283974665 3.0571752 36.7698346
318446217 3.0459488 36.7655401
283974662 3.0568477 36.7694244
319895949 3.0443476 36.76622
319895863 3.0446684 36.7659308
283974669 3.057261 36.7697521
319895866 3.0444968 36.7656352
284026339 3.0553463 36.7703173
319889377 3.0512885 36.7711142
319889378 3.0510285 36.7712456
284056712 3.0586085 36.7716497
318437073 3.051399 36.7683523
284064502 3.0541442 36.7682106
650081743 3.0620212 36.7716389
650081744 3.0620189 36.7717177
318444405 3.0489786 36.7661039
318444407 3.0486524 36.7662208
283997408 3.0483932 36.7634592
283978531 3.0567117 36.7694909
284038964 3.0459313 36.7660668
318431193 3.05315 36.7689229
318431192 3.05315 36.7687992
318431195 3.0537008 36.769371
26616573 3.0603428 36.7615067
284061846 3.0561624 36.7696284
284061844 3.0557675 36.7699446
319895893 3.0443555 36.7661109
283998557 3.0481966 36.7634278
317901583 3.0547778 36.7664169
317901586 3.0555337 36.7666389
317901584 3.0553283 36.7662508
284027315 3.0554757 36.7701371
318426491 3.0538386 36.7714292
318431372 3.0526264 36.7702224
318441595 3.0511095 36.7680795
318427709 3.0524719 36.7714737
318427708 3.0526521 36.7713637
284030617 3.052815 36.768102
283976715 3.0570979 36.7695871
318415159 3.0541113 36.77179
650826874 3.0600852 36.7700249
318425678 3.0529182 36.7710887
319895309 3.045973 36.767251
318425670 3.0520427 36.7713912
319895301 3.0449774 36.7659721
318425676 3.0525234 36.77113
319895303 3.0452006 36.7659033
318425674 3.0523432 36.7712468
318424240 3.0505064 36.7690467
283983315 3.0561109 36.7659774
318462690 3.051296 36.7669221
284056662 3.0577416 36.7709209
318438994 3.0499959 36.7685936
318438996 3.0505235 36.7681666
317901722 3.0537527 36.7664246
284001596 3.0572346 36.771273
317900269 3.0503931 36.7628679
284001593 3.0556467 36.7699873
284057405 3.0591493 36.7706047
318479954 3.0438545 36.766544
284031037 3.0525746 36.7678957
284031034 3.0534158 36.7686108
284031038 3.0512013 36.7670363
284031039 3.050858 36.7672288
319889235 3.0497925 36.7706681
319889236 3.0497061 36.7705638
319889233 3.0499556 36.770675
318465572 3.050721 36.7657395
317901841 3.0554056 36.7660514
319895635 3.0464194 36.7672166
317901844 3.0554132 36.7658696
319895636 3.0463164 36.7673266
318463061 3.049051 36.7668418
319893813 3.0510628 36.77051
317898568 3.0540065 36.765852
317899206 3.0518631 36.7660415
317899207 3.0521182 36.7659071
284038925 3.0453992 36.7657849
283998568 3.052403 36.7664106
317899208 3.0522298 36.7657902
317898817 3.0526676 36.7656733
319893670 3.0521309 36.7711944
319892786 3.0492682 36.7683792
284032536 3.0504632 36.7674626
284030621 3.0514502 36.7670569
284030622 3.0513301 36.7670225
283974656 3.0565829 36.7693877
319886802 3.048814 36.7688255
284032533 3.053081 36.7683358
319886800 3.0495694 36.7692449
318412615 3.0481203 36.7683867
319895948 3.0446255 36.7663228
318480040 3.044009 36.7686548
318462475 3.0504697 36.7667924
284037640 3.0500083 36.7702953
284037645 3.0500512 36.7705359
317903012 3.0508651 36.7634249
318480043 3.0439918 36.7688061
284059819 3.0567203 36.7698896
318480044 3.0438888 36.7688198
319886775 3.0483849 36.7694374
283963192 3.0579047 36.7694015
283963196 3.0581536 36.7691815
650008332 3.0612798 36.7610456
650008330 3.0610223 36.7613378
317901544 3.0560093 36.7664758
319895356 3.0465309 36.7671066
318409326 3.053994 36.7679871
319895293 3.0467627 36.7668384
319895297 3.0449518 36.765408
319895295 3.0474408 36.7668522
317901548 3.0541479 36.7670744
317899336 3.0535012 36.7660159
317899337 3.0539293 36.7667115
317899334 3.0517406 36.7631773
317899335 3.0528057 36.7649484
319886772 3.048814 36.7694374
319886773 3.0487282 36.769403
318466256 3.0490558 36.7659183
318466257 3.0490902 36.7656433
650011040 3.0593215 36.7661622
650011041 3.0593966 36.766188
650011046 3.0594502 36.7664115
650011045 3.0596541 36.7663513
650081622 3.0614634 36.771149
318431382 3.0505836 36.7700849
318431380 3.0510385 36.769913
650007081 3.0607366 36.7704337
650007080 3.0607366 36.7702962
650007083 3.0617559 36.7713447
650007084 3.0622923 36.7713189
284052661 3.055613 36.7717941
284052662 3.0556474 36.7717666
318444385 3.0517797 36.7659997
319895299 3.0448916 36.765869
284039380 3.0486693 36.7661356
317903467 3.05581 36.7639784
319895298 3.0453293 36.7659102
284064753 3.0554328 36.7688102
319895357 3.0458872 36.7667834
318429219 3.0536392 36.7705181
318440534 3.0515218 36.7677632
318445017 3.047837 36.7652238
318445011 3.0460689 36.7652376
318445013 3.0461633 36.7650726
318445012 3.0460603 36.7651344
283984102 3.0564113 36.7662181
318426667 3.0544632 36.7708618
317902166 3.0556631 36.7692211
318434437 3.0519284 36.7699132
318424248 3.0524461 36.7688267
317902162 3.0548133 36.7688498
317902163 3.0548562 36.768843
319886987 3.0480501 36.7699325
319886986 3.0479901 36.7699943
319886985 3.0479557 36.7701456
317902259 3.0509681 36.7645731
317902168 3.0553626 36.7696336
317902169 3.0558294 36.7690094
319886995 3.0478613 36.7702693
318437249 3.0526681 36.7679759
318446587 3.0496052 36.7653063
318465531 3.05117 36.7657368
318463021 3.0487898 36.7670803
318446588 3.0496652 36.7654439
283997411 3.0486951 36.7637427
318424252 3.0532873 36.7697068
283997418 3.0489004 36.7651056
283272766 3.0564113 36.7688789
283272765 3.0566989 36.7693791
319890434 3.0482046 36.7700906
319890435 3.0479987 36.7702487
283272768 3.0559306 36.7659499
319894954 3.0449946 36.7668384
319894952 3.04478 36.7667147
319890433 3.0481471 36.7698987
283691831 3.0612693 36.7711616
317901423 3.0553081 36.767495
319889209 3.0508997 36.7711563
319889205 3.0497839 36.770785
319889204 3.0495951 36.7709706
319889207 3.0506079 36.7708194
319889201 3.0493376 36.7709981
319895810 3.0462735 36.7672166
319889202 3.0494234 36.7710394
283939664 3.0591493 36.7667681
283939660 3.0599993 36.7696296
650081634 3.0612594 36.7712436
319897672 3.0543072 36.7694168
650081633 3.0612779 36.7713318
26616510 3.0587373 36.7657161
317899338 3.0545301 36.7677085
318444412 3.0481718 36.7667915
318444413 3.047907 36.7668706
318444410 3.048455 36.7665646
317899339 3.0552768 36.7684511
284006958 3.059484 36.7716153
319892241 3.0457327 36.7703381
317899669 3.0528989 36.7662161
319892243 3.0455181 36.7701387
318437251 3.0521715 36.767706
284032544 3.0498967 36.7669056
284032543 3.0499911 36.7669744
284032542 3.0500426 36.76705
318441596 3.0508197 36.7678388
284032548 3.0494847 36.7668025
319892238 3.0457327 36.7702075
319892239 3.0459044 36.7702831
319892235 3.0453598 36.7695861
319892236 3.0453465 36.7697193
284025781 3.0559729 36.7714724
284058727 3.0569863 36.7706322
284008804 3.0605569 36.7712785
283997430 3.0539296 36.7678668
318439962 3.050472 36.7680979
318463342 3.0476777 36.7656519
318412833 3.0516344 36.7664954
318465160 3.0506351 36.7660971
318465000 3.050369 36.7660558
650826867 3.0600422 36.769939
318465002 3.0503948 36.7659939
318465003 3.0499399 36.7658151
318465004 3.0500285 36.7655827
26616515 3.0585596 36.7651015
284054971 3.0559392 36.7716704
319895313 3.0459106 36.7662977
319895310 3.0459044 36.7670997
283961126 3.0578674 36.7666911
319894047 3.0497753 36.7701387
319894046 3.0503576 36.7698476
318411457 3.0526612 36.7673071
318462065 3.0499141 36.7666677
318462063 3.0503948 36.7664752
318462062 3.0504953 36.7663681
318479945 3.0441463 36.7664683
319897753 3.0564348 36.7706275
319897754 3.0568495 36.7702914
319897755 3.0566358 36.7707897
318462068 3.0498026 36.7666471
319894037 3.0514576 36.7713144
319894038 3.0513042 36.7713153
319886794 3.0505307 36.7698843
319886795 3.0504448 36.7698912
319886798 3.0498526 36.7695681
318434312 3.0524547 36.7701537
318434313 3.0523689 36.7702774
319895747 3.0462649 36.7674504
318434311 3.0520258 36.7690529
318434435 3.0521114 36.7698305
319895749 3.0461018 36.767581
318434415 3.0518225 36.7691565
318463015 3.0487125 36.7662758
318463013 3.0489142 36.7661696
318425206 3.0473135 36.769418
283997424 3.0517077 36.7659637
318425204 3.0470646 36.7694455
318425205 3.0471933 36.7694592
318463019 3.0491245 36.7669565
318425203 3.0469873 36.7693561
319886158 3.0483334 36.770675
319886156 3.0483248 36.7708813
317898481 3.05447 36.765742
318479937 3.0443523 36.7660627
283998572 3.0553292 36.769726
319893661 3.051758 36.770675
319893662 3.051758 36.770455
319893663 3.051861 36.7703587
319893664 3.0519297 36.770455
319893666 3.0519297 36.7707162
319893667 3.0520499 36.7708125
319893668 3.0520842 36.77095
319893669 3.052067 36.771115
319892366 3.0478959 36.7698225
318479948 3.0440262 36.7665784
318412605 3.0510557 36.7667296
318412607 3.050781 36.766819
284063319 3.0574584 36.7711478
319891545 3.044265 36.7693893
284039381 3.0483088 36.7660668
284063316 3.056781 36.7700787
284037650 3.0509181 36.7706253
284037651 3.0510468 36.7707009
318462566 3.0499485 36.7668328
318462565 3.0498884 36.7667159
319897624 3.0537103 36.7707255
319897629 3.0539811 36.7691555
318434977 3.0509098 36.7695211
318434974 3.0509699 36.7695761
317901082 3.0562647 36.7681812
317901081 3.0550075 36.7686014
318479940 3.0443609 36.7661933
26616448 3.0589261 36.7663968
318431734 3.0538548 36.7699603
284028232 3.0553555 36.7698071
318479943 3.0442922 36.7663308
318431738 3.0544923 36.7694783
283965713 3.0586858 36.7709828
283965716 3.0576472 36.7701509
284027098 3.0553212 36.7699446
317901159 3.056281 36.7690424
283983302 3.0569311 36.7692877
319895217 3.0444109 36.7687017
318464681 3.0493174 36.7662009
319886340 3.048608 36.7717957
284011338 3.0618066 36.7716217
317901723 3.0546507 36.7661382
319886344 3.0490715 36.7717544
318426668 3.0541456 36.7711575
284011703 3.061501 36.7714435
284011705 3.0610805 36.7714503
284006615 3.058188 36.770584
318479985 3.0438373 36.7669221
318447749 3.0483864 36.7658014
318479987 3.0437772 36.7669634
318445006 3.0467899 36.7657464
318479990 3.0436914 36.7669634
319886990 3.0485823 36.7698018
319886991 3.0486424 36.769905
319892315 3.0460417 36.7695406
319886333 3.0490115 36.7703862
317901553 3.0535524 36.7672786
319886338 3.0485394 36.7714107
318424253 3.0535448 36.7702912
318424251 3.0530727 36.7692598
319886696 3.0466168 36.7704275
319886695 3.0465481 36.770455
319886694 3.046325 36.770345
319886693 3.0461962 36.7703656
319886160 3.0485823 36.7703381
319886699 3.0466769 36.7700218
284056649 3.0582395 36.7713266
284037844 3.0499825 36.7704672
318437250 3.0525749 36.7679879
284037846 3.0501285 36.7705703
284057607 3.0585656 36.7702815
283960801 3.0578361 36.7669056
283960805 3.0579103 36.7666155
284055011 3.0563683 36.7717597
319887113 3.0504448 36.7714519
319887112 3.0505049 36.7715482
318479977 3.0435112 36.766709
319887114 3.0502646 36.7713763
319894000 3.051758 36.7705581
318426937 3.0537282 36.7713005
319886768 3.0495694 36.7701525
650081933 3.062374 36.7716524
319892323 3.0461533 36.7696368
319886767 3.0496552 36.7701387
319886766 3.0497238 36.7700768
319886765 3.0497153 36.7699737
317902244 3.0552807 36.7690135
317902246 3.0550966 36.7692555
319889218 3.0499556 36.7711356
319889219 3.0496858 36.7714356
319889216 3.0503075 36.7709981
319889214 3.0505907 36.7710256
319895805 3.0458997 36.7670323
319889213 3.0506937 36.7711081
319889210 3.0508911 36.771225
319889211 3.0508311 36.7712388
319886984 3.0478957 36.7702143
318437818 3.0507496 36.7696007
319886983 3.0478184 36.7702006
319897662 3.0536377 36.7688668
284039701 3.0462403 36.7661631
319893834 3.050967 36.770654
318437819 3.0508154 36.7695692
284027095 3.0551066 36.7699721
283958768 3.0580335 36.7665412
319891198 3.0466597 36.7698224
319891196 3.0469258 36.7698499
284027090 3.055304 36.7702334
284032554 3.0490642 36.7662112
318462246 3.0506582 36.7669315
318462245 3.0501648 36.7665674
318468678 3.0471933 36.7660971
318468679 3.0470648 36.7659778
319895937 3.0439474 36.7659033
319895938 3.0438359 36.7659584
319895939 3.0441105 36.7662265
318468676 3.0478113 36.7662827
318468677 3.0475624 36.7661314
650081652 3.0618733 36.7715687
650081653 3.0623512 36.7715412
650081650 3.062107 36.7715874
650081656 3.065036 36.77096
650081654 3.0627968 36.7714578
318424227 3.0487125 36.7684279
284005107 3.059072 36.7712991
318480522 3.0438631 36.7644056
318480523 3.0437772 36.7643987
318480520 3.0439317 36.7645706
318480521 3.043906 36.7644675
318480526 3.0437086 36.7647219
318480524 3.0437257 36.7644675
318424228 3.0486095 36.7683935
317899353 3.0557317 36.7683342
317899354 3.0549592 36.7668147
318409267 3.0533045 36.7680566
318409264 3.0529611 36.7675341
318409269 3.0535019 36.7681941
318465179 3.050793 36.7658784
319895720 3.0469601 36.7671547
319895300 3.0449087 36.7659377
317898594 3.0541976 36.7651348
318461948 3.0506979 36.7663127
650008349 3.0592616 36.7660907
319895302 3.0450632 36.7659721
318415173 3.0525921 36.7717144
283997427 3.0521798 36.7662593
319895116 3.0450032 36.7679111
319895117 3.0448487 36.7678492
318425202 3.0469873 36.7692461
318445060 3.0470109 36.7658683
284062747 3.0562654 36.7699859
318480042 3.0440519 36.7687442
318462074 3.0495758 36.7662829
318413395 3.0519483 36.7713431
318415160 3.0540855 36.7717487
319894906 3.0446341 36.768248
319894901 3.0448916 36.7688805
319894902 3.0449431 36.7688255
319894903 3.0449345 36.7686949
650011192 3.059673 36.7685929
650011193 3.0587904 36.7688192
650011196 3.0595253 36.7687406
650011198 3.0589567 36.7688609
318434414 3.0521798 36.7699941
319892477 3.0491077 36.7692462
317901410 3.0557746 36.767351
317901413 3.0561246 36.7672455
317901861 3.0547478 36.7642043
319895750 3.0459816 36.7676085
318465512 3.0510128 36.7659664
319896002 3.0456211 36.7674779
319896000 3.0451577 36.7665909
283997433 3.0543265 36.768477
284064605 3.056411 36.7693014
319894979 3.0447886 36.7671135
318439961 3.0512102 36.7675478
319893615 3.0517924 36.7711356
319893614 3.0515778 36.7712456
284001600 3.0576294 36.7715824
319893612 3.0515778 36.770565
319887353 3.0477152 36.7716692
1038117343 3.0578101 36.7716611
319886820 3.0474665 36.7695268
319886821 3.047415 36.7695681
319886633 3.0469086 36.7703931
319886632 3.0469687 36.7703244
319886635 3.0468228 36.7705994
319886634 3.0468914 36.7705031
319886637 3.0466339 36.7706337
319886636 3.0467284 36.7706406
319891555 3.046488 36.7699187
319891550 3.0457156 36.7697124
319891552 3.046076 36.7699187
318437821 3.0509269 36.7696036
318437820 3.050884 36.7696242
318437822 3.0508754 36.7695555
284032555 3.048841 36.7661493
650081616 3.0621499 36.7716991
650081615 3.0626864 36.7715874
284034330 3.0462747 36.7660874
318431729 3.0534366 36.7700455
284005442 3.0557761 36.7700959
318463857 3.0484808 36.7655126
283694944 3.0591648 36.7696964
283979765 3.0580506 36.7693121
284008859 3.0606513 36.7710859
650011143 3.0586992 36.7658356
319894957 3.0452263 36.7675604
319897763 3.0569533 36.7705529
650011147 3.0583988 36.7660849
650011145 3.0585812 36.7659989
284049812 3.0499654 36.7703915
650011149 3.0581563 36.7660487
319894955 3.0450976 36.766976
284049814 3.0513387 36.7712097
284032561 3.0475793 36.7659362
26616565 3.0592138 36.7626191
283938273 3.0602307 36.7700478
284035362 3.046309 36.7663143
284035360 3.0468326 36.7665481
284005441 3.0540583 36.7680473
283983314 3.0563254 36.7660874
284005443 3.0577753 36.7716511
284040515 3.0459828 36.7657711
318464693 3.0494936 36.7657808
318479951 3.0439489 36.766599
284040513 3.0454853 36.7655676
