315743280 315205966
315743280 315743240
315743280 96621120
315743281 315743295
315743281 315743038
315743281 315742943
97570291 97570301
392326473 392326298
320913874 320913868
320913874 1263055459
315210518 340291192
315210518 315210512
315210518 315210517
315743355 271064234
315743355 738817655
315743355 315743325
315743355 315743335
620897601 620896388
620897601 330166569
620897601 620897598
315584123 315584636
315584123 315585680
315584123 315584091
315584126 315584636
315584126 315583786
315584126 315584091
315743333 315743356
315743333 315743325
315743333 315743324
315743333 315743334
316981782 674568584
316981782 316705064
316981782 316981784
316981782 316705241
316981782 330166726
315206253 315206252
315206252 315205632
315206252 315206241
315206252 315205842
317180963 317173114
317180963 317180938
315743357 315743356
315743357 96621117
315743357 315743240
470203969 329980353
470203969 329980949
470203969 470203970
330167489 416856139
330167489 330167534
330167489 316705450
605022082 316557736
605022082 605022418
605022082 316004557
96621159 96621163
96621159 285506358
393238437 329980318
393238437 393239609
393238437 663380613
319268587 317242592
319268587 1140168997
319268587 319268705
316588703 272505021
316588703 316701831
315207819 620898549
315207819 271063446
315207819 620897925
315207819 330165017
315743038 315742936
315743038 1126306205
605026303 605030355
605026303 600205110
605026303 315745060
285506373 285506382
285506373 285506368
1132533377 320916466
1132533377 97570447
1132533377 1132533381
316705241 269840106
315588608 315739319
315588608 315588494
315588608 315588496
416857388 316705445
416857388 392326298
605029029 605029006
605029029 605029048
315582354 315582328
315582354 315582332
315582354 315582353
315743325 315745075
315743325 315743301
96621083 317180660
96621083 665734728
96621083 665734727
315582353 1259516898
315582353 315206102
97570438 97570425
96621127 96621143
96621127 285506358
96621127 1134761772
620897925 315584008
620897925 620897921
96621120 96621118
96621120 96621123
96621123 315206020
96621123 572682773
620897921 620897889
315746318 315745060
315746318 605029048
315746318 315209038
315746645 605025423
315746645 605030356
315746645 315746596
315746644 315746638
315746644 315746402
315746644 315746383
315206102 315582325
315206102 269840094
315206105 315206033
315206105 512222314
315206105 1259516861
316004595 316004576
316004595 316004627
316004595 316004603
316004594 316004605
316004594 316004576
316004594 424247731
316004594 316004603
474785040 393649497
474785040 474785530
317538377 317314598
317538377 416853177
317173118 317180903
317173118 317173113
317173118 317173053
317173053 99200232
317173053 271066081
317173114 317173113
317173114 317182039
269840106 315586163
269840106 421261708
269840106 315210508
317538378 416853177
317173113 317180314
330166163 387168732
330166163 330165663
330166163 387168734
329980318 268275704
329980318 316004502
478582353 315739517
478582353 271063442
478582353 478582356
478582356 478582359
478582356 478582373
478582359 478582361
315206176 315206192
315206176 315205492
315206176 315206171
315206171 315206199
315206171 315205463
315743324 315743295
315743324 315743301
316004628 605019974
316004628 316004627
316004628 316004603
315745200 315745548
315745200 315745199
315745200 692450488
389564877 389562807
389564877 389564875
389564877 315746596
316003707 316003960
316003707 316003706
389564875 389564836
99200242 317180660
99200242 99200247
99200242 317180495
315588503 315588500
315588503 315588505
315588500 315588499
738813916 896262363
738813916 738813918
738813916 315584669
738813916 315207389
99200247 99200232
99200247 315744796
99200247 315745062
605024865 600205110
605024865 605023217
605024865 605025130
738813918 315583786
738813918 896263694
315739539 315739504
315739539 315739517
315739539 315739538
315739538 315739537
315739537 315739536
315739537 271063441
315739536 315739551
330166260 330166109
330166260 271063447
330166260 330166343
1132533380 97570425
1132533380 1132533381
315209038 315746020
315209038 315746920
315209038 315746119
315739212 315739211
315739212 1259516894
315739212 315739502
416858086 315588630
416858086 271063441
416858086 416858068
271064234 315128272
271064234 96621145
271064234 271064310
316003950 470365343
316003950 470365342
285506405 285540594
285506405 285508481
285506405 285506417
316003957 316003958
316003957 317242547
316003958 316003960
271064232 271064605
271064232 315743296
271064232 315743301
1133702599 1133702677
1133702599 1133702581
315745060 315746142
315745060 315746395
315745061 605030123
315745061 605025423
315745061 315746383
315745062 315745172
315745062 315745058
389566016 389566785
389566016 389566003
389566016 389567406
315744796 317180660
315744796 96621100
315744796 315745058
389565805 389565489
389565805 389566102
389565805 389565816
620896388 620896386
620896385 620896386
317177558 317180314
317177558 316003706
317177558 317182039
315582481 315582635
315582481 315743052
315582481 315206025
315207283 1259516900
315207283 315582325
315207283 315207389
393649486 393649497
393649486 393649779
315205492 315205493
315205492 315205546
315205492 271062904
572682759 572682760
572682759 268970252
605022421 605023981
605022421 316557741
605022421 316004570
572682753 572682752
572682753 268970250
572682752 268970248
572682756 268970250
572682756 268970252
315739991 315589218
315739991 315739505
315739991 315739990
315739990 315739504
315739990 315739928
315739990 315739502
96621115 572682770
96621115 96621113
96621117 572682771
96621117 572682770
96621110 572682767
96621110 96621141
96621110 96621112
315210512 271065903
315210512 315210515
96621112 315128272
96621112 96621113
272196941 316980528
272196941 330166093
272196941 316701831
272196941 409455589
315739262 315551592
315739262 315739211
315739262 315739502
319268707 316004623
319268707 319268710
319268707 316933150
319268705 319268682
319268705 319268711
1126292179 96621064
1126292179 1126292169
315205827 315205761
315205827 315205656
315205827 315205811
389574758 389567406
389558671 389557570
389558671 270629400
389558671 389558025
97570301 97570332
421261708 271063444
421261708 421261623
315743088 315743068
315743088 1126306205
315743088 315743051
1259369411 330167536
1259369411 330167534
315743240 315743334
393649792 270629402
393649792 389527722
393649792 393649791
393649791 393649790
393649790 474785530
1132533381 97570447
315739211 1259516926
393649799 272505021
393649799 409455578
393649799 393649835
605023074 316557747
605023074 605023072
605023074 316004544
315743068 315742981
315743068 315742943
1125285803 1132528993
1125285803 97570150
1125285803 97570356
316004557 605023217
316004557 340276149
315206020 315205966
315206020 315205508
1127996607 1127996610
1127996607 271063442
315743067 315743118
315743067 315584669
315743067 315743009
620896927 620896941
620896927 620897598
315206025 315742953
315206025 1259516861
450530922 316557747
450530922 424247728
450530922 271066207
450530922 605023072
421261874 421261875
421261875 315582329
421261875 565618818
421261875 421261876
421261876 315742505
421261876 99200252
389564046 389564043
389564046 389560575
271066161 315745173
271066161 271066071
271066161 316933150
271066161 692450488
389560596 389566785
389560596 389566102
389560596 271066207
389560596 389560605
389564043 389563240
620899381 409455681
605024225 605023981
605024225 605024334
605024225 605024223
676044949 676044954
676044949 638291398
676044949 317180903
329980353 393239609
329980353 393649101
329980350 393649101
329980350 393649100
329980350 329980351
421260053 271063444
421260053 478582375
421260053 421261623
285506393 285506399
285506393 285506386
316004524 605023123
316004524 340276151
316004524 605022745
96621058 96621064
96621058 1136690038
96621058 96621052
315585897 315585680
315585897 421260733
315585897 421259703
97570405 97570332
97570405 315205586
97570405 97570391
96621052 96621145
674568623 674568614
674568623 620897295
674568623 673920486
674568623 674568624
674568621 330167341
674568621 674568614
674568624 620897477
674568624 673920487
315745122 271064760
315745122 271064605
315745122 315745171
315585680 315586061
605024222 605024332
605024222 605024013
605024222 605023978
605024222 605024223
97570150 97570142
97570150 1132528996
268970255 315584636
268970255 572682764
268970255 572682763
268970256 572682764
268970256 268970248
605024223 605023979
605024223 605024333
268970252 315207389
269840094 315582640
269840094 315742179
269840094 315742475
315205691 315205728
315205691 315205849
315205691 315206241
320916466 97570391
320916466 97570388
1132528993 97570447
1132528993 1132528996
638291373 96621077
638291373 1133702581
638291373 317180494
409455575 316701831
409455575 409455578
409455575 409455589
605032238 605032234
605032238 315741118
605032238 97570315
330165160 387168732
330165160 330166154
330165160 330165663
1133510811 1133510805
409455578 389527722
416858068 392326590
416858068 392326597
1259516900 269840092
1259516900 1259516863
620898549 500379132
620898549 620898320
416856139 316705451
416856139 674568608
315551592 1259369405
315551592 315589218
315551592 421261724
1259516960 1259516923
1259516960 1259516894
315205463 315206033
315205463 315582640
416857983 392326298
416857983 392326597
665734727 96621077
665734726 96621064
665734726 96621068
285506368 285506412
285506368 285506358
285506368 285506417
315206089 315207066
315206089 315743052
315206089 315743119
316003960 316003666
316003960 316003711
665734729 665734728
665734729 96621100
389563240 270629400
389563240 389564836
620897182 330166569
620897182 620897263
620897182 330166533
315745059 271064760
315745059 315745171
315745059 315745199
315745059 692450488
315745058 315745171
315745058 315745075
620897263 620897016
620897263 620897294
316003712 317238361
316003712 316003711
316003711 316003666
316003711 470365342
340276151 605023156
340276151 316004544
340276151 605023072
315742981 315743057
315742981 315743051
1259516863 269840081
1259516863 269840074
1259516861 315582635
315206241 315205548
393649106 393649100
285506442 285506433
285506442 285538742
315745171 315745172
605022418 340276150
605022418 340276149
605022418 605024334
393649100 393649437
393649100 393649101
315207483 315583786
315207483 572682760
315207483 572682761
315746402 315746401
315746402 315746958
315746401 605029048
315746401 315746395
315746401 315746383
1127996644 316705453
1127996644 316705451
1127996644 1127996599
271065903 315746020
271065903 271063446
271065903 271063447
271065903 896263694
271065903 315128375
96621141 96621143
96621141 1132340686
96621141 1132340688
96621141 1126292169
96621141 271064310
96621068 96621143
96621068 96621073
96621145 315743335
96621145 96621102
271063444 674568612
271063444 1127996610
285540602 285508487
285540602 285540594
285540602 285538742
271063446 330166155
271063446 330166205
271063447 320913868
271063447 330166205
271063441 271063442
315741118 621461167
315741118 315741137
315205761 271062119
315205761 315205796
285540609 285506412
285540609 285540617
285540609 285506458
285540609 285508475
896263694 896262363
896263694 500379132
474785530 393649779
1263055458 692460163
1263055458 315746638
1263055458 1263055459
97570378 97570366
97570378 97570380
387168732 387168733
387168732 387168731
387168733 330165196
387168733 387168730
387168733 387168734
387168730 330166109
387168730 387168731
387168730 330166343
387168731 330166344
387168731 330166154
387168734 330166103
387168734 330165691
315582347 315582329
315582347 315581978
315582347 315582332
315743334 315742943
315743335 315745075
315210513 340291192
315210513 315207785
315210513 315210517
97570520 96621124
97570520 97570352
97570520 97570607
97570520 97570518
315210515 896262363
315210515 315210517
315210517 315210516
315210516 896262363
315210516 315207785
330166569 620897477
330166569 330165156
674568612 268968509
674568612 674568645
97570315 271062807
638291349 638291398
605023123 316557736
605023123 605023156
1127996634 1127996595
1127996634 674568585
96621124 1134761772
424247728 424247731
424247728 316004605
424247728 316004607
605022745 389565819
605022745 605023072
315205493 271062807
315205493 315205547
621461172 315741120
621461172 621461168
621461172 621461169
316003706 99200236
317242592 317242547
317242592 319269265
329980325 389557570
329980325 393649437
329980325 270629402
315205796 315205811
315205796 315205728
315746395 605030123
272505021 393649835
512222314 315206101
512222314 1259516945
512222314 315582635
316004631 316004627
315742953 315743057
315742953 315205966
315745172 315745173
315745172 692450488
315745173 319268165
315745173 271066081
315582640 315582636
99200252 315741120
99200252 565618818
99200252 315742223
99200252 621461169
470365343 316004201
470365343 317238361
470365342 317242547
470365342 316004217
315207204 315581978
315207204 315207389
315207204 315584669
315207204 315743119
1259516926 565618818
1259516926 1259516938
421261724 315739928
421261724 421261723
1259516923 315588492
315739520 315739504
315739520 315739505
315739520 315739551
315206101 315207066
315206101 315582324
315206101 315582384
330166103 330166244
330166103 330166093
315205546 315205548
315205546 315206193
315205546 315205547
315205547 315205586
330166109 330165196
315739614 315588630
315739614 315739505
315739614 315739551
316933150 319268165
316705445 317314601
316705445 316705447
317314699 317314601
316705447 317314598
316705447 1133510805
97570388 271062377
97570388 97570607
317180314 317177688
389566003 268275704
389566003 389566102
97570380 97570160
316705453 330167341
315205548 315205585
389565816 389565819
389565819 271066207
330166623 330166625
330166623 330166533
315742179 315742215
315742179 271062904
269840092 421260733
269840092 269840081
269840092 268970248
268275704 663380614
663380614 389559167
663380614 663380613
330167213 330167341
330167213 330166665
330167213 330166667
317172075 600205110
317172075 605024300
317172075 605025130
96621106 572682766
96621106 96621108
393649478 393649437
393649478 393649779
96621103 96621077
96621103 96621163
96621103 96621073
317172070 424247733
96621100 96621102
316557736 340276150
316557736 389565482
97570128 97570134
97570128 97570320
316705451 1127996595
319268711 319268710
319268711 99200236
96621108 315205878
96621108 572682767
97570332 97570320
315205728 315205715
315582380 315582324
315582380 315582332
315582380 315582384
1259369408 1259369405
1259369408 421261722
1259369408 421261715
315582384 1259516898
1259369405 269840081
315586163 421259703
315586163 315586061
620898320 315584008
620898320 315584091
285506412 285508475
285506417 285506426
315746020 315746031
316004544 605023157
316004545 315746033
316004545 605023506
316004545 270629398
315743057 315743066
315743052 315743066
315743051 315743117
315743051 315743066
315743119 315743118
330165663 330165156
315741120 1259516907
315205599 271062119
315205599 315205878
315205599 315205842
285506382 285506386
676044954 317180938
271064535 271064534
271064535 315128375
271064535 315742938
271064534 271064760
271064534 315745199
271064534 315746032
421260733 421261347
315746119 315746142
315746119 315746078
315128375 315742937
315128375 315746031
315128375 340291192
315588570 315588488
315588570 315588569
315742223 271062120
315742223 315742471
315742220 315742215
330166093 330165691
409455681 330167536
409455681 316984230
605030355 605030123
605030355 605025423
605030355 605030356
317314600 317314601
317314600 317314599
605030356 600205110
416858510 392326597
605023981 605023982
605023981 605023979
605023982 316557741
605023982 605024335
97570142 97570134
315205508 315206160
315205508 315206033
389564971 389560583
389564971 389565482
389564971 389560575
271066072 271066073
271066072 271066071
269840081 421261715
315743066 315743118
271062119 1132340686
271062119 315205849
271064605 315745075
572682771 96621118
572682773 572682766
316004605 271066062
316004604 424247733
316004604 368312711
316004607 271066207
316004607 271065976
316980528 389527767
674568645 674568584
674568645 674568585
316004603 424247733
674568648 330166665
368312711 271066797
1127978074 1127978056
1127978074 1127978098
315205776 315205715
315205776 315205656
315205776 315205811
316701831 330165156
605023979 605023978
605023979 316004570
605023978 605023506
605023978 270629398
738817655 315128272
738817655 315743356
393649437 474784702
315205878 315205924
315207785 315743009
315207785 315743096
285506426 285506433
389559167 474784682
389559167 389560575
389527767 270629400
389527767 389527722
330165017 330166155
330165017 316982824
330165017 330165155
340276149 605023504
340276149 605024333
1259516894 1259516938
1259516898 1259516945
271066797 424247731
271066797 389560605
271062904 271062120
271062904 271062807
285506458 285540617
285506458 285508475
421261623 421259703
316004627 316004623
319268710 319268682
319268710 319268165
605025131 605024332
605025131 605024300
605025131 605025130
605025130 605023504
316557747 271066064
315205656 271062377
285540617 285506399
316557741 605023157
319268682 1140168997
315584008 330166625
315584008 315210508
315581978 315582324
330166665 620897889
330166665 330166726
330166667 620897016
330166667 316705454
620897477 620897016
97570366 97570356
638291421 319268165
638291421 99200236
638291421 317177688
692460163 320913868
315210508 315586061
605029006 315746958
330166205 330166343
316004217 316004201
330165196 330165691
605023504 605024332
605023504 605023217
605023506 316004570
315588505 315588567
1126306218 315743117
1126306218 1126306205
1126306218 315743096
270629400 270629402
424247731 424247733
271066069 1140168991
271066069 271066068
271066068 315745549
621461168 621461167
621461168 315741137
621461169 621461167
271066065 271066064
271066065 1140168995
271066064 271066063
620897889 316982824
271066063 271066062
317314598 317314599
315746596 315746638
315746596 389564836
315206192 315206193
315206192 315206199
315206193 315205632
478582375 421261347
478582375 478582370
330166344 330166155
330166344 330166343
620897294 620897328
620897294 330166533
315206199 315206160
316004502 389567406
674568614 620897328
674568614 674568608
620897295 620897016
620897295 620897328
674568608 330167536
315588488 315588490
1133702677 1133702560
285508487 285540594
285508487 285508481
285508481 285540594
1140168995 315745549
315739517 315739928
1259516938 1259516907
605024332 605024333
605024333 605024334
315745547 315746077
315745547 315745548
315745547 315745546
315745547 315745199
315745546 315746032
315745546 315746031
315745546 315746078
605024334 605024335
605024335 340276150
315745549 315745548
315745548 315746033
316004623 1140168997
316705450 1133510805
316705454 330167341
285506399 285538742
99200232 317180903
1133702684 96621163
315742215 271062120
315743295 315742937
315743295 315743296
315743296 315742938
317177688 271066081
330166625 330166726
315205842 315205849
421261722 421261723
315746032 315746031
315746033 315746077
605023157 605023156
605023156 340276150
315205586 315205585
97570352 97570356
315742505 315742472
315742505 269840074
315582323 315207066
315582323 315582324
315582325 315582328
315582328 315582329
317180494 317180495
317180495 638291398
315589218 315739319
315588567 315588569
605024300 605024013
316982824 330166533
269840074 315742475
330166154 330165155
315206160 315205632
315205715 315205585
315582636 1259516945
572682762 572682763
572682762 572682761
315743117 315743118
315743117 315743009
315742937 315742936
315742937 315742938
316004576 271066077
1136690038 1126292169
315746920 315746958
315746920 1263055459
500379132 500379135
474784682 389557570
474784682 474784702
271066062 271066077
1132340688 1132340686
1132340688 271062377
1133702581 1127978092
389560605 271065976
315739319 315739502
1127978092 1127978098
315742936 340291192
315742936 315743096
674568653 1127996610
674568653 316705064
270629398 315746142
270629398 605024013
421261715 421261347
315746142 315746077
97570505 97570518
478582370 478582361
478582370 478582373
1127996599 674568583
389560583 389565489
271066077 271066074
271066074 271066073
271066071 1140168991
315742474 315742475
315742474 315742472
315742472 315742471
315746078 315746077
315588494 315588493
315588496 315588497
315588497 315588499
315588490 315588491
315588490 1259516907
315588491 315588492
315588492 315588493
1127978056 1127978034
389565482 389565489
674568584 674568583
674568585 674568583
