36680168 36680171
36680168 36680166
159468292 249460787
159468292 260304616
35692918 35692916
35692918 35962100
35692918 35020080
35692918 249460557
35692916 35018708
35692916 35962185
35692916 251112199
159906538 159906562
159906538 25580724
36680166 36680094
249460713 249460673
249460713 159468126
249460713 249460739
251112265 31619706
251112265 251112266
251112265 32536439
251112264 251112267
251112264 251112260
251112267 251112266
251112267 251112263
251112266 31619705
251112266 159468120
251112261 251112260
251112261 251112262
251112263 251112262
25896945 25896952
25896945 25896975
25896945 50187624
291434546 25499449
291434546 291434415
251112269 31619521
251112268 249460959
251112268 251112273
251112268 249460960
39580593 39580550
39580593 39580571
25896942 25896924
25896942 25896972
25896942 40211029
364733388 35017071
364733388 364733392
244321739 49534935
25897038 25897046
25897038 25897028
25897038 25897041
25897038 36680042
25499458 251112211
25499458 36680127
25499458 762716144
25499458 36680114
25499459 25499449
25499459 266580562
25499459 36680114
33312527 35901625
33312527 35901095
33312527 35962119
33312527 35962140
25499457 251112210
25499457 36680112
25499457 36680094
25499457 762716137
33312525 266643236
33312525 33312524
33312525 35901092
33312525 33312526
244321736 244321732
364733385 619201183
364733385 287085649
364733385 619201190
364733385 619201186
25499450 291434131
25499450 25499444
25499450 266575476
244321732 49534935
38461215 38461212
38461214 25580880
38461214 38461220
38461214 25580874
38461214 38461213
25578382 33312121
25578382 25578423
25578382 25578422
38461216 38461219
38461216 25550010
249460787 260304615
249460786 260304615
249460786 249460784
38461213 25580875
38461213 25580882
249460784 249460778
291435004 291435408
291435004 249460789
249460789 291435643
249460789 249460889
252799753 252799743
252799753 266575165
38461219 38461220
38461219 25550013
38461219 25580874
38461218 38459900
38461218 31617580
38461218 25550010
38461218 38461212
249460960 249460979
25896975 60238583
25896975 25897019
40211017 33476608
40211017 25896972
249460560 249460612
249460560 249460559
252808684 252808665
252808686 252807269
252808686 252808687
252808687 252808689
266580562 266580574
252808689 252807270
252808689 252807271
159468205 159468193
159468205 251112213
159468205 249460979
25581627 36680109
25581627 36680079
251112217 251112218
251112217 159468193
251112217 249460650
251112217 249460649
249460885 249460889
249460885 249460859
159468193 251112212
159468193 31619519
35693853 25896921
35693853 35017942
35693853 35017940
35693853 35018046
252791069 36683830
252791069 252791070
266575273 266575272
266575273 38458823
266575273 33895902
60244217 266657751
60244217 60238183
60244217 266657739
60244216 60238421
60244216 266657754
60244216 266657751
60238582 159483342
60238582 60238586
60238582 36680048
60238582 35020080
60238583 60238579
60238583 60238584
60238580 50187632
60238580 60238579
60238580 159483342
60238580 35962097
60238586 36680050
60238586 32536432
60238586 249460559
60238584 35962095
60238584 25897019
252792361 252792362
252792361 252792342
25450103 25450111
25450103 291435410
25450103 31603648
25450103 25450085
252792363 252792362
252792363 252792364
25897050 25897090
25897050 25897055
25897050 35901562
25897050 25897049
252792364 252792374
252804246 252792431
36680058 36680056
36680058 36680060
38456103 38456091
38456103 38456104
38456101 38456100
38456100 38456099
38456107 35965507
38456107 258986866
38456107 38456108
38456107 25550007
38456106 249460613
38456106 249460558
38456105 38456104
251112258 159468126
251112258 251112257
251112258 251112259
251112258 159468128
291435533 291435553
291435533 291435529
38456108 38456121
38456108 38456113
38456108 31617581
291435410 25450550
291435410 291435450
49534869 35920127
49534869 49534884
25580660 25580695
25580660 25580642
25580660 25580664
25580660 25897049
38458809 38458821
38458809 38459900
38458809 38458807
38458809 38461212
25580664 25897047
25580664 21321047
25580664 25580696
287085636 619201183
287085636 619201198
287085636 25898669
159483360 36680047
159483360 36680048
159483360 159483342
49534994 36682275
49534994 35920095
49534994 49534893
49534994 49534970
49534994 49534943
60238544 60238546
60238544 60238421
60238544 35920113
253014162 252792395
253014162 258724994
36680052 39805183
36680052 36680054
25578424 25578425
25578424 36682275
25578424 25578426
25578424 25578423
38456091 266580665
38456091 266580666
252800243 252800310
252800243 252800202
252800243 25550353
252800243 252807323
36680050 39580511
36680050 60238598
36680050 39580417
35018041 35018043
35018041 35017940
266580665 38456090
35018043 35018046
266580667 38456093
266580667 38456092
772652269 35916531
772652269 25897553
35018046 21321051
36680219 252792449
36680219 36680190
36680219 36680222
36680219 36680204
35020672 35020675
35020672 35020673
33312524 33312518
33312524 33312522
33312524 35962140
258725159 258725156
33895899 33312310
33895899 36683823
33895899 33895900
33895899 33895902
33476651 36684571
33476651 837951772
249460999 249460995
249460999 249461012
249460995 249460991
258725156 258725140
33476645 35920103
249460991 251112183
35920086 35920082
252809744 252809733
35920082 35926347
448224409 448224407
448224409 448224411
448224409 448424750
36680127 266575165
249461053 251112184
249461053 35018701
38456093 38456094
38456093 266580666
36153460 38456119
36153460 36153459
36153460 38456113
36153460 35965508
251494735 50187614
251494735 49534979
251494735 49535003
252808662 252808661
252808663 252808679
252808663 252800202
252808663 252808651
291434984 36680109
266575259 33312510
266575259 25897561
266575259 25897553
252808665 252808679
252808665 252807269
249460613 249460612
249460615 249460632
249460615 249460617
249460614 31599963
249460614 31599979
25550115 36680133
25550115 252800319
25550115 25550104
25550115 266575165
35920103 33476644
35920103 33476606
249460619 249460634
249460619 249460633
249460618 249460634
249460618 249460617
36680047 35962098
36680047 35962097
35920108 60238420
35920108 35920127
35920108 49534884
250954714 252793944
33312522 35913289
33312522 33312516
33312522 35962118
38456092 31603650
38456092 266580624
249460634 249460635
287085649 619201170
287085649 619201165
159906705 159906736
159906705 159906668
39580550 35926357
39580550 35926353
36683830 252791066
36683830 252792341
36683830 36683829
25499796 25580885
25499796 258877291
561290225 25580729
561290225 253180204
561290225 253180198
266672543 50187571
266672543 266672553
249460920 249483865
249460920 249460979
249460920 249460919
266672546 266672553
762813272 762813265
762813272 762716142
762813272 762716133
25550039 762758978
25550039 252792394
25550039 252800431
25550039 252800430
25550039 1041046719
25550039 837951635
249460849 291435643
249460849 249460850
762716161 762716153
762716161 762716139
762716161 762716131
762716160 36680112
762716160 762716136
762716160 762716137
762716160 674956285
25450550 25450460
25450550 291435295
159906562 159906579
38461212 31617578
38461212 266575166
31619522 31602736
31619522 762716139
31619522 31619521
31604204 38456114
31604204 25580715
31604204 31617581
36680133 25550353
36680133 252800310
36680133 36680120
31604207 38456111
31604207 25580713
31604207 31604288
31604207 31599979
249460639 35020087
249460639 251112190
249460639 249460640
249460639 249460638
837951616 264938853
837951616 837951992
837951616 264938820
837951616 837951773
251112231 251112228
251112231 251112252
828433359 828433360
828433359 828433358
50187632 50187624
50187632 35962100
50187632 35020080
252799743 25550104
25580723 285891706
25580723 285891703
25580723 25580724
25580724 25580729
25896972 25897041
25580729 159906736
249482934 285891706
249482934 249482861
60238660 60238308
60238660 60238659
60238660 49534856
60238546 60238547
60238546 60238545
60238547 60238421
60238547 60238168
253180240 253180186
253180240 38461220
253180240 253180209
60238545 60238168
60238545 36682261
260278387 264938853
260278387 60238345
260278386 60238181
31599974 31599975
31599974 31599973
25450525 25450460
38461220 300287105
31599977 31599979
31599977 31599976
31599977 31604288
35926339 31923435
35926339 35926338
35926338 35926337
36680120 36680118
31599976 31599975
762716143 762716140
762716143 762716150
762716143 762716147
35913289 35913309
35913289 35962117
35913289 35913292
252794868 619201168
252809726 252809727
252809726 252807271
252809727 252809730
25580628 21321047
25580628 36682274
25580628 25580627
25580628 25578426
252794869 33312303
252794869 33895906
252794869 252794870
39580429 25580703
39580429 25580701
39580429 39580529
39580429 39580442
300287105 25550016
300287105 300287116
25580626 25578425
25580626 25580627
25580626 36682271
25580626 25578426
25580627 36682272
25580627 36682268
35913285 25897195
35913285 25897102
35913285 35901557
266575174 266575175
828433677 828433674
828433677 828433670
828433674 828433673
828433674 828433678
266575177 266575175
266575177 266575176
266575177 266575170
266575177 287085647
828433672 35018709
828433672 828433673
828433672 31599965
828433673 828433676
828433670 828433669
828433670 828433671
828433671 251112192
828433671 251112195
266575178 266575181
266575178 266643236
266575178 266575179
266575179 266575180
828433678 828433669
40211029 33476609
40211029 33476608
33312303 33312478
33312302 33895906
33312302 33312306
33312302 266575262
33312306 33312310
33312306 33895904
260304614 260304615
249460913 31599975
249460913 249483864
828433676 828434022
266575175 619201179
35965502 35965466
35965502 258986863
35965502 38456112
35965502 258986868
249460858 249460859
249460858 249460850
291435408 25450548
291435408 25450504
762716153 762716150
762716153 762716142
762716153 31619521
38458840 38458825
38458840 33895900
38458840 38458842
258707902 252806699
258707902 252806655
762716150 31619705
762716150 762716135
266575171 266575172
266575171 266575173
159468120 249460673
159468120 159468126
159468120 762816920
38458842 31043557
38458842 38458830
38458842 38458843
619201158 260366642
619201158 619201161
619201159 260366641
619201159 619201164
35913375 35913365
38458843 38458839
38458843 36683827
38458843 38459902
36684041 36684040
36684041 36684043
36684041 36684050
36684040 25580881
36684043 36684044
35018701 35962094
35018701 35962185
35018701 35017942
25897094 25897098
25897094 25897092
25897094 60238169
25897094 25897096
36684044 300287266
36684044 25550028
36684047 36684048
36684047 36684046
36684046 25550028
36684049 36684048
36684049 36684050
35018708 35018709
35962112 35901589
35962112 35020510
35962112 35962111
35962112 35962113
762813280 762813277
762813280 762813265
49534970 35920100
49534970 49534893
762813283 762813271
762813283 762716135
762813283 762716155
25550016 25550020
25550016 25550013
39580511 25580703
39580511 39580529
39580511 60238657
25550013 38459900
25550013 25550010
25550010 25550007
35020158 249460646
35020158 35020087
35020158 38456094
35020158 251112194
252807275 252807274
252807275 252807299
252800431 25550050
252800430 25550050
252800430 252800420
252800430 252792399
252807270 252807072
252807270 252807269
252807271 252807274
31617849 35962115
31617849 25897102
31617849 35901557
31617849 35901568
31602736 31602735
31602736 31599971
251112199 35020081
251112199 251112200
31602735 762716149
31602735 31619703
31602735 31600387
31603648 31609825
31603648 31603650
251112193 251112192
251112193 251112194
251112192 251112191
251112191 251112190
251112191 249460638
251112191 251112200
251112190 35020085
251112197 251112198
251112197 251112196
251112196 828434022
251112196 251112195
251112194 249460638
448424785 448424786
448424785 448424783
448424786 448424788
251112187 251112186
251112187 251112188
448424783 448424791
35901592 25580695
35901592 35962103
35901592 35901562
35901592 25897049
448424789 448424791
448424789 448424788
448424789 448224414
448424789 448224413
35913309 33312516
35913309 35913304
35913309 35913313
35913304 31617851
35913304 35913353
35913304 35913292
36680178 36680180
36680178 36680084
159468284 159468275
159468284 260304616
300287253 300287331
300287253 1041046719
36680171 36680185
21321051 31923435
21321051 25450111
21321051 25450085
252807323 252807320
266630410 38458831
266630410 266630413
266630410 33312312
251112274 251112275
251112274 251112273
251112274 249460976
251112274 249460975
36680070 36680067
36680070 36680075
251112273 249460919
251112271 31619520
252791070 252791071
252791070 252791072
36680079 36680084
36680079 159468042
252791072 249461063
252791072 266630413
33312512 33312513
33312512 266575173
249460750 31603359
249460750 249460754
33312510 25897561
33312510 266575173
33312516 33312518
25499444 291434863
253180208 253180204
253180208 253180181
253180208 253180175
253180208 253180209
25499449 291434828
253180204 253180183
253180204 253180182
33312519 266643236
33312519 33312518
33312519 35913365
31600383 31600382
31600383 31600385
36680089 36680096
36680089 36680092
36680089 36680087
31600382 249460747
31600382 249460739
249460975 249460978
249460976 249460977
249460977 249460978
36682275 36682276
36682275 35965510
36682276 36682274
36682276 25578426
36682276 33476607
249460651 31600377
249460651 31600379
36680084 36680092
36680084 36680087
36680087 36680109
36680087 266658924
260304616 260304615
25897028 25897047
25897028 25897019
25897028 35962096
39580463 25897047
39580463 39580482
39580463 25580696
39580463 35962096
249460778 249460758
36682264 35920122
36682264 25897055
36682264 36682263
36682264 36682268
249460772 249460758
249460772 249460777
25580880 36684054
25580880 25580881
25580880 25580882
249460777 31603430
31600381 249460747
31600381 31600380
31600381 31603433
25898669 31617577
25898669 31617854
266580582 266580581
266580582 36680118
266580582 36680114
25896921 25896953
25896921 35018920
25896921 25896924
25580713 38456110
25580713 25580714
25580713 25580716
25580714 38456109
25580714 38456114
25580714 25580715
25580715 25580874
25580715 25580716
25580716 31604288
25580716 25580875
25896924 35018916
25580699 25580701
25580699 25580698
25580699 39580442
25580699 38456115
249460642 249460643
249460642 249460641
60238598 38456111
60238598 60238657
60238598 249460559
25897047 25897046
25897046 21321047
25897046 36682274
258877291 25499811
25897041 25897019
25897041 33476607
35901568 35903851
35901568 35962114
35901568 25897099
49534856 60238237
49534856 49534841
35901562 35901589
35901562 35962111
25897048 36682270
25897048 25580642
25897048 25897055
252806699 258707915
35916531 266575181
35916531 25897551
291435529 291435481
249461057 251112184
249461057 251112182
249461057 35962185
31603359 31603358
31603359 31603430
31603358 31600379
31603358 31603431
266657751 266657745
39580417 39580529
39580417 36680048
674956275 764738800
674956275 674956285
38458813 38458830
38458813 38458821
38458813 38458807
249460640 31603774
251112213 251112212
251112213 993485031
31619706 762716135
31619706 31619705
31619706 31619709
252792382 252792383
252792382 252792374
25580885 25580881
25580885 25580882
36680207 36680222
36680207 36680154
36680207 252792431
36680207 36680204
25580881 21321059
36680204 252792447
36680204 36680145
32536441 251112257
32536441 32536439
32536441 762816918
35018916 35018920
32536442 251112257
32536442 159467995
32536442 159468128
49535003 50187614
49535003 35920095
291435295 31609825
25896952 25896953
25896952 364733392
837951992 837952073
31619701 31602582
31619701 31619703
31600385 31600387
31600385 249460749
35020087 31603774
35020087 31603650
49534927 35926357
49534927 244321748
49534927 837951772
762716144 762716152
762716144 762716136
762716144 762716137
762716144 36680114
36680185 36680092
36680185 36680182
33312526 39977601
25580875 25580874
21321047 25580642
35901099 25897195
35901099 35962117
35901099 35901095
35901099 35901557
35901095 35962118
35901095 35901629
35901092 35962119
35901092 35901621
252808651 252808661
35920117 35920122
35920117 36682263
35920117 36682261
35920113 36682267
35920113 49534884
35920113 36682261
35913342 35913313
35913342 266575169
35913342 33312518
35913342 35913365
31602582 31599967
31602582 31600390
35962140 35962119
35962140 35962118
36680094 36680096
36680094 36680092
252807244 252807137
252807244 252807269
35965459 31617851
35965459 35965454
35965459 35965466
35965459 35965475
159468012 251112206
159468012 31619709
252809730 252809733
35965454 35962114
35965454 35965471
35965454 31617850
252807320 252807315
159468019 251112205
159468019 159468033
35965510 49534893
35965510 33476607
159468126 762816918
764738800 251112229
764738800 448224406
260366639 619201161
260366639 260366640
25550358 252800183
25550358 25550354
25550050 249461086
25550050 36680222
25550353 25550354
35017071 25896953
35017071 35962094
25550354 252800202
60238169 36682267
60238169 36682263
60238169 36682261
249483865 249483866
25450548 291435569
300287266 300287277
159468275 159468258
36680145 252807315
36680145 36680141
36680141 252800310
251112209 251112210
251112209 251112208
251112208 251112205
251112206 251112204
251112205 251112204
266658923 36680096
266658923 448224407
266658923 266658921
38456109 38456121
38456109 38456110
38456109 25580704
266658921 448224406
39580529 39580495
25897090 35901589
25897090 25897092
25897090 25897096
60238650 38456110
60238650 38456111
60238650 60238657
60238659 60238467
60238659 60238237
25897092 36682263
25897092 25897055
31043557 36683827
31043557 36683825
31043557 33895900
31043556 38459902
31043556 36683827
31043556 25550028
31043556 252792393
31619519 251112211
31619519 762716133
31619519 31619520
31600379 31600380
25450085 255551468
25450085 291435569
31600375 249460646
31600375 31600376
31600375 31600390
31600376 31600377
31600377 31603653
291435481 291435464
25897096 25897099
35926347 33476641
31599968 31599969
31599968 31599967
249461012 251112183
38456098 38456096
38456098 38456099
25897098 36682267
25897098 60244205
31617578 31617577
31617578 31617579
31617579 35965464
31617579 31617580
291435647 291435553
291435647 291435643
291434864 291434828
291435569 291435553
35018709 251112198
35018709 32536432
253180189 253180187
253180189 253180193
251112178 251112179
251112178 251112177
253180184 253180174
253180184 253180183
252800310 252800319
253180186 253180187
253180186 36684050
253180181 253180182
60238237 49534834
60238237 60238466
33476605 33476608
33476605 33476644
33476605 181292957
33476605 33476606
33476604 181292957
33476604 33476643
33476604 49534893
33476607 33476608
33476607 36680042
33476606 33476609
33476606 266575274
50187571 50187614
252792389 252792388
252792389 252792391
35962100 35962185
35962100 35962094
762758978 25550061
49534962 25578423
49534962 49534943
258725122 258725109
258725122 252800322
258725122 258725125
252792381 252792388
252792381 252792342
252792381 36680227
762716152 762716141
762716152 251112211
762716152 762716133
258725125 258725131
249461068 36683829
249461068 252792341
249461068 249461067
249461068 249461086
31599964 31599963
31599964 249460635
31599964 31599965
159467995 159468138
159467995 159468042
159467995 159468006
31603774 25450111
49534808 60238418
49534808 36682265
49534808 25897101
249461063 38458831
249461063 36683828
38458807 38458839
249461067 36683826
249461067 252792394
249461067 36683828
258707915 252806724
619201162 260366640
619201162 260366641
619201166 619201174
619201166 619201169
619201165 619201190
619201165 619201168
619201164 260366642
619201164 619201174
619201169 619201168
619201169 619201190
619201169 619201177
285891707 285891712
285891707 285891708
285891706 285891712
60238422 60238168
285891703 285891695
762813277 762813267
60238345 60238170
60238345 60238181
285891709 1030632135
285891709 285891708
619201188 619201190
619201188 619201177
619201188 619201187
619201188 619201186
291434415 21321059
38458830 38458825
619201181 619201192
619201181 619201184
619201181 619201179
619201183 619201182
619201183 619201170
619201182 619201192
619201182 619201186
252800420 252800402
619201184 287085648
619201184 619201187
619201184 619201186
619201187 619201176
619201187 619201178
249460646 249460643
251112188 251112189
993484993 993484825
993484993 993484901
249460647 249460650
249460647 249460648
251112184 251112183
35962097 35962098
35962097 35962095
251112186 251112189
828433378 828433360
828433378 828433358
251112180 251112179
251112180 251112181
251112181 251112182
33895904 33895906
33895904 33895903
249460645 249460644
249460645 249460641
159468258 291435864
33895900 38458838
33895903 252793944
33895903 252793945
33895902 266575262
35901589 35903851
762716135 762716142
762716136 674956285
762716136 36680114
762716137 762716141
762716137 36680112
762716131 762716154
249460643 249460644
249460643 251112189
251112198 251112200
252793944 33312482
252793945 33312478
252793945 33312482
35913313 35913353
762716146 762716140
762716146 762716158
993484901 266658920
36680180 36680182
25450111 251112171
181292956 33476644
181292956 181292957
181292956 33476643
300287306 300287291
300287306 300287318
448424751 448424742
448424751 448224407
448424751 448224408
448424751 448424750
448424750 448424749
448424750 448224410
36680067 36680064
252807072 252807069
252807072 252807087
39580571 35920100
39580571 33476643
36680064 36680062
60238168 60238183
36680062 36680060
159468128 159468138
35965464 35965507
35965464 35965466
35965464 31617854
35965466 31617852
31599969 31599971
31599966 31599967
31599966 31599965
762716149 31619705
762716149 762716147
249460648 249460649
36682268 36682270
36682268 36682271
36682267 60244204
35962103 35962111
35962103 38456115
35962103 25580698
36682265 60244204
36682265 60238420
33895506 33895897
33895506 33312312
258724994 252792399
25550007 31617581
25550007 31617580
252792388 252792383
762716154 762716158
39580495 39580482
39580495 25580701
39580495 36680048
25897195 25897194
25897195 25897196
25897194 35901629
25897194 25897190
25897197 25897196
25897197 50054684
25897197 25897190
25897196 25897101
25897196 49534841
25897190 35901625
266580581 266580574
249460749 249460673
36680112 266575476
36680112 36680098
762816920 32536439
31600390 31600389
25580703 25580702
25580703 25580712
25580702 38456119
25580702 39580442
25580702 25580704
25580701 25580697
33476643 49534893
33476643 35926353
33476643 35920100
25580704 25580712
25580704 38456120
25897102 25897099
25897102 25897101
36683828 36683824
36683828 36683829
49534918 49534935
35903851 35962113
249482861 285891712
159468138 159468047
159468138 31603431
31617580 35965507
252807137 252807299
252807137 252792447
287085647 619201192
287085647 619201193
252792342 252792341
38456121 38456120
38456121 38456114
38456089 266580624
38456089 266580625
49534841 60238418
49534841 50054689
287085648 619201178
287085648 619201179
252800322 252800319
252800322 25550104
252800322 258725067
252806724 252807087
258725131 258725135
35901629 35901625
35020510 36153459
35020510 35965508
35020510 35965471
266657742 60238170
266657742 266657740
266657742 266657741
266657740 60238184
266657740 266657739
39805213 36680075
39805213 25550020
39805213 39805196
25580642 36682272
31603650 38456094
60238467 60238308
38458825 38458823
38458823 38458821
38458821 266575166
258725092 258725104
258725092 258725087
39805196 300287116
60238308 50054689
251112228 251112229
251112228 993484825
252792447 252792431
252792449 252792399
252792449 258725082
266575170 266575169
266575170 35913365
32536432 249460557
32536432 249460635
49534935 35920091
258725072 25550104
258725072 258725067
258725072 25550061
60244204 60244205
60244204 49534884
159906605 159906579
159906605 159906668
60238418 60238466
60238419 60238420
60238419 60238466
60238419 60238414
448224406 36680098
35913353 551828974
33476644 35926354
60238411 35920127
60238414 60238413
35962098 39580482
35962098 35962096
25550033 1041046719
25550033 25550028
25550033 252792393
249460633 249460632
266575172 619201176
266575172 619201178
266575172 619201172
33476641 35926357
33476641 35926354
35962094 50187624
35962095 60238579
35962095 35962096
159468006 159468047
253180175 253180174
252792398 252792395
252792398 252800402
252792398 258725067
35965507 258986868
266658924 448224414
837951773 35920091
837951773 837952033
35965509 25578425
35965509 36682271
35965508 258986865
35965508 35965475
25897101 60244205
251112253 251112254
251112253 251112256
251112253 266658919
258986866 38456112
258986866 258986868
258986865 38456112
258986865 258986863
258986863 35965475
50187624 60238579
25499816 25499813
300287277 300287291
25499813 25499811
251112210 762716141
251112210 31619709
251112211 251112212
36680154 36680227
251112214 251112220
251112214 251112252
251112214 993485031
35017942 251112171
35017942 25896953
35020085 35020081
244321748 49534979
244321748 244321747
252808661 252808679
25897551 772652220
25897553 772652220
244321742 244321744
244321742 49534979
244321744 244321745
244321745 244321746
244321746 244321747
249460959 31599973
35920122 36682271
35920127 60238413
285891695 285891688
266658920 266658919
266658920 251112252
266658920 993485031
35926354 35926353
249460758 249460754
266575261 266575262
837952073 837952030
35920100 49534979
35920100 35920095
249460558 38456111
249460558 249460559
36682270 36682272
253180198 253180197
253180197 253180193
300287318 300287331
252791071 36683829
38456120 38456119
38456120 38456113
252806655 252807069
448224412 448424791
448224412 448224413
60238184 60238183
33312513 619201172
252792394 249461086
252792394 252792393
258725135 258725082
252792391 252792392
252792393 36683826
38456110 25580712
38456112 38456113
38456115 36153459
38456115 38456119
31603430 159468047
31603430 31603431
31603431 31603433
619201174 619201173
619201174 619201172
619201176 619201173
619201177 619201173
619201170 252794870
25580698 25580695
25580698 25580697
25580695 25580696
25580697 39580482
25580697 25580696
258725140 258725109
285891710 1030632136
285891710 1030632135
285891710 285891688
762716133 762716155
50054684 50054689
762813267 762813271
762716141 762716155
252800183 252808679
252800183 252800202
619201198 619201193
291435450 291435464
159468042 159468033
249460919 249483866
251112171 251112175
251112175 251112177
993484825 251112220
762716155 31619709
49534906 49534943
35920091 49534943
35920091 35920095
39805183 300287116
551828974 31617851
551828974 31617852
448424742 448424746
36153459 35962111
31617851 31617850
33895897 33312310
35020674 35020675
35020674 251112259
36680190 252800319
251112259 35020673
448424747 448424749
448424747 448424746
25578425 25578422
251112255 251112254
251112255 251112256
36680056 36680054
249483864 249483866
25578423 25578422
762716142 31619520
31617850 35913292
31617850 35962115
33895906 266575260
35965475 35965471
35965471 35962113
36683826 36683827
36683826 36683825
36683824 38458838
36683824 36683825
31599971 31599973
36683823 38458831
36683823 38458838
36683823 33312311
35962118 35962117
31617853 266575169
31617853 31617852
31617853 31617854
35962115 35962114
35962115 35962116
35962114 35962113
35962117 35962116
35962116 35913292
35962116 35901557
1030632135 1030632134
1030632134 1030632136
31600387 31600389
251112221 251112222
251112220 251112224
251112222 251112224
25897561 25897562
38456095 38456096
38456095 38456090
38456094 31603653
38456090 266580625
31619521 31619520
35901625 35901621
38458839 38459901
828433669 828433358
33312310 33312311
33312311 33312312
258725087 258725082
25550061 252800402
266575181 266575180
258725104 258725109
258725067 252800402
448224414 448224411
448224411 448424791
36684054 36684051
36684050 36684051
36680096 36680098
25550020 38459901
25550020 25550025
25550025 38459902
25550025 25550028
38459902 38459901
38459900 38459901
36680222 36680227
