36680168 18.4313524 -33.9206629
159468292 18.4345033 -33.9177392
35692918 18.4230651 -33.917767
35692916 18.4231697 -33.9176799
159906538 18.4243765 -33.9225703
36680166 18.4313763 -33.9207182
249460713 18.429865 -33.9181714
251112265 18.4292067 -33.9195445
251112264 18.4288348 -33.9194435
251112267 18.4289744 -33.9193165
251112266 18.4291097 -33.9194538
251112261 18.4280833 -33.919002
251112260 18.4287217 -33.9194821
251112263 18.429041 -33.9192779
251112262 18.4283227 -33.918726
25896945 18.4213606 -33.9167952
291434546 18.4336562 -33.9276545
251112269 18.4280367 -33.920183
251112268 18.4271937 -33.9203661
39580593 18.4172115 -33.9146318
25896942 18.4211881 -33.9166706
364733388 18.4223613 -33.9161738
244321739 18.4159243 -33.9146107
25897038 18.4201152 -33.9176677
25499458 18.4319303 -33.9225876
25499459 18.4324006 -33.9231408
33312527 18.4143487 -33.9245772
25499457 18.4320595 -33.9224361
33312525 18.4144941 -33.9256126
244321736 18.4147206 -33.9135581
364733385 18.4164058 -33.9283075
25499450 18.4333846 -33.9263094
244321732 18.4157659 -33.9145495
38461215 18.4206917 -33.9254879
38461214 18.4245512 -33.923085
25578382 18.4155703 -33.9158471
38461216 18.4234095 -33.9230797
249460787 18.4330426 -33.9166329
249460786 18.4328073 -33.9168446
38461213 18.4246652 -33.922976
249460784 18.4327084 -33.9168719
291435004 18.425743 -33.9141191
249460789 18.4256116 -33.9141885
252799753 18.4301791 -33.926701
38461219 18.4239232 -33.9234643
38461218 18.4219094 -33.9243749
249460960 18.427962 -33.920887
25896975 18.4208116 -33.9172898
40211017 18.4203799 -33.9169901
249460560 18.4239472 -33.9190325
252808684 18.4334692 -33.927557
252808686 18.4333818 -33.9293207
252808687 18.4333937 -33.9293636
266580562 18.4322423 -33.9230008
252808689 18.4340612 -33.9294031
159468205 18.4298165 -33.9228171
25581627 18.4347464 -33.9201063
251112217 18.4303509 -33.9222063
249460885 18.4247968 -33.9146825
159468193 18.4304218 -33.922255
35693853 18.4222344 -33.9155372
252791069 18.425563 -33.9296421
266575273 18.4204854 -33.9268223
60244217 18.413686 -33.918928
60244216 18.4138436 -33.9192705
60238582 18.4223475 -33.9184236
60238583 18.4212177 -33.917609
60238580 18.4216993 -33.917976
60238586 18.4229598 -33.9188816
60238584 18.4207361 -33.9179945
252792361 18.4265673 -33.929746
25450103 18.4246881 -33.9148963
252792363 18.4265772 -33.9298389
252792362 18.4265508 -33.9297952
25897050 18.4181315 -33.9199806
252792364 18.4271438 -33.9302735
252804246 18.4312046 -33.9304192
36680058 18.4245651 -33.9241762
38456103 18.4282998 -33.9149634
38456101 18.4276549 -33.9139874
38456100 18.4275585 -33.9140019
38456107 18.4209997 -33.9228879
38456106 18.4245434 -33.9196378
38456105 18.4283503 -33.9153194
38456104 18.4283945 -33.9152357
251112258 18.4305447 -33.9181286
291435533 18.4245385 -33.9143102
38456108 18.4215035 -33.9224246
291435410 18.4255487 -33.9148029
49534869 18.4143456 -33.9201432
25580660 18.4189902 -33.9189513
38458809 18.4217355 -33.9255691
25580664 18.4190862 -33.9188511
287085636 18.4190576 -33.9258227
159483360 18.4214921 -33.9186853
49534994 18.4171112 -33.9162875
60238544 18.4147323 -33.9200208
253014162 18.4277 -33.9276736
36680052 18.4237927 -33.9243933
25578424 18.4172664 -33.9174938
38456091 18.4278057 -33.9144986
252800243 18.4312487 -33.927335
36680050 18.4224265 -33.9193766
35018041 18.4221223 -33.9152193
266580665 18.4278132 -33.9144256
35018043 18.422305 -33.9152577
266580667 18.4276271 -33.9145331
772652269 18.413889 -33.9271018
35018046 18.4225971 -33.915211
36680219 18.4294939 -33.9290401
35020672 18.4290259 -33.9174831
33312524 18.4150473 -33.9251116
258725159 18.4300173 -33.9279851
33895899 18.4224473 -33.9286089
33476651 18.4167869 -33.9126637
249460999 18.4229022 -33.9159977
249460995 18.4228044 -33.9160483
258725156 18.4299543 -33.9280202
33476645 18.4206371 -33.9141163
249460991 18.4231312 -33.9166946
35920086 18.4189429 -33.9125648
252809744 18.4345317 -33.9291992
35920082 18.4182501 -33.9127991
448224409 18.4336559 -33.9219797
36680127 18.4305209 -33.9241514
249461053 18.4231679 -33.9167428
38456093 18.4276881 -33.9145527
36153460 18.4201834 -33.9214457
251494735 18.4163707 -33.9143448
252808662 18.4328149 -33.9286978
252808663 18.4319473 -33.9280092
291434984 18.4347113 -33.9202417
266575259 18.4137836 -33.9279235
252808665 18.4334454 -33.9280987
249460613 18.4243127 -33.9194565
249460612 18.4244065 -33.9193709
249460615 18.4241662 -33.9200453
249460614 18.4252414 -33.9198543
25550115 18.4302881 -33.9271786
35920103 18.4203702 -33.9142072
249460619 18.4244316 -33.9193571
249460618 18.4234585 -33.9186291
36680047 18.4212766 -33.9185259
35920108 18.4144074 -33.9208191
250954714 18.4188661 -33.9303077
33312522 18.4156547 -33.9245521
38456092 18.4275843 -33.9144919
249460634 18.424184 -33.9191648
287085649 18.4170442 -33.9287769
159906705 18.4271624 -33.9243354
39580550 18.4178122 -33.9144505
36683830 18.4256469 -33.9295865
25499796 18.4313376 -33.9258137
561290225 18.4258121 -33.9241992
266672543 18.4158187 -33.9129925
249460920 18.4273497 -33.9214779
266672546 18.415786 -33.9125599
762813272 18.4306981 -33.9215667
25550039 18.4267207 -33.9270822
249460849 18.4268886 -33.9143865
762716161 18.4280211 -33.9196576
762716160 18.4321546 -33.9226071
25450550 18.4255845 -33.9148067
159906562 18.426127 -33.9208882
38461212 18.4210858 -33.9251235
31619522 18.4270845 -33.9190327
31604204 18.4225416 -33.9226215
36680133 18.430416 -33.9271803
31604207 18.4244096 -33.9208436
249460639 18.4253595 -33.9166347
837951616 18.4162208 -33.9168862
251112231 18.4325351 -33.9248175
828433359 18.4262939 -33.9185126
50187632 18.4222506 -33.9174764
252799743 18.4300136 -33.9268521
25580723 18.4241385 -33.9229054
25580724 18.4248047 -33.9228752
25896972 18.4206624 -33.9171602
25580729 18.4261672 -33.9238901
249482934 18.4249882 -33.9235603
60238660 18.414083 -33.9227553
60238546 18.4149886 -33.9197738
60238547 18.4143222 -33.9192716
253180240 18.4246242 -33.9238966
60238545 18.4152565 -33.9195159
260278387 18.4153325 -33.9182953
260278386 18.4134194 -33.9156077
31599974 18.4259427 -33.9200349
25450525 18.4349451 -33.9201838
38461220 18.424114 -33.9235246
31599977 18.425478 -33.9200964
35926339 18.4216705 -33.9144538
35926338 18.4215998 -33.9144302
36680120 18.4306731 -33.9241848
31599976 18.4256402 -33.9201282
762716143 18.4282948 -33.9194477
35926337 18.4215526 -33.9143909
35913289 18.416266 -33.9239885
252794868 18.415478 -33.9302984
252809726 18.4346591 -33.9296222
252809727 18.4347028 -33.929586
25580628 18.4183747 -33.9183173
252794869 18.418028 -33.9291855
39580429 18.4209779 -33.9202223
300287105 18.4234536 -33.9241371
25580626 18.4175927 -33.9179043
25580627 18.418228 -33.9183881
35913285 18.4153901 -33.9225236
266575174 18.4152263 -33.9268707
828433677 18.425229 -33.9181654
828433674 18.4252701 -33.9181951
266575177 18.416199 -33.9269836
828433672 18.4245393 -33.9188909
828433673 18.4249018 -33.918546
828433670 18.4254689 -33.9179239
828433671 18.4252215 -33.9177473
266575178 18.4150872 -33.9261484
266575179 18.4153873 -33.9263727
828433678 18.4254141 -33.9182989
40211029 18.4204442 -33.9161118
33312303 18.4175101 -33.9297069
33312302 18.4194635 -33.9278084
33312306 18.4198665 -33.9280716
260304614 18.4289949 -33.9139928
249460913 18.4257651 -33.9203148
828433676 18.4246416 -33.9183434
266575175 18.4158162 -33.9273284
35965502 18.4198434 -33.9228634
33312121 18.4134309 -33.9128061
249460858 18.4258534 -33.914725
266575176 18.4159072 -33.9267562
291435408 18.42643 -33.9141101
762716153 18.4283282 -33.9198846
38458840 18.4223551 -33.9274334
258707902 18.4348269 -33.9289327
762716150 18.4286226 -33.9196811
266575171 18.4149757 -33.9276399
159468120 18.4295925 -33.9190401
38458842 18.422892 -33.9269345
619201158 18.4144111 -33.9288816
619201159 18.4155278 -33.9287999
35913375 18.4157927 -33.9264545
38458843 18.4234654 -33.9263988
36684041 18.4260689 -33.9249184
36684040 18.4260588 -33.9248539
36684043 18.4261596 -33.9252496
35018701 18.4230054 -33.9167385
25897094 18.4169756 -33.9207109
36684044 18.426129 -33.9253091
36684047 18.4260431 -33.9252815
36684046 18.4253648 -33.9259133
36684049 18.4260742 -33.9251313
36684048 18.4260794 -33.925209
35018708 18.4233591 -33.9180106
35962112 18.4183235 -33.9210363
762813280 18.4308218 -33.9215788
49534970 18.4175713 -33.9161107
762813283 18.4308266 -33.9214439
25550016 18.423149 -33.924443
39580511 18.4218409 -33.9199149
25550013 18.4230091 -33.9243476
25550010 18.4224475 -33.9239195
35020158 18.4260869 -33.9160828
252807275 18.4340002 -33.9298068
252800431 18.4268167 -33.9272183
252800430 18.4270751 -33.9273613
252807270 18.4341299 -33.9288006
252807271 18.4340419 -33.929609
31617849 18.4166664 -33.9224148
31602736 18.4268123 -33.9189728
251112199 18.423671 -33.9172591
31602735 18.4271958 -33.9185858
31603648 18.4251001 -33.9151954
264938853 18.4166229 -33.9172316
251112193 18.4262607 -33.9168032
251112192 18.4258649 -33.9171505
251112191 18.4253738 -33.9167594
251112190 18.4252929 -33.9167062
251112197 18.4242801 -33.9179578
251112196 18.424653 -33.9182168
251112195 18.42473 -33.9182033
251112194 18.4257565 -33.9164251
448424785 18.4338163 -33.9213032
448424786 18.4340235 -33.9211082
251112187 18.4265094 -33.9174768
448424783 18.4340965 -33.9215174
35901592 18.4193282 -33.9199329
448424789 18.4342797 -33.9213434
35913309 18.4169029 -33.9244751
35913304 18.4173471 -33.9240283
36680178 18.4327846 -33.9194574
159468284 18.4342908 -33.9179597
300287253 18.4267527 -33.9262427
36680171 18.4313657 -33.9206124
21321051 18.4237863 -33.9144286
252807323 18.4311542 -33.9285927
266630410 18.4233408 -33.9296641
251112274 18.4271417 -33.9204907
251112275 18.4277517 -33.9209251
36680070 18.4243552 -33.9246719
251112273 18.4270927 -33.9204532
251112271 18.4280966 -33.9202381
252791070 18.4253767 -33.9294663
36680079 18.4345433 -33.9199892
252791072 18.424625 -33.929948
762716139 18.4272087 -33.9190505
33312512 18.4146748 -33.9283941
249460750 18.4297804 -33.9157962
33312510 18.4142259 -33.9281667
33312516 18.41629 -33.9250413
25499444 18.4332051 -33.9240617
253180208 18.424886 -33.9238652
253180209 18.4248134 -33.9239044
25499449 18.4332201 -33.926313
253180204 18.425132 -33.9237029
33312519 18.4153979 -33.9258569
31600383 18.4284173 -33.9176618
36680089 18.4335772 -33.9212226
31600382 18.428491 -33.9175479
249460975 18.426678 -33.9209292
249460976 18.4272023 -33.9204264
249460977 18.427878 -33.9208908
249460978 18.4273363 -33.9214057
36682275 18.4178839 -33.9169239
36682276 18.4183169 -33.917231
249460651 18.4280633 -33.9170981
36680084 18.4340969 -33.9204136
36680087 18.4342678 -33.9205623
260304616 18.4343757 -33.9178682
25897028 18.4202632 -33.9177848
39580463 18.4204573 -33.9188734
36680109 18.4345298 -33.9203235
249460778 18.4324391 -33.9168286
36682264 18.417212 -33.9193321
249460772 18.4303997 -33.91572
25580880 18.4262595 -33.9243147
249460777 18.4299117 -33.9158788
31600381 18.4284664 -33.917289
25898669 18.4200401 -33.9248968
266580582 18.4316485 -33.9231212
25896921 18.4220472 -33.9156916
25580713 18.4232641 -33.921941
25580714 18.4231202 -33.9220352
25580715 18.42327 -33.9221454
25580716 18.4234073 -33.9220456
25896924 18.4218855 -33.9158426
25580699 18.4205351 -33.9200821
249460642 18.4267076 -33.9171524
60238598 18.4230445 -33.9198337
25897047 18.4197001 -33.9183067
25897046 18.4195144 -33.9182197
258877291 18.4335913 -33.926114
25897041 18.4202165 -33.9175789
35901568 18.4173261 -33.9217903
49534856 18.4142982 -33.9225628
35901562 18.4188119 -33.9204325
25897049 18.4186655 -33.9194611
25897048 18.418479 -33.9192839
252806699 18.4348143 -33.9288414
35916531 18.414324 -33.9268172
291435529 18.4245124 -33.9143324
249461057 18.4234931 -33.916691
266657754 18.4135049 -33.919373
31603359 18.4295789 -33.9158998
31603358 18.4292629 -33.916192
266657751 18.4137364 -33.9190338
39580417 18.4221343 -33.9191604
674956275 18.4334871 -33.9248247
38458813 18.4222284 -33.9261171
36684571 18.4167912 -33.9125479
249460640 18.4248055 -33.9161937
251112213 18.4299113 -33.9228874
31619706 18.4288097 -33.9197557
252792382 18.4273634 -33.930203
249460739 18.4288043 -33.9174785
25580885 18.4265018 -33.9242308
36680207 18.4295354 -33.9291841
25580881 18.4264247 -33.924377
25580882 18.4263378 -33.9241646
36680204 18.4296062 -33.9290989
32536441 18.4304432 -33.9184363
35018916 18.4219383 -33.9156921
32536442 18.4308517 -33.9180499
49535003 18.4162369 -33.9144227
291435295 18.4251133 -33.9149192
25896952 18.4221333 -33.9161718
837951992 18.4166643 -33.917235
31619701 18.4267352 -33.9185075
31600385 18.4282536 -33.9177635
35020087 18.4259749 -33.9160124
49534927 18.4174838 -33.9137746
762716144 18.4319732 -33.9225372
36680185 18.4319911 -33.9200331
33312526 18.4138956 -33.9261576
25580875 18.4245221 -33.922869
25580874 18.4244029 -33.9229795
21321047 18.4189657 -33.9187494
35020080 18.4228801 -33.9179363
35901099 18.4155245 -33.9234778
35901095 18.4149544 -33.924013
35901092 18.4137869 -33.9251478
252808651 18.4319203 -33.9286531
35920117 18.4160554 -33.9193749
35920113 18.4150478 -33.9202592
35913342 18.4162476 -33.9260297
31602582 18.4265592 -33.9186143
35962140 18.4143803 -33.9246013
36680094 18.4327352 -33.9217314
252807244 18.4328913 -33.9288275
35965459 18.4186761 -33.9228323
159468012 18.4312147 -33.921495
252809730 18.4347283 -33.9293654
35965454 18.4180481 -33.922353
252807320 18.4311221 -33.9286612
159468019 18.4305727 -33.9208024
35965510 18.4187022 -33.9161687
159468126 18.4302251 -33.9184366
266672553 18.4160304 -33.9128524
764738800 18.4338691 -33.9249901
260366639 18.4141688 -33.9292287
25550358 18.4327581 -33.9273142
25550050 18.4269766 -33.9273361
25550353 18.4312626 -33.9272352
35017071 18.4224958 -33.9162518
25550354 18.4320042 -33.9272806
60238169 18.416245 -33.9202111
249483865 18.4272601 -33.9215627
25450548 18.426248 -33.9140659
25450460 18.4308473 -33.9174096
300287266 18.4262534 -33.9253893
159468275 18.4342848 -33.9180724
36680145 18.4299811 -33.9286182
36680141 18.430223 -33.928229
251112209 18.4313242 -33.9215232
251112208 18.4313399 -33.9214245
251112206 18.43124 -33.921427
251112205 18.4311064 -33.9212299
251112204 18.4312184 -33.9213511
266658923 18.4334159 -33.9222132
38456109 18.4224746 -33.9215331
266658921 18.4342003 -33.9227562
39580529 18.4215548 -33.9196867
25897090 18.4175744 -33.9205013
60238650 18.4231302 -33.9209312
60238657 18.4224333 -33.920387
60238659 18.4137138 -33.9224684
25897092 18.4174145 -33.920337
31043557 18.4236852 -33.9275015
31043556 18.4247811 -33.9264757
31619519 18.4309171 -33.921795
31604288 18.424561 -33.9209556
31600379 18.4282428 -33.9171204
25450085 18.4239795 -33.9143312
31600375 18.4276921 -33.9173464
31600376 18.4277551 -33.91724
31600377 18.4278918 -33.9171401
837951635 18.4271285 -33.9273141
291435481 18.4244823 -33.9143952
25897096 18.4171531 -33.9208436
35926347 18.4184514 -33.9132015
31599968 18.4258733 -33.9194753
249461012 18.4234061 -33.9165628
38456098 18.4276373 -33.9141728
25897098 18.4164285 -33.9212289
31617578 18.4204539 -33.9246551
31617579 18.4207187 -33.9243909
291435647 18.4267451 -33.9143166
31617577 18.4202207 -33.9248819
291434863 18.4333628 -33.923659
291434864 18.4332868 -33.9233892
291435569 18.4240523 -33.9143002
35018709 18.4236838 -33.9182572
253180189 18.4257123 -33.9245849
251112178 18.4232968 -33.9158467
253180184 18.4254636 -33.9244562
252800310 18.430412 -33.9272656
253180186 18.4258637 -33.9248125
253180181 18.424791 -33.9237917
253180183 18.4257345 -33.9241939
253180182 18.4249716 -33.9236083
60238237 18.4139079 -33.9222832
33476605 18.4194904 -33.9152561
33476604 18.4184294 -33.9156377
33476607 18.4189787 -33.916635
33476606 18.420692 -33.9148238
33476609 18.4212071 -33.9158476
33476608 18.4200141 -33.9162607
50187571 18.4154389 -33.9132739
252792389 18.4275168 -33.9296865
35962100 18.4228869 -33.9169138
762758978 18.4271865 -33.9272622
49534962 18.4170387 -33.916847
258725122 18.4290069 -33.9274134
252792381 18.4277828 -33.9296066
762716152 18.4310288 -33.921814
258725125 18.4286825 -33.9277051
249461068 18.4259735 -33.9282848
31599964 18.4252829 -33.919608
159467995 18.4313364 -33.9175896
31603774 18.4254091 -33.9156157
25897055 18.4179667 -33.9198499
49534808 18.4158121 -33.9217889
249461063 18.4239178 -33.9291811
38458807 18.4223338 -33.9260164
249460889 18.4246391 -33.9143128
249461067 18.4256742 -33.9280555
258707915 18.4348355 -33.9287493
619201162 18.4155046 -33.9289379
619201161 18.4144894 -33.9289418
159906736 18.4265439 -33.9241544
619201166 18.416035 -33.9286554
619201165 18.4169613 -33.9288576
619201164 18.4153385 -33.9286542
619201169 18.4161564 -33.9285415
619201168 18.4167902 -33.9290237
285891707 18.4238772 -33.923381
285891706 18.4242649 -33.923002
60238422 18.4150303 -33.9185779
285891703 18.423338 -33.922294
762813277 18.430845 -33.9215628
60238345 18.4142474 -33.9168656
285891709 18.4232896 -33.9230947
285891708 18.4233744 -33.9230052
619201188 18.4159603 -33.9281261
291434415 18.4330793 -33.9267812
38458830 18.4220257 -33.9263212
619201181 18.4160994 -33.9278341
619201183 18.4165527 -33.9281696
619201182 18.4162026 -33.9279105
252800420 18.4272631 -33.9273725
619201184 18.4159507 -33.9279729
619201187 18.4158629 -33.9280549
619201186 18.4160503 -33.9280461
249460646 18.4272761 -33.9169705
251112188 18.426781 -33.917211
993484993 18.4320435 -33.9246697
249460647 18.4291523 -33.9221243
251112184 18.4234463 -33.9166309
35962097 18.4212041 -33.9184103
251112186 18.4266553 -33.9175844
828433378 18.426042 -33.9178399
251112180 18.4237199 -33.9164065
251112181 18.4237422 -33.9164751
251112182 18.4236881 -33.9165596
251112183 18.4233854 -33.9165766
33895904 18.419597 -33.9286632
249460645 18.4266514 -33.917701
159468258 18.4343498 -33.9181753
33895900 18.4231294 -33.9279915
33895903 18.4194981 -33.9288871
33895902 18.4202725 -33.9270481
35901589 18.418225 -33.9209688
762716135 18.4287646 -33.9197827
762716136 18.4321192 -33.9226427
762716137 18.432024 -33.9224777
762716131 18.4280083 -33.9196304
249460643 18.4270953 -33.9171594
251112198 18.4241288 -33.917918
266630413 18.4240266 -33.9303545
36682261 18.4156122 -33.9197639
252793944 18.4190142 -33.9299837
252793945 18.418223 -33.9301872
35913313 18.4174583 -33.9248995
762716146 18.4281908 -33.9194479
993484901 18.4315775 -33.9243561
36680180 18.4327172 -33.9194462
25450111 18.4244914 -33.914962
36680182 18.4326535 -33.9194574
25450504 18.4316177 -33.9171099
181292956 18.4186653 -33.9148128
181292957 18.4189829 -33.9154386
291435553 18.4248378 -33.9141991
300287306 18.4268746 -33.9255808
291434131 18.4339601 -33.9277402
266580666 18.4277567 -33.9145398
448424751 18.4334881 -33.9220934
448424750 18.433621 -33.9219666
36680067 18.4245662 -33.924825
252807072 18.4343961 -33.9288141
39580571 18.4174953 -33.915211
36680064 18.4243541 -33.9250319
60238168 18.4144955 -33.9189855
36680062 18.4253173 -33.9257266
36680060 18.4259105 -33.9251465
674956285 18.4322263 -33.9227041
159468128 18.4307201 -33.9179643
35965464 18.4199757 -33.923824
35965466 18.4193333 -33.9233338
31599969 18.426006 -33.9195797
31599963 18.4252346 -33.9197307
31599966 18.425524 -33.9194421
31599967 18.4256826 -33.9194257
837951772 18.4170372 -33.913014
31599965 18.4253912 -33.9195012
762716149 18.4273928 -33.9187279
249460648 18.4300229 -33.9213206
36682268 18.4177685 -33.9188082
36682267 18.4156975 -33.9207074
35962103 18.4194147 -33.9200179
36682265 18.415066 -33.9212854
33895506 18.4227599 -33.9301273
36682263 18.4166814 -33.9198156
258724994 18.4277174 -33.9277393
25550007 18.4217223 -33.9233878
249460641 18.4263516 -33.9174851
252792388 18.4276591 -33.9297613
762716154 18.4280083 -33.9196056
39580495 18.4212255 -33.9194503
33312482 18.4185372 -33.9304451
25897195 18.4148916 -33.9230061
25897194 18.4143217 -33.9235258
25897197 18.4136181 -33.9240423
25897196 18.4147924 -33.9229346
25897190 18.4136984 -33.924107
266580581 18.4318333 -33.9230018
36680118 18.4307261 -33.9240656
249460749 18.4283048 -33.9180447
249460747 18.4285099 -33.9174282
36680112 18.4322058 -33.9225558
762816920 18.4296142 -33.9190875
291434828 18.4330145 -33.9240293
31600390 18.4276868 -33.9175247
36680114 18.4320497 -33.9227124
33312478 18.4180608 -33.930089
25580703 18.4212783 -33.9204345
25580702 18.4211774 -33.9205277
25580701 18.4206477 -33.9199791
252791066 18.4265772 -33.9305174
33476643 18.4180829 -33.9150142
25580704 18.4218246 -33.9210386
25897102 18.4160076 -33.9219302
36683828 18.4247095 -33.9287096
49534918 18.4152942 -33.9148787
35903851 18.4178007 -33.9213691
249482861 18.4247005 -33.9238682
159468138 18.4312126 -33.9175026
31617581 18.4221969 -33.9229451
31617580 18.4212115 -33.9238643
252807137 18.4318603 -33.9293441
287085647 18.4166687 -33.9273625
252792342 18.4271734 -33.9291529
252792341 18.4265553 -33.9287111
38456121 18.4220151 -33.921955
448424788 18.4343054 -33.9213173
38456089 18.4276147 -33.9143795
49534841 18.414699 -33.9228608
287085648 18.4155184 -33.927655
252800322 18.4291567 -33.9272034
31923435 18.4234264 -33.913892
252806724 18.4348778 -33.9286814
258725131 18.4286662 -33.9277658
35901629 18.4146442 -33.9237741
35020510 18.4189894 -33.921497
266657745 18.4133756 -33.9191468
266657742 18.4136449 -33.9176408
266657740 18.4139186 -33.9182107
266657741 18.4133038 -33.9177754
39805213 18.4237903 -33.9246354
25580642 18.4188538 -33.9188511
31603650 18.4260718 -33.9159118
60238467 18.4133125 -33.9228136
38458825 18.4215195 -33.9268311
38458823 18.4209094 -33.9263913
38458821 18.4216218 -33.9256781
258725092 18.4292409 -33.9282224
39805196 18.4237695 -33.9246163
60238308 18.4137129 -33.9231058
251112228 18.4327478 -33.9248673
249460650 18.4298741 -33.922639
35018920 18.421891 -33.9154821
264938820 18.413302 -33.9128111
32536439 18.4296135 -33.9192288
251112257 18.4306792 -33.9182096
252792447 18.4314402 -33.9300087
252792449 18.4285988 -33.9283468
266575170 18.4165018 -33.9267017
32536432 18.423552 -33.9182977
49534935 18.4157465 -33.914684
252792383 18.4273877 -33.9301069
258725072 18.428248 -33.927076
49534834 18.4134958 -33.9219356
60244204 18.4154544 -33.9209299
159906605 18.4303254 -33.924852
266643236 18.4151327 -33.9260901
260366642 18.4149765 -33.9283757
266575272 18.4197327 -33.9262793
260366640 18.4147123 -33.9296468
159906668 18.4281721 -33.9233618
266575274 18.4210759 -33.9146857
60238418 18.4152302 -33.9223504
60238419 18.4140737 -33.9214988
448224407 18.4335169 -33.9221159
448224406 18.4333444 -33.9236012
35913353 18.4179266 -33.9244623
33476644 18.419173 -33.9146438
60238411 18.4133799 -33.9200165
252807274 18.4340326 -33.9297314
60238414 18.413826 -33.9213123
448224408 18.4331973 -33.9218886
266575476 18.4332796 -33.9238232
35962098 18.4211459 -33.9184685
249460635 18.4244282 -33.9189485
25550033 18.4259672 -33.9265197
249460633 18.4243384 -33.9194485
249460632 18.424591 -33.9196559
266575172 18.4152782 -33.9278819
33476641 18.4188038 -33.9139155
35962094 18.4228282 -33.9167559
35962095 18.421105 -33.9182965
159468006 18.431694 -33.9172564
249460638 18.4254416 -33.9167
31609825 18.4250529 -33.9150481
253180175 18.424963 -33.9239392
252792398 18.4279641 -33.9273889
252807315 18.431055 -33.9286878
21321059 18.4301914 -33.9256219
35965507 18.4205005 -33.9233442
266658924 18.4347629 -33.9209313
266575173 18.4144351 -33.9282853
266580574 18.4320468 -33.9229542
260304615 18.432891 -33.9167833
837951773 18.4155355 -33.9158667
35965509 18.4166995 -33.918035
35965508 18.4196419 -33.9219484
25897101 18.4158773 -33.9218343
252792395 18.4277149 -33.9276299
251112200 18.4243523 -33.9177154
251112253 18.431415 -33.9242377
258986866 18.4206217 -33.9226263
258986865 18.4200757 -33.9222486
258986863 18.4196029 -33.9226875
50187624 18.4221365 -33.917377
25499816 18.4344747 -33.9280263
300287277 18.4267469 -33.9252151
828434022 18.4246282 -33.9182989
25499813 18.4343916 -33.9268019
258986868 18.4201534 -33.9230902
251112210 18.4311669 -33.921678
251112211 18.4309895 -33.9218526
251112212 18.4305035 -33.9223088
36680154 18.4287832 -33.9301687
251112214 18.4316375 -33.9241687
35017940 18.4218277 -33.9150324
35017942 18.4225207 -33.9158612
251112218 18.4298082 -33.9218198
25896953 18.4223323 -33.9159963
35020085 18.4249747 -33.9169346
251112189 18.4270496 -33.9172001
35020081 18.4237664 -33.9171565
244321748 18.4168419 -33.9140752
255551468 18.4231274 -33.9125451
252808661 18.432637 -33.9286934
25897551 18.4136718 -33.9270582
25897553 18.4138443 -33.927265
36680075 18.4241251 -33.9248827
244321742 18.4165586 -33.9141035
244321744 18.4163993 -33.9138627
244321745 18.4164028 -33.9138025
244321746 18.4165268 -33.9137282
244321747 18.4165905 -33.9137423
249460959 18.4265136 -33.9199003
249460557 18.4231278 -33.9179137
364733392 18.4222282 -33.91615
35920122 18.4166011 -33.9188645
260366641 18.4154342 -33.9288837
35920127 18.4139511 -33.920459
249460644 18.4271475 -33.9172164
285891695 18.423286 -33.9223389
266658920 18.4315933 -33.9242586
35926357 18.417742 -33.9143063
35926354 18.4189631 -33.9142244
35926353 18.4178954 -33.9146204
249460758 18.4310114 -33.9158328
266575261 18.4191761 -33.9267994
837952073 18.4153425 -33.9183892
25897099 18.416681 -33.9212882
39580442 18.4208747 -33.9203217
35920100 18.4171581 -33.9153239
249460558 18.4242598 -33.9198942
36680048 18.4218073 -33.9189185
36682270 18.4179873 -33.9189588
249460617 18.42294 -33.9190843
253180198 18.4258511 -33.9242342
253180197 18.4258763 -33.9242787
253180193 18.4258763 -33.9243912
300287318 18.4266946 -33.9255518
252791071 18.425121 -33.9291875
38456120 18.4213538 -33.9214731
252806655 18.4348859 -33.9290114
448224412 18.4338811 -33.9212995
60238184 18.4140916 -33.9185363
60244205 18.4162038 -33.9214757
60238183 18.4143295 -33.918715
60238181 18.4139167 -33.9163262
49534979 18.4165833 -33.9142213
252792399 18.427894 -33.9278752
33312513 18.4147864 -33.928387
252792394 18.4262411 -33.9275409
258725135 18.4287012 -33.9278615
252792391 18.4273223 -33.929659
252792392 18.4272654 -33.9296787
252792393 18.4254643 -33.9269755
38456110 18.4225951 -33.9214225
38456111 18.4237529 -33.9203596
38456112 18.4203181 -33.9224163
38456113 18.4208331 -33.9219536
38456114 18.4226474 -33.9224608
38456115 18.4200702 -33.9205075
31603430 18.4297522 -33.9160074
31603431 18.429426 -33.9163066
38456119 18.4207063 -33.9209628
36680042 18.4189792 -33.9168017
50187614 18.4162083 -33.9141051
619201174 18.4156388 -33.9283527
619201176 18.4157074 -33.9282
619201177 18.4157995 -33.9282692
619201170 18.4171911 -33.928642
25580698 18.4198521 -33.919606
619201172 18.4151691 -33.9279939
619201173 18.4157546 -33.9282349
25580695 18.4197576 -33.9195173
25580697 18.4199663 -33.9194961
25580696 18.4198564 -33.9194109
619201178 18.4154306 -33.927739
619201179 18.4156549 -33.9275053
31603433 18.4285425 -33.917139
1041046719 18.4261788 -33.9266776
258725140 18.429896 -33.9280295
285891710 18.4227281 -33.922632
762716133 18.4309593 -33.9217531
50054684 18.4135129 -33.9239687
762813267 18.4308584 -33.9215435
25499811 18.4341649 -33.9263925
762813265 18.4307881 -33.9215869
50054689 18.4141214 -33.9234072
762716141 18.4311197 -33.9217244
49534884 18.4147997 -33.9204761
252800183 18.4327495 -33.9273909
619201198 18.4186223 -33.9257913
159468047 18.4315599 -33.9171674
291435450 18.4246587 -33.9146787
159468042 18.432807 -33.9185176
619201192 18.4161381 -33.9278628
619201193 18.4182415 -33.9259048
619201190 18.4163194 -33.9283885
252807299 18.4327487 -33.9297637
249460919 18.426592 -33.9209388
251112171 18.424019 -33.9151312
251112175 18.4234209 -33.915514
266657739 18.4134654 -33.9183543
251112177 18.4233063 -33.9156962
251112179 18.423335 -33.9159682
762716140 18.4282529 -33.9194386
993484825 18.4327268 -33.924831
762716155 18.4310526 -33.9216604
49534906 18.4164225 -33.9165522
49534893 18.4184908 -33.9157573
35920091 18.4162289 -33.9156794
39805183 18.4239099 -33.9244977
35962185 18.4230527 -33.9169056
551828974 18.4186629 -33.9238835
993485031 18.431597 -33.9241386
252808679 18.4327047 -33.9280352
159483342 18.4220156 -33.9182005
249460649 18.4307629 -33.9218323
448424742 18.433427 -33.9221558
36153459 18.4195458 -33.9209874
31617851 18.4180096 -33.9234033
33895897 18.4223249 -33.9298009
35020674 18.4309827 -33.9176207
300287331 18.4262998 -33.9258131
36680190 18.4302099 -33.9278639
25550104 18.4291924 -33.9271239
251112259 18.4304849 -33.918098
35020673 18.4302347 -33.9183502
448424747 18.4333091 -33.9216769
25578425 18.417166 -33.9175861
251112255 18.4311556 -33.9239252
251112256 18.4314181 -33.9241635
25578426 18.4176865 -33.9177987
36680056 18.4245243 -33.9241967
249483864 18.4258877 -33.9205737
25578423 18.4167568 -33.9171131
25578422 18.4166539 -33.9171915
36682274 18.4189328 -33.9177366
159468033 18.4305791 -33.9206526
762716142 18.4284555 -33.9199745
35962096 18.4210245 -33.9183691
249460979 18.427643 -33.9212038
31617850 18.4173957 -33.9229514
33895906 18.4190329 -33.928241
60238170 18.4133973 -33.9171401
252807069 18.4346909 -33.9288688
35965475 18.4191747 -33.9223743
31599979 18.4253106 -33.919982
285891712 18.4239709 -33.9232901
35965471 18.4185391 -33.9219093
36683829 18.425102 -33.9291164
36683826 18.4249024 -33.9274828
36683827 18.4242414 -33.9269753
36683824 18.4241225 -33.9281882
36683825 18.4243293 -33.9280012
31599971 18.4260603 -33.9196742
36683823 18.4230852 -33.9290986
31599973 18.4260674 -33.9198575
36682271 18.4171478 -33.9183417
249460673 18.4292032 -33.9187562
762716158 18.428024 -33.9195783
35962119 18.4143226 -33.9246219
35962118 18.4150212 -33.9240644
249460859 18.4258521 -33.9145811
31617853 18.4190749 -33.9241867
35962115 18.4167516 -33.9224775
35962114 18.4173997 -33.9218583
35962117 18.4156201 -33.9235529
35962116 18.4161167 -33.923079
35962111 18.4188909 -33.9205053
35962113 18.4179019 -33.9214431
249460850 18.4266499 -33.9148548
39580482 18.4205967 -33.9189687
60238466 18.414464 -33.9217868
35901557 18.4160441 -33.9230235
60238421 18.4141397 -33.919573
837952033 18.4132989 -33.9127594
837952030 18.4135449 -33.9156717
251112229 18.4338928 -33.9250528
31600380 18.4283608 -33.9171781
1030632135 18.4232251 -33.9230415
1030632134 18.4227285 -33.9235183
249460754 18.4306059 -33.9156624
31617852 18.4187116 -33.9239194
31600387 18.4280278 -33.917786
762816918 18.4302882 -33.9184554
251112221 18.4316464 -33.9233516
251112220 18.4322298 -33.9239715
251112222 18.4318045 -33.9233245
251112224 18.4318972 -33.9233833
159906579 18.4304159 -33.9241342
36680054 18.4242378 -33.9239982
252800202 18.431985 -33.9273571
60238420 18.4146406 -33.9209842
31619709 18.4310921 -33.9216211
251112254 18.4311032 -33.9239636
291435643 18.4267691 -33.9143486
31619705 18.4286697 -33.9196489
31619703 18.4269927 -33.9185004
25897561 18.4136887 -33.9281061
25897562 18.4133154 -33.9288473
762716147 18.4274512 -33.9188469
448424746 18.4330772 -33.9219028
60238579 18.4215677 -33.917884
291435864 18.4347672 -33.9184842
251112252 18.4316787 -33.9242131
38456095 18.4278257 -33.9142674
38456094 18.4261799 -33.91599
38456096 18.4277819 -33.9142019
253180174 18.424878 -33.9240261
38456090 18.4277665 -33.9143737
31619521 18.4282759 -33.9199181
31619520 18.428401 -33.9200102
35901625 18.4140084 -33.9243402
38456099 18.4275628 -33.914111
35901621 18.4134327 -33.9248731
285891688 18.4232269 -33.922294
291435464 18.4245202 -33.9145703
252809733 18.4347101 -33.9293231
31617854 18.41936 -33.9243965
252800319 18.4302892 -33.927268
300287116 18.423826 -33.924557
39977601 18.4135796 -33.9264467
252794870 18.4172571 -33.9285814
38458831 18.4235634 -33.929448
300287291 18.4271068 -33.9253777
249483866 18.4264594 -33.9209999
35913292 18.4167447 -33.9235589
266575166 18.4211087 -33.9252027
266575165 18.4303563 -33.9261526
38458839 18.4226025 -33.9257581
38458838 18.4237877 -33.928482
266575169 18.4167552 -33.926413
828433669 18.4256542 -33.9180561
33312310 18.4216252 -33.9292752
33312311 18.4224055 -33.9297209
33312312 18.422841 -33.930056
258725087 18.4291589 -33.9281996
25550061 18.4277031 -33.9271557
258725082 18.4289037 -33.9280219
828433360 18.4265865 -33.9182138
31600389 18.4277943 -33.9176861
253180187 18.4257249 -33.9246451
25897019 18.4203625 -33.9176887
252792431 18.4313955 -33.9300892
266575181 18.4144972 -33.9266756
266575180 18.4147963 -33.9268899
448424749 18.4336561 -33.92193
258725104 18.4293412 -33.9282133
49534943 18.4166251 -33.9164743
249460559 18.4235764 -33.9193788
60238413 18.4134803 -33.920515
258725109 18.4296603 -33.9278897
258725067 18.428237 -33.9271613
266575260 18.4184256 -33.9278225
31599975 18.4258164 -33.9201019
266575262 18.419938 -33.9273423
35913365 18.4159665 -33.9262921
448224414 18.4342984 -33.9213583
252807087 18.4348067 -33.9287391
448224413 18.4340213 -33.9211632
448224410 18.4333045 -33.9217421
448224411 18.4341556 -33.9214963
36682272 18.4184269 -33.918539
36684054 18.4259758 -33.9247429
1030632136 18.4222054 -33.923131
252792374 18.4273118 -33.9302708
36684050 18.4259778 -33.9249081
249461086 18.4265239 -33.9277523
36680096 18.4329305 -33.9218659
252807269 18.4334201 -33.9287737
25550020 18.4236141 -33.9247924
36680092 18.4334055 -33.9210893
25550025 18.4244919 -33.9254469
762813271 18.4308609 -33.9215133
33312518 18.4156841 -33.9255987
25550028 18.4253064 -33.9260537
266580624 18.4275832 -33.9144316
266580625 18.4276863 -33.9143607
36680098 18.4327553 -33.9220318
772652220 18.4138057 -33.9271709
252800402 18.4277628 -33.9272294
828433358 18.4257574 -33.9181298
38459902 18.4239941 -33.9259
31603653 18.4276242 -33.9170582
38459900 18.4225021 -33.9248085
38459901 18.4231085 -33.9252521
448424791 18.4341338 -33.9214813
36684051 18.4259603 -33.9247999
35920095 18.4167184 -33.9154791
266658919 18.4315394 -33.9242694
36680222 18.4294313 -33.9291344
35020675 18.4297125 -33.9167851
25580712 18.4219354 -33.9209363
36680227 18.4286457 -33.9300983
