717796678 -7.6343118 33.6062735
1216327922 -7.632649 33.6011033
718521502 -7.6297032 33.6076619
428420343 -7.6274309 33.5990216
1129502604 -7.6234654 33.5948395
429439030 -7.6370953 33.6031851
428340208 -7.6248955 33.5979472
25651903 -7.6183667 33.590667
25651900 -7.6169398 33.5901665
25651906 -7.6179161 33.5914981
224141155 -7.6304993 33.6074943
738481431 -7.6345694 33.6026972
224141152 -7.6304993 33.6076515
224141150 -7.6304135 33.6077731
566450804 -7.6213376 33.5983634
25658604 -7.6189419 33.5917967
1216327836 -7.617342 33.600127
566450801 -7.6188673 33.6027461
566450800 -7.6183545 33.6019819
566450803 -7.6208163 33.5988177
566450802 -7.6200616 33.5991419
428441343 -7.6187227 33.5946247
428424092 -7.6194437 33.6025746
428424093 -7.6183107 33.6011877
428424091 -7.6193407 33.6027175
456473149 -7.6365169 33.5973404
428423683 -7.6208084 33.596934
334641611 -7.6269438 33.5924325
428423685 -7.6205161 33.5966631
26133809 -7.6246163 33.5920663
1129497495 -7.6275458 33.5949547
1216328151 -7.622029 33.6032919
1216328157 -7.6216581 33.5987934
1129497491 -7.6261531 33.5937497
1129497493 -7.6266382 33.5934743
1216327888 -7.6293015 33.5964516
428337577 -7.6293026 33.5942291
521790780 -7.6343842 33.5906771
428337579 -7.6294573 33.5941721
521790787 -7.6332837 33.5905843
1129495625 -7.618419 33.5940001
21427184 -7.6179471 33.5953474
34674796 -7.6299453 33.5910668
34674797 -7.6306549 33.5915236
1216327691 -7.6298682 33.5962325
566450787 -7.6165404 33.5994739
566450784 -7.6168453 33.5984967
566450785 -7.6169188 33.5988386
1216328417 -7.6256561 33.5970101
566450788 -7.6165352 33.5997903
566450789 -7.6164313 33.5998338
34674798 -7.6313972 33.5921109
34674799 -7.6314706 33.5904958
1216328559 -7.6249506 33.5970208
428319528 -7.6260951 33.5952964
1216328739 -7.6295239 33.5964218
718536947 -7.6344292 33.6061458
718521647 -7.6272248 33.6068934
718521646 -7.62789 33.6071079
718536942 -7.6344668 33.6064109
428319526 -7.6251887 33.5954207
718536941 -7.6344238 33.6065807
1129508789 -7.6358984 33.6002159
1129508783 -7.6325389 33.5999536
428318272 -7.6250227 33.5955613
428340212 -7.6261131 33.5976043
1129508784 -7.6357907 33.6041085
25651873 -7.6162317 33.5903005
717796660 -7.6338429 33.606514
1246675428 -7.6169169 33.6072157
428420351 -7.6360691 33.5933593
428420350 -7.6353395 33.5937453
428420353 -7.6306917 33.5965247
428420352 -7.6365755 33.5931376
1246675421 -7.6224911 33.6014511
428420354 -7.63087 33.5963995
73925414 -7.6339668 33.6058048
21141309 -7.617397 33.5958064
428421829 -7.6356228 33.5969983
25658562 -7.6164141 33.5928968
474996321 -7.6290621 33.5992989
474996320 -7.6219382 33.5939117
25658586 -7.6158991 33.593004
474996324 -7.6297729 33.5992238
1216329040 -7.628938 33.5962744
1216328020 -7.6229374 33.6002971
718521268 -7.6225148 33.6058659
459996252 -7.6297791 33.5980354
1216328029 -7.6295191 33.5955414
459996251 -7.6291174 33.5987799
428318882 -7.6247124 33.5955421
718521261 -7.6223324 33.6060446
1129497524 -7.6255224 33.5951479
1246675551 -7.6275569 33.6026816
1129508777 -7.6360772 33.6043659
1129508775 -7.6270865 33.5985755
428339988 -7.6247652 33.5965694
25653127 -7.616339 33.5962615
1246675492 -7.6303444 33.6051517
428339983 -7.6254776 33.5961547
1246675495 -7.6225978 33.601199
1216328942 -7.6230306 33.600096
1129508779 -7.6356326 33.6027529
516618729 -7.6164264 33.6001333
21445788 -7.6181443 33.5958468
717801603 -7.6304208 33.6072365
474996302 -7.630519 33.5992644
474996301 -7.6282252 33.5996258
224136386 -7.6298899 33.6077659
428439976 -7.617999 33.5954787
1216327918 -7.6220898 33.6023606
428424198 -7.6280697 33.6007087
428424197 -7.6278465 33.6008588
459996174 -7.6271948 33.5973644
224141181 -7.6298963 33.6076351
334634585 -7.629493 33.591596
428425114 -7.6241129 33.5999867
25658249 -7.6201245 33.5933835
26133791 -7.6273092 33.591207
26133790 -7.6271719 33.591328
26133793 -7.6268103 33.5901671
428338672 -7.627142 33.5993022
428336369 -7.6256492 33.5958687
1216327795 -7.616801 33.5998307
428421745 -7.6339576 33.5969197
428421744 -7.6335107 33.5947598
459996130 -7.6369055 33.5907098
456473199 -7.6370683 33.5982614
1216329159 -7.6177335 33.6007195
34674782 -7.6286296 33.5934543
474996293 -7.6313293 33.5971689
334641459 -7.6282613 33.5936905
428423676 -7.6208255 33.59732
25641806 -7.6161995 33.5943669
515641579 -7.6314723 33.6008617
429439438 -7.6287208 33.6049379
1129495632 -7.6197563 33.5948373
1129495633 -7.6163145 33.5924919
428338670 -7.6283267 33.5999553
428338675 -7.6245201 33.5980471
25641805 -7.6160386 33.5934017
25641604 -7.617487 33.5924723
1216328831 -7.6297899 33.6018354
428334663 -7.6243618 33.59686
428421379 -7.6331517 33.5923582
428334660 -7.6244733 33.5964979
428334668 -7.6242502 33.5980278
1129508818 -7.6362717 33.603587
34674789 -7.6266357 33.5917871
1216328681 -7.6176295 33.5997429
1129508812 -7.6264427 33.5983655
1129508810 -7.6366373 33.6046382
566450777 -7.6168573 33.5971231
1216328563 -7.6229541 33.600574
1129508814 -7.6359255 33.6031352
1246675435 -7.6268866 33.6026264
718521341 -7.6228367 33.6067684
459996212 -7.6211438 33.60214
459996213 -7.6212639 33.602047
428424169 -7.6278207 33.6034825
428424166 -7.6252029 33.6026175
428424167 -7.626396 33.603318
428424164 -7.6243829 33.6024588
428424162 -7.6232067 33.6023368
459996218 -7.6214871 33.6013536
459996219 -7.6214785 33.6012035
428421365 -7.6346022 33.5917147
428421478 -7.6315372 33.5949322
1246675510 -7.6220544 33.6020526
717796653 -7.6335904 33.6064046
1246675454 -7.6193844 33.6048957
428421746 -7.6341207 33.5970984
1246675451 -7.631456 33.6046924
474996316 -7.6231796 33.5934023
1246675459 -7.6292989 33.603367
334634434 -7.6275773 33.5918279
429439508 -7.627548 33.605415
428424605 -7.6218397 33.5983989
474996317 -7.620385 33.5929328
1216328013 -7.6314888 33.6014945
428425737 -7.6226844 33.5935689
1216328016 -7.6248262 33.5969471
428318257 -7.6246622 33.5954898
1129502596 -7.623035 33.5946943
738481609 -7.6343222 33.5980216
1129502611 -7.623363 33.5949582
456505744 -7.6253721 33.5953723
456505743 -7.6359726 33.5953866
429439020 -7.6373173 33.6018221
21542040 -7.620133 33.6052672
1246675442 -7.6270317 33.6033914
428318258 -7.6247137 33.5953754
25658547 -7.6174655 33.5926287
428423759 -7.6207998 33.6038685
428318259 -7.6249111 33.5952896
428423281 -7.6222788 33.6050868
34674800 -7.6317072 33.5902266
34674803 -7.6307283 33.5901369
428331907 -7.6239755 33.5931376
456473153 -7.6368939 33.5975129
1216327759 -7.6222654 33.6005939
456473157 -7.6370592 33.5974991
224872097 -7.6177226 33.6012798
1129508823 -7.6347088 33.5994328
1129497481 -7.6274512 33.5933123
1129497485 -7.6264535 33.5944512
1216328240 -7.6246708 33.5969252
1216328249 -7.6222681 33.6040338
515641590 -7.6214277 33.5985313
515641598 -7.6312104 33.6023607
428336392 -7.6373823 33.6001882
25651862 -7.6168003 33.5904435
334641162 -7.6305344 33.5900362
34674785 -7.627919 33.5923564
34674784 -7.628386 33.5929077
34674783 -7.6287865 33.5933448
428424094 -7.618242 33.601009
73924446 -7.6339951 33.6065095
34674780 -7.6278177 33.5924866
224141141 -7.6300444 33.607866
459996138 -7.6241951 33.6013138
1216328400 -7.6227212 33.6001378
224141146 -7.6302332 33.607866
34674788 -7.6264476 33.5919318
1216327978 -7.6190457 33.6004581
1216329203 -7.6219032 33.5986785
428420346 -7.6320608 33.5956185
428421849 -7.6370786 33.5987994
459996317 -7.6337866 33.5907368
474996290 -7.634433 33.59939
1216328625 -7.6170132 33.5999378
428425443 -7.6185596 33.5954469
428425440 -7.6197355 33.5951109
428420344 -7.6277879 33.5986939
428338673 -7.625769 33.5986686
428420348 -7.6339748 33.594496
428420349 -7.6346185 33.5941672
474996299 -7.6297746 33.5997922
474996298 -7.6313452 33.5999901
1246675416 -7.6204186 33.5990494
1246675417 -7.630621 33.6032657
474996294 -7.6310416 33.5971029
474996297 -7.6322849 33.5995984
474996296 -7.6312874 33.5997511
474996291 -7.6346849 33.5992301
428420347 -7.6328676 33.5951252
459996199 -7.6203268 33.6019427
428420345 -7.6281553 33.5983954
21141313 -7.6168639 33.5965085
334634329 -7.6291878 33.5905695
334634328 -7.6281457 33.5920807
474996338 -7.6200263 33.5940743
474996339 -7.6184549 33.5938331
428339344 -7.6325491 33.5986619
474996332 -7.6171695 33.594003
474996333 -7.6183726 33.5942163
474996337 -7.6208881 33.5944849
474996334 -7.6171049 33.5944681
474996335 -7.61821 33.5927306
718521274 -7.6227294 33.6058212
428333586 -7.6232246 33.5959792
718521279 -7.6229144 33.6058563
1216328059 -7.628907 33.5960692
25641607 -7.6161978 33.5920175
428421439 -7.6335456 33.5939312
79950821 -7.6246654 33.5946763
1129508765 -7.6261302 33.5988353
25641865 -7.6168432 33.5948137
1129508761 -7.632372 33.5999439
1129508760 -7.6364098 33.6037672
1246675489 -7.6222539 33.6019065
1129508762 -7.6269738 33.5974048
25653139 -7.6169505 33.5954304
334641460 -7.6266141 33.5929532
334641461 -7.6262196 33.5927983
428441326 -7.6181571 33.5949039
516618731 -7.6163994 33.6003697
516618733 -7.6171563 33.600499
516618735 -7.6170178 33.6007792
459996143 -7.6236653 33.6013463
1129508806 -7.6283015 33.5961642
25754715 -7.6196524 33.5900946
25661352 -7.6185322 33.5934729
1129502626 -7.6234008 33.5950286
1129502627 -7.6235623 33.5948489
1129502624 -7.6230292 33.5949855
1129502625 -7.6233678 33.5949189
1129502629 -7.6236349 33.594937
25658629 -7.6172318 33.592366
224141172 -7.6301001 33.6074028
224141176 -7.6299821 33.6074832
428423761 -7.6204204 33.6038356
25658250 -7.6195898 33.5938664
25653397 -7.6172724 33.593366
459996217 -7.6214013 33.6014537
25658259 -7.6213064 33.5916143
1216327789 -7.6166068 33.5987128
566450776 -7.6171079 33.5969649
1216328370 -7.6237181 33.6021923
428423665 -7.6214607 33.5980707
428425104 -7.6245759 33.6011232
459996195 -7.6204253 33.6021195
459996197 -7.6203277 33.6020173
1216328175 -7.624023 33.6003449
428333632 -7.6236803 33.5947124
428423066 -7.6272371 33.6068209
1129495626 -7.6191288 33.5942808
428334670 -7.624261 33.5993507
566450780 -7.6169828 33.5976152
428422443 -7.6315083 33.6022456
1129497525 -7.6280933 33.5947363
1129497527 -7.6260115 33.594418
428422447 -7.6291837 33.6056312
428422446 -7.6278981 33.6036791
1129497523 -7.623702 33.5943837
34674790 -7.6277984 33.5908415
1129497529 -7.6267715 33.5941377
34674791 -7.628498 33.5901612
334641455 -7.6287801 33.5944622
1216328097 -7.6216315 33.6027617
73924449 -7.6343334 33.6061372
459996223 -7.6215867 33.6007732
459996222 -7.621494 33.6008733
459996221 -7.6214785 33.6010247
459996220 -7.6215386 33.6011463
459996227 -7.6212323 33.6000844
73924441 -7.6335086 33.6063005
73924440 -7.6334857 33.6060757
718521334 -7.6230513 33.6063662
1216327920 -7.624078 33.6008986
428421477 -7.6323862 33.5944964
1216328659 -7.6173001 33.5987652
1216328656 -7.6230506 33.6003473
1216328309 -7.6230822 33.6009042
1246675520 -7.6206318 33.5988804
1246675523 -7.6188627 33.6029409
428318256 -7.6247652 33.595597
25653178 -7.6175513 33.595055
718521613 -7.6295355 33.6077661
1246675529 -7.619553 33.6042974
717796644 -7.6334765 33.6061999
1246675440 -7.6167764 33.6005684
25651853 -7.6162424 33.5915964
334634478 -7.6271994 33.5931947
428422698 -7.6334606 33.6014469
521790713 -7.6248486 33.5927247
428424610 -7.6216808 33.5983488
718521347 -7.6238559 33.6073581
718521318 -7.6230191 33.6060446
718521240 -7.6217316 33.605839
327720697 -7.6216895 33.6049994
1129502587 -7.6236288 33.5949857
1129502586 -7.623481 33.5950625
1129502585 -7.6235284 33.5950609
1129502583 -7.6233744 33.5949958
738481635 -7.6371808 33.5987838
1129508764 -7.6367805 33.6026839
1129502588 -7.6236096 33.5948827
25653109 -7.616575 33.5954393
718536938 -7.6342951 33.6066969
718536944 -7.6344668 33.606259
1216328256 -7.6222535 33.6002035
1129502563 -7.6236062 33.5950204
1129502565 -7.6233987 33.5948728
1129502567 -7.6187903 33.5923791
1129508768 -7.6355247 33.6045178
459996183 -7.6189699 33.6020592
428423206 -7.6267221 33.6048622
428423207 -7.6233232 33.6037398
428423205 -7.6283721 33.6059665
429439288 -7.6301426 33.5968808
334634234 -7.6323526 33.5928302
718537069 -7.6351856 33.6064556
428424840 -7.6215894 33.5980064
1216328502 -7.6223548 33.6035185
1216328509 -7.6299734 33.5960951
515641586 -7.630008 33.6004722
515641584 -7.6308167 33.6025129
515641585 -7.6298477 33.6010048
515641582 -7.6303197 33.6011693
515641583 -7.630294 33.6013837
515641581 -7.6307359 33.6010804
25658260 -7.623302 33.5915786
34674779 -7.6275717 33.5921296
515641588 -7.6293048 33.6003865
515641589 -7.6208944 33.5998897
428336384 -7.6345489 33.5996771
25641807 -7.6166179 33.5945188
428336386 -7.6359099 33.5998634
334634653 -7.6308193 33.593532
334634652 -7.6302317 33.5930176
738481410 -7.6219148 33.6049458
1216328619 -7.6217505 33.6048193
1216328348 -7.6171268 33.6000644
428421870 -7.63222 33.6043768
1216327967 -7.6224475 33.6037873
428422254 -7.6362579 33.6017739
428422253 -7.6360176 33.6012735
459996302 -7.6353256 33.5902903
1216327960 -7.6158768 33.600003
428423158 -7.6295813 33.6062842
428423656 -7.6229626 33.6000164
21427416 -7.6182813 33.5946416
73924447 -7.6342403 33.6063828
1129508794 -7.6280644 33.5965418
1216328599 -7.6297319 33.5955653
428468526 -7.6218572 33.5909618
474996288 -7.6355542 33.5971005
474996289 -7.6343563 33.5996371
474996286 -7.6322397 33.5973739
474996287 -7.6331725 33.5984109
474996284 -7.6314336 33.5977027
474996285 -7.6316524 33.5976594
474996282 -7.6331416 33.5974266
474996280 -7.6326226 33.5977906
474996281 -7.632138 33.5972632
73925413 -7.6342228 33.6059186
428422790 -7.6342964 33.6060124
718521382 -7.6257228 33.6079032
334634334 -7.6285863 33.5914443
760269357 -7.6302704 33.602724
334634333 -7.6282814 33.591211
428339353 -7.6359238 33.5996099
1216329065 -7.6192006 33.6023102
474996309 -7.6314267 33.5987153
474996305 -7.6316941 33.5980175
474996304 -7.6304007 33.598371
474996303 -7.6299095 33.5990191
1216329106 -7.6295519 33.594641
327720712 -7.626742 33.606679
474996300 -7.6284048 33.5985762
1129508791 -7.6344572 33.6000999
428422672 -7.6328075 33.6058701
428422673 -7.6336445 33.6055295
718521363 -7.6261519 33.6068577
718521360 -7.6257796 33.6067177
1216328767 -7.6215588 33.6024014
73924438 -7.6337128 33.6058383
1129508759 -7.6273225 33.5959347
428424265 -7.6293314 33.6009875
21425237 -7.6186573 33.5928904
1129508751 -7.6373631 33.6038072
1129508753 -7.6373485 33.6000335
1216328290 -7.6260613 33.5966977
1129508757 -7.6268934 33.5984548
1246675473 -7.616906 33.6005824
1246675471 -7.6224671 33.6010873
717796633 -7.6335925 33.6059121
25641871 -7.6170793 33.5947244
428328610 -7.6216563 33.5940757
428338666 -7.63146 33.600387
1129508804 -7.6273979 33.5957859
334633991 -7.629493 33.5928329
334633993 -7.6297676 33.5926112
26133810 -7.6254772 33.5924697
718521841 -7.620049 33.6053469
1216327709 -7.6158772 33.599374
334649216 -7.6253271 33.5906807
428421495 -7.6356026 33.592841
718521685 -7.6367627 33.604731
79950815 -7.6256748 33.5934974
21542068 -7.635203 33.5914073
21542069 -7.636031 33.5910455
428340214 -7.6267807 33.5972638
79950819 -7.6250713 33.5941737
79950818 -7.6252258 33.5940008
21426001 -7.6171804 33.5967208
428340210 -7.6253699 33.5978262
224141162 -7.6304005 33.6073938
738481441 -7.6217389 33.6046795
718537022 -7.6352392 33.6063573
224141167 -7.6302457 33.6073754
428423111 -7.6279206 33.607035
718537029 -7.6347028 33.6063126
1216327699 -7.6245318 33.6022728
1129508816 -7.6343138 33.6010734
456473371 -7.6347514 33.601816
1129497503 -7.6259415 33.5931552
428425730 -7.6221775 33.5931784
1216327778 -7.6300362 33.5954415
428421764 -7.6368415 33.596169
334634517 -7.6290464 33.5921444
456473178 -7.6368167 33.5969196
428420334 -7.637263 33.5928444
334634518 -7.6292988 33.5923842
334652351 -7.6219765 33.5910127
1216328265 -7.6231901 33.6021464
456473394 -7.6338812 33.592015
428333627 -7.6237745 33.5939633
459996187 -7.6212916 33.6025004
459996185 -7.6214333 33.6025505
459996182 -7.6195245 33.6013975
474996327 -7.6296182 33.5993224
459996181 -7.6198283 33.6010611
1216328855 -7.6225787 33.6002095
1216328511 -7.6243161 33.6022458
459996189 -7.6211126 33.6023503
73928065 -7.63269 33.6005815
73928067 -7.6323774 33.5992824
456473094 -7.6357033 33.5969435
73928063 -7.632939 33.6016753
73928069 -7.6320892 33.598208
428339348 -7.6339312 33.5993109
566450791 -7.6172683 33.5978517
566450790 -7.6163199 33.6001157
566450793 -7.6175578 33.5982355
566450792 -7.6174455 33.5981666
566450795 -7.6171918 33.5989134
566450794 -7.6174278 33.598703
566450796 -7.617777 33.6000224
566450799 -7.6176605 33.6009779
566450798 -7.6170523 33.6006119
1216328460 -7.6179577 33.6003909
456505745 -7.6268987 33.5930812
718521639 -7.6294028 33.6076619
770235547 -7.6328217 33.5904037
717801566 -7.6332747 33.606066
474996265 -7.6367651 33.5976086
474996267 -7.6357181 33.5977148
459996234 -7.6198134 33.5995377
459996235 -7.619616 33.5993948
1216328722 -7.6255531 33.6011011
459996237 -7.6195817 33.5991017
459996230 -7.6207404 33.5997808
428422225 -7.6365332 33.6022903
1216328312 -7.6177746 33.6006594
428421461 -7.634722 33.5933634
428421462 -7.6314328 33.5932512
459996250 -7.6255946 33.597777
474996315 -7.6236184 33.5929674
428440955 -7.6196498 33.5945967
428440957 -7.6192377 33.5941886
1246675533 -7.6226459 33.601348
428318262 -7.6251171 33.5953325
25651849 -7.6165106 33.5910781
1129508793 -7.6349331 33.5991854
1216327861 -7.6373088 33.6006909
1246675434 -7.622247 33.60103
25651844 -7.6159205 33.5905418
1246675431 -7.6197844 33.6034634
521790700 -7.6254104 33.593757
21447831 -7.6193064 33.5909051
428421830 -7.6341485 33.5972364
429439071 -7.6372241 33.6034174
459996249 -7.628068 33.60396
459996248 -7.6265769 33.6042346
459996240 -7.6192469 33.5988173
718521250 -7.6217853 33.6059731
459996245 -7.6185345 33.5997236
718521255 -7.6221501 33.6060892
428423763 -7.620707 33.6051456
1246675547 -7.6221988 33.6009155
474996343 -7.6227609 33.5923373
25658255 -7.6207822 33.5923673
25641804 -7.6164999 33.5932945
1246675549 -7.6165964 33.6006531
25641803 -7.6173475 33.5930979
521790803 -7.6342114 33.5918775
1216327732 -7.6242379 33.6011967
1216328670 -7.621391 33.6026492
73924498 -7.6332909 33.6039343
1246675498 -7.6169522 33.600559
334634559 -7.6296045 33.5915745
73924490 -7.6319433 33.5983582
73924491 -7.6321599 33.5992115
73924492 -7.6325184 33.6005243
73924495 -7.6327845 33.6017039
428421488 -7.6348379 33.593435
428421480 -7.6305089 33.5936779
459996236 -7.6195731 33.5992446
79950822 -7.6243788 33.5951242
1216328452 -7.6280626 33.5960642
1216328101 -7.6309291 33.6016017
459996140 -7.6243415 33.6024546
1129508807 -7.6355589 33.6038379
1216328456 -7.6219333 33.6031077
1216328863 -7.6185906 33.6009099
459996145 -7.6237246 33.6023695
718537057 -7.6346923 33.606436
428423014 -7.6319519 33.6044875
428425100 -7.6255107 33.6012111
428339986 -7.6250913 33.5964979
428425109 -7.6243446 33.6000796
428424361 -7.6238897 33.599286
428336371 -7.6277758 33.5969795
428336374 -7.6290052 33.5976274
26133788 -7.6266708 33.5903637
428336376 -7.6311248 33.5987929
1246675494 -7.6191846 33.6031632
334641148 -7.6288911 33.5903919
428338683 -7.6219695 33.5981757
428423997 -7.6185173 33.6019588
428422224 -7.6349361 33.6031107
428423992 -7.6187473 33.6018199
456473224 -7.6340838 33.6021685
456473183 -7.6366289 33.597108
428423999 -7.6181727 33.6020385
718521670 -7.6343213 33.6062137
1216327999 -7.6231233 33.6013777
1216328353 -7.6290337 33.5958661
428338669 -7.628988 33.5999938
428338668 -7.6292858 33.6001058
1216328217 -7.630443 33.6017057
1216328211 -7.6254646 33.6010015
428338661 -7.6369016 33.6007444
428338663 -7.6349018 33.6008159
428338662 -7.6358802 33.600773
428338664 -7.6342812 33.6008167
428338667 -7.6300508 33.6002254
428423160 -7.629151 33.6064787
428423257 -7.6281809 33.6041292
73928057 -7.6334625 33.6038628
428440396 -7.6167851 33.5967201
1129497500 -7.6270591 33.5951008
1129497507 -7.627242 33.5936737
1129497508 -7.6261415 33.594224
474996310 -7.6308738 33.5986304
428318267 -7.6251772 33.5954755
474996312 -7.6235182 33.5930812
474996313 -7.6235521 33.5932624
474996314 -7.6236275 33.592884
566450781 -7.6168593 33.5976471
1216329071 -7.6265358 33.5963319
428339360 -7.6368696 33.6000489
474996318 -7.6226861 33.5924423
459996201 -7.6201498 33.6017694
459996203 -7.6198749 33.6015987
718521357 -7.624607 33.6062769
1216328851 -7.6224475 33.6039018
718521352 -7.6243495 33.6063305
428422765 -7.6358545 33.604183
1129508792 -7.6369373 33.5998893
1246675504 -7.6218377 33.6007293
1246675444 -7.6160712 33.599488
1246675500 -7.6202136 33.6048474
1246675461 -7.6169865 33.6004592
1246675463 -7.6221266 33.6024822
1246675464 -7.6194185 33.6031426
718521286 -7.623341 33.6059373
