667060798 896978281
667060798 70652762
667060798 667060816
667060798 667060960
667060794 667060826
667060794 667060842
667060794 667060801
667060794 667060815
667060827 667060952
667060827 667060860
667060827 667060822
667060824 667495379
667060824 667060887
667060824 667060883
299637415 299637416
299637415 299637201
299637415 299637413
667060822 667060835
667060822 667060818
667060822 667060764
299637413 564719871
299637413 299637414
299637413 987459393
667060820 667060835
667060820 667060818
667060820 667060766
565562327 565562308
565562327 299627194
565562327 565562216
565562320 565562303
565562320 565562290
565562320 565562314
1246355192 299624319
1246355192 1246355207
1246355192 1246355153
564627673 564627686
564627673 564627769
564627673 564627739
1246355198 1246355210
1246355198 1246355201
1246355198 1246355246
1246355211 1246355207
1246355211 1246355165
1246355211 1246355201
1246355210 1246355140
1246355210 299494412
1246355216 299624319
1246355216 1246355154
1246355216 1246355207
1246355215 1246355171
1246355215 1246355181
667060826 299639753
667060826 667060830
564627474 299639826
564627474 564627493
564627474 564627481
1246355179 1246355105
1246355179 1246355261
1246355171 1246355150
1246355171 299627035
1246355174 1246355163
1246355174 1246355162
667060952 667060835
667060952 667060846
667060952 299639747
667060950 70652759
667060950 677873644
667060950 667060846
667060898 667060870
667060898 70652762
667060898 896978280
667060898 667060933
299638303 299638302
667060792 667060773
667060792 564627659
667060792 667060852
667060792 667060957
667060893 667060938
667060893 299637493
667060893 667060883
667060890 667060945
667060890 667060809
667060890 667060850
667060896 70652759
667060896 667060809
667060896 667060816
299625226 299625209
299625226 564627974
299625226 299639758
299625226 70650621
664326750 1093555772
664326750 1093555767
664326750 560764275
564718614 564718609
564718614 299627013
564718614 564718616
1246355109 1246355160
1246355109 1246355247
564718610 564718609
564718610 564631572
564718610 564718616
1246355105 1246355235
1133857534 1133857521
1133857534 565562217
1133857534 565562216
664378958 299620624
664378958 299620635
664378958 664378957
564627459 299639826
564627459 564627481
564627459 564627534
70650620 299625102
70650620 299625209
70650620 70652772
70650620 299639758
70650621 299625915
70650621 299625079
70650621 564627808
564729154 564729152
564729154 564729144
564729150 987459345
564729150 564729152
564729150 564729135
299625086 564597778
299625086 299625087
564729152 564729145
669223983 669224551
669223983 299638427
299625914 299625913
299625914 564627509
299625915 299625095
299625915 299625933
299625910 299625909
299625910 299625911
299625911 299625912
299625912 88942167
299625912 564627996
1117043888 1117043883
1117043888 677873644
299625087 299625088
299620291 299495771
299620291 299495202
299620291 299620346
1246355219 1246355113
1246355219 1246355263
1246355219 297239633
565562268 565562264
565562268 565562255
565562268 565562287
565562269 565562264
565562264 565562265
565562264 565562256
565562265 565562266
565562265 565562267
565562266 564729260
565562266 565562260
565562266 565562287
565562260 564729140
565562260 565562390
565562260 564729144
565562262 565562256
565562262 299637367
565562262 88942161
564729129 565562390
299495475 564597782
299495475 299625060
299495475 299624943
299495475 299625059
299495475 299624918
564627582 564627532
564627582 564627753
564627582 564627567
299624943 564597787
299624943 299624919
299624943 299624925
564627948 564628000
564627948 564627963
564627948 564627941
88942238 299637201
88942238 987459392
88942238 88942162
88942238 299637240
564627941 299639763
564627941 299639761
664327973 1133857506
664327973 664327975
299640118 564627739
299640118 564612954
299640118 564627765
664327970 1239141333
664327970 1133857506
664327970 297239640
664327975 664326753
564719870 564719871
564719870 299628598
564719870 1247665330
564719871 987459394
564719871 299637296
664327979 1133857520
664327979 664327981
664327979 560764275
299620635 664378949
299620635 70649445
299640115 299640025
299640115 70650619
299640115 299640140
299640114 299640025
299640114 564612958
299640114 299625113
299640117 299640120
299640117 564612955
299640117 896978266
299640116 667060789
299640116 564627636
299640116 299639827
299640116 896978278
299625818 299495587
299625818 299625825
664378948 664378950
664378948 664378949
564627849 564627865
564627849 564627842
564627849 299625904
564627842 70652769
564627842 70652770
564627842 564627838
564627636 564627624
564627636 70652765
564627633 564627605
564627633 70650619
564627633 1089123599
1246355256 1246355110
1246355256 1246355234
564729260 564729212
564729260 564729140
564729260 564729171
564627730 564627727
564627730 299639755
564627730 564627744
1246355250 1246355150
1246355250 1246355259
299639763 299639757
299639763 564627963
299639763 299639759
299639761 564612959
299639761 564627988
564627739 564627723
1246355258 1246355141
1246355258 1246355157
1246355258 564597777
1246355258 1246355202
560764229 560764216
560764228 560764227
560764228 1247665940
560764228 664327953
299624966 299624922
299624966 299624984
299624966 299620237
299624966 299619951
299624967 299624922
299624967 1184539383
299624967 299624985
560764227 560764214
896978254 896978251
896978254 70650619
896978254 667060860
299640140 664378919
299640140 299640142
299640140 564612956
88942167 88942164
88942167 299625913
88942164 299637247
88942164 564719869
88942162 88942405
88942162 299637209
88942161 987459439
88942161 564729183
88942161 564729263
669224607 896978239
669224607 669224415
667060854 667060818
667060854 667060852
667060854 896978293
667060854 667060764
667060852 667060858
667060850 667060773
667060850 667060766
299624319 299620096
299624319 564597784
667060858 667060773
667060858 667060818
667060858 667060766
564729410 565562287
564718651 564718650
564718651 299627012
564718651 896986713
564718650 896978331
564718650 564718649
299640025 564612953
664326751 664326752
664326751 664326749
664326751 1247665695
664326752 1093555764
664326753 1093555768
664326753 560764277
664326753 664326733
664326754 1093555772
664326754 1247665648
664326754 664326749
664326755 664326735
664326755 664326733
664326755 664326756
664326756 664326734
664326756 664326748
1246355249 1246355235
1246355249 1246355200
1246355249 1246355234
299495587 299495771
299495587 299624885
564729192 564729138
564729192 987459373
564729192 564729189
299625060 70652777
299624923 299624922
299624923 299624984
299624923 299624985
299624923 299624924
299624229 1246355205
299624229 664327783
299624229 664327822
299624228 560764210
299624228 664327788
299624228 560764213
564627786 564627793
564627786 564627741
564627786 564627782
564627786 564627619
564627782 564627744
564627782 564627624
299619523 299620361
299619523 299620363
299619523 299624926
677873644 667060930
677873644 299638316
299637247 299637295
299637247 299637209
299620361 299620360
299620363 299624984
299620363 299619951
564729169 564729254
564729169 987459364
564729169 564729179
564729168 564729263
564729168 987459364
564729168 564729171
299637240 299637209
299637240 299637198
299639748 70652759
299639748 667060830
299639748 667060933
299619961 299619959
299619961 299619819
896986713 564718609
896986713 564631578
896986713 564631572
667060957 667060945
667060957 896978290
667060957 667060960
560764276 560764277
560764276 560764275
664327819 664327791
664327819 560764208
664327819 560764207
560764275 1133857524
1246355141 1246355162
299624919 299624920
299624919 299620235
299624919 299624918
299624918 299624885
564597778 564597777
564597778 299625084
70652772 1324759195
70652772 70652770
565562230 565562229
1133857496 1133857520
1133857496 664327981
1133857496 297239633
565562255 1247665330
565562255 565562229
564722172 1133857521
564722172 564722167
564722172 564722159
564722171 564722170
564722171 564722152
565562256 565562258
565562256 565562232
564722174 564722154
564722174 564722150
299620096 299620013
987459418 299637491
987459418 299637489
987459418 564631573
564722150 564722147
564722150 896978239
564722150 564722149
667060763 299639827
667060763 667060780
667060763 667060778
299627035 564729251
299627035 1246355237
667060764 896978251
667060764 667060860
667060815 667060870
667060815 667060830
667060815 667060933
667060769 667060872
667060769 667060875
667060769 299639828
1247665293 1247665690
1247665293 297238951
1247665293 299627036
669224551 664378976
669224551 299638302
299624984 299624926
299625102 564627838
299625102 70652770
299625102 299625111
299625100 564597789
299625100 299625096
564627605 564627765
564627605 564627609
1246355186 1246355231
1246355186 1246355204
1246355186 1246355189
1246355186 1246355205
564627769 564627609
564627769 564627765
987453854 667495420
987453854 667060887
987453854 667495379
1246355181 1246355114
1246355181 1246355261
1246355266 1246355234
1246355266 299627036
564627609 564627612
1246355263 1246355247
1246355189 1246355245
1246355189 1246355202
1246355189 564627802
297239636 664327981
297239636 1133857524
297239636 297239640
564612953 564612954
564612953 896978266
564627808 564627825
564627808 564627802
564612955 564612954
564612955 564612956
564612957 299640120
564612957 564612958
564612957 564612956
564612959 299639756
564627802 1246355114
299624855 564597780
299624855 564597786
299624855 564597784
299624855 564597785
1246355160 297239633
1246355160 1246355146
1246355163 1246355140
1246355162 297238940
1246355162 1246355140
1246355165 1246355125
299638315 299638314
299638315 299638316
299638316 299637980
664378983 664378976
664378983 664378974
664378983 299638314
299619955 299619954
299619955 299620364
299619954 299619953
299619954 299620235
299619953 299624857
299619953 299619952
299619952 299620237
299619952 299619951
667060960 896978285
667060960 667060924
564597786 564597779
564597786 299620013
667060887 667060832
564631586 564631575
564631586 564631582
564631586 564631585
299619959 299620365
299619959 299625825
667060883 667060832
1093555772 1093555764
1093555772 664326749
564718616 299627307
564597785 564597782
564597785 564597783
1133857521 564722173
1133857520 297238951
564597789 299625079
564597789 299625080
1133857524 1133857506
564627509 299625909
564627509 564631585
299637201 299637485
299637201 299637421
299624272 299624273
299624272 299624242
299624273 560764210
70652777 299625056
70652777 299625077
70652777 299625128
70652775 299625209
70652775 299625056
299625077 299625081
299625077 564597776
299625076 299625079
299625076 564597776
299625076 564597775
70652770 299625904
299638302 664378978
987459364 564729177
987459364 565562392
564631566 564631575
564631566 299637492
564631566 564631565
564631565 564631583
564631565 564631584
565562291 565562303
565562291 565562290
565562291 565562304
565562290 565562289
565562290 565562308
564627973 564627969
564627973 299625933
564627973 564627974
564729138 564729137
564627976 564627966
564627976 299639758
564627976 564627980
564627976 564627974
564627974 564627968
564729131 565562390
564729131 564729144
1246355259 1246355237
564729137 987459345
564729137 564729135
299620359 299620360
564627998 564627991
564627998 564627994
564627998 299639764
664378979 299638327
664378979 664378978
564627991 564627988
564627991 299625938
564627859 70652769
564627859 299640142
564627859 564627838
664378975 664378976
664378975 664378974
664378974 299638313
564627994 299625905
564627994 564627996
664378971 664378966
664378971 299620667
664378971 299620666
564627996 299625938
664327821 664327785
664327821 664327791
664327822 664327781
664327822 664327782
564627727 564627741
564627727 564627903
564627727 564627723
564729254 565562392
564729254 564729251
564627723 299640142
299639759 564627968
299639757 564627966
299639757 299639756
299639756 299625904
299639755 564627903
299639755 564627865
299639753 1117043883
299639753 667060801
564627481 564627498
564729258 564729189
564729258 564729202
299625897 299625981
299625897 667060780
299625897 299639827
299625897 564627521
299625899 896978331
299625899 564722161
299625899 564718649
299625080 987459355
299625080 564597776
1246355125 1246355154
299625081 987459355
299625081 564597777
1246355121 1246355232
1246355121 1246355153
667060924 667060945
667060924 667060809
667060924 667060816
299620364 299620365
667060842 667060870
667060842 667060789
667060842 896978278
667060846 667060930
299495771 299495772
299495771 299620167
299625151 664378937
299625151 664378913
299495772 564612958
299495772 299640120
299495772 299625128
1247665330 299637296
1247665330 565562289
299625095 1246355245
299625095 299625096
1247665334 1247665690
1247665334 664327781
1247665334 560764205
299625096 299625099
1246355231 1246355271
1246355232 1246355207
1246355237 1246355146
664327791 664327789
667495366 667495420
667495366 667495379
987459393 987459394
987459393 299637374
987459393 987459392
299627194 565562309
299627194 564722162
299637485 299637489
299637489 299637198
564718631 564718633
564718631 564718627
564718631 564631573
564718633 299627016
564718633 564722163
299628605 564722166
299628605 564718627
299628605 564722163
564719855 564719866
564719855 564719863
564719855 299625913
564627753 564627756
564627753 564627744
299625981 564631587
299625981 667060938
299625981 299637493
1184539383 564597779
1184539383 299624921
1184539383 299624925
299625984 564722173
299625984 896984793
560764212 1246355204
560764212 297238940
560764212 560764213
896978290 896978285
896978290 564627659
896978293 896978251
896978293 564627659
560764277 1093555767
564729177 564729173
564729177 564729179
299495359 299495202
299495359 299620346
564729173 564729186
564729173 564729171
299627036 1246355113
564729179 564729202
299640142 564627903
299625938 564628000
299639827 564627561
299639826 564627591
669224415 896984791
987459394 299637367
987459394 987459439
564627686 564627616
564627686 564627741
299639828 1117043883
299639828 667060866
564729212 987459373
564729212 564729189
987459355 299625084
664378910 664378911
564722164 564722165
564722164 564722163
564722166 564722145
564722166 564718625
564722167 564722160
564722167 564722162
564722160 564722159
564722160 564722145
564722161 564722147
564722161 896978239
564722162 564722144
987459392 88942405
564722168 564722169
564722168 564722149
564722169 564722143
667060945 667060773
664327953 297238950
667060806 667060878
667060806 667060778
667060806 667060780
667060801 667060789
667060803 667060866
667060803 667060875
667060778 667060848
564627865 70652769
565562303 565562302
565562302 565562287
299638440 299638431
299638440 299638439
299638440 299638441
565562304 565562308
565562304 565562216
565562309 565562289
565562309 565562308
299625111 664378916
299625111 299625112
299625112 299625172
299625112 299625113
299625113 664378920
564627616 564627612
564627616 564627619
564627612 1089123599
564627756 564627533
564627756 564627591
1246355271 1246355200
564627619 70652765
564627619 564627624
664378939 664378914
664378939 664378911
896978331 299637493
664378937 299625128
664378937 664378914
564722173 564722158
896978279 667060870
896978279 896978280
896978279 896978278
1246355154 1246355164
1246355157 1246355164
564722170 564722143
667060875 667060833
667060878 667060848
667060878 667060833
299624885 299620235
299624885 299620233
299638431 299638438
299638431 299638314
299638430 299638439
1093555764 1093555769
1093555764 1093555767
299638437 299638427
299638439 299638438
565562392 564729183
565562392 564729263
667060872 667060848
667060872 667060833
987459373 564729140
987459373 987459345
564627533 564627534
564627533 564627532
564627532 564627524
564627534 564627591
1247665648 297238951
1247665648 1247665755
299637198 299637295
299637374 987459439
299637374 88942405
299624242 297238940
299624242 560764210
664326733 664326734
664326733 664326732
564631578 564631589
564631578 564631577
564631578 564631579
564631579 564631580
564631579 564631588
299620667 299620668
299620666 299620665
564631574 564631575
564631574 564631585
564631574 299637491
299620668 70649445
564631576 564631581
564631576 564631577
564631576 299637492
564631577 564631590
564631572 564718620
564631572 299637492
564631573 299637421
564627966 564627968
1093555767 1093555768
564627963 564627969
564627968 564627969
1093555769 1093555768
1093555769 664326731
299620346 299620347
299620347 299620233
664378962 664378959
664378962 299620624
664378962 664378964
664378964 664378966
299637421 299637416
564729251 564729183
1247665940 1247665755
1247665940 560764205
667060816 70652760
564627493 564627498
564627493 299639764
564722159 564722158
564722159 564722152
564722158 564722154
564722158 896984793
299639747 70649445
299639747 70650619
564627498 299625905
564722154 896984791
564722154 564722152
565562234 565562232
565562232 565562229
564627988 564628000
564627988 299639764
70652769 564627903
560764207 560764215
560764206 560764214
560764206 560764215
560764206 560764205
70652760 70652759
70652760 70652762
70652760 667060933
70652762 70652764
70652765 1089123599
70652765 70652764
70652764 896978280
70652764 896978281
564597782 564597781
299625099 299625088
299637367 299637296
667060930 70649445
564597787 564597788
564597787 564597781
564597784 564597783
564597784 299620013
564597788 564597780
564597788 299624925
667060780 667060938
667060938 667060832
564631590 564631581
564631590 564631589
564627659 1089123599
564627567 564627524
564627567 564627561
664326736 664326735
664326736 664326748
664326735 664326732
664326732 1093555768
664326732 664326731
1246355204 1246355202
1246355204 1246355205
1246355202 1246355245
564718649 299627012
664327785 664327786
664327785 664327780
664327786 664327788
664327786 664327789
664327780 664327781
664327780 664327782
664327782 664327783
664327783 560764213
664327788 560764208
896978285 896978281
299637492 564631583
299637493 564631580
299637491 299637295
299637491 564719868
564718620 564718627
564718620 564718625
564718625 299627307
1246355110 1246355147
1246355113 1246355147
299628598 299627016
299628598 299637414
564719867 564719866
564719866 564719868
564627561 564627521
564719869 299637295
564719869 564719868
564729140 564729145
564729145 987459345
564729145 564729144
299625905 299625909
299625904 299639764
299625194 299625193
299625059 299620167
299625059 299625058
299625058 299625057
299625193 299625172
299625057 299625056
299625056 564597775
664378916 664378918
664378916 664378920
664378916 664378921
564729200 564729186
564729200 564729202
299624926 299624924
664378912 664378914
664378912 664378911
664378912 664378913
299620233 299620167
299620237 299624857
299620237 299624921
299620235 299624857
299620624 299620665
664378959 664378956
299627016 564722144
299627013 564722147
299627013 299627307
299627013 299627012
664378951 299639678
664378951 664378950
664378951 664378955
664378955 299639679
664378955 664378956
664378957 664378956
299624857 299624920
564627741 564627744
1246355246 299494412
299627307 564722146
664378920 664378919
564597779 564597780
564597776 564597775
564597783 1246355164
299638427 299638314
299625172 664378913
564597780 564597781
299637416 299637414
564627524 564627521
564729186 564729189
896984793 896984791
564722147 564722146
564631581 564631582
564631580 564631587
564631583 564631582
564631587 564631588
564631589 564631588
299624922 299624921
299624920 299624921
299624920 299624925
896978266 299495202
664378919 664378918
564722149 564722146
564722146 564722145
564722144 564722143
560764214 560764216
560764215 560764216
