667060798 -17.4570706 14.7075171
667060794 -17.456248 14.7088999
667060827 -17.4591959 14.7064494
667060824 -17.4515735 14.7103046
299637415 -17.4480167 14.7038104
667060822 -17.4587882 14.7068126
299637413 -17.4476001 14.703954
667060820 -17.4588533 14.7074256
565562327 -17.4460522 14.7056257
565562320 -17.4461151 14.7045852
1246355192 -17.4549661 14.6938896
564627673 -17.4568625 14.7050116
1246355198 -17.4544393 14.6937874
1246355211 -17.4546052 14.693833
1246355210 -17.4543705 14.6938355
1246355216 -17.4546603 14.6940125
1246355215 -17.4473499 14.6983644
667060826 -17.4567748 14.7094781
564627474 -17.453467 14.7049947
1246355179 -17.4474 14.6982832
1246355171 -17.447323 14.6983791
1246355174 -17.4541371 14.6938822
667060952 -17.4594797 14.706766
667060950 -17.4578579 14.7089889
667060898 -17.456342 14.7079905
299638303 -17.4602764 14.707744
667060792 -17.4578601 14.7069475
667060893 -17.4515773 14.7093914
667060890 -17.4583986 14.7079045
667060896 -17.4578977 14.708432
299625226 -17.4547758 14.7009543
664326750 -17.4461806 14.6953971
564718614 -17.4498966 14.7079931
1246355109 -17.4471134 14.6982688
564718610 -17.4499275 14.7066204
1246355105 -17.447401 14.6982345
1133857534 -17.4448417 14.7079294
664378958 -17.4610419 14.706271
564627459 -17.4523361 14.7058427
70650620 -17.4556958 14.7020333
70650621 -17.4539191 14.6999495
564729154 -17.4441878 14.7025347
564729150 -17.4442565 14.7014388
299625086 -17.453673 14.6967846
564729152 -17.4442242 14.7018524
669223983 -17.4611378 14.7101956
299625914 -17.4515273 14.7044059
299625915 -17.4537278 14.6997225
299625910 -17.4517848 14.7042897
299625911 -17.4517419 14.7041319
299625912 -17.4516045 14.7040738
1117043888 -17.457011 14.7105755
299625087 -17.4535958 14.6968427
299620291 -17.4611203 14.7018678
1246355219 -17.4471681 14.6981461
565562268 -17.4459487 14.7039798
565562269 -17.4460603 14.7020122
565562264 -17.4460345 14.7025597
565562265 -17.4456312 14.7025592
565562266 -17.445365 14.7025589
565562267 -17.4455453 14.7035398
565562260 -17.4448292 14.7026015
565562262 -17.4469605 14.7026166
564729129 -17.4449432 14.7030909
299495475 -17.4568277 14.6970838
564627582 -17.4539748 14.7066701
299624943 -17.4572386 14.6963998
564627948 -17.452778 14.7016514
88942238 -17.4484258 14.7034618
564627941 -17.4535438 14.7024956
664327973 -17.4446744 14.6956952
299640118 -17.4579772 14.7047297
664327970 -17.4445427 14.6977092
664327975 -17.4445886 14.6956018
564719870 -17.4476012 14.7053029
564719871 -17.447245 14.7040765
664327979 -17.4465665 14.6957694
299620635 -17.4601512 14.7072815
299640115 -17.4603667 14.7040955
299640114 -17.4587197 14.7012648
299640117 -17.4610094 14.7020886
299640116 -17.4549516 14.7077266
299625818 -17.4620486 14.6988547
664378948 -17.4625538 14.70984
664378949 -17.4624319 14.7099779
564627849 -17.4539393 14.7044384
564627842 -17.4554082 14.7039662
564627636 -17.454782 14.7073041
564627633 -17.4585156 14.7053573
1246355256 -17.4473115 14.698126
564729260 -17.4454153 14.7019183
564627730 -17.454145 14.7057172
1246355250 -17.4472565 14.6983964
299639763 -17.4538465 14.7022589
299639761 -17.4534357 14.7025802
564627739 -17.4577723 14.7044878
565562217 -17.4447986 14.708496
1246355258 -17.4544 14.694191
560764229 -17.450897 14.6936933
560764228 -17.4487291 14.6938383
299624966 -17.4602033 14.695588
299624967 -17.4583865 14.6944891
560764227 -17.4491403 14.6937781
896978254 -17.4586135 14.7057363
299640140 -17.4589959 14.7025013
88942167 -17.4514299 14.7041674
88942164 -17.450048 14.7031712
88942162 -17.4484859 14.7025485
88942161 -17.4470184 14.7020129
669224607 -17.4483258 14.7096981
667060854 -17.4582034 14.7066985
667060852 -17.4580678 14.7067969
667060850 -17.4585451 14.7077503
299624319 -17.4550068 14.6938914
667060858 -17.4583912 14.7071758
564729410 -17.4447543 14.7031158
564718651 -17.4508401 14.7081445
564718650 -17.4509553 14.7085692
299640025 -17.4607547 14.7037234
664326751 -17.447548 14.6938533
664326752 -17.4473092 14.6936431
664326753 -17.4448997 14.6952593
664326754 -17.4474437 14.6951537
664326755 -17.4442816 14.6945565
664326756 -17.4442417 14.6945982
1246355249 -17.4473783 14.6981808
299495587 -17.4610655 14.6985212
564729192 -17.4449222 14.7012064
299625060 -17.4567029 14.6970751
299624923 -17.459664 14.6944931
299624229 -17.4509333 14.6964194
299624228 -17.4518792 14.6955309
564627786 -17.4557845 14.7060951
564627782 -17.4544997 14.7065618
299619523 -17.4616381 14.6951905
677873644 -17.458148 14.7092786
299637247 -17.4493209 14.7028581
299620361 -17.4622046 14.6949996
299620363 -17.4610802 14.6955226
564729169 -17.4464763 14.699973
564729168 -17.446385 14.701972
299637240 -17.4488352 14.7035018
299639748 -17.4572552 14.7090142
299619961 -17.461784 14.6972329
896986713 -17.450725 14.7077128
667060957 -17.4576735 14.7070822
560764276 -17.4455174 14.6956916
664327819 -17.4512906 14.6940529
560764275 -17.4461169 14.6957386
1246355141 -17.4543463 14.6941624
299624919 -17.4582907 14.6967763
299624918 -17.4580252 14.69749
564597778 -17.4543621 14.6969467
70652772 -17.4554898 14.7027556
565562230 -17.4467298 14.7036726
1133857496 -17.4468691 14.6980183
565562255 -17.4462184 14.704197
564722172 -17.4466528 14.7073217
564722171 -17.4477498 14.7070343
565562256 -17.4462802 14.70256
564722174 -17.4485309 14.7082464
299620096 -17.4555838 14.6937997
987459418 -17.4493454 14.705016
565562258 -17.4463006 14.7020205
564722150 -17.4485738 14.7083128
667060763 -17.4547981 14.7083464
299627035 -17.4472248 14.6985616
667060764 -17.4584998 14.7064666
667060815 -17.4564989 14.708725
667060766 -17.4587272 14.7075585
667060769 -17.455913 14.7098102
667060818 -17.4585199 14.7070669
1247665293 -17.4474009 14.6958747
669224551 -17.4611646 14.7094601
299624984 -17.4605579 14.695113
299624985 -17.4587615 14.6938649
299625102 -17.4563803 14.7028423
299625100 -17.4547631 14.6974736
564627605 -17.4582706 14.7050586
1246355186 -17.4512582 14.6969173
1239141333 -17.444197 14.6978439
564627769 -17.4570561 14.7053312
987453854 -17.4534808 14.710172
1246355181 -17.4473573 14.6983561
1246355266 -17.4473084 14.6981034
564627609 -17.4572495 14.7056664
1246355263 -17.4471389 14.6981761
1246355189 -17.4513688 14.697063
564627765 -17.4580282 14.704763
297239636 -17.4459509 14.6975464
564612953 -17.4611388 14.7033551
564627808 -17.4520287 14.7011267
564612955 -17.4605199 14.702515
564612954 -17.4604336 14.7025902
564612957 -17.4598933 14.7016439
564612956 -17.459807 14.7017264
564612959 -17.4535221 14.7027539
564627802 -17.4510377 14.6973361
299624855 -17.4561021 14.6949414
299619819 -17.4626338 14.696054
1246355160 -17.4471206 14.6982943
1246355163 -17.4542228 14.6939263
1246355162 -17.4542458 14.6940021
1246355165 -17.4546441 14.6938822
299638315 -17.4601477 14.7112723
299638316 -17.4599096 14.7113619
664378983 -17.4601717 14.709456
299619955 -17.4601103 14.697565
299619954 -17.4600674 14.6974819
299619953 -17.4601275 14.696934
299619952 -17.4603678 14.696411
299619951 -17.460694 14.6959294
667060960 -17.4573837 14.7072912
564597786 -17.4566608 14.6943294
667060887 -17.4533356 14.709745
564631586 -17.4517982 14.7050921
299619959 -17.4610802 14.6976812
667060883 -17.4515754 14.7098428
1093555772 -17.44695 14.6946814
564718609 -17.4502992 14.7078569
564718616 -17.449489 14.7067594
564597785 -17.4556549 14.6955129
1133857521 -17.4466118 14.7080227
1133857520 -17.4470183 14.6958075
564597789 -17.4549797 14.6973926
1133857524 -17.4460299 14.6968334
564627509 -17.4515748 14.704408
299637209 -17.4488968 14.7027009
299637201 -17.4484061 14.7036761
299624272 -17.4530121 14.6940033
299624273 -17.4526946 14.693995
70652777 -17.4566571 14.6972181
70652775 -17.4568116 14.6979736
299625077 -17.456014 14.696353
299625076 -17.4554033 14.6985411
70652770 -17.4554126 14.7034529
299625079 -17.4543937 14.6994992
299638302 -17.4617356 14.7094625
987459364 -17.4464213 14.7011765
564631566 -17.4505934 14.7059598
564631565 -17.4513717 14.7056859
565562291 -17.4450783 14.7046775
565562290 -17.4461049 14.7047773
564627973 -17.4535453 14.7004755
564729138 -17.4449775 14.7004011
564627976 -17.4549344 14.7020952
564627974 -17.4544214 14.7015022
564729131 -17.4444797 14.7030577
1246355259 -17.447207 14.6983875
564729137 -17.4447028 14.7001354
564729135 -17.4443166 14.7000773
299620359 -17.4627196 14.6952984
564627998 -17.4529483 14.7042107
664378979 -17.46191 14.71039
664378978 -17.4617604 14.71039
564627991 -17.4525616 14.7027276
564627859 -17.4570159 14.7035935
664378975 -17.4608479 14.7090928
664378974 -17.4601961 14.7083561
564627994 -17.4524443 14.7043571
664378971 -17.462337 14.7049815
564627996 -17.4520654 14.7029177
664327821 -17.4510193 14.694598
664327822 -17.4507689 14.6962303
664327981 -17.4464165 14.6977215
564627727 -17.455532 14.7052441
564729254 -17.4467917 14.6996892
564627723 -17.4575336 14.7042058
299639759 -17.4540194 14.7021236
299639758 -17.4555697 14.7018854
299639757 -17.4539936 14.7024059
299639756 -17.4536246 14.7027214
299639755 -17.4540022 14.7053614
299639753 -17.4565163 14.7097358
564627481 -17.4521948 14.705407
564729258 -17.4454839 14.700866
299620360 -17.4624106 14.6950162
299625897 -17.4531495 14.7083493
299625899 -17.4495618 14.7094866
299625080 -17.454991 14.6973519
1246355125 -17.4546548 14.6939419
299625081 -17.4554718 14.6956235
1246355121 -17.4549096 14.6938225
667060924 -17.4577529 14.707741
299620364 -17.4603249 14.6977725
667060842 -17.4557626 14.7083018
667060846 -17.4596518 14.7069631
299620365 -17.4605567 14.6978223
299495771 -17.4597796 14.7003843
299625151 -17.4566342 14.7001303
299495772 -17.4596113 14.7005403
1247665330 -17.4468186 14.7046399
299625095 -17.4535408 14.6995006
1247665334 -17.4496687 14.6949749
299625096 -17.4542006 14.6973188
1246355231 -17.4498037 14.6981476
1246355232 -17.4549227 14.6937411
1246355235 -17.4473847 14.6981884
1246355234 -17.447353 14.6981505
1246355237 -17.4471636 14.6983628
664378976 -17.4608371 14.7094588
297239640 -17.4447012 14.6976441
664327791 -17.4511909 14.6946188
667495366 -17.4515697 14.7112281
987459393 -17.4476744 14.703193
299638327 -17.4622505 14.710741
299627194 -17.4467488 14.7056735
299637485 -17.4485949 14.7037674
299637489 -17.448921 14.703784
564718631 -17.449634 14.705475
564718633 -17.4482235 14.7059275
299628605 -17.4484889 14.7062323
564719855 -17.451044 14.7044477
564627753 -17.4538464 14.7063422
299625981 -17.4528901 14.7084353
1184539383 -17.4580281 14.6950972
299625984 -17.4464643 14.7100224
560764212 -17.452216 14.695971
896978290 -17.4573023 14.7066073
896978293 -17.457861 14.7062361
560764277 -17.4453437 14.6955862
564729177 -17.4461266 14.7011648
299495359 -17.4624964 14.7019983
564729173 -17.4461217 14.7012805
564729171 -17.4460931 14.7019558
299627036 -17.4472614 14.6979265
564729179 -17.4461651 14.700253
299640142 -17.4572766 14.7039023
299625938 -17.4521109 14.7028036
299625933 -17.453673 14.7002798
299639827 -17.4544552 14.7078962
299639826 -17.4535076 14.7054776
669224415 -17.4479733 14.7097585
987459394 -17.447321 14.7030666
564627686 -17.4564691 14.705238
299639828 -17.4561374 14.7101049
564729212 -17.4454396 14.7015456
987459355 -17.4550155 14.6972639
664378910 -17.4579511 14.7010296
564722164 -17.4470031 14.7062208
564722165 -17.4468743 14.706586
564722166 -17.4486151 14.7064101
564722167 -17.4466901 14.7066555
564722160 -17.4473411 14.7065722
564722161 -17.4491012 14.7095654
564722162 -17.4467392 14.705885
564722163 -17.4483388 14.7060599
987459392 -17.4480207 14.7033169
564722168 -17.4481103 14.7069845
564722169 -17.4480073 14.7069264
667060945 -17.4580341 14.7074948
664327953 -17.4486409 14.6937324
667060773 -17.4582088 14.7073419
667060806 -17.4534475 14.7092402
667060801 -17.4559999 14.7090727
667060803 -17.4540011 14.710895
667060778 -17.4550699 14.7087032
564627865 -17.4539682 14.7048627
667060809 -17.4581545 14.7081616
565562303 -17.4451259 14.7039285
565562302 -17.4451511 14.7035306
299638440 -17.4597442 14.7084248
299638441 -17.4597443 14.7077357
565562304 -17.4450535 14.7050667
565562309 -17.4467821 14.7051998
565562308 -17.4460856 14.7051393
299625111 -17.4574067 14.7021893
299625112 -17.4580504 14.7017658
299625113 -17.4582564 14.7016413
564627616 -17.4568281 14.7059173
564627612 -17.4570743 14.7057708
564627756 -17.4538165 14.7062659
1246355271 -17.4474532 14.6982331
564627619 -17.4559157 14.7064605
664378939 -17.4584983 14.7001163
896978331 -17.4510784 14.7090078
664378937 -17.4577552 14.6992413
564722173 -17.4465686 14.7086456
896978279 -17.4555908 14.7075057
1246355154 -17.454628 14.6940405
1246355157 -17.4544509 14.6941935
1246355150 -17.4473061 14.6983884
1246355153 -17.4549257 14.6938589
667060870 -17.4560255 14.7081669
564722170 -17.4478185 14.7069347
667060875 -17.4538564 14.7104625
667060878 -17.4535906 14.709668
299624885 -17.4590011 14.697821
299638431 -17.4597441 14.7101499
299638430 -17.4586027 14.7090474
1093555764 -17.4465706 14.6943227
299638437 -17.460594 14.7107659
299638439 -17.458889 14.709389
299625209 -17.4563734 14.6997772
565562390 -17.4448067 14.7030811
565562392 -17.4466966 14.7011893
667060872 -17.4556451 14.7094585
987459373 -17.4449022 14.7014979
564627533 -17.4525979 14.7066493
564627532 -17.4527369 14.7070779
564627534 -17.4524662 14.7062434
1247665648 -17.4474066 14.6957842
299637198 -17.4488953 14.7035516
1324759195 -17.449896 14.6973519
299637374 -17.4477545 14.7022794
299624242 -17.4533297 14.6941361
297238940 -17.4537275 14.6945046
664326733 -17.4446356 14.694899
564631578 -17.4512077 14.7075433
564631579 -17.4513226 14.707947
299620667 -17.4626595 14.70463
299620666 -17.4619815 14.7053689
564631574 -17.4500121 14.7051671
299620668 -17.4625839 14.7043336
564631576 -17.4509724 14.7067164
564631577 -17.4510872 14.70712
564631572 -17.450387 14.7064747
564631573 -17.4493 14.7050316
565562287 -17.4452879 14.7035397
565562289 -17.4468052 14.704842
564627966 -17.4544874 14.7022428
1093555767 -17.4458476 14.6950799
564627963 -17.4530296 14.7012659
564627968 -17.4541752 14.7018827
564627969 -17.4533078 14.7008394
1093555769 -17.4462324 14.6939806
299620346 -17.4617497 14.7013092
299620347 -17.4622357 14.7006497
299638438 -17.4595211 14.7101433
564627825 -17.4509558 14.7016664
664378962 -17.462511 14.7061054
664378964 -17.4625216 14.70544
664378966 -17.4626718 14.7052117
564627980 -17.4550413 14.7024468
299637421 -17.4489249 14.7051572
564729251 -17.4471922 14.6992413
1247665940 -17.4496123 14.694908
667060816 -17.4574822 14.7079781
564627493 -17.4534329 14.7045885
564722159 -17.4473188 14.7072207
564722158 -17.4472526 14.7085069
299639747 -17.4596012 14.7066376
564627498 -17.4520604 14.7049931
564722154 -17.4477069 14.708429
565562234 -17.4467727 14.7031081
565562232 -17.4462608 14.7030741
564627988 -17.453047 14.7026457
564722152 -17.4477155 14.7071672
70652769 -17.455404 14.7044492
560764207 -17.4508626 14.6939756
560764206 -17.4500644 14.6946188
560764205 -17.4496514 14.6949554
896978278 -17.4553055 14.7076043
70652760 -17.4571367 14.7082806
70652762 -17.4567086 14.7077782
70652765 -17.4560821 14.7068484
70652764 -17.4563396 14.7072469
564597782 -17.4561736 14.6962077
299625099 -17.4536473 14.6971665
667060789 -17.4555048 14.7084369
299637367 -17.4469457 14.7029385
667060930 -17.4599179 14.7072667
564597787 -17.4567327 14.6961794
564597784 -17.4555484 14.6944996
667060933 -17.4567929 14.7085201
667060835 -17.4590947 14.7071658
564597788 -17.4571142 14.6954804
667060780 -17.4533117 14.7088343
667060938 -17.4530519 14.7089111
667060830 -17.456995 14.7092655
667060833 -17.4537279 14.7100785
667060832 -17.453193 14.7093257
564631590 -17.4523313 14.7067242
564628000 -17.4525338 14.7020257
564627659 -17.4574983 14.7064771
564627567 -17.4541301 14.7070663
1089123599 -17.4572804 14.7061141
299625088 -17.4535615 14.6969174
664326736 -17.4444326 14.6936959
664326734 -17.4441925 14.6953042
664326735 -17.4447641 14.6940384
664326732 -17.4451319 14.6943981
299625128 -17.4581532 14.6989256
299625084 -17.4548833 14.6970834
664326731 -17.445859 14.6936313
1246355204 -17.4513307 14.6968366
1246355205 -17.4511226 14.6966573
1246355207 -17.4547949 14.6938716
1246355200 -17.4474115 14.698215
1246355201 -17.4545203 14.6937943
1246355202 -17.451459 14.6969925
88942405 -17.4481082 14.7024157
564718649 -17.4495434 14.7090102
664327785 -17.4509861 14.6948143
664327786 -17.4512973 14.6948724
664327780 -17.4508569 14.6956564
664327781 -17.4502594 14.6956447
664327782 -17.4508364 14.6957899
664327783 -17.4511975 14.6961713
664327788 -17.4519865 14.695001
664327789 -17.4513411 14.6946603
667495379 -17.4515716 14.710756
896978285 -17.4570036 14.7068058
299637492 -17.4508608 14.7063244
299637493 -17.4515795 14.7088496
299637491 -17.4497919 14.7048669
564718620 -17.4501241 14.7061257
564718627 -17.4498751 14.7057952
564718625 -17.448735 14.706579
1246355110 -17.4472622 14.6981161
1246355113 -17.4471848 14.6981374
1246355114 -17.4493038 14.6984095
299628598 -17.4478457 14.7055186
564719867 -17.4502561 14.7033732
564719866 -17.450631 14.7045859
564627793 -17.4566034 14.7056181
564719863 -17.4508054 14.7037551
564627561 -17.4542967 14.7074916
564719869 -17.4497124 14.703282
564719868 -17.4502077 14.7047277
70650619 -17.4587514 14.7056447
564729140 -17.4448754 14.7018885
564729145 -17.4445322 14.7018695
564729144 -17.4444968 14.7025679
299625905 -17.4519049 14.7045138
299625904 -17.4539048 14.7039327
299625909 -17.4517161 14.7044142
299625194 -17.4567115 14.7020066
299625059 -17.4569241 14.697214
299625058 -17.4568831 14.6973076
299625193 -17.4562136 14.7013923
70652759 -17.4576099 14.7087413
299625057 -17.4567644 14.6973647
299625056 -17.4566857 14.6973242
987459439 -17.447397 14.7021416
664378916 -17.4577344 14.7025371
564729200 -17.4457757 14.7009075
564729202 -17.4456171 14.7007461
987459345 -17.4445695 14.7014668
299624926 -17.4609371 14.6946049
667060860 -17.458933 14.7061277
1246355261 -17.4473819 14.6983286
299620013 -17.4560391 14.6940293
896978239 -17.4486574 14.7096414
564627591 -17.4536516 14.7058452
299624924 -17.4601232 14.6939251
664378912 -17.4572537 14.7001682
299620233 -17.4587285 14.6983371
299620237 -17.4598191 14.6961028
299620235 -17.4592349 14.6972163
299620624 -17.4612004 14.7060912
297239633 -17.447007 14.6981252
664378959 -17.4625109 14.707173
299627016 -17.4479396 14.7056014
1117043883 -17.456294 14.7099524
299627013 -17.449433 14.70815
299627012 -17.4495274 14.7085983
564729263 -17.4466607 14.7019872
664378951 -17.4624572 14.70821
664378950 -17.462425 14.7096843
664378955 -17.4611808 14.7081775
664378957 -17.4611805 14.7064362
664378956 -17.4611805 14.7071419
565562314 -17.4461204 14.7044862
299624857 -17.4594924 14.6966766
564627624 -17.4546366 14.7069418
564627741 -17.4556609 14.7057033
564627744 -17.454321 14.7061556
1246355245 -17.4515774 14.6972204
1246355246 -17.4543973 14.6937629
1246355247 -17.4471177 14.6982203
299639678 -17.4627398 14.7082172
299639679 -17.461109 14.7081757
299627307 -17.4489781 14.7069214
664378920 -17.4585033 14.7019284
664378921 -17.4573074 14.7028768
1093555768 -17.445486 14.6947354
299637295 -17.4493039 14.7034168
564597779 -17.4571876 14.6946252
1246355140 -17.4542894 14.6939266
1246355147 -17.4472124 14.6981231
1246355146 -17.4471266 14.6983158
564597777 -17.4548759 14.6949114
564597776 -17.4556932 14.6975024
564597775 -17.4563323 14.6976596
299637980 -17.4594181 14.7115296
564597783 -17.4551584 14.6948992
667060866 -17.4559783 14.7102839
299639764 -17.4533902 14.7040807
565562216 -17.4450226 14.7055544
560764208 -17.4521473 14.6942075
299638427 -17.4606283 14.7101765
299625172 -17.4571387 14.700713
564597780 -17.4567505 14.6952867
299637416 -17.4485302 14.7052894
299620167 -17.4583139 14.6987626
299637296 -17.4468583 14.7042189
896978280 -17.4559246 14.7073903
299625913 -17.4514414 14.7043146
664326749 -17.4475374 14.6941059
664326748 -17.4442945 14.6938406
564627524 -17.4528694 14.7074862
299638313 -17.4602078 14.7078271
564627521 -17.4530092 14.7079171
896978251 -17.4581707 14.7060305
299638314 -17.4601575 14.7101661
564597781 -17.4563116 14.695996
1246355164 -17.4545904 14.6940924
564729186 -17.4457579 14.7012578
564729183 -17.4470484 14.7012325
896978281 -17.456708 14.7070022
564729189 -17.4454596 14.7012391
896984793 -17.44715 14.7098994
896984791 -17.4475857 14.7098248
299637414 -17.4481245 14.7054252
297238950 -17.4485125 14.6935822
297238951 -17.4474041 14.6958272
564722147 -17.4489521 14.7082411
299494412 -17.4543443 14.6936887
564631581 -17.4522077 14.706346
564631580 -17.4514493 14.7083921
564631583 -17.4515087 14.7061183
564631582 -17.4520746 14.7059383
564631585 -17.4516568 14.704659
564631584 -17.4512476 14.7052943
564631587 -17.4527557 14.7080238
564612958 -17.4592125 14.7008644
564631589 -17.4524654 14.707135
564631588 -17.4526077 14.7075705
299620665 -17.4618441 14.7053689
299625825 -17.4623189 14.6982563
667060848 -17.4553569 14.7090801
564627903 -17.4554598 14.7048463
667495420 -17.4536197 14.7105803
299640120 -17.4602769 14.7012774
564631575 -17.4502886 14.7055442
1133857506 -17.4445997 14.696736
299624922 -17.4592864 14.6950328
664378914 -17.4580262 14.6995663
299624920 -17.4585696 14.69622
299624921 -17.4589407 14.6956096
664378911 -17.4577151 14.7007286
896978266 -17.4616817 14.7028344
664378913 -17.4569047 14.7004427
299624925 -17.4576269 14.6957534
664378919 -17.4587668 14.7022349
664378918 -17.4580155 14.7028353
564627838 -17.4567666 14.7032988
70649445 -17.4600303 14.707139
564722149 -17.4481446 14.7070675
564722146 -17.4484944 14.7070062
565562229 -17.4462395 14.7036397
564722144 -17.4476912 14.7056621
564722145 -17.4481846 14.7064649
564722143 -17.4479129 14.7069181
560764214 -17.4494115 14.693807
560764215 -17.4501695 14.6945228
560764216 -17.4501062 14.6937538
560764210 -17.4525201 14.6949146
1247665755 -17.4485636 14.6956333
560764213 -17.4518224 14.6955842
1247665690 -17.4486909 14.6956722
299495202 -17.4618489 14.702674
1247665695 -17.4475496 14.693648
