274009107 39.2867612 -6.8190445
252643649 39.2865619 -6.8159645
252643648 39.2886121 -6.8155399
275099418 39.2843234 -6.8162891
252643647 39.29011 -6.8142008
302057400 39.2732542 -6.8133569
252941766 39.2812949 -6.8214912
302057614 39.2781031 -6.8241133
302057610 39.2797585 -6.8224238
302057613 39.2806892 -6.8230589
302057612 39.2791649 -6.8236745
368760946 39.2758537 -6.8256093
368760944 39.2753751 -6.8246581
302056350 39.2907916 -6.8182546
368750533 39.2734247 -6.8227308
274008532 39.2759594 -6.8272642
252678507 39.2741626 -6.8246047
275098342 39.2837122 -6.8169075
368751232 39.2735894 -6.8232133
252941753 39.2814368 -6.8244944
302057191 39.2835127 -6.8180077
275623444 39.2770211 -6.8129195
252945433 39.2777796 -6.8149087
302057720 39.2758645 -6.8234071
252945436 39.277834 -6.814714
252945435 39.2777566 -6.8147768
252945434 39.2800631 -6.8213034
252942375 39.2809729 -6.8239282
302057298 39.2819593 -6.816145
273335846 39.2790832 -6.818474
252942371 39.2817916 -6.8241344
252942370 39.2818354 -6.8240641
252942373 39.281296 -6.8241436
252942372 39.2816399 -6.8242281
302057291 39.2828214 -6.8190797
282838865 39.2801062 -6.8159888
282838860 39.2813194 -6.8218827
252643949 39.2739511 -6.8236892
368759128 39.2764065 -6.8178185
582871039 39.2853491 -6.8164213
252942388 39.2812341 -6.8242833
252940805 39.2771198 -6.8268729
272662776 39.28415 -6.8163449
272662777 39.2841218 -6.8164272
272662778 39.2841264 -6.8165006
272662779 39.2843564 -6.8165383
252942386 39.2812981 -6.8245042
368757738 39.276384 -6.82133
274009251 39.2876221 -6.8183382
444402545 39.2775092 -6.8144447
302056820 39.2903883 -6.8159441
302057125 39.2852811 -6.8164906
338935783 39.288686 -6.8178974
302056824 39.284165 -6.8165379
274008996 39.2823571 -6.8172836
368756157 39.2787775 -6.818106
282838812 39.2833449 -6.8133167
282838815 39.2803806 -6.8161711
277049902 39.2809756 -6.8241732
272663892 39.2878562 -6.8200646
252965218 39.2800231 -6.8169243
252965216 39.2798598 -6.8171588
252965211 39.2797911 -6.8171929
252965210 39.2799199 -6.8172781
274009228 39.2827284 -6.8183293
252643681 39.2848269 -6.8201247
252642902 39.2909021 -6.818091
274950325 39.2775972 -6.8191336
274950324 39.2760355 -6.8187108
274950326 39.2772236 -6.8181355
274950322 39.2758196 -6.8180239
582862440 39.2877924 -6.8169596
582862447 39.2878291 -6.8169796
302057535 39.2781427 -6.8263725
302057536 39.2790066 -6.8259403
302057530 39.2792317 -6.8189203
302057531 39.2754461 -6.8200525
302057532 39.2759399 -6.8215136
302057533 39.2777667 -6.8255212
302057435 39.2741795 -6.8161894
302057431 39.2744654 -6.8140613
302057433 39.2747696 -6.8154929
302057648 39.2756563 -6.822987
302057649 39.2747594 -6.8202759
368756072 39.2789428 -6.8185363
302057643 39.2747396 -6.8255539
368756023 39.279256 -6.8195237
302057646 39.2767577 -6.8252265
302057644 39.27501 -6.8259665
302057645 39.2783405 -6.824552
274009049 39.2863066 -6.818502
302057799 39.2774486 -6.8187229
302057793 39.2767339 -6.8166992
302057794 39.2754979 -6.8171048
302057796 39.2745448 -6.817448
302057797 39.2748622 -6.818359
302056319 39.2878734 -6.8170222
302057387 39.2734924 -6.8123969
302057386 39.2732456 -6.8126909
302056316 39.2863886 -6.8174288
302056315 39.286422 -6.8171986
302056314 39.2853377 -6.8202181
302057798 39.2741964 -6.818592
252643874 39.2733591 -6.8225387
252643875 39.2737156 -6.823583
252945465 39.2824631 -6.8142521
252643975 39.2839529 -6.8214836
252643974 39.2830978 -6.8215569
282838855 39.2810352 -6.8214404
282838850 39.2815566 -6.8242095
252644369 39.2788611 -6.813447
252644244 39.27939 -6.8133557
252644245 39.2793898 -6.8140304
270675169 39.2850038 -6.8226736
274009341 39.274334 -6.8275821
252642886 39.2810635 -6.8270269
273336502 39.2749613 -6.8154963
368759076 39.2760898 -6.8169106
252643376 39.2896384 -6.8167389
252643378 39.2894406 -6.8167457
368758485 39.2766421 -6.8205212
282843301 39.2854344 -6.8164052
252966759 39.2829497 -6.8201075
368759207 39.2740251 -6.8180835
252643654 39.2816986 -6.8202687
252966756 39.2820285 -6.8195825
273331109 39.2830884 -6.8204103
252643653 39.2824205 -6.8188479
282843549 39.2872807 -6.8142335
275098340 39.2848848 -6.8179668
302057606 39.2802077 -6.8217296
302057607 39.2774172 -6.8227578
302057604 39.2799164 -6.8227782
302057605 39.2796068 -6.8219654
302057603 39.2804913 -6.8225089
302056347 39.2878859 -6.8170738
369758456 39.2856721 -6.8221004
282842767 39.2890149 -6.8190071
302057609 39.2739845 -6.8242124
252595007 39.2793725 -6.8297003
252595006 39.2795785 -6.8297855
252595005 39.279733 -6.8296662
252595004 39.2797502 -6.829385
252595003 39.2795184 -6.8292742
368755468 39.27704 -6.8217388
252595008 39.279321 -6.829581
273336625 39.2768586 -6.8211337
302057295 39.282429 -6.8198001
302057697 39.273414 -6.8178071
302057560 39.2776612 -6.82319
252941762 39.281462 -6.8240531
252941761 39.2814192 -6.8241498
282897138 39.2807195 -6.816252
302057505 39.2762113 -6.8192555
302057503 39.2789033 -6.8180474
302057502 39.2750077 -6.8156439
368758222 39.2794523 -6.8200224
302057732 39.2752361 -6.8217952
302057733 39.2741049 -6.8215248
252940806 39.2773041 -6.826898
302057736 39.2737802 -6.82062
302057734 39.2739373 -6.8210464
302057735 39.2749054 -6.8207684
252941789 39.281222 -6.8221431
252941788 39.2812826 -6.8221431
302056904 39.2845445 -6.816303
302056901 39.2866652 -6.8159496
252942369 39.2816871 -6.8240541
282842847 39.2878801 -6.818583
272666362 39.2853251 -6.8175278
272666361 39.2894069 -6.8166784
275096907 39.2896784 -6.8166708
582869511 39.2878144 -6.8171608
282844139 39.2872011 -6.8144805
302056830 39.2852133 -6.8161321
274009570 39.2881554 -6.8199347
252594989 39.279321 -6.829385
282842848 39.2870447 -6.8193285
282838802 39.2803609 -6.8160524
282838805 39.2804354 -6.8159281
252940788 39.2761659 -6.8276174
252644506 39.2757645 -6.8137639
496299038 39.277741 -6.8195991
302057528 39.2765137 -6.820158
273335845 39.2763553 -6.8196741
368760759 39.2751619 -6.8242025
274008976 39.2837955 -6.8217689
274008878 39.2867715 -6.8159943
282838869 39.2801404 -6.8159141
368760829 39.2756182 -6.8251773
302057551 39.2786703 -6.8251938
302057308 39.2832553 -6.8157855
444390277 39.2801226 -6.8171
302057439 39.2782106 -6.8161799
252940804 39.2755809 -6.8267929
272637206 39.2864094 -6.8166414
302057812 39.2740318 -6.8157375
302057429 39.2756492 -6.814173
302057427 39.2747762 -6.8149872
302057424 39.2743067 -6.8135951
302057423 39.2743662 -6.8133915
302057420 39.2732755 -6.8134221
302057776 39.2736254 -6.8168961
368761368 39.2762875 -6.8242898
302057772 39.2734661 -6.8164226
302057770 39.2733156 -6.8159751
275622449 39.2850257 -6.8146991
275622448 39.2852265 -6.8161794
274008650 39.281987 -6.8178938
368757919 39.2760411 -6.8203511
272668871 39.2836588 -6.8195535
272668870 39.2851468 -6.820382
272668872 39.2816479 -6.8184344
273336101 39.273235 -6.8189285
273336102 39.2770369 -6.8175978
273336103 39.2783893 -6.8171245
302057395 39.2733222 -6.8131659
302057390 39.2735442 -6.8131089
302057392 39.2734217 -6.8131165
302057398 39.2732686 -6.8132343
444390281 39.2814819 -6.8168516
444390280 39.2814337 -6.8171153
368758214 39.2780849 -6.8205912
302057378 39.2753633 -6.8122584
302057070 39.2866355 -6.8159045
252643966 39.2763388 -6.8226945
252643967 39.27724 -6.8223024
282838844 39.2814739 -6.8222772
282838842 39.2814185 -6.8214945
252644373 39.2762699 -6.812669
282838848 39.2815885 -6.8238821
272668435 39.283151 -6.8163826
272668434 39.2833744 -6.8163869
272668437 39.2830358 -6.8166782
272668436 39.2830053 -6.8165403
272668433 39.28397 -6.8166148
274009276 39.2750334 -6.827318
272668438 39.2834582 -6.8172462
274009445 39.2868467 -6.8158553
368756274 39.2785485 -6.8175175
273335916 39.2786696 -6.817462
273335915 39.2751158 -6.8190951
368758883 39.275359 -6.8181851
272668221 39.2816159 -6.8168293
272668223 39.2808424 -6.8169579
272668224 39.2815214 -6.8180674
272668226 39.2817781 -6.8182269
252643380 39.2894871 -6.8165083
582862439 39.2877371 -6.8169646
444390278 39.2820846 -6.8177382
444390279 39.2815364 -6.8174314
302056331 39.2876763 -6.8170725
272667820 39.2878735 -6.8171204
252847229 39.2830501 -6.814914
252847228 39.2868107 -6.8144955
252847227 39.2868786 -6.8136804
368756306 39.2779154 -6.8157754
274008909 39.2885771 -6.819541
252967042 39.2844013 -6.8185467
282843557 39.2868653 -6.8137734
282843555 39.2894226 -6.8165625
282843553 39.2885157 -6.8155712
302056337 39.2876898 -6.8171174
252965189 39.2910666 -6.8153443
252942374 39.2810931 -6.8240561
252941256 39.2846477 -6.8228438
252643377 39.2895508 -6.8167769
272662780 39.2844325 -6.8164623
252941777 39.2814568 -6.8236805
302057519 39.2744389 -6.8193146
252940810 39.27999 -6.8268778
368756000 39.2796901 -6.8206262
252941793 39.2813736 -6.8237161
252941790 39.2811984 -6.8221799
252941791 39.2813332 -6.8236692
274008561 39.2884177 -6.8176359
368755455 39.2754453 -6.8223885
302057123 39.2863223 -6.8170047
273330644 39.283075 -6.8177241
302057122 39.2868231 -6.8137317
302057121 39.2867476 -6.8144859
282843302 39.2853039 -6.8168927
252643859 39.2736367 -6.823653
252945440 39.2801654 -6.816387
252945441 39.2803138 -6.8161283
368756133 39.2790982 -6.8189811
282838839 39.2813577 -6.8209847
282838837 39.2811545 -6.8202316
252847409 39.2812105 -6.819196
252847408 39.2834431 -6.8155594
282838832 39.2809316 -6.8196612
252496427 39.2804331 -6.8160708
368756346 39.2777483 -6.8152821
252848019 39.284052 -6.8215485
274008943 39.2840424 -6.8216854
368756227 39.2780753 -6.816228
252496428 39.278777 -6.8150378
252643451 39.2895814 -6.8165031
582880672 39.2818806 -6.8157977
368755484 39.27832 -6.8212036
368755489 39.2798188 -6.820572
252941773 39.2800133 -6.8174412
302057802 39.2734301 -6.8138953
302057803 39.2735804 -6.8143554
302057805 39.2737303 -6.8148144
273331161 39.2832593 -6.8225053
273330934 39.2843613 -6.8208566
273330933 39.2845406 -6.8209996
302057415 39.2738799 -6.8176526
252643679 39.2859503 -6.8181553
368761372 39.277004 -6.8240112
368761373 39.2778824 -6.8236523
368761375 39.2790211 -6.8232393
252642970 39.2857623 -6.8227692
282838870 39.2779543 -6.8146999
252642976 39.2847542 -6.8256804
252642977 39.2848743 -6.8260213
252963457 39.290487 -6.8176576
252642979 39.2838701 -6.8274104
302057186 39.2843974 -6.8175192
302057810 39.2738821 -6.8152792
252643950 39.2738531 -6.8235817
302056968 39.2866357 -6.8158344
275098658 39.289435 -6.8148094
282838875 39.2758071 -6.8138713
252644261 39.2794756 -6.8125389
274008369 39.2853868 -6.8191297
368755460 39.2761287 -6.8221261
582883513 39.2837374 -6.8216831
273336553 39.2743335 -6.8166609
273336897 39.2757325 -6.8140671
302057777 39.2752047 -6.816252
252643650 39.2844315 -6.8163648
273336899 39.2778936 -6.8200928
272667819 39.2855289 -6.819177
252847023 39.2871549 -6.8207169
275098724 39.2837497 -6.8181496
275098723 39.2848591 -6.8170323
368758971 39.2755911 -6.8188965
368750815 39.273278 -6.8222936
338936225 39.2803552 -6.8225653
338936222 39.280086 -6.8217702
338936229 39.280544 -6.8231156
282568323 39.2794425 -6.8194458
282568283 39.2810104 -6.8248223
496299059 39.2761151 -6.8275381
274008460 39.2860306 -6.819671
252847239 39.2867503 -6.8157621
274008308 39.2837523 -6.8215442
338936139 39.2799331 -6.8213189
582881885 39.2810284 -6.8164509
582881884 39.2809225 -6.8166309
582881887 39.2807932 -6.8163011
274008855 39.274339 -6.8274647
582881882 39.2806885 -6.816489
302056326 39.2876865 -6.8170267
302056340 39.2877409 -6.8171635
252965190 39.2896682 -6.8165545
272669252 39.2830712 -6.8222852
272669251 39.2813545 -6.8222783
252642898 39.2864383 -6.8214193
302057522 39.2745381 -6.822762
302057521 39.2743228 -6.8221776
302057520 39.2734535 -6.8196298
302057527 39.2755838 -6.8205379
302057524 39.2739366 -6.823824
302057441 39.2780533 -6.8157202
302057442 39.2743926 -6.8170032
302057443 39.2778761 -6.8152486
302057444 39.2744191 -6.8164975
302057710 39.2765453 -6.8247799
302057711 39.276053 -6.8238439
302057713 39.2767653 -6.8235527
302057714 39.2772471 -6.8244783
302057715 39.277467 -6.8249359
302057716 39.2788705 -6.8227832
302057717 39.2787239 -6.8222424
302057718 39.2765453 -6.8231471
302057302 39.2819291 -6.8157425
302057653 39.2750496 -6.8211927
302057305 39.2831024 -6.8156927
274008777 39.2870474 -6.8178627
252642981 39.2847971 -6.8289018
252642980 39.2840847 -6.828007
252642986 39.2883162 -6.8291148
302057786 39.2762311 -6.815264
302057784 39.2764092 -6.8157944
302057783 39.2766082 -6.8162728
302057782 39.2753618 -6.816668
274008507 39.2876827 -6.8170304
252643863 39.2738435 -6.8239018
252643861 39.2737119 -6.8238951
252643860 39.2736231 -6.8237979
252643865 39.2753359 -6.826522
302056907 39.2864428 -6.8159423
302057014 39.2867006 -6.8159851
302057013 39.2868345 -6.8159213
302057012 39.2868173 -6.8157947
302057010 39.2866647 -6.8157902
272667140 39.2886717 -6.8193154
272667142 39.2864574 -6.8173839
368758836 39.2752816 -6.8195397
369758497 39.2845756 -6.8209619
282843026 39.2863213 -6.8171861
282843027 39.2864865 -6.8172755
282843024 39.2862331 -6.8173326
282843025 39.2862696 -6.8171965
282843028 39.2862836 -6.8174054
273336900 39.2785276 -6.8217446
252642890 39.283441 -6.8255952
252642897 39.285355 -6.8223823
252496431 39.2732721 -6.8129226
368759305 39.2746968 -6.8178841
252643346 39.2889304 -6.8127498
252643347 39.2873099 -6.8141416
272637204 39.2894323 -6.8186245
274008796 39.2745015 -6.8276017
