617939310 617939311
617939310 617939312
617939310 617939305
617939310 617939320
617939311 617939313
617939311 617939327
617939311 617939317
617939312 617939318
617939312 1381735706
617939312 1381735710
617939313 1082225493
617939313 1082225496
617939313 1082225474
617939314 617939675
617939314 617939315
617939314 617939316
617939315 617939691
617939315 617939285
617939315 617939317
617939316 617939689
617939316 617939696
617939317 617939692
617939317 617939309
617939703 617939706
617939703 617939711
617939703 617939704
617939702 617939710
617939702 617939693
617939702 617939695
617939702 617939704
617939700 617939916
617939700 617939698
617939700 617939693
617939700 617939694
617939707 617939726
617939706 617939708
617939706 617939713
617939704 617939777
617939704 617939690
617939325 617939320
617939325 617939336
617939325 617939324
447748204 447735091
447748204 447748203
447748204 447735085
447748204 617941401
617939455 617939452
617939455 617939459
617939455 617939456
617939455 617939485
276841165 276841131
276841165 447735083
276841165 617940155
617939552 617939948
617939552 617939553
617939552 617939874
617939553 206132981
617939553 617939492
617939553 617939551
617939419 617939423
617939419 617939447
617939419 617939418
617939258 617939268
617939258 617939262
617939258 617939249
1082225493 1082225488
1082225493 1082225509
617939416 617939530
617939416 617939422
617939416 617939414
617939416 617939393
617939414 617939392
617939414 617939423
617939414 617939418
1082225497 1082225484
1082225497 617939305
1082225497 617939298
1082225496 1082225471
1082225496 1082225509
1082225496 617939303
617939320 617939318
617939320 617939326
617939318 1082079067
279295265 617941278
279295265 279296268
617941053 617941057
617941056 279296189
617941056 444772973
617941056 617941057
617941057 617941049
206132981 617939978
206132981 206132998
292444402 1082225516
292444402 617939245
292444402 1082225500
292444402 438166802
617939916 617939709
617939916 617939908
617939916 617939911
617940056 617939781
617940056 617940051
617940056 617939829
617940055 617940048
617940054 617940046
617939912 617939898
617939912 617939920
617939912 617939913
617939913 617940034
617939913 617940031
617940051 617940050
617940050 617940048
617940050 617940130
617940050 617940052
617939855 617939328
617939855 617939854
617939855 617939852
617939855 617939859
617939854 617939432
617939854 617939853
617939854 617939860
617939853 617939870
617939853 617939486
617939852 617939699
617939852 617939333
617939852 617939907
617940059 617940062
617940059 617940097
617940059 617940009
617940059 617940077
617939850 617939849
617939850 617939846
617939988 617940000
617939988 206132886
617939988 617940021
617939986 617939970
617939986 617939979
617939986 276842115
206133335 206133295
206133335 279296276
617939216 617939301
617939213 1082225475
617939213 617939219
617939219 1082225516
617939219 617939156
617939219 1082225500
617940147 617940153
617940147 617940137
617940129 617940121
617940119 617940085
617940119 617940114
617940114 617940123
617940114 617940109
617940112 617940052
617940110 617940078
617940110 617940109
617939675 617939674
1082225507 1082225474
1082225507 617939309
1082225507 1082225502
1082225500 1082225475
1082225500 617939220
1082225502 617939269
1082225502 1082225471
1082225509 1082225484
617939328 617939333
617939328 617939331
617939328 617939429
617939459 617939442
617939452 617939445
617939452 617939451
617939452 206132491
617939451 617939446
617939451 617939456
617941398 617941397
617941398 617941402
617941398 447735096
279296240 279296222
279296240 279296264
279296240 616971323
617939324 1381736515
617939324 617939336
617939324 1082079067
617939327 617939694
617939327 617939326
617939326 617939698
617939699 617939698
617939699 617939906
617939699 617939336
617939698 617939911
617939691 617939692
617939691 617939695
617939690 617939689
617939690 617939697
617939693 617939692
617939693 617939709
617939692 617939694
617939695 617939689
617939697 617939711
617939697 617939674
617939696 617939674
617939878 617939954
617939878 617939872
617939878 617939881
617939878 617939961
622324905 622324907
622324905 622324906
617939796 617939765
617939796 617939803
622324907 617939502
622324906 617939489
617939790 617939792
617939790 617939803
617939792 617939782
617939792 617939827
617939529 617939530
617939529 1381756561
617939529 206132462
617939527 617939526
617939527 617939525
617939526 617939522
617939525 617939503
617939525 622324924
617939525 617939498
617940076 617940073
617940076 617940109
617940076 617940068
617939522 617939551
617939978 276842115
617939978 617939950
617939978 617939977
617939870 617939865
617941062 617941049
206132878 276842114
206132878 617941277
206132878 206132876
206132878 622324929
206132876 276842115
206132876 617939962
206132876 206132886
617939783 617939777
617939783 617939774
617939783 617939784
617939782 617939830
617939782 617939784
617939781 617939780
617939781 617939830
617939781 617940041
617939780 617939784
617939784 617939776
617939967 617939970
617939967 617939971
617939967 617939962
617939967 617939960
617940085 617940086
617940086 617940132
617940086 617940077
617940080 617940062
617940080 617940078
617940080 617940077
617940080 617940083
617939962 617940000
617939962 617939956
617939961 617939959
617939961 617939895
617939960 617939953
617939960 617939959
292444301 292444303
292444301 1381735706
292444303 1381735710
617940013 617940062
617940013 617940012
617940013 617940014
617940012 617940011
617940012 617940061
617940011 617940015
617940011 617940063
617939818 617939826
617939818 617939827
617939818 617939820
617940017 617939941
617940017 617940015
617940017 617940058
617940016 617940010
617940016 1381751244
617940016 617940015
617940015 617939938
617940014 617940010
617940014 617940009
617939813 617939804
617939938 617939940
617940131 617940133
617939248 617939262
617939248 617939245
617939249 1082225518
617939492 617939874
617939492 622324917
617939240 617939244
617939710 617939709
617939710 617939777
617939710 617939774
617939712 617939713
617939498 622324911
617939498 622324917
617939550 617939551
617939418 617939422
617939418 617939446
1381736515 292444310
1381736515 617939334
617939932 617939884
617939932 617939906
617939932 617939927
617939932 617939933
617939390 617939423
617939390 617939392
617939392 206133033
617939393 617939403
617939393 206133033
1082225475 617939221
1082225474 1082225471
617939768 617939762
617939768 617939764
617939768 617939726
617939403 617939530
617939403 1381757023
617939442 617939430
279296272 279296276
279296272 279296268
617939763 617939762
617939765 617939764
617939764 617939776
1381751228 1381751242
1381751228 1381751239
276842431 447748182
276842431 276842430
276842431 617940097
276842431 617940095
276842430 617940024
276842430 206132886
276842430 617940021
842019893 842019995
444772975 444772979
444772975 444772973
444772973 206133264
444772979 206133264
617940008 617939996
617940008 617940005
617940008 617940006
206133391 206133392
206133391 279296276
206133392 206133400
617939844 617939835
617939844 617939838
617939844 617939846
617939845 617939831
617939845 617939838
617939845 617939829
617939951 617939950
617939951 617939955
617939998 617940006
617939998 617940010
617939998 617940001
617939996 617939997
617939996 617939924
617939997 617940005
617939997 617939957
617939956 617939958
617939956 617940007
1381756393 617939422
1381756393 206132999
1381756393 206132462
617939954 617939953
617939954 617939959
206132462 1381756561
617940123 617940142
617940123 617940121
617940122 617940120
617940122 617940146
617940121 617940120
447735083 447735082
447735083 276841800
447735082 447735085
447735082 617941405
447735082 276841131
276841800 447735085
276841800 447748203
617939923 617939921
617940041 617940039
617940041 617939770
617940041 617940033
617939921 617939943
617939921 1381751239
617939921 617939933
617939920 617939908
617940044 617940042
617940044 617940043
617940044 617940045
617940044 617940074
617939926 617939901
617940046 617940039
617940046 617940053
617940047 617940045
617939958 617940005
617939958 617939957
617939332 617939331
617939332 617939425
617939445 617939447
617939445 206132491
617939446 617939447
617939446 617939460
617939331 617939334
617939336 617939333
617939441 206132491
617939441 617939425
617939334 617939333
438166802 438166810
438166802 438166801
438166801 438166810
622324918 622324924
622324918 622324919
622324919 617939507
842019995 616971244
622324911 617939499
622324915 617939863
622324915 617939499
617939534 617939422
617939534 617939462
617939534 617939543
617939537 617939538
617939537 617939540
617939538 206132998
617939430 617939429
617939430 617939432
617939430 617939425
206133295 616971244
206133295 206133264
206133295 279296268
617941278 276842114
617941278 617941277
617941278 617941283
617941277 617941286
617939893 617939884
617939893 617939887
617939893 617939894
617939891 617939884
617939891 617939927
617939897 617939943
617939895 617939886
617939895 617939927
617939895 617939883
617939894 617939885
617939894 617939860
617939894 617939901
617939898 617939900
206133264 279296264
279296264 279296189
279296264 279296268
301929192 447735098
301929192 447735094
301929192 617940132
301929192 447748197
617939970 617939974
617939971 617939974
617939971 617939955
617940073 617940079
617940074 617940052
617940074 617940064
617940077 617940098
617939977 276842114
617939977 279432399
617940079 617940082
617939873 617939872
617939873 617939874
617939873 617939881
617939872 617939952
617939874 617939876
617939876 286670737
292444312 292444310
292444312 1082079067
617939156 617939157
617939885 617939887
617939885 617939865
617940083 617940061
617940083 617940082
617940004 617940005
617940004 617940006
617940004 617940007
617940007 617940003
617940000 617940003
617940001 617940002
617940001 617940003
617940002 617940027
617939804 617939803
617939800 617939803
617940009 617940028
617939803 617939820
617939489 617939482
617939489 617939486
617939480 617939479
617939480 622324899
617939480 617939507
617939482 617939485
617939482 622324899
617939486 617939502
617939486 617939864
617940053 617940048
617940053 617940045
617939859 617939901
617940049 617939829
617939911 617939906
447735085 617941404
617939928 617939883
617939928 617939931
617939928 617939924
617939299 617939221
617939299 617939298
617939299 617939301
617939299 617939302
617939298 617939303
617939298 617939300
617940024 622324929
617940024 617940095
617940058 617940063
617940058 617940068
447748203 617940137
447748203 447735094
617940042 617939941
617940042 617939944
617939709 617940032
617940043 617940031
617940043 617939944
617940043 617940038
617939770 617939774
617939770 617940032
617939479 617939456
617939777 617939776
617940045 617940038
617939925 617939931
617939924 1381751244
1381751233 1381751242
1381751233 617939940
1381751233 617939931
1381751233 1381751244
617939549 617939518
617939549 617939548
617939549 617939543
617941405 617941406
617941405 617941404
617941404 617941401
617941402 447735091
617941402 617941401
1381751239 617939940
617939508 622324923
617939508 617939548
617939503 617939512
617939503 617939516
617939503 622324923
617939502 617939499
617939504 617939512
617939504 617939507
617940010 617940027
617939831 617939827
617939831 617939830
447748179 617940093
447748179 447748182
447748179 206133066
617939949 617939948
617939949 617939950
617939949 617939947
617939948 617939952
617940142 617940152
617940142 617940133
617940142 617940146
1381735710 617939304
617939776 617939713
617939943 617940031
617939943 617939944
617939944 617939940
617939947 617939953
617939947 617939955
447748197 447735096
447748197 447735091
447735098 206133066
447735098 447735096
447735091 447735094
447735096 276841786
617940038 617940039
617940038 617940033
617940132 617940133
617939286 617939285
617939286 617939265
617940034 617940033
617940034 617940032
617940031 617940033
617939933 617939900
617939933 617939883
617939309 617939265
617939305 1082225488
617939305 617939304
617939304 617939300
617939303 617939302
617939303 617939263
617939302 617939262
617939301 617939300
286670737 617939886
286670737 617939887
286670737 617939866
622324929 206132886
276841786 447748183
276841786 206133066
617939546 206132999
617939546 617939540
617939546 617939543
617939543 617939466
617939543 617939468
617939422 617939460
279296213 279296222
279296213 279296189
617939548 617939551
1082225484 1082225488
617941406 276841131
617941283 616971323
617941283 617941286
1381756561 206133039
206132999 206132998
206132999 279432399
617939886 617939887
617939886 617939881
617939887 617939862
617939883 617939957
617940062 617940061
617940063 617940069
617940063 617940061
617939907 617939905
617939906 617939908
617939901 617939902
617939900 617939908
617940064 617940068
617939902 617939905
617939862 617939863
617939862 617939864
617939863 617939866
617940069 617940068
617940069 617940082
617939864 617939865
617939952 617939953
617940097 617940090
617939262 617939263
617939263 617939268
617939263 617939269
617939265 617939269
617939265 617939267
617939267 617939268
617939245 1082225518
617940101 617940099
617940101 617940100
1082225516 1082225518
1082225518 617939244
617939466 617939465
617939466 617939516
617939465 617939519
617939465 617939468
617939465 617939469
617939462 617939460
617939460 617939469
1381757023 206133039
617939518 617939516
617939519 617939512
617939519 617939516
276842114 276842115
617940152 617940153
617940153 617940155
617940099 617940098
617940099 206133066
617940093 617940090
617940093 617940098
617940090 447748182
617940095 447748183
617940026 617940021
617940027 617940021
617940027 617940029
447748182 447748183
206133402 206133401
206133402 206133403
206133400 206133401
