1103400285 3.9264541 7.3956425
1103400281 3.9314859 7.3961
340214014 3.9172806 7.397199
1103400282 3.9257138 7.3958553
706305502 3.9261687 7.3891398
706304735 3.9211047 7.3907677
1103399872 3.9295333 7.3959936
705684462 3.9292666 7.3864551
705684461 3.9304575 7.3863912
705684460 3.9301678 7.3865721
705684467 3.9253291 7.388083
705684466 3.9260157 7.3879553
705684468 3.9250072 7.3881149
705684504 3.9236017 7.3864657
705684505 3.9234408 7.3862103
705684506 3.9235803 7.3861359
705684507 3.9235374 7.3860508
706289759 3.9274776 7.3900974
705684911 3.9235758 7.3848804
705684917 3.9230224 7.3861678
1103400218 3.9225987 7.3954313
705684914 3.9224645 7.3847846
1103400216 3.9304023 7.4013128
705684918 3.9232262 7.3860188
706289736 3.9291513 7.3894058
1103400211 3.9281278 7.400983
706305023 3.9226067 7.3908103
1110561875 3.9202957 7.4003131
1103400086 3.9265399 7.3955787
1110600550 3.9164977 7.3966957
705684532 3.9252647 7.3864551
1103399864 3.9303283 7.399518
706285090 3.93031 7.3898314
705682681 3.930833 7.3879553
705682680 3.9304575 7.388051
705682682 3.9309725 7.3874658
706304755 3.9222956 7.3923211
1102872704 3.9272265 7.3960997
706304974 3.92501 7.391704
1103400143 3.9280956 7.3989934
1103399979 3.9290076 7.397281
705684489 3.9172395 7.3889554
1102872899 3.9278274 7.3960146
705684481 3.9192673 7.3861997
1103400136 3.9312714 7.3973129
1103400132 3.9274626 7.3991956
1048550135 3.9222816 7.4013446
706305275 3.9229981 7.3891524
706305277 3.9227677 7.3894484
340191936 3.9230214 7.3971653
1102756921 3.9175057 7.4019302
340191934 3.9233058 7.3970414
340191932 3.9236248 7.3967044
706289900 3.9293444 7.3890973
1103399902 3.923965 7.3971001
1110562054 3.9202957 7.3998662
706304939 3.924731 7.3924807
1110562113 3.9188939 7.3981698
1110562111 3.9195125 7.3991321
1110600733 3.9173989 7.3918014
706305012 3.923023 7.3903446
705684544 3.9259835 7.385955
1140992386 3.917635 7.3893949
705684546 3.9264394 7.3845896
705684547 3.9298781 7.3868275
1140992383 3.9171708 7.3866887
705684541 3.92391 7.3846181
1140992380 3.9185718 7.3900638
504449601 3.9158412 7.3879184
705684548 3.9263269 7.3848272
504449604 3.915856 7.3877904
1140992389 3.9186147 7.3903665
1110562022 3.9191691 7.3981746
1110600937 3.9173141 7.3900434
1110600931 3.9183133 7.3930257
1103400063 3.9263897 7.3950893
706304707 3.9193988 7.3877248
1110562242 3.9203708 7.3991215
1102740722 3.9223981 7.3855564
706285056 3.9324129 7.389608
1110573897 3.9214007 7.3998556
1103400066 3.9242869 7.3969405
705684530 3.9246746 7.3871786
1103400085 3.9322311 7.3985783
1103400084 3.9328914 7.3973874
705684537 3.924342 7.3856784
706304835 3.9233899 7.3953321
706289647 3.9275742 7.3879482
706304831 3.9235723 7.3948853
706289645 3.9275194 7.3876969
1103400247 3.9291841 7.3951329
1103400246 3.9252847 7.397813
1110562234 3.9200596 7.3994939
1110562233 3.9226238 7.4002493
706305153 3.9195276 7.3946831
1103400106 3.9315503 7.4005149
1103400107 3.9322155 7.396217
1103400060 3.9298981 7.3992036
1110561821 3.9189867 7.3998556
1103400064 3.930732 7.4006823
1110561825 3.9206604 7.3993981
1103400109 3.9328378 7.3957595
459152422 3.9162396 7.3888564
1140992368 3.918989 7.3868101
1110561611 3.9200811 7.3998875
706304843 3.9232075 7.3956726
1140992362 3.9196372 7.3914177
1110600595 3.9168839 7.3905779
1102756961 3.9167011 7.4006322
340191628 3.9237162 7.3846498
706305342 3.924495 7.3918636
706305346 3.9249027 7.3929701
504449644 3.916362 7.3854106
706289830 3.9291621 7.3879163
706289836 3.9299989 7.3888845
1110562069 3.9201562 7.4003982
1110562064 3.9204351 7.3998556
706305331 3.9233256 7.3906081
1110562148 3.9190833 7.399845
706305338 3.9239372 7.3911975
706305339 3.9241731 7.3914061
1103399843 3.9313143 7.3972065
1103399845 3.926354 7.396927
340214020 3.9189138 7.3953894
1103399848 3.9276987 7.396749
1103399960 3.927012 7.4005042
1103399967 3.9286857 7.3947594
1103399966 3.9334059 7.3963447
1103399965 3.9326768 7.3956957
1103399964 3.927924 7.3953446
705684474 3.9225825 7.3873807
705684475 3.9222499 7.3870828
705684477 3.9207586 7.3864551
705684471 3.9233013 7.3880191
705684472 3.9230009 7.3878489
1140992360 3.9212721 7.3909967
705684479 3.9202329 7.3864231
701602586 3.9243602 7.3845445
1110561543 3.9211862 7.3994832
1103400209 3.9313357 7.3996531
1103400208 3.9253169 7.3952276
1110561549 3.9196305 7.3993875
1103400201 3.9265507 7.3949403
1103400203 3.9274412 7.4001531
706305421 3.9243019 7.3895122
706305426 3.9243555 7.3888739
1103400024 3.9267331 7.3992807
1110600839 3.9165084 7.3962063
706285332 3.9334643 7.3886611
706285334 3.9329279 7.388044
1048550336 3.9191595 7.4005573
1102872815 3.9337706 7.3953443
1102872817 3.9328592 7.3940893
706304805 3.9237118 7.3933425
1110600882 3.9173238 7.3912482
1110600889 3.9171516 7.396011
1110600494 3.9180104 7.3922696
706304808 3.923862 7.3937256
1103400151 3.9250272 7.3973448
1110569874 3.9257346 7.4015154
1103400157 3.9270549 7.3988764
706304878 3.9228428 7.3951513
1140992371 3.918328 7.392411
706304750 3.9219308 7.3916721
705684498 3.9249159 7.3878577
705684499 3.9247926 7.387934
1102872961 3.933106 7.3932701
1102872889 3.9294152 7.3953124
1102872886 3.9326553 7.3924934
705684491 3.9180442 7.3882745
705684496 3.9197608 7.3872211
705684494 3.9192673 7.3875722
340191929 3.9240826 7.3960992
1107717711 3.9194003 7.4007068
340191920 3.9254073 7.3929903
340191922 3.9250813 7.3932104
705684459 3.9294382 7.3873701
340191925 3.9249704 7.3933823
340191927 3.9243808 7.3953151
1102756955 3.9173512 7.3991943
1102756951 3.9176881 7.3985256
1110562103 3.9198772 7.4005472
1140992374 3.9190269 7.3883862
1110600998 3.9163904 7.3907907
1110562087 3.9191471 7.400095
706305394 3.925643 7.3897782
504449619 3.9163391 7.3870076
504449611 3.9158756 7.3876205
706305398 3.9251387 7.3898633
706305399 3.9249885 7.3899697
706305090 3.9221668 7.3904592
1110600905 3.9182595 7.3948899
705682702 3.9273461 7.3849229
705682703 3.9274856 7.3846889
1103399953 3.9258222 7.3982809
706305521 3.9254177 7.3886291
706285061 3.9315009 7.3891824
1103400264 3.930928 7.3967277
1110600694 3.9179139 7.3952168
1110600696 3.9160041 7.3972064
705684523 3.9276251 7.3864976
705684524 3.9267131 7.3860295
705684525 3.9263698 7.386221
705684528 3.9253935 7.3868487
1103400276 3.927291 7.3967809
706289716 3.9289367 7.3908848
1103400270 3.9278811 7.3962702
706289712 3.9286578 7.3908848
1103400278 3.926025 7.3994084
1103400279 3.929705 7.3973342
706289894 3.9293444 7.3886823
1103400058 3.9305633 7.4010469
706285361 3.9335072 7.3896718
1102872925 3.9337599 7.3938553
1110600878 3.9165191 7.3971851
1140992359 3.9201641 7.3862828
1140992354 3.9202368 7.3914548
1140992352 3.9183845 7.3887578
1140992353 3.9175971 7.3875334
1103400043 3.9331108 7.397846
1102756999 3.9177096 7.4017919
705202851 3.9240445 7.3845961
706285343 3.9330137 7.389076
1102872898 3.9338886 7.3934297
459151846 3.9302507 7.3872514
459151844 3.9300712 7.3868381
459151842 3.9282581 7.3859231
459151841 3.9278396 7.3852528
459151848 3.9303744 7.3875758
459151849 3.9305744 7.3887692
706305299 3.9217699 7.390257
706305296 3.9221883 7.3896399
504449555 3.9182188 7.3937574
340191913 3.9283897 7.3924538
1102757013 3.917216 7.4019515
504449650 3.916317 7.3847174
1102757018 3.9169371 7.4018451
706289841 3.929956 7.3892888
706304985 3.9248491 7.3911188
1110562177 3.9209394 7.3994939
1110600719 3.9166049 7.3909609
1103399852 3.9294582 7.4000042
1103399914 3.9261966 7.3966639
706289693 3.9279935 7.3925687
1110600659 3.9175813 7.3951955
1103400232 3.9325266 7.3957489
1103400233 3.9234635 7.3987599
1103400237 3.9247268 7.3980146
1103400238 3.9282887 7.3993871
1103400239 3.9325266 7.3998765
1110561634 3.9197485 7.3997811
705682735 3.9287087 7.3862103
1103399822 3.9296513 7.3968554
1110573876 3.9221839 7.4003131
706305513 3.9255142 7.3892143
1102872806 3.9285033 7.3957486
1103399986 3.9263822 7.3957276
1103399983 3.9266043 7.3979827
1103399982 3.9275055 7.4004298
706304771 3.9230466 7.3938958
706289660 3.9278746 7.3882887
1110561524 3.9196412 7.3995577
1140992375 3.9188127 7.389294
1110600481 3.9163582 7.3965042
1102872684 3.9326446 7.388046
1102872832 3.9336097 7.3939297
1103400160 3.9301234 7.3978555
1103400161 3.9309602 7.3985998
706304799 3.9237011 7.3928318
1102872938 3.9324729 7.3929509
706304795 3.9231324 7.3930233
1103400019 3.9264327 7.4012596
1103400010 3.9288574 7.3950361
1103400014 3.9313465 7.3979295
1048550016 3.9173829 7.3971345
1103399984 3.9310024 7.4000981
706304866 3.9244269 7.395164
504449593 3.9168369 7.3894845
1110562136 3.9193837 7.4001322
1110562139 3.9187598 7.399487
459151837 3.9261016 7.3844654
1110562093 3.9199953 7.400111
1110600961 3.9183251 7.3922897
1110562097 3.9222805 7.3998982
1110562096 3.9208428 7.3994513
706305408 3.9238298 7.3913635
1110600969 3.9180641 7.3949933
1103399968 3.9222377 7.3943764
330967465 3.9169351 7.3939829
330967467 3.9177848 7.3945276
706289663 3.9280141 7.3888419
1103399869 3.9279991 7.3971214
706285070 3.9310396 7.3895122
706285072 3.9312038 7.3897762
706305104 3.9234329 7.3916189
1103399863 3.9332878 7.3980465
1103399943 3.9327305 7.4009724
705684458 3.9292451 7.3868807
1103399946 3.9245337 7.396632
705684456 3.9283117 7.3869764
705684457 3.9284941 7.3875297
459152394 3.9170362 7.3946199
1102872731 3.9264863 7.3961848
705684453 3.9291056 7.386753
1110561685 3.9195554 7.3988129
1103400268 3.9268189 7.3979401
705684511 3.9235721 7.3846147
1103400263 3.933835 7.3976959
705684924 3.9201149 7.3854975
705684923 3.9202007 7.385306
705684921 3.9206513 7.3850612
1110561706 3.9197056 7.3992172
1103400047 3.9254027 7.3983551
1110561845 3.9200918 7.3988449
1110561840 3.9199953 7.3999194
1110561842 3.9180536 7.3966454
1102873015 3.9329128 7.393302
1102873014 3.9330416 7.3914613
706285084 3.9299023 7.39064
706285081 3.9305461 7.3902145
1103400194 3.929705 7.3959936
1103400197 3.9269691 7.3985891
1102872784 3.9324408 7.3878758
1103400190 3.9285355 7.3993765
1103400192 3.9240938 7.3983125
1110600869 3.9178709 7.39211
705682674 3.9288374 7.3854656
705682675 3.9294811 7.3860933
705682677 3.9292558 7.3849974
705682670 3.9279469 7.3844654
1102756989 3.9169371 7.4000045
1140992387 3.9201137 7.3918052
706285793 3.9303364 7.3913394
706305288 3.9226067 7.3888951
1110562193 3.918579 7.3977277
1110562198 3.9200811 7.4000684
1102757007 3.9167976 7.4015898
1102757004 3.9162311 7.399947
1107718420 3.9189202 7.3999487
1102757000 3.9177847 7.4015366
1102872698 3.9325051 7.3931318
1102873057 3.9318507 7.3876949
1110562160 3.9190618 7.3986533
1103399905 3.9242654 7.3962383
1103399906 3.9317863 7.3998872
1110600644 3.9180319 7.3951423
705684553 3.9261552 7.3857103
705684551 3.9257046 7.3853379
705684557 3.9254793 7.3847953
1103400224 3.9321833 7.4011958
706305446 3.923508 7.3894484
1110600922 3.915929 7.3906311
1048550208 3.9173912 7.3978966
1110600921 3.9167444 7.393174
706304719 3.9193988 7.3880652
504449637 3.9165365 7.3860458
1103399833 3.9311426 7.3974193
1103399838 3.9256618 7.3977295
1048550250 3.9179621 7.398074
1110573889 3.9222394 7.4000747
706305540 3.9247847 7.3887143
1103400091 3.9279454 7.3983763
1102872746 3.9292758 7.3954826
1103400093 3.9278596 7.3947275
1103400252 3.933481 7.3970682
706289675 3.9281106 7.3900549
1103400257 3.9264327 7.3973342
706304946 3.9251924 7.3923318
706305140 3.919034 7.3951619
706289679 3.9281106 7.3909699
1103400179 3.9276557 7.3993233
1103400178 3.9296191 7.3997276
1110561754 3.9197056 7.3983874
1110600513 3.9165728 7.3898118
706285349 3.932199 7.3902504
1110600515 3.917077 7.3903013
330930684 3.9329597 7.3901951
330930687 3.9316619 7.3905124
330930686 3.9321186 7.3902632
1110600457 3.9167337 7.3960786
1103399888 3.9259713 7.3963554
1110600866 3.9169053 7.3920249
1103399884 3.9311641 7.3997488
1103399885 3.9248448 7.3971001
1103399882 3.9265614 7.3968554
1140992372 3.920028 7.3913699
1103400004 3.9264696 7.3974763
1103400001 3.9316254 7.4011958
1103400000 3.9273875 7.3972384
504449580 3.9183132 7.3917912
330967472 3.9201366 7.3963661
1110600970 3.9163904 7.3918759
1110600975 3.9174954 7.3929718
706305401 3.9243341 7.390406
706304990 3.9246057 7.3902249
1048550075 3.9176388 7.3977633
706289828 3.9297736 7.3877248
706305323 3.9228857 7.3902251
330967474 3.9227716 7.3993452
