54994518 453543297
54994518 201441176
54994518 54994516
54994516 54994603
54994516 453543293
201684725 453543279
201684725 453543287
201684725 201630232
767536466 767536451
106118097 106118099
106118097 106118901
106118097 106117723
678460490 201585850
678460490 678460487
201592503 667243278
201592503 248833851
201592503 667243310
201592503 201592505
201592502 201621833
201592502 667243296
201592502 667243278
201592502 201621831
201592501 201606244
201592501 201604047
201592501 106117713
688502459 201682174
688502459 201685882
201592505 201587640
201592505 201600900
688502457 201687664
667243386 667243369
667243386 667243372
667243387 667243320
667243387 667243372
667243385 667243369
766108824 201613221
667243388 420102094
667243388 678460482
667243389 667243390
420100017 420100197
420100017 201630247
30406190 201616446
30406190 30406189
30406190 30406191
30406190 30406212
420098355 687898236
420098355 201599352
420098355 420096845
667243319 667243320
667243319 667243318
667243319 667243372
667243318 420097330
667243318 667243317
648594177 201599340
648594177 648594159
648594177 201599342
667243315 667243411
667243315 667243316
667243315 667243303
667243317 667243366
667243317 26453600
667243316 420102089
288926996 288926990
288926996 54994537
288926996 453543290
667243310 767558892
667243310 453543259
248833634 201585847
248833634 106123080
248833634 597559324
248833634 305727313
252942091 800555229
288926363 201463146
288926363 597559322
288926363 739708513
597559319 597559320
597559319 768234211
597559319 248833656
201587021 767558901
201587021 453543259
201587021 201585850
201615642 106119191
201615642 252730618
201615642 201595001
800554883 248833859
800554883 248833856
800554883 26453600
775209699 775209692
775209699 775209701
775209692 775209696
775209696 54994603
775209696 201448560
775209697 775209704
782360169 201685888
453543269 453543270
453543269 453543266
453543269 201600902
453543268 453543270
453543267 453543270
453543267 453543266
453543267 453543264
453543267 288926629
453543266 201600900
453543266 201594997
248833697 248833692
453543311 453543310
453543310 453543309
453543310 453543302
453543310 453543301
597559320 305727313
597559320 597559324
597559320 201604854
186647823 201710789
186647823 201679901
186647823 186647397
767558892 667243277
767558892 767558901
767558893 767558901
767558893 201624066
767558893 201585850
767558893 453543258
767558891 290578701
767558891 248833847
767558891 771230763
106123068 201616446
106123068 30406191
106123068 106117723
767558895 771229162
767558895 201624070
767558895 201630227
767558895 290578708
106117721 201616446
106117721 106118099
106117721 54994463
106117721 106117723
420102080 420102083
420102080 420102078
420102089 420102091
420102089 420102083
201448560 201463142
201448560 201447893
766148881 766148882
766148881 768595709
766148881 201630218
766148881 201624070
766148882 201624068
766148882 290578701
201468389 201681493
201468389 687898233
201468389 201468367
201468389 201626605
201606244 201613225
201606244 201606243
201606243 201613224
201606243 252941458
201471073 201624067
201471073 771231862
201471073 771231863
201471073 767558903
782360802 201710787
201441185 201463144
201441185 687898216
201441185 201441176
201441185 201463146
800555081 800555229
800555081 800554938
201624073 201682176
201624073 201681490
201624073 201625207
201624073 201624074
201624070 768595793
201624070 201624068
201624077 186647578
201624077 201468363
201624077 201624076
201624077 186647043
201624076 186647579
201624076 201468367
201624076 201624074
201624074 186647561
201624074 687898233
201687668 201687665
201687668 420099252
201687668 201685884
201687668 687898234
201687665 688502477
201687665 201685883
201687665 688502462
201687664 453543286
201687664 201685882
201687664 688502462
201585847 106123081
201585847 667243300
201585847 667243309
248833849 248833848
248833849 248833850
248833849 453543251
248833849 667243281
248833848 453543249
248833848 667243282
248833847 667243302
248833847 771231854
420097330 451726095
420097330 451726084
420097330 201600902
764561803 764561796
764561803 764561804
106123080 667243287
106123080 106117706
106123080 106123077
106123081 667243287
106123081 667243299
800554977 453543249
201637658 106123072
201637658 30406189
201637658 201584744
201600900 201600620
201600902 248833858
201600902 667243391
201458377 201456867
201458377 201441992
201458377 201626608
201458377 201441187
305727307 305727310
305727307 54994537
106118914 201604046
106118914 201604047
106118914 201584745
201447892 201626609
201447892 201468390
201447892 201447893
201447893 201456865
201447893 186646276
186647044 201468390
186647044 186646689
186647044 186647043
201630238 201630234
201630238 290578707
201630238 667243305
186647043 186646823
186647043 186647397
201630234 201630232
453543297 201403337
201468363 201468390
201468363 201468367
201468363 201626609
453543293 201403337
201468367 201626608
764561796 764561788
739676928 739689935
739676928 729123787
739676928 106133023
201599352 1255378946
201599352 201630247
201599352 201599343
201681489 688502479
201681489 688502478
201681489 201625207
201630240 201630243
201630240 667243305
201630240 420102078
201630243 201630247
201630243 688502465
201584745 201592482
201584745 106118909
201584745 106119194
201458378 54994592
201458378 764561773
201458378 766108844
201458378 201626597
54994523 201441176
54994523 453543290
678460482 678460483
678460483 420102094
678460483 201599342
106117719 106123072
106117719 106117717
106117719 201617475
106117719 54994463
678460486 453543275
678460487 453543256
678460487 288926629
106117715 106117716
106117715 106123075
106117715 106117713
678460489 667243302
678460489 771231860
678460489 667243309
106117717 106123073
106117717 201592482
106117717 106117716
106117716 201604047
106117713 305727315
54994592 766108842
54994592 106133023
54994459 201616446
54994459 30406189
54994459 54994463
54994459 106123072
288926990 739708513
687898216 764423999
687898216 201441992
766148857 201682176
766148857 201681490
766148857 768595709
766148857 201682178
766148852 201463144
766148852 775209702
766148852 201441992
667243308 201624066
667243308 767558903
667243308 453543258
667243308 667243301
667243309 667243301
667243309 597559324
667243306 201600619
667243306 667243307
667243306 201613225
667243306 252941814
667243307 106117706
667243307 667243288
667243304 420102076
667243305 420102076
667243302 771231862
667243303 420102078
667243300 201624066
667243300 667243299
667243300 667243301
771231862 771231860
771231862 771231854
771231863 767558900
771231863 767558902
771231863 453543276
771231860 767558903
775209702 775209704
775209702 201463142
667243288 667243287
667243288 252941816
800555229 26417805
667243282 201621826
667243282 667243281
667243281 201621827
667243281 667243280
667243280 248833850
667243280 201621828
667243280 667243279
766108841 201626597
766108841 766108844
766108841 290578701
766108842 766108844
766108842 597559317
766108842 768234194
800554938 800554808
768234194 768234177
768234194 248833657
768234211 768234177
768234211 248833657
453543270 667243390
453543275 767558902
453543275 453543276
453543275 201585850
453543276 420102074
453543277 771230764
453543277 420102074
453543277 290578703
453543279 453543280
768234177 597559317
739689935 597559317
739689935 739689926
453543309 30406189
453543309 30406186
453543305 453543306
453543305 453543303
453543306 453543301
453543302 453543303
201685887 688502481
201685887 201685885
201685887 201687671
201685887 201685888
201685885 420098888
201685885 201685884
201685885 420099252
201685884 201685883
201685884 688502479
201685883 688502478
201685883 688502461
201685882 688502461
201685889 201685888
201685888 201710789
420100456 420100197
420100456 420102096
54994495 54994492
54994495 54994537
54994495 766056681
54994492 54994466
420098888 186647562
420098888 201441994
201468390 186646277
764423999 764423998
764423999 201441187
764423998 201681494
764423998 201680554
201630232 290578703
201630232 201630227
201624068 771230763
201624068 290578708
201624064 201621834
201624064 667243299
201624064 201624066
201624064 767558901
201624067 767558900
201624067 771230763
201624067 771231854
201604046 201604045
201604046 252941458
201604046 106119194
201679809 201679901
201687671 420099252
201687671 687898238
201593515 201600620
201593515 248833850
201593515 453543251
766058853 766056681
201593513 201600619
201593513 201613224
201593513 201593514
201593513 201594999
252941459 201604045
252941459 252941458
252941459 201613223
201682176 768595793
201682176 201625208
248833858 248833856
248833859 26417803
248833859 248833862
248833850 248833851
248833851 201600620
248833851 667243279
201682178 201681493
201682178 768595768
201682178 201626599
201441187 201681494
201441187 201626605
667243278 667243277
667243278 667243279
667243279 201621831
667243277 201621834
248833652 597559324
248833652 248833656
667243372 667243366
667243371 667243366
667243370 667243365
768595768 768595709
768595768 201630218
290578708 290578703
290578708 771230764
290578707 290578703
290578701 201630218
201456867 201456865
201456867 201626609
201456865 201441992
26453600 451726095
453543249 451726095
453543249 453543251
451722707 451722717
451722707 420096845
766056681 766056695
252730618 106119190
252730618 201595003
420102076 420102074
420102076 420102078
420102074 767558900
201599340 420102094
201599340 451726046
201599342 420102096
201599342 201599343
688502479 186647562
201584744 106123073
201584744 201604855
201626597 201630218
201626597 201626599
30406212 30406213
451726046 248833687
451726046 667243390
451726046 667243391
248833687 667243320
248833687 451726084
248833687 648594159
186647577 186646823
186647577 186647397
186647579 186647578
186647579 186647561
186647579 201441994
186647578 186647397
186647578 201442928
201625207 186647561
201625207 201625208
106117706 106117707
106117707 201613227
106117707 305727315
201625209 201625208
201625208 201682174
688502477 687898234
688502477 688502486
688502478 688502460
201463142 775209701
800555037 800555176
201594997 453543251
201594999 453550616
201594999 201613223
201594999 252941812
186646277 186646276
186646277 186646689
648594159 420102096
667243292 201596577
667243292 667243293
667243292 201621826
667243293 201621827
667243293 667243294
667243293 252941812
667243294 201621828
667243294 667243295
667243294 201593514
667243295 252941813
667243295 667243296
667243295 201621831
667243296 252941814
667243296 667243297
667243297 667243298
667243297 252941816
667243298 201621834
667243298 667243299
106119194 106119193
106119194 201595000
252941814 252941816
252941814 252941813
252941813 201600619
252941813 201593514
252941812 201596577
252941812 201593514
201595001 106119192
201595001 201617473
201595000 201604045
201595000 201617473
420099252 687898236
201587640 453543259
201587640 288926629
201592495 54994463
201592495 106118099
201592495 106118906
201592495 201617475
201681490 201681493
201681490 687898233
201681493 201626601
201681494 201626601
201681494 201682183
687898238 687898236
687898238 688502482
687898238 201710787
687898236 687898234
739689926 30406186
739689926 739686707
106118099 106118904
201621828 201621827
201621828 201621831
201613225 201613224
201613225 201613227
201621827 201621826
420100197 420096845
771229162 453543287
597559322 106133023
186646823 186646689
597559326 201604854
800555208 26453599
800555208 800555176
800555208 26417803
201621833 201621834
26417803 248833862
26417805 248833862
26417805 248833674
775209701 775209704
201617473 106119193
201441994 688502481
767536451 767536459
767536459 30406186
729245338 729245375
201604047 201592482
739686707 453543289
739686707 729123787
667243391 667243390
201442928 688502481
201442928 201710789
30406186 54994466
248833866 248833862
248833866 248833674
667243369 667243365
106119191 106118904
106119191 106119192
106119191 106119190
106119190 106118901
106119193 106119192
106119193 106118909
106119192 106118906
667243364 26453599
667243364 667243365
667243365 667243366
800555176 248833674
201613224 201613223
201613221 453550616
201613221 201613223
768595793 768595709
667243411 420102091
453550616 201596577
771230764 767558900
771230764 771230763
451722717 451722715
453543258 453543256
451722713 451722715
739708511 739708513
767558902 767558903
106123073 106123072
106123073 106123075
106123077 305727315
106123077 305727313
106123077 106123075
106123075 201604855
597559317 106133023
186647562 186647561
248833692 451726084
420102094 420102091
201682174 688502460
201682174 453543287
688502464 688502465
688502464 688502463
729245375 305727310
729245375 453543289
688502460 688502461
688502461 688502462
688502463 453543286
201682183 764561773
201682183 201626599
667243320 667243321
729123786 729123787
201592482 201617475
305727313 201604855
106118904 106118906
106118904 106118901
106118906 106118909
106118909 201617475
201626599 201626601
201604855 201604854
453543289 54994466
453543284 453543286
453543284 453543281
453543281 453543280
248833656 248833657
764561788 764561773
201626605 201626601
201626605 201626608
201626608 201626609
