317958677 8.5438361 11.9777545
359579342 8.5401733 11.9790329
359579349 8.5403444 11.9790585
317950731 8.5511058 11.9861744
359579367 8.5401905 11.9794006
317958708 8.5432443 11.9822863
359595062 8.546347 11.9884709
317958684 8.5450496 11.9805042
317950321 8.5482161 11.9869257
359595065 8.5467404 11.9886077
317958681 8.5444872 11.9783231
317958783 8.5465134 11.9821777
359579393 8.5505128 11.982381
359579397 8.5505983 11.9836125
359579420 8.5509746 11.9858189
317958756 8.5444601 11.9866248
359579371 8.5400964 11.9792467
359579319 8.5409174 11.9799907
317958803 8.5485037 11.9780231
317958804 8.5484494 11.9775881
359579363 8.5403358 11.9793749
317958750 8.5430876 11.9865371
359579357 8.5404214 11.9792467
359579316 8.5464762 11.9802387
359579423 8.5509789 11.9862679
359579407 8.5511115 11.9844164
359579379 8.540137 11.9790692
317958676 8.543137 11.9769742
317958736 8.5431988 11.9863826
317950319 8.5461675 11.9868189
932143801 8.5404782 11.9788698
359579375 8.5400964 11.9791098
359579352 8.5404128 11.9791355
317958695 8.542843 11.9813103
317950378 8.5465059 11.9875063
317958691 8.5429076 11.9812457
317958799 8.5466331 11.9797741
932143370 8.546193 11.9883866
359579387 8.540137 11.9793429
359579383 8.5403893 11.9793172
932144490 8.5419694 11.9880462
317958746 8.5430918 11.9865107
359595067 8.5470312 11.9888643
