317958677 317958676
317958677 359579319
317958677 317958681
359579342 359579379
359579342 359579349
359579342 932143801
359579349 359579352
317950731 359579420
317950731 359579423
359579367 359579363
359579367 359579387
317958708 317958695
317958708 317958736
359595062 317950378
359595062 932143370
359595062 359595065
317958684 317958691
317958684 359579316
317958684 317958681
317950321 317950319
317950321 359579420
359595065 359595067
317958783 359579393
317958783 317958756
317958783 359579316
359579393 359579397
359579397 359579407
359579420 359579407
317958756 317958750
317958756 317950319
359579371 359579387
359579371 359579375
359579319 359579383
317958803 317958799
317958803 317958804
359579363 359579383
317958750 317958746
359579357 359579352
359579357 359579383
359579316 317958799
359579379 359579375
317958676 359579352
317958736 317958746
317950319 317950378
317958695 317958691
932143370 932144490
