1275700710 32.5416484 15.5469074
1271504096 32.5415608 15.5473764
249084407 32.5410054 15.543293
1275700694 32.5389865 15.5490104
277889328 32.5353716 15.5397534
1216870195 32.5289881 15.5462741
1216870194 32.5300503 15.546442
249084378 32.541104 15.5426961
277886165 32.536252 15.5425186
277892039 32.5351776 15.5376734
1216870248 32.523771 15.5483394
1275700761 32.5418259 15.5459543
1216870242 32.5253274 15.5473936
1216870241 32.5254085 15.5469467
1216870240 32.5245226 15.5472469
277892037 32.5352885 15.5366849
288626350 32.5278891 15.5465673
1216870245 32.5246129 15.5484711
1275700768 32.5379227 15.549331
1216870113 32.5305296 15.5437036
277889528 32.5379086 15.5397649
1216870119 32.5284966 15.5428892
1216870118 32.5295135 15.5430315
277892628 32.5340009 15.5369601
1275700621 32.5405419 15.5467313
288626272 32.5255373 15.5462365
288626271 32.525013 15.5491271
1275700785 32.5361802 15.5495483
277892627 32.5352353 15.5371588
277892625 32.5369021 15.5374475
249084300 32.5419946 15.5434537
1216870184 32.5292002 15.5449653
1216870186 32.5302783 15.5451393
1216870188 32.5291338 15.5453751
277889739 32.5323725 15.5419067
1253214070 32.5411177 15.5484279
1253197682 32.540722 15.5535572
277889180 32.5394562 15.5378869
1251969143 32.5237276 15.5368655
277889462 32.5391746 15.5395203
572273079 32.5393159 15.5470036
277891320 32.5255232 15.5380449
1216872848 32.5297346 15.5483103
1216872924 32.5347163 15.5449476
1216872925 32.535894 15.5450557
277888322 32.5289926 15.5365981
1216872843 32.5314455 15.5490262
1216872841 32.5317352 15.5473685
277890142 32.5294346 15.5414414
1216872847 32.5306998 15.5484611
1216872845 32.5305785 15.5494096
1216872844 32.5309549 15.550016
277892368 32.5380216 15.5386652
277891946 32.5339233 15.537473
277888274 32.5256293 15.5375065
277891924 32.5338428 15.537956
288626302 32.5308471 15.5416651
288626303 32.5267475 15.5464019
277888778 32.5300041 15.5372979
1251982171 32.5245442 15.5391345
1216870274 32.5310341 15.5494802
1216870275 32.5298756 15.5474669
288626308 32.5294855 15.5498003
277888777 32.5301061 15.5367901
1216872870 32.5317603 15.5446612
277888175 32.5264416 15.5403769
277890242 32.5297978 15.5393832
277890240 32.529541 15.5408594
277890241 32.5297033 15.5398551
277890244 32.5299027 15.5388189
277889851 32.5315677 15.5417792
1216870202 32.5255652 15.5460583
1216870201 32.5241994 15.5458329
1216870209 32.5242777 15.545375
1216872879 32.5300152 15.5466421
249084578 32.5407353 15.5422023
249084577 32.541704 15.5423517
277887490 32.5253601 15.5391613
277889078 32.5395456 15.5373678
1216872907 32.5359677 15.5444697
1275700870 32.5374731 15.550207
277888300 32.5313 15.5369961
288625458 32.5236719 15.5489194
288625454 32.5330904 15.5503296
1275700699 32.5377431 15.5488222
1216870128 32.528343 15.5438194
1216872871 32.5320378 15.5433051
1216872876 32.5306586 15.5462729
1216872877 32.5299367 15.547101
1216872874 32.5314969 15.5464001
1216872875 32.5309958 15.5463241
277887677 32.5403192 15.5411096
1216870121 32.5273267 15.5427057
1216870125 32.5261382 15.5425052
1216870116 32.5306113 15.5432367
249084822 32.5418918 15.538053
1216872807 32.5334991 15.5469289
1216872806 32.5336682 15.5460331
1216872805 32.5336826 15.5459566
1216872804 32.5338126 15.5452678
1216872775 32.5327753 15.5433613
1216872802 32.5338386 15.5451196
1216872801 32.5340042 15.5441772
1216872776 32.5327034 15.5438961
1216872779 32.5324591 15.5457125
1216872778 32.5325816 15.5448019
1216870154 32.5251388 15.5435362
1216872809 32.5331261 15.5485622
1216872808 32.5333492 15.5475469
1253214008 32.5386805 15.5508748
1271504085 32.5420903 15.5445345
277891310 32.5262098 15.5381524
1253214000 32.540804 15.5502817
1216872780 32.5323323 15.5466552
1216872837 32.5322068 15.5447431
277889251 32.5408191 15.5380808
35493542 32.5250689 15.5407459
1216872784 32.532083 15.5483219
277885781 32.5276308 15.5368825
277888981 32.5393773 15.5383442
277888982 32.531291 15.5370526
277891741 32.5263179 15.5371662
1216872938 32.5352811 15.5449994
277888136 32.5258797 15.5397808
1275700619 32.5372825 15.547369
277892626 32.5360839 15.5373053
342001112 32.5257705 15.5366708
277891591 32.5262324 15.5376147
1216872774 32.5328207 15.5430242
277892115 32.5367168 15.5384429
1216872800 32.5340733 15.5435973
277892056 32.535926 15.5383089
277891522 32.5266639 15.5388848
277889929 32.5318201 15.5401961
277889928 32.5316609 15.5411904
277887850 32.5252542 15.5396749
1251982131 32.5251633 15.5402003
1251982134 32.5237609 15.5399815
1251982135 32.524395 15.5400804
1251982136 32.524308 15.5405837
1251982137 32.5244695 15.5396619
1216870234 32.5245978 15.5468105
1216870232 32.5247602 15.5475986
1216870230 32.5244711 15.5475459
277886335 32.5366625 15.539974
1216870164 32.526961 15.5450394
1216870165 32.5281111 15.5452232
1216870162 32.5257571 15.5448338
249084504 32.5411849 15.5394671
249084503 32.5421378 15.5396151
1271504084 32.5409269 15.5443318
277891416 32.5267763 15.5382682
277891417 32.5268725 15.5377295
1216870198 32.5256105 15.5457695
1216872739 32.5380734 15.5468063
1216872738 32.5356941 15.5464285
1216872735 32.53711 15.5456903
1216872734 32.537255 15.5447707
1216872737 32.5369626 15.5466299
1216872736 32.537034 15.546173
1216870197 32.5268185 15.5459485
1216870196 32.5279635 15.5461166
1216872733 32.5373339 15.5442702
1216872732 32.5374193 15.5437286
277890432 32.5299257 15.5377663
1275700842 32.5366873 15.5482239
277889039 32.540898 15.5376027
1275700847 32.5363137 15.5486058
1253197679 32.5406399 15.554071
277886934 32.5312158 15.5375045
277887630 32.5401573 15.5420803
1216872788 32.5307978 15.5476944
1216872789 32.5312267 15.5477529
1216872838 32.5319011 15.546445
1216872839 32.531877 15.546579
1216872836 32.5322634 15.5443285
1216872781 32.5322312 15.5474068
1216872834 32.532452 15.5429468
1216872835 32.532331 15.543833
1216872832 32.5351036 15.5462355
1216872785 32.5319317 15.5491101
1216872831 32.533086 15.5458376
277892271 32.5368013 15.5379457
277892272 32.5369987 15.5369699
35491012 32.5399862 15.5431275
1275700737 32.5367585 15.547805
1253213998 32.5419504 15.5499748
1275700681 32.5365455 15.544666
277889695 32.5336599 15.5420969
1253213996 32.5385257 15.5517697
1253213995 32.5410482 15.548889
1253214048 32.53875 15.5504515
1253214049 32.5400902 15.5487411
1253214040 32.5409779 15.5493604
1253214045 32.5407242 15.5507354
1253214046 32.5421083 15.5490526
1253214047 32.5401816 15.5482847
1216870261 32.5263264 15.5487418
1216870260 32.5251167 15.5485555
1216870263 32.5275033 15.548923
1216870264 32.5285336 15.5490805
1216870266 32.5295768 15.5492541
277888007 32.5265188 15.539889
249084105 32.5405328 15.5398158
277888008 32.5266154 15.5393708
277887567 32.5271829 15.5394526
277890465 32.5288274 15.5375914
288626200 32.5312279 15.5427635
288626207 32.539816 15.5441383
277887569 32.536505 15.5409506
277887568 32.5284835 15.5396586
277886069 32.5381191 15.5386818
1216870096 32.5259737 15.5434521
1216870095 32.5255628 15.5428369
1216870093 32.5255124 15.5431153
1251982168 32.5246931 15.5380702
1275700744 32.5353778 15.5484642
1275700741 32.5375478 15.5497665
1216872861 32.5264014 15.5483006
1216870138 32.5259004 15.5439195
1216872862 32.5252009 15.5480911
1216872865 32.5310763 15.5436232
1216872864 32.5311609 15.5431434
1216872867 32.5309204 15.544507
1216872866 32.5309967 15.5440743
1216872869 32.5304037 15.5444227
1216870130 32.5293577 15.5439928
1216870135 32.5292785 15.5444821
1216870134 32.5303657 15.54464
1216870137 32.5271044 15.5441242
1216870136 32.5282639 15.5442981
617938415 32.5399846 15.5524912
617938416 32.5414771 15.5527391
617938417 32.5384469 15.5522134
1275700641 32.5378458 15.5498124
277889548 32.5367325 15.5395404
249084497 32.5413509 15.5384573
249084491 32.5412684 15.5389591
249084490 32.5411125 15.5399073
249084492 32.5414293 15.5379802
1216870244 32.5248261 15.5473022
1251969141 32.5256772 15.537223
1216872744 32.5383737 15.5449291
1216872745 32.5382984 15.5453999
1216872746 32.5382235 15.5458676
1216872747 32.5381461 15.54635
1216872741 32.5385355 15.5439197
1216872742 32.5384494 15.5444571
1253214013 32.5389743 15.5490849
1253214012 32.5386076 15.5513091
1271504095 32.5419008 15.5455515
1253214010 32.5394576 15.552396
1253214016 32.539132 15.5481241
277891905 32.5326552 15.5372705
1253214019 32.5404184 15.5525633
249084083 32.5406901 15.5388626
277889717 32.5337599 15.5415181
1216870108 32.5294352 15.5435147
277889718 32.5339369 15.540537
277889719 32.5340162 15.5400794
1216872849 32.5286842 15.54815
277887743 32.5365773 15.5405021
277887742 32.537759 15.5407167
277887741 32.53894 15.5408815
1216872902 32.5328277 15.5474516
277887745 32.5272649 15.538982
277887744 32.5285633 15.5391794
950785880 32.5398224 15.5534173
1216872840 32.5318186 15.5469041
1275700650 32.5419987 15.5450262
1275700735 32.5389105 15.5494735
1251982150 32.5241005 15.5379738
1251982151 32.5240347 15.5385487
1251982157 32.5255003 15.5382015
1251982154 32.5246248 15.5386385
277892514 32.5381864 15.5376925
1216870291 32.5262441 15.5493177
277892041 32.5351004 15.5381691
288626260 32.5263223 15.540946
249084152 32.5403825 15.5407262
1271504079 32.5406335 15.5462462
1216872762 32.539547 15.5455961
1216872811 32.5329941 15.5493198
277889930 32.5318966 15.5397296
277889931 32.531998 15.539177
1271504077 32.5417373 15.5464289
1275700797 32.5379007 15.5479327
1216872813 32.5358451 15.5454444
1216870228 32.5239237 15.5474459
1216870221 32.5254905 15.5464948
1216870220 32.5241205 15.5462949
1216870222 32.5246727 15.5463755
1216870175 32.5290605 15.5458276
1216870174 32.5280382 15.5456644
1216870176 32.5301339 15.5459641
1216870173 32.5268911 15.5454854
1216870172 32.5256838 15.5453021
249084450 32.5416359 15.5427811
249084453 32.541925 15.5409574
249084452 32.5417805 15.541869
249084455 32.5422167 15.5391175
249084454 32.5420676 15.5400581
249084457 32.5406656 15.5426261
1216872819 32.5347617 15.5469039
277890073 32.5307932 15.5410549
1216872769 32.5397202 15.5446347
277890075 32.5310426 15.5395886
277890074 32.530953 15.5400564
277890391 32.5308788 15.54052
277890392 32.5317456 15.5406618
277890393 32.5325799 15.540802
277890394 32.5338521 15.5410073
277886037 32.5374053 15.5427155
277886427 32.5273679 15.5383907
277886426 32.5286586 15.5386063
1216872898 32.5334883 15.5440556
1216872890 32.533284 15.5449794
1216872894 32.5336083 15.5435127
277889613 32.5390977 15.5399669
277884918 32.5385914 15.5429048
1216872829 32.5353015 15.5488911
1216872799 32.5341168 15.543233
1216872798 32.5353948 15.5483546
1216872797 32.5348577 15.5483025
1216872795 32.5342394 15.5482601
1216872794 32.533758 15.5482422
1216872821 32.5337728 15.5469235
1216872792 32.5331856 15.5482208
277887788 32.5270943 15.5399607
1253214029 32.5408896 15.5498285
1253214022 32.53883 15.5499641
277891296 32.5259623 15.5392767
1253214021 32.5416351 15.5518161
1253214026 32.5400204 15.5492287
1216872790 32.5316556 15.5478114
277889372 32.5352886 15.5402894
277889373 32.5352062 15.5407414
277889374 32.5350555 15.5417204
277889375 32.5349459 15.5423122
1271504106 32.540454 15.5471926
1271504109 32.5352331 15.5493951
288626204 32.5361042 15.5434855
277887012 32.540403 15.5406023
277887011 32.5390272 15.5403759
277887010 32.5378519 15.5401915
277888843 32.5407354 15.5385881
277891769 32.5269312 15.5372738
1253214057 32.5420308 15.5495052
277891947 32.534072 15.5364898
1253214055 32.540563 15.5516366
1253214053 32.5417923 15.5508981
1253214052 32.540647 15.551174
1253214051 32.5396006 15.5514754
1253214050 32.5417172 15.5513368
277890340 32.5296254 15.5403367
1275700888 32.5379979 15.5488607
950785912 32.53827 15.5532099
1275700884 32.538667 15.5469006
1275700883 32.5364532 15.5495925
1275700881 32.5366017 15.5486494
332693882 32.5396165 15.5451717
249082843 32.5402346 15.5415925
249084528 32.5419971 15.5405029
277889973 32.5307045 15.5416425
1275700858 32.5407037 15.5457779
277892090 32.5361682 15.5368261
277890421 32.5311274 15.5379667
288625680 32.5386297 15.5511845
1216872815 32.534699 15.5453448
1253197769 32.5396495 15.5544047
249084555 32.5418491 15.5414363
249084556 32.540885 15.5412918
288626199 32.5307129 15.542656
288626198 32.5295971 15.5425154
277885978 32.5406476 15.5391201
277890466 32.5275439 15.5373812
1216870087 32.5257346 15.5418866
950785864 32.5413211 15.5536503
277885976 32.5289073 15.5371108
277885977 32.5392849 15.5388806
1275700815 32.5372269 15.547828
288626282 32.5350427 15.5506206
1275700817 32.5384629 15.5480201
277886916 32.5309308 15.5389946
288626288 32.5284437 15.5496473
1216872854 32.5277293 15.5475428
1216872855 32.5287526 15.5477282
1216872856 32.5298053 15.5478874
1216872857 32.5296515 15.548807
1216872850 32.5276549 15.5479974
1216872852 32.5253632 15.5471966
1216872853 32.5265605 15.547365
1216870104 32.5260558 15.5429729
1216870106 32.5272519 15.5431834
1216870107 32.5284142 15.5433884
1216872858 32.5286079 15.5486212
1216870101 32.5271834 15.5436201
1253197780 32.539736 15.5539107
1275700657 32.5378188 15.5483948
1216870151 32.5252678 15.5428034
1253201421 32.538101 15.5541614
1275700790 32.5385456 15.547567
1275700796 32.5362489 15.5490636
288626264 32.5248978 15.541747
1275700794 32.5354443 15.5480362
1216872758 32.5394717 15.546054
288626301 32.5299748 15.5468732
277891606 32.5264072 15.536697
1216872757 32.5393907 15.5465481
1216872756 32.5357652 15.5459711
249084488 32.5408152 15.5417162
249084489 32.5409636 15.5408132
1216870159 32.5259399 15.5436674
277887570 32.5376829 15.5411469
277887571 32.5388589 15.5413523
1253214063 32.5421872 15.5485915
1253214060 32.5397719 15.5505845
1253214061 32.5398605 15.5501299
277885638 32.5282191 15.5412488
288625946 32.535837 15.5455088
277889720 32.5341364 15.5395424
1251969137 32.5255874 15.5377191
1251969135 32.5253417 15.5392506
1251969138 32.5236334 15.5373741
277891724 32.5270338 15.5368045
572273145 32.5324709 15.554224
1216872915 32.5347849 15.5433193
277885528 32.5269063 15.5410393
1216872910 32.5352812 15.5443674
1216872912 32.5347451 15.5442876
1216870139 32.5245301 15.5438983
1216872860 32.5275762 15.548478
277888112 32.5256855 15.5408443
249082842 32.5400843 15.5425332
288626305 32.5289142 15.5467306
277889668 32.5404737 15.5401739
277886202 32.5369044 15.5384746
277890592 32.5313767 15.5365329
1251982143 32.523811 15.5395662
1251982145 32.5252389 15.5397635
1251982147 32.52391 15.5390422
1251982149 32.5241586 15.5374668
1216870286 32.5254475 15.5467314
1216870285 32.5266366 15.5469175
1216870284 32.5278019 15.5470998
1216870282 32.5288273 15.5472671
1216870131 32.5304513 15.5441509
277888599 32.540984 15.5370818
277888598 32.5396337 15.5368569
1216870210 32.5256343 15.5456174
288626361 32.5274096 15.5494954
277892455 32.5381094 15.538148
277892457 32.5383464 15.536655
277892456 32.5382747 15.5371693
277890481 32.5298504 15.5382161
277890482 32.5287537 15.5380345
277889511 32.5380094 15.5393015
277889512 32.5368053 15.5390887
288626221 32.5274084 15.5421846
288626220 32.5262325 15.5419696
288626222 32.5285843 15.5423583
277891474 32.5260697 15.5387886
249084230 32.542084 15.5428526
277890416 32.5310407 15.5384198
1275700864 32.5408497 15.5448265
277887764 32.5283965 15.5401821
277889767 32.5326732 15.5403335
277889766 32.5324772 15.5413178
1216872783 32.5321572 15.5479354
1216872887 32.5309364 15.5467759
277889769 32.5328454 15.5393218
277889768 32.532759 15.5398719
1216872825 32.533758 15.5487712
1275700660 32.5363773 15.5500464
1216872827 32.533758 15.5493782
1216872826 32.533758 15.5488091
1275700624 32.5363978 15.5455777
1216872820 32.5342219 15.5469146
1216872810 32.5331063 15.548676
1216870149 32.5247277 15.5427422
1216872760 32.5359587 15.5445872
1216872761 32.5396257 15.5451063
1216872814 32.53513 15.5453823
1216872767 32.5360257 15.544046
1216872817 32.5356229 15.5468868
1216872818 32.5351212 15.5468967
1216870141 32.5258708 15.5441084
1216870142 32.5250605 15.5439814
1216870143 32.5258173 15.5444501
1216870144 32.5270261 15.5446241
1216870145 32.5281798 15.5448076
1216870146 32.5260121 15.5432209
1216870147 32.5252185 15.5430838
1253214039 32.5396855 15.5510277
1253214031 32.5390569 15.5485816
1253214032 32.5404952 15.5520795
1253214035 32.5418685 15.550453
1253214034 32.5415613 15.5522472
1253214037 32.5395256 15.551927
277887361 32.5386967 15.5422937
277887363 32.5363482 15.5419222
277887362 32.5375147 15.542097
277887365 32.5270071 15.5404608
277887364 32.5283041 15.5406663
249084705 32.5410054 15.5369519
277890076 32.5311476 15.5390316
249084708 32.5409263 15.5374313
277891616 32.5257861 15.5366
277888247 32.5274646 15.5378357
249085186 32.5419696 15.5375963
249085187 32.5420502 15.5371235
249085188 32.5421331 15.5366369
1216872787 32.5298589 15.5475664
277888780 32.5297538 15.5387935
277891852 32.5325613 15.537739
277888146 32.5257937 15.5402521
277889415 32.5364202 15.5414762
277889414 32.5375885 15.5416804
277889416 32.5351265 15.5412591
277892089 32.5359961 15.5378041
249084079 32.5408507 15.5378892
1216870193 32.5302074 15.545544
1271504102 32.5407659 15.5453628
277887615 32.5387702 15.5418672
