1275700710 1271504096
1275700710 1271504077
1275700710 1275700621
1271504096 1271504106
249084407 249084300
249084407 35491012
249084407 249084378
1275700694 1253214013
1275700694 1253214031
1275700694 1275700888
277889328 277886335
277889328 277889372
277889328 277889720
1216870195 1216870175
1216870195 288626305
1216870195 1216870196
1216870195 1216870194
1216870194 1216872879
1216870194 1216870176
249084378 249084457
249084378 249084450
277886165 277887363
277886165 288626204
277886165 277886037
277886165 277889375
277892039 277891946
277892039 277892041
277892039 277892627
277892039 277892089
1216870248 1216870245
1275700761 1275700858
1275700761 1271504095
1275700761 1271504077
1216870242 1216872862
1216870242 1216872852
1216870242 1216870244
1216870241 1216870286
1216870241 1216870234
1216870241 1216872852
1216870240 1216870234
1216870240 1216870230
1216870240 1216870244
277892037 277891947
277892037 277892627
277892037 277892090
288626350 288626303
288626350 1216870284
288626350 1216870196
288626350 288626305
1216870245 1216870260
1216870245 1216870232
1275700768 1275700735
1275700768 1275700641
1275700768 1275700888
1216870113 1216870131
1216870113 1216870108
1216870113 1216870116
277889528 277887010
277889528 277889511
277889528 277889548
1216870119 1216870107
1216870119 1216870118
1216870119 1216870121
1216870119 288626222
1216870118 1216870108
1216870118 1216870116
1216870118 288626198
277892628 277891946
277892628 277891947
277892628 277892627
1275700621 1271504079
1275700621 1216872757
1275700621 1271504106
288626272 288626303
288626272 1216870221
288626272 1216870202
288626271 1216870291
288626271 1216870260
288626271 288625458
1275700785 1271504109
1275700785 1275700796
1275700785 1275700883
277892627 277892626
277892625 277892271
277892625 277892514
277892625 277892272
277892625 277892626
249084300 249084230
1216870184 1216870135
1216870184 1216870186
1216870184 1216870188
1216870184 1216870145
1216870186 1216870193
1216870186 1216870134
1216870188 1216870175
1216870188 1216870165
1216870188 1216870193
277889739 277889851
277889739 277889695
277889739 277889766
1253214070 1253214063
1253214070 1253213995
1253214070 1253214047
1253197682 950785864
1253197682 950785880
1253197682 1253197679
277889180 277888981
277889180 277889251
277889180 277889078
1251969143 1251969141
277889462 277889613
277889462 277885977
277889462 277889511
572273079 1275700884
572273079 1216872757
572273079 1253214016
572273079 1271504106
277891320 1251969137
277891320 1251982157
277891320 277891310
1216872848 1216872849
1216872848 1216872857
1216872848 1216872847
1216872848 1216872856
1216872924 1216872912
1216872924 1216872815
1216872924 1216872938
1216872925 1216872760
1216872925 1216872813
1216872925 1216872938
277888322 277885976
277888322 277888777
1216872843 1216872790
1216872841 1216872840
1216872841 1216872877
1216872841 1216872790
277890142 277890240
277890142 277889973
277890142 277885638
1216872847 1216872788
1216872847 1216872845
1216872845 1216870274
1216872845 1216870266
1216872844 288626308
1216872844 288625454
1216872844 1216870274
277892368 277892455
277892368 277886069
277892368 277886202
277891946 277891924
277891946 277891905
277888274 1251969137
277888274 277891591
277888274 1251969141
277891924 277891852
277891924 277892041
288626302 277889851
288626302 277889973
288626302 288626199
288626303 1216870285
288626303 1216870197
277888778 277885976
277888778 277890432
277888778 277888777
277888778 277886934
1251982171 1251982147
1251982171 1251969135
1251982171 1251982154
1216870274 1216872789
1216870275 1216872787
1216870275 1216872877
1216870275 1216870282
288626308 288626288
288626308 1216870266
277888777 277888300
1216872870 1216872837
1216872870 1216872867
1216872870 1216872874
277888175 277888007
277888175 277887365
277888175 277888146
277890242 277890241
277890242 277890075
277890242 277890244
277890242 277887744
277890240 277890073
277890240 277890340
277890240 277887364
277890241 277890340
277890241 277890074
277890241 277887568
277890244 277888780
277890244 277886916
277889851 277889928
1216870202 1216870198
1216870202 1216870201
1216870209 1216870210
1216872879 1216872887
1216872879 288626301
249084578 249084577
249084578 249084488
249084578 249084457
249084577 249084450
249084577 249084452
277887490 277891296
277887490 1251982157
277887490 1251969135
277889078 277889039
277889078 277888598
277889078 277892456
1216872907 1216872760
1216872907 1216872767
1216872907 1216872910
1275700870 1275700741
277888300 277890592
277888300 277888982
288625458 288626264
288625454 288626282
288625454 572273145
1275700699 1275700657
1275700699 1275700888
1275700699 1275700881
1216870128 1216870130
1216870128 1216870107
1216870128 1216870101
1216870128 1216870136
1216872871 1216872864
1216872876 1216872875
1216872877 288626301
1216872874 1216872838
1216872874 1216872875
1216872875 1216872887
277887677 277887741
277887677 249082843
277887677 249084152
1216870121 288626221
1216870121 1216870106
1216870121 1216870125
1216870125 1216870104
1216870125 288626220
1216870116 288626199
249084822 249085186
249084822 249084492
1216872807 1216872806
1216872807 1216872821
1216872807 1216872808
1216872806 1216872805
1216872806 1216872832
1216872805 1216872804
1216872805 1216872831
1216872804 1216872802
1216872804 1216872815
1216872775 1216872894
1216872775 1216872774
1216872775 1216872776
1216872802 1216872890
1216872802 1216872801
1216872801 1216872898
1216872801 1216872912
1216872801 1216872800
1216872776 1216872898
1216872776 1216872778
1216872776 1216872835
1216872779 1216872780
1216872779 1216872778
1216872779 1216872831
1216872778 1216872837
1216872778 1216872890
1216870154 1216870142
1216870154 1216870159
1216870154 1216870147
1216872809 1216872810
1216872809 1216872784
1216872809 1216872792
1216872808 1216872902
1216872808 1216872792
1253214008 1253214048
1253214008 1253214039
1253214008 288625680
1271504085 1275700650
1271504085 1271504084
277891310 277891474
277891310 277891416
1253214000 1253214029
1253214000 1253214035
1253214000 1253214045
1253214000 1253214061
1216872780 1216872781
1216872780 1216872839
1216872837 1216872836
1216872837 1216872838
277889251 277888843
277889251 249084079
35493542 1251982131
35493542 288626264
35493542 277888112
1216872784 1216872783
1216872784 1216872785
277885781 277890466
277885781 277885976
277888981 277892455
277888981 277888843
277888981 277885977
277888982 277891905
277888982 277886934
277891741 277891769
277891741 277891591
277891741 277891606
1216872938 1216872910
277888136 277888007
277888136 277887850
277888136 277888146
1275700619 1275700790
277892626 277892090
277892626 277892089
342001112 277891616
342001112 1251969141
277891591 277891417
1216872774 1216872834
1216872774 1216872799
277892115 277892271
277892115 277886202
277892115 277892056
1216872800 1216872894
1216872800 1216872799
277892056 277892041
277892056 277892089
277891522 277891474
277891522 277887745
277891522 277891416
277889929 277889930
277889929 277889767
277889929 277890392
277889929 277890074
277889928 277890392
277889928 277889766
277889928 277890073
277887850 1251982145
277887850 1251969135
1251982131 1251982145
1251982131 1251982135
1251982134 1251982143
1251982134 1251982135
1251982135 1251982136
1251982135 1251982137
1251982137 1251982143
1251982137 1251982145
1216870234 1216870222
1216870232 1216870230
1216870232 1216870244
1216870230 1216870228
277886335 277887743
277886335 277887010
277886335 277889548
1216870164 1216870144
1216870164 1216870165
1216870164 1216870162
1216870164 1216870173
1216870165 1216870174
1216870165 1216870145
1216870162 1216870143
1216870162 1216870172
249084504 249084491
249084504 249084503
249084504 249084490
249084503 249084455
249084503 249084454
1271504084 1275700864
1271504084 288626207
277891416 277891417
277891417 277888247
1216870198 1216870210
1216870198 1216870197
1216872739 1216872737
1216872739 1216872747
1216872739 1275700884
1216872738 1216872737
1216872738 1216872756
1216872738 1216872817
1216872735 1216872734
1216872735 1275700624
1216872735 1216872736
1216872735 1216872746
1216872734 1216872744
1216872734 1216872733
1216872734 1275700681
1216872737 1216872736
1216872736 1216872747
1216872736 1216872756
1216870197 1216870196
1216870197 1216870173
1216870196 1216870174
1216872733 1216872767
1216872733 1216872742
1216872733 1216872732
1216872732 1216872741
1216872732 288626204
277890432 277890481
277890432 277890421
1275700842 1275700737
1275700842 1275700657
1275700842 1275700794
1275700842 1275700881
277889039 249084079
277889039 249084708
1275700847 1275700744
1275700847 1275700796
1275700847 1275700881
1253197679 1253197780
277886934 277891852
277886934 277890421
277887630 277887615
277887630 249082842
277887630 249082843
1216872788 1216872789
1216872788 1216872787
1216872789 1216872790
1216872838 1216872839
1216872839 1216872840
1216872836 1216872835
1216872836 1216872866
1216872781 1216872783
1216872781 1216872902
1216872834 1216872835
1216872834 288626200
1216872835 1216872865
1216872832 1216872818
1216872832 1216872814
1216872831 1216872890
1216872831 1216872902
277892271 277892455
277892271 277892089
277892272 277892456
277892272 277892090
35491012 249082842
35491012 288626207
35491012 277884918
1253213998 1253214057
1253213998 1253214029
1253213998 1253214035
1275700681 1275700624
1275700681 1216872760
277889695 277889717
277889695 277889375
1253213996 1253214012
1253213996 1253214037
1253213996 617938417
1253213995 1253214040
1253213995 1253214049
1253213995 1253214046
1253214048 1253214022
1253214048 1253214060
1253214049 1253214031
1253214049 1253214026
1253214049 1253214047
1253214040 1253214057
1253214040 1253214029
1253214040 1253214026
1253214045 1253214053
1253214045 1253214052
1253214046 1253214057
1253214046 1253214063
1253214047 1253214016
1216870261 1216872861
1216870261 1216870260
1216870261 1216870263
1216870261 1216870291
1216870260 1216872862
1216870263 1216872860
1216870263 1216870264
1216870263 288626361
1216870264 288626288
1216870264 1216872858
1216870264 1216870266
1216870266 1216872857
277888007 277888008
249084105 277885978
249084105 249084490
249084105 277889668
277888008 277887567
277888008 277891296
277887567 277887788
277887567 277887745
277887567 277887568
277890465 277890466
277890465 277890482
277890465 277885976
288626200 1216872864
288626200 288626199
288626207 1216872741
288626207 1216872769
277887569 277887743
277887569 277887570
277887569 277889373
277887569 277889415
277887568 277887764
277887568 277887744
277886069 277889511
277886069 277885977
1216870096 1216870101
1216870096 1216870159
1216870096 1216870146
1216870095 1216870087
1216870095 1216870093
1216870095 1216870151
1216870093 1216870146
1216870093 1216870147
1251982168 1251982150
1251982168 1251982157
1251982168 1251982154
1275700744 1216872829
1275700744 1216872798
1275700741 1275700883
1275700741 1275700641
1216872861 1216872860
1216872861 1216872862
1216872861 1216872853
1216870138 1216870141
1216870138 1216870159
1216870138 1216870137
1216872865 1216872864
1216872865 1216872866
1216872867 1216872869
1216872867 1216872866
1216872869 1216870131
1216872869 1216870134
1216870130 1216870131
1216870130 1216870108
1216870130 1216870135
1216870135 1216870134
1216870135 1216870136
1216870137 1216870144
1216870137 1216870101
1216870137 1216870136
1216870136 1216870145
617938415 1253214019
617938415 1253214010
617938415 950785880
617938416 1253214019
617938416 950785864
617938416 1253214034
617938417 950785912
617938417 1253214010
1275700641 1253214022
277889548 277889512
249084497 249084491
249084497 249084492
249084491 249084083
249084491 249084455
249084490 249084454
249084490 249084489
249084492 249084079
1216872744 1216872761
1216872744 1216872742
1216872744 1216872745
1216872745 1216872762
1216872745 1216872746
1216872746 1216872747
1216872746 1216872758
1216872747 1216872757
1216872741 1216872742
1216872742 1216872769
1253214013 1275700735
1253214013 1253214026
1253214012 1253214051
1253214012 288625680
1271504095 1271504102
1271504095 1275700650
1253214010 1253214037
1253214016 1253214031
1253214016 1275700817
277891905 277891852
1253214019 1253214032
249084083 277888843
249084083 277885978
277889717 277889374
277889717 277890394
277889717 277889766
1216870108 1216870107
277889718 277889767
277889718 277889373
277889718 277889719
277889718 277890394
277889719 277889768
277889719 277889372
277889719 277889720
1216872849 1216872855
1216872849 1216872850
1216872849 1216872858
277887743 277887742
277887743 277889372
277887742 277887570
277887742 277887741
277887742 277887010
277887741 277887011
277887741 277887571
277887745 277886427
277887745 277887744
277887744 277886426
950785880 950785912
950785880 1253197780
1216872840 1216872887
1275700650 1275700864
1275700735 1253214022
1251982150 1251982149
1251982150 1251982151
1251982151 1251982154
277892514 277892455
277892514 277892456
1216870291 288626361
288626260 277885528
288626260 288626220
288626260 277888112
249084152 277887012
249084152 249084489
1271504079 1275700858
1271504079 1216872758
1271504079 1271504077
1216872762 1216872758
1216872762 332693882
1216872762 1275700858
1216872811 1216872810
277889930 277889768
277889930 277889931
277889930 277890075
277889931 277889769
277889931 277890076
1275700797 1275700815
1275700797 1275700817
1275700797 1275700657
1216872813 288625946
1216872813 1216872814
1216870221 1216870286
1216870221 1216870222
1216870220 1216870222
1216870175 1216870174
1216870175 1216870176
1216870174 1216870173
1216870176 1216870193
1216870173 1216870172
1216870172 1216870210
249084450 249084230
249084453 249084555
249084453 249084489
249084453 249084528
249084452 249084488
249084452 249084555
249084454 249084528
249084457 249082842
1216872819 1216872818
1216872819 1216872797
1216872819 1216872820
277890073 277889973
277890073 277890391
1216872769 1275700864
1216872769 1216872761
277890075 277890074
277890075 277890076
277890074 277890391
277890391 277890392
277890391 277890340
277890392 277890393
277890393 277889767
277890393 277890394
277890393 277889766
277886037 277887362
277886037 277884918
277886427 277886426
277886427 277888247
277886426 277888780
277886426 277890482
1216872898 1216872890
1216872898 1216872894
277889613 277889668
277889613 277887011
277884918 277887361
1216872829 1271504109
1216872829 1216872826
1216872829 1275700796
1216872799 1216872915
1216872798 1216872797
1216872798 1275700794
1216872797 1216872795
1216872795 1216872794
1216872795 1216872820
1216872794 1216872825
1216872794 1216872821
1216872794 1216872792
1216872821 1216872820
1216872792 1216872783
277887788 277887764
277887788 277887365
1253214022 1253214061
277891296 277891474
1253214021 1253214055
1253214021 1253214034
1253214021 1253214050
1253214026 1253214061
1216872790 1216872783
277889372 277889373
277889373 277889416
277889374 277887363
277889374 277889416
277889374 277889375
1271504109 288626282
288626204 1216872915
288626204 1216872767
277887012 277889668
277887012 277887011
277887011 277887010
277891769 277890466
277891769 277891724
1253214055 1253214032
1253214055 1253214052
1253214055 1253214051
1253214053 1253214035
1253214053 1253214050
1253214052 1253214039
1253214052 1253214050
1253214051 1253214039
1253214051 1253214037
950785912 1253201421
1275700884 1275700790
1275700883 1275700660
332693882 1271504102
332693882 1216872761
249082843 277887571
249082843 249084488
1275700858 1271504102
277890421 277890416
288625680 288626282
1216872815 1216872814
1253197769 1253201421
1253197769 1253197780
249084555 249084556
249084556 249084488
249084556 249084489
288626199 288626198
288626198 288626222
277885978 277885977
277890466 277888247
1216870087 288626264
1216870087 288626220
1275700817 1275700790
277886916 277890416
277886916 277890076
288626288 288626361
1216872854 1216872855
1216872854 1216870284
1216872854 1216872850
1216872854 1216872853
1216872855 1216872856
1216872855 1216870282
1216872856 1216872787
1216872857 1216872858
1216872850 1216872860
1216872852 1216872853
1216872853 1216870285
1216870104 1216870106
1216870104 1216870146
1216870106 1216870107
1216870106 1216870101
1216872858 1216872860
1275700657 1253214031
1216870151 1216870149
1216870151 1216870147
1275700794 1216872817
1216872758 1216872757
288626301 288626305
277891606 277891616
277891606 277891724
1216872756 288625946
277887570 277889414
277887570 277887571
277887571 277887615
1253214060 1253214039
1253214060 1253214061
277885638 277885528
277885638 277887364
288625946 1275700624
277889720 277889769
1251969137 1251982149
1251969138 1251982149
1216872915 1216872912
277885528 277887365
1216872910 1216872912
1216870139 1216870142
277888112 277888146
249082842 277887361
288626305 1216870282
277886202 277889512
1251982143 1251982147
1216870286 1216870285
1216870285 1216870284
1216870284 1216870282
277888599 249084705
277888599 249084708
277888599 277888598
277888598 277892457
277892457 277892456
277890481 277890416
277890481 277890482
277890481 277888780
277889511 277889512
288626221 288626220
288626221 288626222
1275700864 1271504102
277887764 277887364
277889767 277889768
277889769 277889768
1216872825 1216872810
1216872825 1216872826
1216872827 1216872826
1216872817 1216872818
1216870141 1216870142
1216870141 1216870143
1216870143 1216870144
1216870144 1216870145
1253214032 1253214037
1253214032 1253214034
277887361 277887615
277887361 277887362
277887363 277889415
277887363 277887362
277887362 277889414
277887365 277887364
249084705 249085187
249084708 249085186
249085186 249085187
249085187 249085188
277889415 277889414
277889415 277889416
