27039170 435285354
27039170 436041823
27039170 436055106
27039170 436098667
27039170 435949964
27039172 435285354
27039172 27075398
27039172 27042260
27039172 27042299
27039172 435782474
435876687 27027245
435876687 27027248
435876687 435649727
435663019 435680809
435663019 435556669
29494340 27027182
29494340 435828100
29494340 29494543
29494340 435914597
27122349 436029546
27122349 27038637
27122349 435551632
27122349 435690840
27046596 435580486
27046596 435966226
27046596 27046588
27046596 436027201
436027201 435509345
436027201 27046397
436027201 435501429
435828100 26836639
27038612 27038422
27038612 27046398
27038612 27040930
27038612 27046396
435602726 435690840
435602726 435551632
435602726 27122354
435602726 435593768
27028208 435870142
27028208 441136861
27028208 27028207
27040935 27038637
27040935 27038093
27040935 435850850
27040934 435850850
27040934 27038091
27040934 27040933
27040934 27038625
27040930 27038086
27040930 27040944
27040930 435606866
27040933 27038622
27040933 435906718
27040933 435919005
27028206 27028211
27028206 435828187
27028206 435851567
27028161 27027442
27028161 27028151
435543867 435882378
435543867 435536795
435543867 435550026
435543867 435891695
435586920 441137063
435586920 27028215
435586920 27028213
435586920 27027445
27042199 436014865
27042199 27042204
27042199 435857159
27042199 435490914
436050238 436043614
436050238 436055106
436050238 435949964
436050238 27046581
27027182 435445607
27027182 27027205
27027182 26836639
27027185 440111752
27027185 435255752
27027185 26933047
27027185 27027196
27027185 27027184
27027184 26917302
27027184 435445607
27027184 435756462
441136271 435500925
441136271 435675129
441136271 29494358
435561455 27027218
435561455 27027979
435561455 435387665
435561455 27027354
26917263 441137063
26917263 441137077
26917263 26917260
26917263 435451804
26917261 435451804
26917261 26917256
26917261 26917260
436058303 435381924
436058303 27038086
436058303 435606866
435887513 29494469
435887513 435784436
435887513 435500925
27040944 27038088
27040944 27046398
27040944 435906718
436006617 26917289
436006617 435882378
436006617 435550026
436006617 435253059
435882378 435490914
435882378 435857159
435630795 440108864
435630795 435511462
435630795 435832020
435630795 26917286
441137097 441137080
441137097 441137098
441137098 441137078
435736147 27042257
435736147 435611999
435701315 27046548
435701315 435389452
435701315 27046553
435606866 27038422
435606866 27027395
435949964 27042305
435569780 27042305
435569780 27042260
435569780 436038596
435569780 27042262
435852026 435847101
435852026 436014865
435852026 435857159
435852026 435273819
27046401 436029546
27046401 435615459
27046401 27046400
27046401 27038625
27046400 27038622
27046400 435830530
27046400 435843710
27027802 1218802556
27027802 26917282
27027802 27027777
435782474 435750585
435782474 27042259
435847101 435468195
435847101 435548279
435847101 435832020
27038422 435565306
435285354 436098667
436029546 27038626
436029546 435609257
1219834416 27028150
1219834416 27028145
435966226 435484920
435966226 435516378
435966226 435480894
27046588 435480894
27046588 436032215
27046588 435341953
435548279 435273819
435548279 26917286
27121811 435980415
27121811 27154137
27121811 27121812
27121812 435365226
436014865 435468195
436014865 436026350
435376408 26917247
435376408 435784436
435376408 435341446
435387665 435381924
435387665 435706209
435387665 435607450
27042298 435784889
27042298 27042287
27042298 435611999
435531699 27027397
435531699 435391978
435531699 435536795
435531699 27042202
27042299 27042263
27042299 27042259
1219834414 1219834392
1219834414 435951625
435622295 435612808
435622295 440111752
435622295 26917305
435622295 435255752
1219834411 27028151
1219834411 1219834412
1219834412 435951625
435273819 435260308
435508645 435967604
435508645 27038091
435508645 27038093
435508645 435850850
435784436 435788946
435784436 26917240
435545541 435690840
435545541 435593768
26917281 26917282
26917281 26917249
26917281 26917286
26917282 435250871
26917282 435500925
26917286 435641912
26917289 26917288
26917289 27027787
26917289 26917290
26917288 435641912
26917288 435253059
26917288 27027777
27027370 27027354
27027370 435901999
27027370 27027372
27027370 435891695
435649727 26933052
435649727 435706209
435649727 26836637
436055106 435845088
436055106 436066419
435454386 435317286
435454386 435254922
435454386 27042276
435454386 435460840
436073637 26836568
436073637 435913315
436073637 435389452
436073637 26836564
26836564 26836557
26836564 27046551
26836564 435919005
435857159 435253059
435254922 27042256
435254922 435667191
435254922 435842054
27027209 26933051
27027209 27027211
27027209 27027210
27027209 27027205
441137075 441137063
441137075 441137076
441137075 441137110
27027203 27027210
27027203 27027205
27027203 27027196
27027203 435445607
27027211 436023723
27027206 26836637
27027206 435669522
27027206 27027205
27027206 436023723
27027210 26933051
27027210 27027212
435675129 26917304
435675129 1218802556
435675129 26917298
440108864 440108867
440108864 435667191
440108867 435511462
440108867 435697694
27027214 27027213
27027214 27027215
435609257 435551632
435609257 436018867
435609257 435615459
27046575 27046581
27046575 436018867
27046575 27046571
27046575 435615459
27046572 436043614
27046572 435341953
27046572 27046571
27046572 27046581
27046571 435580486
27046571 435843710
435891695 435845817
435891695 27027368
435484920 435391978
435484920 27042203
435747316 29494357
435747316 26917303
435747316 435756462
435611999 435317286
27038622 27038620
27038622 27038625
435750585 436060494
27038620 435830530
27038620 27046398
27038620 435906718
27038626 27038637
27038626 435850850
27038626 27038625
435706135 435612808
435706135 26917290
27028207 435851567
435851567 27027445
435951625 435460391
27154137 435603051
27154137 27154136
29494504 26917242
29494504 26917257
29494504 436082061
435901999 27027396
435901999 435896874
435901999 27027368
435828187 1219834392
435828187 1219834401
441136861 27027445
435391978 435525149
1133956681 26917241
1133956681 1133956696
27042594 435370398
29494469 435788946
29494469 435816155
436026350 436027042
436026350 435460840
436034019 435870142
436034019 27028215
436034019 27027445
26917252 26917244
26917252 26917259
26917252 668065225
26917252 435317730
26917253 1133956691
26917253 1133956701
26917256 26917259
26917256 26917257
26917256 26917255
26917254 29494506
26917254 440109941
26917254 27028226
26917254 26917255
26917255 435451804
26917255 436082061
435680809 435550026
435680809 435688005
26917259 26917242
26917259 26917260
27028151 1219834409
435451804 27028213
436090918 436096474
436090918 436085839
435667191 435832020
435667191 435697694
435667191 435724988
435816155 29494358
27027372 26933047
27027372 435845817
27027372 27027355
435681316 435697694
436077707 436041823
436077707 436085839
435480894 27042204
435480894 436027042
27042276 27042287
27042276 435516864
27027245 26836637
27027240 435669522
27027240 26836639
27027248 435607450
27027248 435706209
27154136 435907854
27154136 435593653
436018867 27122353
436018867 435845088
436066419 436092739
436066419 27122355
436082061 29494506
436082061 29494358
27042204 27042203
27042203 27042202
27042202 435490914
435516864 435811324
435516864 435600905
436075986 435657055
436075986 29619660
435657055 27040665
435657055 27046548
435789484 435783737
435789484 435759106
435843710 435501429
435843710 435615459
435501429 435580486
435501429 435830530
435756462 29494508
435756462 26917302
435756462 435914597
436041823 27075398
27027785 27027787
27027785 1218802556
27027785 27027777
435595827 27028150
435595827 29494543
27027787 26917298
441137918 26917309
441137918 441137947
441137918 27028596
435907854 435980415
435816862 435821439
435688005 26917290
29619660 27040665
27028613 27028599
27028613 27028215
27028613 441137077
435783737 26917309
27028226 644923076
27028226 435452807
27028596 27028599
27028596 26917307
27028599 26917260
435370398 435365226
1133956657 26917240
1133956657 1133956668
435914597 436082127
435914597 435445607
435550026 435845817
27027368 27027397
27027368 435536795
435603051 435593653
27075398 435377037
435811324 435784889
435811324 27042287
435811324 27042254
435613106 435381924
435613106 26836568
435613106 27038086
27027442 436082127
27027442 29494508
27027442 435460391
435784889 27042259
27027444 435289669
27027444 435460391
27027444 27028211
27027445 27028211
435490914 435536795
27027218 27027213
27027218 435706209
27027218 27027355
441137078 441137077
441137078 441137079
441137079 441137080
27027213 26933051
27027213 27027216
27027212 26933050
27027217 26933050
27027217 27027216
27027215 26933052
435910488 27028146
668065224 668065225
668065224 435341446
668065225 435317730
435600905 27042262
435600905 436027042
435600905 27042254
435600905 435460840
435317286 27042256
435317286 27042287
435250871 435641912
435250871 27027777
26836637 435669522
26836639 435669522
26836557 435967604
26836557 27038091
26836557 27046552
27046548 27046549
27046549 27040665
27046549 435389452
27046549 26836568
435551632 27122353
435460391 942246840
435317730 26917249
435317730 26917307
436007509 435821439
436007509 436096474
435255752 26917302
436096474 435813300
436098667 27042260
436098667 27042305
27038637 27038638
27038638 435690840
435896874 27027395
435896874 27027354
644923076 440109943
644923076 29494506
27028145 1219834398
435906718 435913315
27038086 27038088
436060494 435813300
26917244 26917247
26917244 26917241
435724988 27042257
26917241 1133956670
26917240 1133956699
26917242 1133956701
26917242 1133956660
26917249 435511462
26917249 435341446
26933052 26933051
26933052 436023723
26933050 435501454
26933050 26933051
27042254 27042263
27042254 27042259
27042305 436043614
27042263 27042262
27042263 27042260
27042262 436032215
1133956660 1133956670
436032215 436027042
436032215 436038596
1133956668 435788946
435832020 435842054
435516378 435525149
435516378 435565306
435516378 435509345
1133956699 1133956696
435253059 435260308
435460840 435468195
1133956691 1133956675
435788946 1133956675
29494357 26917304
29494357 29494358
27046581 435845088
435980415 436092739
27028146 1219834407
27028146 1219834401
1219834398 435830016
435509345 27046396
436082127 29494508
436082127 29494543
436043614 436038596
29494508 974493188
435452807 942246840
435452807 440109942
435452807 440109941
435468195 435842054
435556669 435651316
435556669 435715512
435501454 26933047
435501454 27027196
435501454 27027355
27122353 27122354
27122353 27122355
27122356 27122354
27122356 27122355
27122354 436013525
27122355 435845088
440109941 435289669
440109942 440109943
440109943 974493188
974493188 942246843
436038596 435341953
435525149 27027398
27040665 435381924
27028213 27028211
27028213 435289669
435919005 435913315
435919005 27038091
27038088 26836568
27038088 435913315
27027420 27027397
27027420 27027398
27027354 27027355
435565306 27046396
435565306 27027398
942246843 942246840
435845817 435715512
435593768 436013525
435830016 1219834407
26917302 26917303
26917303 26917304
26917304 26917305
26917305 26917298
26917307 26917309
27046551 435389452
27046551 27046553
27046551 27046552
435651316 435612808
435260308 435641912
435830530 27046397
27046397 27046398
27046397 27046396
27028150 1219834409
440111752 435715512
27027396 27027397
27027396 27027395
435612808 26917298
435580486 435341953
26933047 435715512
27042256 27042257
