637003357 36.8342681 -1.2776724
569927867 36.8275294 -1.2890271
569927949 36.8228184 -1.2866143
637003389 36.8343988 -1.2770985
565304919 36.8236632 -1.2834666
637003385 36.8345983 -1.2771742
1395329920 36.8258187 -1.2811257
637003383 36.8347116 -1.2774556
569927947 36.8227117 -1.2865768
637003381 36.8347704 -1.2773321
56235909 36.8241739 -1.2859947
569927866 36.8273741 -1.2891001
281957978 36.8321644 -1.2784861
658988599 36.8232848 -1.2836648
281957972 36.831897 -1.2784288
290885345 36.8304748 -1.2865751
290885346 36.8303975 -1.2866094
282040608 36.8212668 -1.2825209
1376640352 36.8240213 -1.281426
290885245 36.8297397 -1.2828678
282175467 36.8348434 -1.2809493
1376640292 36.8240494 -1.2815471
658988625 36.8324828 -1.2854943
658988624 36.8231958 -1.2835909
282041293 36.82212 -1.2833341
282041291 36.8183955 -1.2852475
271732577 36.8277938 -1.2720411
1375162459 36.8313377 -1.2850083
1375162456 36.8314879 -1.2845283
1375162457 36.8314798 -1.2844264
637003380 36.8348077 -1.2772536
1394961621 36.8335587 -1.2787495
260571100 36.8213084 -1.2795947
612932079 36.8245139 -1.281554
612932078 36.8245139 -1.2813719
612932075 36.8241767 -1.2813679
612932077 36.8241857 -1.2816898
612932071 36.8235162 -1.2813602
612932073 36.8235197 -1.2816428
1395093441 36.8241833 -1.281693
1395329923 36.8229577 -1.2810684
282040655 36.8188781 -1.2835632
30986871 36.8262081 -1.2865868
56229927 36.8226227 -1.2867713
30986875 36.8286138 -1.2853917
30986877 36.8280478 -1.2846548
30986876 36.8284341 -1.284998
268641793 36.8304192 -1.2878719
1394961720 36.8306807 -1.2798893
1375162462 36.831504 -1.2843942
291531124 36.8312486 -1.2844253
281957892 36.8331171 -1.281661
1394971429 36.8322283 -1.2770872
281957894 36.8326536 -1.281129
1376709207 36.827073 -1.2855284
268641005 36.8341357 -1.2860956
1394882074 36.8342483 -1.2786757
282039610 36.8260494 -1.2799394
290885194 36.8309943 -1.282726
1376709194 36.8269711 -1.286054
268642668 36.8320757 -1.2859154
30986661 36.832359 -1.2854435
1376709199 36.8269861 -1.2852973
1395081590 36.830793 -1.2847578
1395081593 36.829653 -1.2863657
290884227 36.8230676 -1.2807486
260571079 36.8210853 -1.2795518
260571078 36.8211797 -1.2796891
260571073 36.8222097 -1.2810191
260571076 36.8212651 -1.2802252
291527321 36.8194017 -1.2712654
290885197 36.8298225 -1.2827651
1026792409 36.8301908 -1.2789879
1026792563 36.8262164 -1.2851798
1026792403 36.8275358 -1.2859179
271328672 36.8223598 -1.2765687
1026792406 36.8274976 -1.2782517
565304795 36.8212621 -1.2837743
1387324479 36.8265417 -1.2837275
429225785 36.8338841 -1.2886105
268642063 36.8304278 -1.2876659
268642060 36.8339229 -1.2780252
260574777 36.8204072 -1.2786765
281956719 36.8331944 -1.2759032
281956716 36.8329111 -1.2762293
260574779 36.8201068 -1.2787023
260574778 36.8202699 -1.2787194
637003372 36.8346008 -1.2777925
637003370 36.8344165 -1.2775123
637003371 36.8346505 -1.2778104
282040875 36.8196017 -1.2805301
282040876 36.8197016 -1.2803981
637003351 36.8342067 -1.2782462
260574793 36.8204501 -1.2788138
260574795 36.821317 -1.2774495
260574797 36.8209394 -1.2773465
260574796 36.8211282 -1.2774323
30986659 36.8324619 -1.2858725
260570803 36.8232954 -1.2738914
56234273 36.8270493 -1.2829656
282039370 36.8274532 -1.2767759
1394961661 36.831319 -1.2802271
566547825 36.8234771 -1.2844028
280120751 36.818696 -1.2858643
565305030 36.8242572 -1.2851464
565305031 36.8242743 -1.2850605
1164614479 36.8184311 -1.2806822
281957271 36.8301903 -1.2780571
597655654 36.8189785 -1.2800646
1395084547 36.8316696 -1.2828997
504962175 36.8205238 -1.2848998
280122535 36.8200073 -1.2837909
290884367 36.822993 -1.2808914
1390302826 36.8226804 -1.2802673
1390302820 36.8219778 -1.2798399
1390302821 36.8220179 -1.2801788
268638679 36.8325478 -1.2857352
260572600 36.8209651 -1.2794746
1026541391 36.8276684 -1.2877974
1026541390 36.828411 -1.2874199
641079381 36.825552 -1.2820517
1026792610 36.8262502 -1.2852796
281957693 36.8306709 -1.277834
281957695 36.8306023 -1.2779026
296111346 36.8240521 -1.2827636
281957328 36.8302418 -1.2779627
260572590 36.8195146 -1.2802812
281957281 36.8305937 -1.2782716
260572592 36.8196691 -1.2802211
566547638 36.8218447 -1.2862904
260572597 36.8206647 -1.2794831
30987762 36.8227263 -1.2768118
30987760 36.8219024 -1.2772923
566547636 36.8216055 -1.2858038
1026792586 36.8254786 -1.2852053
1272982382 36.8344575 -1.2774545
282175468 36.8334036 -1.2796213
1295903337 36.8203065 -1.2842482
1295903336 36.820534 -1.2848175
268640465 36.8332344 -1.2837015
1272982384 36.8345657 -1.2772509
1272982385 36.8345381 -1.2773159
268640469 36.8333546 -1.2825517
268639721 36.8340241 -1.2857438
268639726 36.8338867 -1.286027
904489550 36.8355676 -1.2815908
268639725 36.8339554 -1.2859841
290885057 36.8260093 -1.2816149
482997552 36.8311062 -1.2849031
268641323 36.8325754 -1.280874
281957282 36.8305079 -1.2783488
1395007034 36.8318957 -1.2743413
281956736 36.8329712 -1.2770188
1394961574 36.8306807 -1.2798356
1394961570 36.8310454 -1.279412
637003350 36.8341438 -1.278209
30986768 36.8351942 -1.2770359
268638524 36.832522 -1.2855464
293064952 36.8328725 -1.2844087
282039106 36.827671 -1.2767694
293064950 36.8315513 -1.2832611
1284303770 36.8185916 -1.2827657
281957285 36.8302074 -1.2782973
282040201 36.8285317 -1.2832578
281958468 36.8351241 -1.277703
504962271 36.8195326 -1.2827562
260572502 36.819815 -1.2798521
260572500 36.8197549 -1.2800666
1394971438 36.831032 -1.2774033
271328138 36.8214459 -1.275079
1026792449 36.8301435 -1.2831352
290884827 36.8261623 -1.2805569
282039627 36.8263823 -1.279672
30986955 36.8223058 -1.2812653
290885186 36.8311788 -1.2821304
290885187 36.830758 -1.2835374
268639388 36.8324705 -1.2854778
1394961507 36.8307182 -1.2800019
290885181 36.8290707 -1.283618
268642224 36.8301789 -1.2876659
504962211 36.8197254 -1.2831233
1395093439 36.8239541 -1.2820435
566547567 36.821119 -1.2860432
566547566 36.8238516 -1.2846986
296110936 36.8227504 -1.2838312
269741103 36.8362928 -1.2714804
1395093435 36.8255799 -1.2817147
260570997 36.8228877 -1.2755273
566549430 36.8321712 -1.281374
260570995 36.8229993 -1.275656
260570994 36.8230336 -1.2757504
281956509 36.8346964 -1.2728742
566549389 36.8319034 -1.282163
569927871 36.8276589 -1.2890651
569927878 36.8201178 -1.2881083
569927879 36.8200794 -1.2882154
1395073775 36.8266058 -1.2848089
1395073776 36.8274861 -1.2829756
1395073777 36.8282919 -1.2839608
291530816 36.830296 -1.2820565
566902282 36.8186255 -1.2810351
271328141 36.822507 -1.2736401
1394961627 36.8310821 -1.2802105
271328143 36.8216789 -1.2746929
280120799 36.8228387 -1.2838984
1395073778 36.8279722 -1.283377
1395073779 36.8283608 -1.2831367
566902289 36.8196078 -1.2856782
271328146 36.8219126 -1.2743526
56232859 36.8249277 -1.2887703
504962133 36.819544 -1.2855606
1295903339 36.8186659 -1.2810157
56232857 36.8237019 -1.2862521
281956502 36.8317729 -1.2737503
271328292 36.8194931 -1.2752301
1394961593 36.8315704 -1.2800976
260574554 36.8188279 -1.2799722
30498732 36.8302186 -1.2876302
30498730 36.8304621 -1.2877689
30498731 36.8301617 -1.287889
260574500 36.8186649 -1.2799894
260574501 36.8187335 -1.2800495
260574502 36.8186906 -1.2801181
296111410 36.8239974 -1.283744
268641755 36.8301274 -1.2877689
1282530175 36.8342563 -1.2776035
1375293344 36.8231286 -1.2839955
1375293343 36.82337 -1.283789
1394961653 36.8323785 -1.2777412
290885241 36.8303804 -1.2838892
260572644 36.8207162 -1.2792171
282039445 36.8265025 -1.277012
260572642 36.8207334 -1.2794145
260574590 36.8183988 -1.2800495
1394971442 36.8317455 -1.2778109
566902276 36.8278022 -1.2842297
290884773 36.8246469 -1.2804654
1394971447 36.831319 -1.2783335
566902277 36.819176 -1.2820796
290885058 36.8263635 -1.2810747
1394971449 36.8308268 -1.2773293
1026792416 36.8262326 -1.2853237
30986601 36.8319617 -1.2855472
1394971435 36.8316168 -1.2779557
1394971433 36.8319869 -1.2770655
1295903349 36.8202149 -1.284295
1394971431 36.8313177 -1.2776525
268642314 36.8305128 -1.2786133
1295903347 36.8193828 -1.282376
1295903341 36.8192164 -1.2820602
1295903343 36.8205642 -1.2848804
56234402 36.8267 -1.283484
1394882064 36.8350037 -1.2822406
1394882069 36.835514 -1.2786102
1395073755 36.8277305 -1.2834269
407832034 36.8299767 -1.2779593
282040560 36.818444 -1.2833011
293064866 36.8329998 -1.2835976
290884257 36.8222766 -1.2808878
293064864 36.8317506 -1.2854065
1394987012 36.8342426 -1.2752691
1394961541 36.8328216 -1.2790831
56232723 36.8255301 -1.2853082
1284303789 36.8188687 -1.2830942
1026792548 36.8261577 -1.2852114
56233483 36.8260689 -1.2844656
56233482 36.8262596 -1.2849736
260570794 36.8227332 -1.2765999
260570791 36.8215488 -1.2773636
260570793 36.8225272 -1.2767716
566902291 36.821693 -1.2846356
56235748 36.8223972 -1.2860376
1026792544 36.8269047 -1.2846625
280122422 36.8200154 -1.2879718
280122420 36.8199227 -1.2882591
280122421 36.8198175 -1.2880932
271328665 36.8190478 -1.2739583
1026792473 36.8259243 -1.2853435
56232283 36.8274558 -1.2890425
1395331139 36.8205358 -1.2783762
566902296 36.8215745 -1.2843995
56238135 36.8217805 -1.281963
56238136 36.8235626 -1.283393
281956723 36.8338295 -1.2759547
281956721 36.8335463 -1.2758689
637003347 36.8342347 -1.2782493
281956725 36.8340698 -1.2761607
268642174 36.8315521 -1.2870223
637003349 36.8341666 -1.2782418
281957278 36.830628 -1.2781
281956646 36.832217 -1.2720764
268642172 36.8313376 -1.2873055
1376709231 36.8271463 -1.2852053
1376709232 36.8274751 -1.2858502
1376709234 36.8265685 -1.2852013
1376709235 36.8268155 -1.2850619
1376709236 36.8270784 -1.2855606
566546056 36.8226349 -1.2837457
282039919 36.8223995 -1.2795747
566549111 36.8288273 -1.2852874
282039917 36.8220305 -1.279343
282039916 36.8219277 -1.2793116
282039915 36.8217553 -1.2793367
282039914 36.8297295 -1.2817799
282039913 36.8297898 -1.2819117
282039912 36.8297984 -1.2820146
282039911 36.8297727 -1.2821176
282039910 36.8296868 -1.2822206
30986772 36.8354946 -1.2773792
30986773 36.8353745 -1.277465
30986770 36.8355159 -1.2770901
1026792574 36.8296166 -1.2839812
282039368 36.8265197 -1.2775354
30986774 36.8352715 -1.2774821
1376640397 36.8240879 -1.281589
569927887 36.8200614 -1.287997
1376640393 36.8240167 -1.2816299
281956429 36.8360643 -1.2721031
1376640258 36.8241909 -1.281422
291530987 36.830538 -1.2812827
291530988 36.8281747 -1.2800708
291530989 36.8228648 -1.2790688
480762546 36.832541 -1.2841418
1376640399 36.8241235 -1.2816383
56234403 36.8252814 -1.2824521
290884378 36.8239398 -1.2798467
290884376 36.8229646 -1.280946
612932080 36.8245845 -1.2816866
612932082 36.8239334 -1.2805382
612932084 36.8238504 -1.2802665
260574533 36.8189738 -1.2800409
281958289 36.8351513 -1.2774993
1026792604 36.8263247 -1.2851216
540685837 36.8276379 -1.2820951
290884738 36.8250022 -1.2797877
290884739 36.8247756 -1.2803711
260571128 36.8209136 -1.277827
260571125 36.8236087 -1.2739141
1375293377 36.8230991 -1.2839177
260571127 36.8238404 -1.2739484
281957984 36.830628 -1.2781944
268639719 36.8339812 -1.2855808
268639718 36.8338953 -1.2855121
904489546 36.8285884 -1.2762798
268639716 36.8336228 -1.2854386
904489544 36.8286742 -1.2765694
904489545 36.8285669 -1.27643
904489542 36.8296726 -1.2767725
904489543 36.829393 -1.2769449
904489540 36.8323756 -1.2751643
904489541 36.8323456 -1.2755253
271328444 36.8195516 -1.2725259
271328330 36.8199692 -1.2739803
1387324287 36.8251483 -1.2826318
271328440 36.8186425 -1.2737001
1387324281 36.8265437 -1.2837352
271328442 36.8200983 -1.2718116
1387324327 36.8275393 -1.2822415
281957273 36.8303276 -1.2779283
566605029 36.8273349 -1.2891642
282175360 36.836321 -1.2787859
281957276 36.8305336 -1.2779627
1395331093 36.8217557 -1.2791132
30986859 36.8317487 -1.2825746
30986858 36.8321935 -1.2812567
566601523 36.8207782 -1.2811871
566601520 36.8206703 -1.2813454
30986857 36.8323136 -1.281128
30986856 36.8325067 -1.280977
30986855 36.8325625 -1.280759
282040606 36.8215672 -1.2822377
271328877 36.8275809 -1.272193
1375162500 36.8311714 -1.2849305
1375162503 36.8311576 -1.284881
1375162504 36.8313292 -1.2849856
1390302839 36.8227949 -1.2805784
30986655 36.8321399 -1.2855625
30986657 36.8320626 -1.2858114
30986656 36.8320798 -1.2856741
1390302833 36.8229129 -1.2801359
1390302837 36.8214958 -1.2796585
1390302836 36.8231256 -1.2797946
1390302835 36.8228306 -1.280565
1395084546 36.8327982 -1.2838367
1394882099 36.8351895 -1.2793074
291530957 36.826293 -1.2790869
1394961561 36.8339288 -1.2776125
268638523 36.832359 -1.2859068
1394882096 36.8358137 -1.2783367
1394882097 36.8342497 -1.2786721
1387324213 36.8286846 -1.2830035
56230784 36.8267832 -1.2877881
268639576 36.833449 -1.2825259
281956727 36.8341557 -1.2764867
1387324350 36.826904 -1.2831971
904489614 36.833644 -1.2810029
291531116 36.8310273 -1.2842088
291531117 36.8308878 -1.2842049
268642232 36.8320089 -1.2807539
268642233 36.8320862 -1.2809255
268642230 36.8320089 -1.2805394
281957329 36.8304478 -1.2779369
1395093409 36.8263116 -1.284099
566902298 36.8221471 -1.2855374
566549396 36.8314139 -1.2837175
566902290 36.8206742 -1.285145
1395073762 36.8270683 -1.2849578
566902292 36.821531 -1.2843125
566902293 36.8204936 -1.2848369
566902294 36.8194559 -1.2853779
566902295 36.8186584 -1.2857873
506075004 36.8197281 -1.2743313
566902297 36.8219433 -1.2851325
565305088 36.824481 -1.2850662
1394882077 36.8356669 -1.2785163
290885326 36.8315562 -1.281744
290885327 36.8303953 -1.2816869
290885325 36.8316678 -1.2813493
1376709203 36.8272283 -1.285936
597655684 36.8274275 -1.2890263
290885328 36.8304147 -1.2867381
504962123 36.8194942 -1.2854524
280122467 36.8226045 -1.2866754
280122464 36.822783 -1.2865886
280122465 36.8228482 -1.2867385
268642287 36.8317772 -1.2804192
904489534 36.8336662 -1.2750575
904489533 36.833644 -1.2747832
904489532 36.8337275 -1.2745422
904489531 36.8338005 -1.2743138
904489538 36.8325604 -1.2745794
260570975 36.8236087 -1.2752356
1375162471 36.8313967 -1.284901
260574829 36.8210252 -1.2774495
260574828 36.8210595 -1.2775353
260570973 36.82354 -1.275493
260570972 36.8236087 -1.2755788
1375162478 36.8315063 -1.2843241
268642229 36.8321377 -1.2804278
260574827 36.8210252 -1.277664
281957780 36.8302761 -1.2783488
566547957 36.8229661 -1.2839991
1375293404 36.823421 -1.2838319
290884774 36.8236487 -1.2806022
1375293407 36.8232306 -1.2840679
290884772 36.8248061 -1.2802923
282175498 36.8355689 -1.2815888
260570974 36.8235486 -1.2753643
281956554 36.8334776 -1.2725824
281956552 36.8356573 -1.2731605
260570989 36.8230079 -1.2755273
1295903328 36.8197658 -1.2831039
260572496 36.8198922 -1.2805128
30215012 36.8198876 -1.2879863
30215010 36.8201064 -1.2880571
30215011 36.8198351 -1.2881884
1394971451 36.8314987 -1.2780308
1375293391 36.8232822 -1.2837898
1375293392 36.8232544 -1.2837649
1375293393 36.8233219 -1.2837755
282040255 36.8303542 -1.2874947
282040251 36.830387 -1.2876135
1375162479 36.8315063 -1.2851251
30986956 36.8223744 -1.2814369
290885437 36.8310164 -1.2851742
30986954 36.8223573 -1.2810937
260570802 36.8233512 -1.2741201
30986953 36.8224843 -1.2810363
30986951 36.8229323 -1.2812825
30986596 36.8230439 -1.2814455
56235502 36.8227826 -1.2868151
1394961537 36.833328 -1.2787441
56235500 36.8226699 -1.2865898
56235501 36.8228411 -1.2866468
281958089 36.8333061 -1.2795232
30986598 36.8256618 -1.2813854
1295903357 36.8202897 -1.284292
1394961535 36.8332475 -1.2779075
1295903354 36.819573 -1.2827368
1295903359 36.8202292 -1.2842511
1395081592 36.8294678 -1.2868163
30986880 36.827387 -1.2833848
30986881 36.826975 -1.2831102
30986882 36.8246975 -1.2833089
30986883 36.8258935 -1.2815399
482997530 36.8303803 -1.2844892
504962089 36.8189379 -1.2843433
293064870 36.8313266 -1.2841591
293064871 36.8321704 -1.2847237
282039775 36.8219213 -1.2790765
1394961646 36.8321961 -1.2770816
1395081591 36.8296402 -1.2853415
480711142 36.8279722 -1.2804708
1395329921 36.8236458 -1.2806046
480711140 36.8269135 -1.277215
280120821 36.8189282 -1.2875604
260571091 36.8207677 -1.2779986
260571090 36.8209651 -1.2778785
260571092 36.820596 -1.2781874
260571094 36.8205102 -1.2785993
260571096 36.8206046 -1.278994
56233479 36.8268862 -1.286235
282040558 36.821541 -1.2817776
282040654 36.8186331 -1.2836871
1394961690 36.8338158 -1.2786383
282040656 36.8213527 -1.2823236
1284303790 36.8187843 -1.2831362
1375162498 36.8313588 -1.2848811
30986771 36.8355633 -1.2772419
30986660 36.8325564 -1.2856494
1375162493 36.8315469 -1.2843808
30986662 36.8322388 -1.2854864
566549124 36.8276374 -1.2858683
1375162494 36.8318366 -1.2845497
1375162495 36.8313377 -1.2842923
637003391 36.8344569 -1.2770455
1026792466 36.8293522 -1.2796489
637003392 36.8348911 -1.2770783
280122419 36.8201071 -1.2881708
291527572 36.8214815 -1.2720187
1387324491 36.82543 -1.2822381
1394961568 36.830796 -1.2800904
637003393 36.8346109 -1.2769749
281956503 36.8350768 -1.2746686
637003354 36.834212 -1.2775906
637003355 36.8342373 -1.2776613
637003356 36.8342322 -1.2777143
281956737 36.8328854 -1.2768386
281956730 36.8339497 -1.2770273
281956731 36.8338467 -1.2771475
281956732 36.8337093 -1.2772247
637003353 36.8342675 -1.278156
1376640419 36.8240501 -1.2815142
266470493 36.8213572 -1.2865135
504962371 36.8200772 -1.2867148
56234575 36.8250237 -1.2828026
56234572 36.8264313 -1.2839181
1376709227 36.8270025 -1.2849329
1376709226 36.8267834 -1.2856625
1376709224 36.8268424 -1.2850297
1376709222 36.8267863 -1.285699
1376709221 36.8264669 -1.2850779
282039901 36.8304247 -1.2820975
569927951 36.8228284 -1.2867775
569927950 36.822853 -1.2866889
569927953 36.8226969 -1.2868239
569927952 36.8227405 -1.286827
569927955 36.8226052 -1.2867312
569927954 36.8226384 -1.2867906
569927956 36.8226209 -1.2866348
1394961681 36.8320674 -1.2779289
30986767 36.8350998 -1.2772676
30986766 36.8351856 -1.2774307
1395073757 36.8283511 -1.2831371
30142932 36.8185866 -1.2887965
1394961686 36.8324107 -1.2776876
1394961688 36.8307531 -1.2796479
1395073758 36.8265581 -1.2846649
1395073759 36.8265581 -1.2844612
30986769 36.8353778 -1.2770263
281956595 36.8332029 -1.2736894
281956596 36.8338447 -1.2713108
290884181 36.820977 -1.281341
290884182 36.8212995 -1.2808859
1387324340 36.8286823 -1.2830018
480762552 36.8291255 -1.2824596
480762553 36.8287806 -1.2828438
30498718 36.8361302 -1.2889007
504962114 36.8191802 -1.2848427
569927885 36.8199363 -1.2879669
569927883 36.8198339 -1.2880434
569927882 36.8198179 -1.2881389
569927881 36.819876 -1.2882352
569927880 36.8199826 -1.2882649
30498711 36.8277131 -1.2891186
30498712 36.8322031 -1.2883212
30498713 36.8328656 -1.2880329
30498714 36.834513 -1.2886665
282040047 36.8312575 -1.2839196
260570991 36.8231881 -1.2754415
540686054 36.8189967 -1.2732507
280120815 36.8187994 -1.2873115
280120817 36.8211725 -1.2861511
280120816 36.8194346 -1.2870455
1394961632 36.8328828 -1.2779879
268643887 36.8340777 -1.2856266
268639707 36.8325907 -1.2854263
268639708 36.8326508 -1.2854778
268639709 36.8327366 -1.2854949
1284303754 36.8211932 -1.2815083
280120813 36.8216231 -1.2844968
282037026 36.8312689 -1.2756569
566605030 36.8275905 -1.2890339
268639729 36.8334404 -1.2860184
637003384 36.8345116 -1.2773782
266470294 36.8202983 -1.2871869
296111497 36.8244794 -1.2831246
30986868 36.8292495 -1.2862165
30986869 36.8303117 -1.2866094
281958661 36.8354477 -1.2773932
30986861 36.8306014 -1.2864603
268642901 36.8301188 -1.287786
268641780 36.8349453 -1.2778683
1375162512 36.831504 -1.2844452
291527425 36.8218388 -1.2715472
1394986999 36.8348246 -1.275426
1394986997 36.8344687 -1.2745134
1390302841 36.8239083 -1.2798264
1376709216 36.8272552 -1.285448
1376640379 36.8240888 -1.281548
1376709213 36.8264757 -1.284975
1376709211 36.8268906 -1.2847508
56236009 36.8238564 -1.285334
637003382 36.8347398 -1.2773964
1394882082 36.8350097 -1.279235
1376709218 36.8272769 -1.285936
1376709219 36.8270569 -1.2855821
30987751 36.8214732 -1.2800725
1395329918 36.8257266 -1.2810798
1395081589 36.829019 -1.2856778
1395081586 36.8296051 -1.2853836
271328399 36.8202585 -1.2736075
1395081584 36.8298038 -1.2857301
1395007042 36.8319351 -1.2741661
1395007045 36.8316809 -1.2741222
1395329913 36.8236639 -1.280506
290885435 36.8312301 -1.285185
268642757 36.8312088 -1.2872283
56235054 36.8278084 -1.2808078
56235055 36.8279591 -1.2816184
56235056 36.8273754 -1.2824851
1395093412 36.8272013 -1.2827417
1395093414 36.8235436 -1.2816777
1026792559 36.8271776 -1.2852053
56237655 36.8213158 -1.2827082
637003352 36.8342726 -1.2779995
281956499 36.8350225 -1.2716385
1026792412 36.8294705 -1.279606
1395331150 36.8205821 -1.2784789
56234276 36.8255901 -1.281996
637003369 36.8346719 -1.2775391
637003368 36.8346462 -1.2775932
566547827 36.8209112 -1.2856235
637003364 36.834275 -1.2773826
637003367 36.8349129 -1.2779051
637003379 36.8348353 -1.2771955
637003361 36.8343668 -1.277172
637003360 36.8342448 -1.2774518
637003363 36.8343108 -1.2773005
637003362 36.8343387 -1.2772364
291531211 36.8281995 -1.2888583
641079418 36.8315452 -1.2870499
637003374 36.8345069 -1.2777586
282039833 36.8279462 -1.2727258
282039834 36.8288982 -1.2751065
282039835 36.8284509 -1.2753129
56236174 36.8251352 -1.2847247
260570966 36.8244069 -1.2745319
260570967 36.8244069 -1.2744805
260570965 36.8243726 -1.2746349
260570963 36.8234113 -1.275656
30986693 36.8344618 -1.285452
290884744 36.8234278 -1.2807585
1026792483 36.8281347 -1.284732
1395073784 36.8268639 -1.2845523
1395073787 36.8279668 -1.2833169
1395073780 36.8293484 -1.2838028
1395096271 36.8223924 -1.281918
1395096272 36.8238245 -1.2830563
1395073789 36.8268692 -1.2844987
281957547 36.8302761 -1.2777911
1394961600 36.8314963 -1.2801688
268639582 36.8331572 -1.2841563
30215008 36.820033 -1.2882505
268639587 36.8325564 -1.2852547
281958237 36.835157 -1.2773762
566542337 36.824687 -1.2849547
1390302817 36.8232628 -1.2800732
566542334 36.8245068 -1.2846801
1390302818 36.8221244 -1.2804792
260569884 36.8243125 -1.2742573
260569883 36.8245013 -1.2743174
1376640405 36.8241245 -1.2815898
260569881 36.825188 -1.2740257
1284303717 36.8187005 -1.2831779
1394961715 36.832357 -1.2775964
1394882081 36.83581 -1.2798661
30986949 36.8227663 -1.2817128
30986948 36.8225289 -1.2816085
1394882080 36.8336426 -1.279354
1394961719 36.833276 -1.2774492
268640480 36.8328654 -1.2815134
30987756 36.8220998 -1.2785709
281957334 36.8301645 -1.2782115
30987753 36.8216432 -1.2794746
30987752 36.8214303 -1.2797722
281957331 36.8305937 -1.2780142
260571124 36.8234971 -1.2739399
291530960 36.82286 -1.2793083
268640484 36.8324963 -1.2811873
30986891 36.8234787 -1.2822792
30986890 36.8236791 -1.2820376
290885168 36.8260007 -1.2808245
597655687 36.8273416 -1.2891282
30987759 36.821808 -1.2776098
1395329919 36.8239 -1.2802351
290885165 36.8298654 -1.2835546
290885166 36.8270759 -1.2817268
290885167 36.8260477 -1.2815564
271328294 36.8193901 -1.2748439
271328297 36.8210644 -1.2725691
1394961564 36.8330413 -1.2788522
271328293 36.8193815 -1.2750499
1394961567 36.8321854 -1.2775106
1394986974 36.8336917 -1.2753607
1395329914 36.8245893 -1.2801413
260571080 36.8218663 -1.2780501
260571081 36.8232911 -1.2756989
1284303767 36.8193424 -1.2823954
1284303765 36.8190596 -1.2834708
268641754 36.8303076 -1.2879233
1387324345 36.8269044 -1.2831973
260571088 36.8214286 -1.2778442
30498677 36.8349352 -1.2881367
281957751 36.8311187 -1.2783057
1375162480 36.8314584 -1.2845283
904489548 36.8291143 -1.275604
260569882 36.8247417 -1.2742831
1026792457 36.8300637 -1.2788782
290884932 36.8259588 -1.2808937
290884934 36.825797 -1.2808258
271328125 36.8233 -1.2747166
1375162481 36.8315411 -1.2844037
257383333 36.822965 -1.2732362
904489547 36.828878 -1.2757542
1394961652 36.8333959 -1.2772084
504962196 36.8206097 -1.2850147
268642152 36.8325497 -1.2805136
268642151 36.8324638 -1.2804536
1376640404 36.8241888 -1.2815171
281956629 36.8335145 -1.2724545
566548997 36.8289314 -1.2884637
480711143 36.8279285 -1.2816639
1395093421 36.8240156 -1.2822301
1395093425 36.8233022 -1.2814096
