637003357 637003355
637003357 637003356
637003357 637003374
569927867 566605030
569927867 56232283
569927949 280122464
569927949 56235501
637003389 637003391
637003389 637003385
637003389 637003361
565304919 296111410
565304919 658988599
565304919 56238136
637003385 1272982384
637003385 637003380
1395329920 290884932
1395329920 1395329918
1395329920 30986598
637003383 637003384
637003383 637003369
637003383 637003382
569927947 280122464
569927947 56235500
637003381 637003382
637003381 1272982384
637003381 637003380
56235909 56232723
56235909 56232857
56235909 56236009
569927866 566605029
569927866 56232283
281957978 1394961541
281957978 1394961632
281957978 281957972
658988599 1375293393
658988599 280120799
658988599 658988624
281957972 1394961681
281957972 1394971447
290885345 290885346
290885345 30986861
290885346 30986869
282040608 56237655
282040608 282040656
1376640352 1376640393
1376640352 1376640258
290885245 290885197
290885245 480762552
290885245 1026792449
282175467 282175468
282175467 904489550
1376640292 1376640379
1376640292 1376640419
658988625 268639709
658988625 268639388
658988625 268639587
658988625 268638524
658988624 56238136
658988624 296110936
658988624 282040606
282041293 566546056
282041293 56237655
282041293 565304795
282041291 504962114
282041291 566902295
271732577 271328877
1375162459 1375162471
1375162459 1375162479
1375162456 1375162480
1375162456 1375162512
1375162457 1375162478
1375162457 1375162512
637003380 637003379
1394961621 1394961690
1394961621 1394961537
260571100 260571079
260571100 30987753
612932079 612932080
612932079 612932078
612932078 612932075
612932078 30986598
612932075 612932071
612932075 1376640258
612932077 1395093441
612932071 30986596
612932071 612932073
612932073 1395093425
612932073 1395093414
1395093441 612932080
1395093441 1376640404
1395093441 1395093414
1395329923 1395329918
282040655 1284303717
282040655 282040654
282040655 1284303765
30986871 56232723
30986871 56233479
30986871 56230784
56229927 569927955
56229927 569927954
56229927 30215010
30986875 566549124
30986875 566549111
30986875 30986876
30986877 1026792483
30986877 566902276
30986876 1026792483
268641793 268641754
268641793 30498730
1394961720 1394961574
1394961720 1394961507
1375162462 1375162481
1375162462 1375162512
291531124 293064870
291531124 291531116
291531124 482997552
281957892 268639576
281957892 281957894
1394971429 1394971433
281957894 268641323
1376709207 1376709216
1376709207 1376709199
268641005 268639721
1394882074 1394882097
282039610 290884738
282039610 56235054
290885194 290885186
290885194 290885187
290885194 290885197
1376709194 1376709222
1376709194 1376709203
268642668 268642757
268642668 30986657
30986661 30986662
30986661 268639388
1376709199 1376709231
1376709199 1376709224
1376709199 1026792559
1395081590 482997530
1395081590 1395081591
1395081590 482997552
1395081593 1395081584
1395081593 30986869
1395081593 30986868
1395081593 1395081592
290884227 290884378
290884227 290884367
290884227 290884744
260571079 260572600
260571079 260571078
260571078 260571076
260571073 30986955
260571073 260571076
260571076 290884182
291527321 271328442
1026792409 1026792457
1026792563 1026792610
1026792563 1026792604
1026792563 1026792548
1026792403 56233479
1026792403 1026792559
1026792403 566549124
271328672 260570793
271328672 271328292
1026792406 1026792466
565304795 1295903337
565304795 566902292
1387324479 56234402
1387324479 1387324287
1387324479 1387324281
1387324479 56234572
429225785 30498713
429225785 30498714
268642063 282040251
268642063 30498730
268642063 268642757
268642060 1394961690
268642060 1394961535
268642060 1394986999
260574777 260574778
260574777 260571094
281956719 281956716
281956719 281956721
281956716 281956737
260574779 260574778
260574778 260574793
637003372 637003374
637003372 637003353
637003372 637003371
637003370 1272982382
637003370 637003368
637003370 637003360
637003371 637003347
637003371 637003367
282040875 1295903339
282040875 282040876
282040876 260572590
282040876 260572496
637003351 637003349
637003351 637003347
637003351 637003352
260574793 260571096
260574795 260570791
260574795 260574796
260574797 260574829
260574797 260574796
30986659 268638523
30986659 268639729
30986659 268638679
260570803 271328141
260570803 260570802
260570803 257383333
56234273 56234276
56234273 30986881
56234273 1395093412
282039370 281957334
282039370 260570963
282039370 480711140
1394961661 1394961600
1394961661 1394961627
566547825 566547566
566547825 566902297
566547825 566547957
280120751 566902295
280120751 504962123
565305030 56236009
565305030 565305031
565305031 566547566
565305031 565305088
1164614479 566902282
281957271 281957328
281957271 281957334
597655654 1026792586
1395084547 1395084546
504962175 566902293
504962175 504962123
504962175 504962196
504962175 1295903343
280122535 1295903359
280122535 504962089
280122535 504962211
290884367 290884257
290884367 290884376
1390302826 1390302836
1390302826 1390302821
1390302820 1390302821
1390302821 1390302818
268638679 30986660
260572600 260572644
260572600 260572597
1026541391 56233479
1026541391 1026541390
1026541391 291531211
1026541390 566549124
1026541390 566548997
1026541390 1395081592
641079381 1395093439
641079381 56234276
641079381 56234403
1026792610 1026792416
281957693 281957278
281957693 1394971449
281957693 281957695
281957695 281957329
296111346 1395096272
296111346 296111497
296111346 30986891
281957328 281957273
281957328 904489542
281957328 407832034
260572590 260574533
260572590 260572592
281957281 281957282
281957281 281957984
260572592 260572500
566547638 266470493
566547638 566547636
566547638 56235748
260572597 260572502
260572597 260572642
30987762 30987760
30987762 260571081
30987760 30987759
566547636 566902298
566547636 566547567
1026792586 56232723
1026792586 56236174
1026792586 597655684
1026792586 1026792548
1272982382 637003364
1272982382 637003384
1272982382 637003369
282175468 1394882080
282175468 30986855
1295903337 1295903357
1295903336 566902292
1295903336 566902293
1295903336 1295903357
1295903336 1295903343
268640465 268640469
268640465 293064952
1272982384 637003361
1272982384 1272982385
1272982385 637003384
1272982385 637003382
1272982385 637003362
268640469 268640480
268639721 268643887
268639721 268639719
268639721 268639725
268639726 268639729
268639726 268639725
904489550 1394882064
904489550 282175498
290885057 290885167
290885057 56235056
290885057 30986883
482997552 290885437
482997552 293064864
268641323 30986855
268641323 30986856
281957282 268642314
281957282 281957780
1395007034 1395007042
1395007034 904489538
281956736 281956737
281956736 1394961652
1394961574 1394961688
1394961570 1394961688
637003350 637003349
637003350 637003356
30986768 30986767
30986768 30986769
268638524 30986660
293064952 30986662
293064952 480762546
282039106 282039835
282039106 407832034
282039106 260570972
293064950 30986859
293064950 480762546
293064950 566549396
1284303770 1284303767
1284303770 1284303790
281957285 281957334
281957285 281957780
282040201 1387324213
282040201 1395073757
282040201 290885181
281958468 30986773
281958468 282175360
281958468 268641780
504962271 1284303789
504962271 504962211
504962271 1284303767
504962271 1295903354
260572502 260572500
260572500 260572496
1394971438 1394971449
1394971438 1394971431
271328138 260570997
271328138 271328143
271328138 506075004
1026792449 290885187
1026792449 290885165
290884827 290885168
290884827 480711143
290884827 290884772
282039627 480711142
282039627 291530960
30986955 30986956
30986955 30986954
290885186 282039901
290885186 566549389
290885187 290885241
290885187 282040047
1394961507 1394961568
290885181 1395073777
290885181 1395073780
268642224 268641755
268642224 30498732
504962211 1295903328
504962211 1284303765
1395093439 1395093421
1395093439 30986890
566547567 280120817
566547567 566547827
566547566 566902298
296110936 566546056
296110936 280120799
296110936 566902296
269741103 281956429
269741103 1394986999
1395093435 612932080
1395093435 1395093412
260570997 260570989
260570997 260570995
566549430 30986858
566549430 268642233
566549430 566549389
260570995 260570994
260570994 260570794
260570994 260570991
281956509 281956554
281956509 281956499
281956509 281956552
566549389 30986859
569927871 30498711
569927871 566605030
569927878 280122419
569927878 30215010
569927879 30215008
569927879 280122419
1395073775 1395073758
1395073776 1395073787
1395073776 1395073759
1395073777 566902276
1395073777 1395073778
291530816 290885327
291530816 282039914
291530816 282039901
566902282 566902277
566902282 1295903339
271328141 271328297
271328141 271328146
1394961627 1394961568
271328143 271328399
271328143 271328146
280120799 280120813
280120799 566547957
1395073778 1395073787
1395073779 1395073787
1395073779 1395073757
566902289 504962133
566902289 566902290
566902289 504962371
271328146 271328125
56232859 56232857
56232859 56230784
504962133 504962196
504962133 504962123
1295903339 1295903341
56232857 56235501
281956502 282037026
281956502 904489531
281956502 281956646
271328292 271328293
1394961593 1394961600
1394961593 268642287
1394961593 268642314
260574554 260574500
260574554 260574533
30498732 282040251
30498732 290885328
30498730 268642172
30498731 268641754
30498731 268641755
260574500 260574501
260574500 260574590
260574501 260574502
260574502 260574533
296111410 296111497
296111410 56236174
268641755 268642901
1282530175 637003354
1282530175 637003355
1375293344 1375293377
1375293344 1375293407
1375293343 1375293404
1375293343 1375293393
1394961653 1394961681
1394961653 1394961686
290885241 290885165
260572644 260571096
260572644 260572642
282039445 480711140
1394971442 1394971435
1394971442 1394971433
566902276 1026792544
566902276 30986880
290884773 612932082
290884773 290884739
1394971447 1394971451
1394971447 281957751
566902277 1284303767
566902277 1295903341
290885058 290885168
290885058 290885167
1394971449 282037026
1026792416 1026792473
30986601 293064864
30986601 30986655
1394971435 1394971451
1394971435 1394971431
1295903349 504962114
1295903349 1295903359
1394971431 281957751
268642314 281957780
1295903347 1284303767
1295903347 1284303754
1295903347 1295903341
1295903347 1295903354
1295903341 566601520
1295903343 566902296
56234402 1387324350
56234402 56234403
1394882064 904489614
1394882069 1394882077
1394882069 1394882097
1395073755 1395073787
1395073755 1395073789
282040560 1284303717
282040560 282040654
293064866 30986859
293064866 1395084546
290884257 30986953
290884257 30987751
293064864 293064871
1394987012 1394986974
1394987012 1394986997
1394987012 1394986999
1394961541 1394961564
1394961541 281958089
1284303789 1284303765
1284303789 1284303790
56233483 1395093409
56233483 30986882
56233483 56233482
56233482 1026792544
56233482 1026792604
260570794 260570793
260570791 260571128
260570791 260570793
566902291 566902290
566902291 566547957
566902291 280120813
566902291 566902297
56235748 566902298
56235748 56235500
56235748 56236009
1026792544 1395073784
1026792544 1026792559
280122422 569927887
280122422 569927885
280122420 569927881
280122420 569927880
280122421 569927883
280122421 569927882
271328665 271328440
271328665 506075004
56232283 56230784
1395331139 1395331150
566902296 566902292
566902296 280120813
56238135 282040558
56238135 282040606
56238135 56238136
56238136 1395096272
281956723 281956721
281956723 281956725
637003347 637003353
281956725 281956727
268642174 268638523
268642174 641079418
281957278 281957984
281957278 281957331
281956646 281956629
268642172 641079418
1376709231 1376709216
1376709232 1376709216
1376709232 1376709218
1376709234 1376709226
1376709234 1376709235
1376709234 1376709221
1376709235 1376709227
1376709235 1376709219
1376709236 1376709216
1376709236 1376709218
566546056 566902292
282039919 282039917
282039919 290884378
566549111 482997530
566549111 30986868
282039917 282039916
282039917 282039775
282039916 282039915
282039915 282039775
282039915 30987753
282039914 282039913
282039914 56235054
282039913 282039912
282039912 282039911
282039911 282039910
282039910 282039901
282039910 480762552
30986772 30986771
30986772 281958661
30986773 30986774
30986773 281958661
30986770 30986771
30986770 30986769
1026792574 1026792483
1026792574 482997530
1026792574 1395073780
1026792574 290885165
282039368 480711140
30986774 30986766
1376640397 1376640379
1376640397 1376640405
569927887 30215010
1376640393 1376640399
1376640258 1376640404
291530987 291530988
291530987 290885327
291530988 291530957
291530988 480711142
291530989 291530957
291530989 291530960
480762546 293064871
480762546 1395084546
1376640399 1376640405
56234403 56234575
290884378 290884738
290884378 1390302841
290884378 1390302817
290884376 30986951
612932082 612932084
612932082 1395329921
612932084 1395329913
612932084 1395329919
281958289 281958237
281958289 268641780
1026792604 56233479
540685837 1387324327
540685837 480711143
540685837 480762553
540685837 290885166
290884738 290884772
290884739 290884772
260571128 260571091
260571128 260574827
260571125 260571124
260571125 260571127
1375293377 1375293392
260571127 260569884
260571127 257383333
281957984 281957751
268639719 268639718
268639718 268639716
904489546 904489547
904489546 904489545
268639716 268639709
268639716 30986693
904489544 904489545
904489544 904489543
904489542 904489543
904489542 904489548
904489540 904489534
904489540 904489538
904489540 904489541
904489541 1394986974
904489541 282037026
271328444 271328442
271328444 540686054
271328330 271328399
271328330 506075004
271328330 540686054
271328440 540686054
271328442 271328297
1387324327 1387324213
1387324327 56235056
281957273 281957329
281957276 281957329
281957276 281957331
1395331093 282039775
1395331093 1395331150
30986858 30986857
566601523 290884181
566601523 260572496
566601523 566601520
30986857 268640484
30986857 30986856
30986857 268642233
30986855 268642152
282040606 282040656
271328877 282039833
271328877 260569881
1375162500 1375162503
1375162500 1375162504
1375162503 1375162495
1375162504 1375162498
1390302839 1390302818
1390302839 1390302835
30986655 30986662
30986655 30986656
30986657 268638523
30986657 290885435
30986657 30986656
1390302833 1390302837
1390302833 1390302817
1390302835 1390302817
1394882099 1394882082
1394882099 1394882081
1394961561 1394961719
1394882096 1394882077
1394882097 637003367
1394882097 1394882080
1387324213 1387324340
1387324213 480762553
268639576 268639582
281956727 281956730
1387324350 1387324491
1387324350 1387324345
1387324350 30986881
291531116 291531117
291531117 482997530
291531117 282040047
268642232 268642287
268642232 268642233
268642232 268642230
268642230 268642229
281957329 281957547
1395093409 1395093421
1395093409 56234572
566902298 566902297
566549396 293064870
566549396 282040047
566902290 504962196
566902290 566547827
1395073762 1395073780
566902293 566902294
566902293 1295903359
566902294 504962114
566902294 566902295
566902294 504962123
506075004 271328294
566902297 566547827
565305088 566542337
290885326 290885327
290885326 290885325
290885327 480711142
1376709203 1376709219
597655684 597655687
290885328 30986869
280122467 569927955
280122467 569927956
280122465 569927951
280122465 569927950
268642287 268642229
904489534 1394986974
904489534 904489533
904489533 904489532
904489533 904489538
904489532 1395007042
904489532 904489531
904489531 281956503
260570975 260570974
260570975 260570965
260570975 260571081
1375162471 1375162498
260574829 260574828
260574828 260574827
260570973 260570974
260570973 260570972
1375162478 293064870
1375162478 1375162495
1375162478 293064871
268642229 268642151
281957780 1026792457
1375293404 1375293407
290884774 1395329921
290884774 290884744
281956554 281956595
281956554 281956629
260570989 260570991
1295903328 1295903354
1295903328 1295903357
1295903328 282040656
30215012 569927885
30215012 280120816
30215012 569927883
30215011 569927881
30215011 569927882
30215011 30142932
1375293391 1375293392
1375293391 1375293393
1375293393 566542334
282040255 282040251
282040255 30986861
1375162479 1375162494
30986956 1395096271
30986956 282040558
30986956 30986948
290885437 290885435
290885437 30986861
30986954 30986953
260570802 260571124
260570802 271328125
30986953 30986951
30986951 30986596
30986596 30986949
56235502 569927951
56235502 569927952
1394961537 1394961564
1394961537 1394961535
56235500 569927956
56235501 569927950
281958089 1394961690
281958089 268642151
30986598 30986883
1394961535 1394961719
1394961535 1394961632
1295903354 282040558
30986880 30986881
30986882 56234575
30986882 296111497
30986883 56234276
504962089 504962114
504962089 282040654
282039775 291530960
282039775 30987756
1394961646 1394961719
1394961646 1394961567
1395081591 1395081586
480711142 56235054
1395329921 1395329913
480711140 1026792457
280120821 280120815
260571091 260571090
260571091 260571092
260571090 260571088
260571092 260571094
260571094 260571096
282040558 1284303754
1284303790 1284303717
1375162498 1375162480
1375162493 1375162481
1375162493 1375162494
637003391 637003393
637003391 637003379
1026792466 1026792412
637003392 637003393
637003392 637003379
291527572 291527425
291527572 271328297
637003354 637003360
281956730 281956731
281956731 281956732
281956732 1394961652
1376640419 1376640404
266470493 280120817
504962371 266470294
504962371 280120817
504962371 280120816
56234575 56234572
1376709227 1376709224
1376709227 1026792559
1376709227 1376709211
1376709226 1376709219
1376709222 1376709219
1376709221 1376709213
569927953 569927952
569927953 569927954
30986767 281958237
30986766 281958237
1395073757 56235056
1394961686 1394961715
1395073758 1395073759
281956596 281956499
281956596 281956629
290884181 290884182
290884181 1284303754
480762552 480711143
480762552 480762553
480762553 290885165
30498718 30498677
569927880 30215008
30498711 291531211
30498712 641079418
30498712 30498713
30498714 30498677
260570991 271328125
280120815 280120816
268643887 30986693
268639707 268639708
268639707 268639587
268639708 268639709
280120813 504962196
637003384 637003363
268642901 566548997
268641780 637003367
291527425 257383333
1376709213 1376709211
1394882082 1394882080
30987751 30987752
1395081589 1395081586
1395081586 1395081584
271328399 271328297
1395007042 1395007045
56235054 56235055
56235055 480711143
56235056 1395093412
1026792559 1026792483
637003352 637003374
1026792412 1026792457
637003369 637003368
637003364 637003360
637003364 637003363
637003361 637003362
637003363 637003362
291531211 566548997
282039833 282039834
282039833 281957547
282039834 282039835
282039834 904489548
56236174 566542337
260570966 260570967
260570966 260570965
260570967 260569884
260570965 260569881
260570963 260571081
290884744 290884934
1395073784 1395073789
1395096271 1395096272
268639582 268639587
566542337 566542334
260569884 260569883
260569883 260569882
260569881 260569882
1394961715 1394961567
30986949 30986948
30986949 30986891
1394961719 1394961652
268640480 268640484
30987756 260571080
30987753 30987752
30986891 30986890
290885168 290884932
30987759 260571080
1395329919 1395329914
290885166 290885167
271328294 271328293
260571080 260571088
904489548 904489547
290884932 290884934
268642152 268642151
