470539308 470539327
470539308 470539309
470539309 470539391
470539309 470539310
470539309 470539328
1262665194 1262666485
1262665194 1262665904
1262665194 1262665327
1246264037 1246265897
1262141087 1262139941
1262665441 1262665164
469184511 1262665715
469184511 470558846
469184511 1262666340
308934059 308934060
308934059 1203871742
308934059 308933260
1263647171 1263646832
1262665221 1262665930
1262665221 1262665926
1262665991 1262666578
1246265982 1246266128
1246265982 1246264049
1246265982 1246264446
639707255 308933186
639707255 308933169
639707255 1203871661
639707255 308933154
1262140374 1262139544
1262140374 1262139248
1262140374 1262138549
1262140374 1262140992
1262140374 1262140827
1203871302 1203872342
1203871302 1203871742
1203871302 283845012
1217736721 1217742466
1217736721 1217745611
1246264455 1246265033
487882023 308933916
487882023 487882027
487882027 308933224
1217742989 1217744991
1217742989 1217748305
1217742989 1217733232
1262666401 1262665864
1262666401 1262665656
1262666401 1262665947
1262665819 1262664508
1262665819 1262665576
1206184157 1206183331
1206184157 1206183949
1206184157 1206182196
1260350320 1260350482
1260350320 1260350318
1260350323 1260350840
1260350326 1260350608
1260350326 1260350565
1260350326 1260351294
1260350327 1260350654
1260350327 1260350511
1260350329 1260351559
1260350329 1260351322
1260350329 1260350345
1261495510 245920317
1261495510 1206183819
1261495510 1261495429
1260350983 1260350358
1260350983 1260351323
1096181968 1096180029
1096181968 1203870351
1262666620 1262665318
1262666620 1262666671
1262666620 1262666025
1262665534 1262659235
1262665534 1262664795
1262665536 1262665026
1262665536 1262665944
1183576357 1183576875
1183576357 1183576976
1261495350 1186526400
1261495350 1261495389
1261495350 1261495429
1232839863 1262664755
1232839863 1262665737
1232839863 1232839955
1232839861 1193988246
1232839861 470539347
1203870771 1203871910
1203870771 1203871468
1203870804 1203871269
1203870804 372891980
1203870804 1203870291
1203870802 1203871578
1203870802 1203871948
1096181366 1203871108
1096181366 1205923436
1262140027 1262140664
1262140027 1262138806
1262140757 1262139368
1262140757 1262138765
206335525 1260350786
206335525 469170205
206335525 387151828
206335525 387151829
206335524 470558734
206335524 1260350786
206335524 206335522
206335522 1233511466
206335522 1094910431
206335522 469170263
206335522 1260350797
206335522 1094918268
1206181871 1206182017
1206181871 1206183518
1203870112 401358605
1203870112 401358603
1203870971 1203873106
469170211 1096181462
469170211 1094910368
469170211 1094915090
469170211 1260351390
1260351053 1260350706
1260351053 1260350766
308933057 308933036
308933057 1206182041
308933057 1203872216
1206183119 1206182694
1206183119 1206183777
1260351058 1260350697
1260351058 1260350369
308933058 308933186
308933058 308933159
308933058 308933036
1262140627 1262139566
1262140627 1262139527
1203871513 1203873072
1203871513 308933916
1217733352 1217738364
1217733352 1217735862
1203870573 1203871759
1203870573 1203870597
1096181569 1096178974
1096181569 1260350816
1096181569 1260350675
1096181569 1096182773
1217747372 1217732915
1217747372 1217742041
1260351581 1260351305
1260351581 1260350803
1203870604 1203872341
1203870604 1203870668
1096181740 1096180960
1096181740 302724105
1096181740 1096181697
1096181740 1096179699
1260351274 1260350347
1260351274 1260350996
1260351274 1260350808
1260351277 1260350425
1260351277 1260351470
1260351279 1260351375
1260351279 1260350783
1260351279 1260351292
1203870597 1217744296
1203870597 308933261
1206182731 1206181917
1206182731 1261495429
1260350619 1260350755
1260350619 1260351162
1260350613 1260350867
1260350613 1260351289
1260350613 1260350460
1203871422 1203870468
1203871422 401358609
1203872331 308934223
1203872331 308934221
1203871641 308934036
1203871641 1203872821
1097861044 1097862282
1097861044 1097867103
1260351470 1260350781
369687928 1205923709
369687928 283839343
369687928 1217739128
308933235 1217747341
308933235 1203871316
308933235 1217744296
369687923 1203871134
369687923 1203871558
369687923 369687924
369687922 1203870148
369687922 369687925
369687922 1096177803
369687925 283838081
369687925 1203872347
369687924 1203872347
369687924 1203871931
1217747597 1217741100
1217747597 1217748125
1217747597 1217743387
369687926 1186526321
369687926 372891980
369687926 369687927
1262140579 1260350816
1262140579 1262139028
469170204 469170200
469170204 469170202
469170204 469170226
1217743284 1217749567
1217743284 1217733468
469170205 469170206
469170205 470558570
469170205 1260351282
505097654 308934411
470558757 470558761
470558757 469184581
1217748979 1217734466
1217748979 1217733468
1263648503 1206182682
1263648503 308933679
1263648503 1263648819
1262665340 1262665731
1262665340 1262666043
1262139439 1262139941
1262139439 1262139004
1203871161 1203873106
1203871161 1203870365
1262139436 1262139120
1262139436 1262138789
1262139436 1262139418
1262139432 1262139368
1262139432 1262139548
1262139432 1262140515
1262139544 1262140099
1262139544 1262139277
1262665345 1262666050
1262665345 1262666370
1262139548 1262140879
1262139548 1262138806
1217749178 1217733581
1217749178 1217741406
1217749178 1217739297
1193988145 517950014
1193988145 308934545
1193988145 517949991
1203873062 1203870664
1203873062 1203872462
1203873062 1203871833
401357870 639707126
401357870 639707117
401357871 401357872
401357871 639707126
401357872 639707136
401357873 639707136
401357873 639707138
401357874 639707142
401357874 639707138
1203872046 1203870172
1203872046 1203872134
517949991 308934546
517949991 517949980
308934420 308934411
308934420 505097623
1262664125 1262664535
1262664125 1262666053
1262664125 1262665825
1262664126 1262664099
1262664126 470558822
1262664123 1262666370
1263648430 1206184111
1097870043 1097867053
1097870043 1097864695
1186526320 1206183819
1186526320 1186526384
1186526320 1186526400
1186526320 1183576653
1206182063 1206183621
1206182063 308933671
1206182063 517949465
1262659235 1262665884
1262659235 1262666671
1246264849 1246263316
1246264849 1246266010
1097866545 1097869647
1097866545 1097870277
1183576182 1183576497
1183576182 308934360
1183576182 308934381
1183576182 1183576600
1217734990 1246264045
1217734990 1261495469
1217734990 1203870482
1262139941 1296753946
1183576189 1097867086
1183576189 1183576501
1183576189 1097870277
1183576189 1183575726
469184506 1262665259
469184506 1262665738
469184506 1262666605
1217742731 1217733212
1217742731 1217743091
1183576746 1183575767
1183576746 1183576098
1262140963 1262140994
1217742739 1217742207
1217742739 1217732884
308934042 308934043
308934042 308934041
308934043 308933224
308934041 1203870915
1263648236 1263648449
1263648236 1263647155
639707269 639707274
639707269 308933159
639707269 308933216
1262141219 1262140985
1262141219 1262139599
1262140562 1262138881
1262140562 1262139359
1262665236 1262665471
1262665236 1262666104
1262665236 1262665562
1262665981 1262665740
1262665983 1262666433
1262665983 1262664239
1261495289 1261495274
1261495289 1261495417
1246265460 308934076
1246265460 1246264528
1246265460 505097623
1096180773 1096179712
1096180773 1183577316
1096180773 1183577004
1096180773 1183577041
1217748023 1217733232
1217748023 401358019
1262666433 1262665697
1262666433 1262665881
1096182322 1096180314
1096182322 1096178929
1183575726 1183577507
1183575726 1260350847
1260350336 1260351341
1260350336 1260350498
1260350336 1260350891
1260350336 1260351548
1260350996 1260350775
1262666347 1262664526
1262666347 1262666639
1262666340 1262664511
1262666340 1262666599
1260350338 1260350672
1260350338 1260350542
470539518 470539340
470539518 470539369
470539518 470539380
470539518 487881960
1262666182 1262665884
1262666182 1262665562
1183576168 1096177754
1183576168 469170265
1261495343 1261495269
1261495343 1261495423
1232839873 487881974
1232839873 1262140551
1203870290 1203871438
1203870290 1203872798
1203870291 308934237
1203870291 1206183956
1260350425 1260350598
1203871515 1203873106
1203871515 1203870185
1203871515 1203872135
1203871515 1203870530
1097867053 1097869691
1262140037 1262139599
1262140037 1262138971
1262140037 1262138557
1203870347 1203871948
1203870347 1203871132
1183577161 1183576660
1183577161 1183576810
1183577161 1183577607
1183577161 1183576098
1217737730 308934030
1217737730 1217748256
1262666357 1262666126
1262666357 1262665789
1262666357 1262666456
1260350511 1260351295
1094915371 1094915090
1094915371 1094918268
1094915371 1094912671
1094915371 1260351390
1217747341 401358019
1217747341 308933864
1262666626 1262665326
1262666626 1262665192
1203871724 401358606
1203871724 1203870934
1203871727 1206183621
1203871727 1206183761
1203871727 1206182682
1203871727 308933671
618461072 618461078
618461072 1203870712
1260350576 1097868790
1260350576 1260351422
1260350576 1097869230
618461078 618461059
1246261982 1246263347
1246261982 1246264776
1260350603 1260350589
1260350603 1260351096
1260350602 1260350840
1260350602 1260350739
1260350602 1260351089
1260350605 1217733456
1260350605 1260350783
1260350605 1260350589
1203871347 308933032
1203871347 308933036
1203871347 1206182041
1203870129 1203872272
1203870129 308934228
1203870129 1203871806
1217733239 1217749189
1217733239 1217732850
1203871438 1203870743
1217734510 1217741274
1217734510 1217742870
1246262087 1246265354
1246262087 1246262466
1203871655 1203870498
1203871655 1203871195
1217747634 1206184103
1217747634 1203872018
1260351489 1260350786
1260351489 1260351282
369687930 283839343
369687930 1186526321
369687930 1203870710
1217749966 308934064
1217749966 1217743920
1217749966 1203871139
1246261764 1246264475
1246261764 1186526396
1246261764 308934515
1203871236 308934024
1203871236 308934000
1262139717 1296753396
1262139717 1262139599
1262139717 1262138849
1262139717 1262139007
470558761 487881968
470558761 1262665850
505097623 1246262180
1217741604 1217741387
1217741604 1217732839
1203872296 401358674
1203872296 1203872504
1217742556 1217738538
1217742556 1217733459
1262139393 1262139040
1262139393 1262140492
1217742553 1217734625
1217742553 1217747808
1183576560 1183576845
1183576560 1261495439
1183576560 308934360
1262139397 1262138995
1262139397 1262141116
1217748965 1203871808
1217748965 1217747563
1203872134 1203870589
1262139150 1262139933
1262139150 1262139483
1262139150 1262140058
1217749387 1217743421
1203873072 1203871860
1262139374 1262139258
1262139374 1262140994
1246262466 1246264002
1183576629 1183577507
1183576629 1183577092
1183576621 308934119
1183576621 1183576407
1183576621 1183576451
1262664130 1262665540
1262664130 1262666639
1262664137 1262666202
1262664137 1262664173
1262664137 1262666025
1217739701 1217749267
1217739701 1217741483
1096178974 1096179309
1096178974 302724093
1263648881 1206184047
1263648881 1263647899
1263648881 1206183270
1203873257 1203871710
1203873257 1203871634
1246264057 1246262703
1246264057 1246266055
1203873255 1203872305
1203873255 1203872135
1217748141 1217745754
1217748141 1217742359
1096181364 1096182923
1096181364 1096178929
1262140916 1262139084
1262140916 1262139263
1262140913 1262139258
1262140913 1262140994
1262140913 1262138576
1262141171 1262140462
1262141171 1262140474
1262141171 1262140902
308934076 1186526373
308934076 308934411
308934076 1261495494
1262139573 1262139359
1262139573 1262138899
639707098 401357866
639707098 639707107
308934003 308934005
308934003 1217736061
308934003 1217746625
1206184047 517949857
1263647155 1263648008
1263647155 1263646937
639707274 308933162
1246265474 1246264475
1246265474 1246263861
1217741360 1217732915
1217741360 1217736061
283845012 308934237
283845012 308933755
1262665731 1262665783
1262665731 1262664239
1217743920 1217732884
1217743920 1217741334
1262665737 1232839858
1262665737 1262666516
1262665735 1262666513
1262665735 1262665492
1097869691 1097867755
1097869691 1260350726
1097869691 1097869230
1246264475 1246262946
1246264475 1246264014
1262665738 1262664924
1262665738 1262666032
1262141192 1262139214
1262141192 1262140983
1262666424 1262665691
1262666424 1262665973
1262666423 1262665783
1262666423 1262665971
1262666423 1262659629
1262140827 1262140058
1262666606 1262665788
1262666606 1262664508
1262666605 1262665961
1262666605 1262665921
1262665885 1262665109
1262665885 1262659261
1262665554 1262665828
1262665554 1262659287
1262665554 1262665793
1262665881 1262666599
1096181906 1233511466
1096181906 1260351282
1096181906 1233511886
1262665889 1262664441
1262665889 1262665695
470539504 470539486
470539504 470539430
470539504 470539376
1262666519 1262665646
1262666519 1262665610
1262666519 1262665740
1262666519 1262665757
1263647395 1263647729
1263647395 1263647036
1263647395 1263648683
1260350857 1097860722
1260350857 1260350567
1262666513 1262665471
1262666513 1262666025
1262666516 1262666053
1261495402 1261495469
1261495402 1261495541
1260350450 1260350315
1260350450 1089663890
1260350450 387151823
1232840052 470558822
1232840052 1262665164
470558822 1262659287
1262665959 1262665264
1262665959 1262664017
1262665959 1262665182
1203870351 1096180634
1206183256 1206184103
1206183256 1203870337
1206183255 1206182957
1206183255 1206183755
1206183255 1206182864
1217741389 1217735452
1217741389 1217749659
1096180634 1203872628
1096180634 283839341
1096180634 283838941
1262138928 1262139004
1217741387 1217749658
1217741384 1217733456
1217741384 1217749411
1262138708 1262141017
1262138708 1262140511
1262138708 1262139429
1203870915 1203871634
1203871530 401359043
1203871530 1203871029
1203871535 401359043
1203871535 401358601
1206182473 1206182134
1206182473 1206183402
1206182473 1206182564
1262139465 487881953
1262139465 487881982
1206182479 1263647125
1206182479 1206183408
1206182479 308933672
1203870752 1203872272
1203870752 1203870925
1203870752 308934228
1203870752 308934230
1262664924 1262665715
1262664924 1262665788
1203870622 1203871112
1203870622 1203871756
470558351 1183577182
470558351 470558361
1260351258 1260351422
1260351258 1260350415
1203871080 1217735083
1203871080 1206183791
1217737542 1217742870
1217737542 1217742449
1206183621 1263648263
1206183621 1206182868
1260350672 1260351559
1260350672 1260350630
1097868790 1097867091
1217741912 1217747766
1217741912 1217743823
1217741912 1217748455
1203871403 1203872919
1203871403 308933813
1203871403 1217739297
1203870133 308933861
1203870133 308933862
1217745843 1203872018
1217745843 1203870866
1203871668 1203871463
1203871668 1203870662
1203871887 401359036
1203871887 1203870222
1203871665 1203873160
1203871665 401358609
1203871661 308933152
1203871661 1203870503
1260351496 1260350386
1260351496 1260350565
1203871394 1203871756
1203871394 1203872460
401357736 401357735
401357736 401357723
401357736 308932771
401357735 308933748
401357735 401357742
1096179987 1096177799
1096179987 1233511886
1206182663 1206183393
1206182663 1206183889
1217738260 1217746449
1217738260 1217733320
1260350701 1260350650
1260350701 1260351314
1260350706 1260351384
1260350706 1260351325
1183575767 1183576724
1183575767 1183577526
1206183711 1206182997
1206183711 1206183368
470558595 1193990221
1217749605 1217742171
1217749605 1217743387
1203871710 1203872329
1203871712 1203872957
1203871712 1203872145
1203871713 1203871269
1203871713 283838079
1203871713 372891980
470558599 1193990221
401358606 1203872968
401358605 1203872968
401358602 401358603
401358602 1203870844
401358601 1203872305
401358601 1203870396
401358609 1205923412
401358609 1203870934
401358593 1203873160
401358593 1203871136
401358593 1262138971
1246262180 1246263623
470558570 1096177799
470558570 469170212
470558570 469170225
1246266356 1246265662
1246266356 1246262743
401358599 1203870665
401358599 1203870489
401358599 1203872313
1217748956 618465058
1217748956 1217749058
1183576578 1183577526
1183576578 1183576724
1183576578 1183576875
1183576578 1183576976
1206183402 1206183262
1262139415 1262139492
1262139415 1262139015
1262139412 1262139489
1262139412 1262141062
1206183408 1203872987
1217735493 1217742466
1217735493 639707126
1262139418 1262139131
1262139418 1262138681
1262139368 1262139853
1262139368 1262140992
1262139362 1262140470
1262139362 1262140700
1183576610 1183575703
1183576610 387151824
1183576610 1183576459
1183576610 387151914
1203872060 308934064
1203872060 1203871297
1262664145 1262666672
1206183111 1206184056
1206183111 308933750
1206183111 1206183962
1203871860 308933813
1203871864 1203870722
1203871864 1203870202
1096177471 1203872628
1096177471 283839341
1096177471 1260351378
1262139702 1262139040
1094916816 470558559
1094916816 1260350682
1246264049 1246262310
1246264045 1246262141
1246264045 1246265948
1188214082 470558814
1188214082 1188214113
470539442 470539373
470539442 470539430
470539442 470539449
1217739651 1217741100
1217739651 1217747322
1096179369 1246263347
1096179369 1096182923
1096179369 1096181756
470539449 470539454
1203872665 1203871985
1203872665 1203872147
470558683 1096181462
470558683 470558701
470558683 470558513
1183577627 1186526373
1183577627 308934356
1183577627 308934127
1262140902 1262139058
308934060 308934013
308934061 308934062
308934061 1203871631
308934061 308934013
308934062 1203870224
308934062 308934064
308933261 1203871742
308933261 1203871999
308934069 1203872378
308934069 1203872520
308934069 1217742793
469170225 469170213
469170225 469170226
469170225 469170206
1262659819 1262664755
1206184056 1263646832
1206184056 308933671
1262665091 1262664795
1096179642 1096180004
1096179642 1096181697
1096179642 469170224
1096179642 1096179699
1263646832 369690673
1203872718 1203872013
1203872718 1203870864
1263646544 1263647108
1263646544 1263646967
1263646544 1263647316
1183575703 1183577041
1097867321 1097869373
1097867321 1097864280
1261495188 1183576845
1261495188 1261495439
1261495188 1183576854
1206183393 1206183331
1097867103 1097869373
1097867103 1097869891
1097867103 1097864280
1262140120 1262139214
1262140120 1262139552
1262665545 1262663848
1262665540 1262666016
1262665540 1262666094
1206182864 1206183331
1206182864 1263647054
1232839982 1232840093
1232839982 469184555
1206182868 369687959
1206182868 1206183675
1206182868 1206182865
1206182868 1206183761
1206182868 517949465
1262138849 1262140945
1262138849 1262138806
1183577004 1183576810
1183577004 1183577607
1260350847 1260350797
1260350847 1260350564
1262666561 1262665279
1262666561 1262663848
1262666561 1262665217
1261495417 1246264793
1217749092 1203870959
1217749092 1217749658
1262140018 1262139328
1262140018 1262139263
1246264319 1246261455
1246264319 1246264060
1262138930 1262138549
1262138930 1262139277
1262138930 1262140935
1246264315 1246263347
1246264315 1246262141
1246264315 1246264776
1262665944 1262666089
1217741395 1217747947
1217741395 1206183265
1203870925 1203870530
283838941 283838081
283838941 1260350586
283838941 1096177803
1203870382 1203870482
1203870382 1205923564
1203870382 1217738498
1203870382 1203872147
1262666019 1262665320
1262666019 1262665492
1262666019 1262665793
1260351584 1260351568
1260351584 1260350542
1262666016 1262666202
1262666016 1262665564
1203870722 1203871808
1203870722 1203871463
1203870722 1217739128
1206181934 308933751
1206181934 1206182974
1206181934 308933754
470558361 470558417
1262664441 1262665646
1262664441 1262665326
1094910431 1185736288
1094910431 1260351310
1262138881 1262139300
1262138881 1262140339
1206183098 1206182050
1206183098 1206183748
1260350664 1260350368
1260350664 1260351303
308933152 308933003
308933152 1203870220
308933155 308933154
308933155 308933157
308933157 308933159
302724093 469170224
302724093 1096179699
1260351390 1096177897
1203871673 1203870842
1203871673 1217741551
1203871671 1203872096
1203871671 1203872868
308933750 308933751
308933750 308933673
308933750 369687917
1096181462 1260350968
1096181462 1260351373
1217738498 1203871603
1203871388 1181595686
1203871388 1203870220
1260350719 1260351323
1260350719 1260350598
1217743091 1217749189
369687916 1263647406
369687916 369687917
369687917 308934243
369687919 1203872030
369687919 1203871631
1260350714 1260350355
1260350714 1260350586
1203872870 1203870959
1203872870 1203870337
1203871701 1217734453
1203871701 1217747808
1203871701 1203870312
1203872476 1203871845
1203872476 1203870682
1203872272 308934226
1203872272 1203870275
1203872272 1203870530
1217743843 308934026
1217743843 1217741467
1183576810 1183576606
1183576810 1183577316
308933186 1203870503
1096177799 469170263
1096177799 1260351373
1262139171 1262140074
1262139171 1262139007
1262139171 1262140883
1217743362 1217743552
1217743362 1217748455
469184487 469184555
469184487 469184488
469184487 469184552
308934386 308934352
308934386 308934348
308934386 308934364
308934386 308934089
308934381 308934121
308934381 308934119
308934381 308934348
1262139359 1262140879
1262139359 1262140465
308934389 308934352
308934389 308934367
308934389 308934356
308934389 308934127
401358702 1203871558
401358702 1203871952
1246262689 1246265626
1246262689 1246264984
1246262689 1246266010
1183576606 1183577114
1183576606 1183575693
1183576606 1183576098
1203872013 1203872460
1183576600 308934378
1183576600 308934360
1203872018 1203872099
1203870222 1203872984
1203870222 1262138971
1206182298 1206183187
1206182298 1206183949
1206182298 1206183317
1206182050 1263648225
1206182050 1206183755
1206182057 245920317
1206182057 245920316
1206182057 1206183956
1206183506 1206183891
1206183506 1206183154
1206183506 1206183074
1097870277 1097865278
1188214086 1188214055
1188214086 1188214117
470539458 470539429
470539458 470539454
1246264073 1246266128
1246264073 1246262791
1217748616 1217745754
1217748616 1217737118
1094912542 1260350623
1094912542 1260350583
1094912542 387151831
1263647481 1263647305
387151831 387151826
387151831 387151790
1262140935 1262139640
387151833 387151790
387151833 503735702
387151833 387151822
387151833 387151832
387151832 1094895555
387151832 387151823
1262659803 1262666485
1262659803 1262665921
1263648263 1206183761
308934013 1203870670
308934013 308933992
1096178823 469170216
1096178823 1096178154
1096178823 302724105
1181595689 401358052
1181595689 1203871697
1262140339 1262141116
1217743946 1217749567
1217743946 1217733212
1217743946 1217746028
1181595686 308933241
1181595686 308933169
1262665715 1262665259
1262665715 1262664511
1262665717 1262665783
1262665717 1262666354
1262665717 1262659385
1246263316 1246265237
1262665719 469184578
1262665719 1262665865
1262665719 1262665329
1206183891 1206182138
1206183891 1206181981
1261495541 1261495484
308934121 1183576497
308934121 1186526384
308934120 308934353
308934120 308934087
308934122 308934352
308934122 308934127
308934122 308934089
1097869230 1260350339
1262666370 1262659261
1262140243 1262140700
1262140243 1262138576
1097862289 1097868426
1097862289 1097869367
470539527 1262140424
470539527 470539351
470539529 470539327
470539529 470539369
470539529 487881984
1262666578 1262663893
1183575606 1183577182
1183575606 1183575693
1183575606 1246263195
1262666570 1262665627
1262666570 1262663982
1262666570 1262659979
1262138899 1262138765
1262138549 1262139248
1261495423 1261495429
1262140063 1262140985
1262140063 1262140608
1262139566 1262139058
1232839884 487881953
1232839884 487881956
1246265237 1246262343
1206183276 1206182997
1206183276 1206182340
1206183270 1263647104
1206183270 369687915
1262665971 1262663911
1262665973 1262663931
487881974 487881979
487881974 1232840024
1217750067 1217733232
1217750067 1217748455
487881979 487881982
1262138765 1262139248
1262138765 1262139300
1203870396 1203870844
1203870395 1203870842
1203870395 1203871037
1203870395 1206183791
1260350415 1260351377
1260350415 1260350644
1263647125 1263648909
1263647125 1206182682
369687927 1205923564
1262140664 1262139533
1262140664 1262140515
1186526396 1186526265
1186526396 1186526296
1260350386 1260350756
1260350384 1096178781
1260350384 1260350583
1260350384 1097869645
1262140462 1262140012
1262666390 470558814
1262666390 1262665659
1262140465 1262140276
1183577041 1183576265
1183577041 206335199
1217740855 308933916
1217740855 308933998
1217740855 1217733572
1203871063 308934225
1203871063 308934223
1203870646 308933032
1203870646 308933031
1203870640 401358674
1203870640 1203871777
1096182679 1096179252
1096182679 1096179928
1217733609 1217747331
1217733609 1217749267
1097867905 1260350575
1097867905 1260350390
1097867905 1097869550
1183576976 1183577478
1183576976 1183575919
1260350650 1260351456
1260350650 1260350775
1260350650 1260350318
1260350652 1260350631
1260350652 1260350735
1260350652 1260350565
1206184113 401357747
1206184113 401357793
1206184113 1206183265
1260350654 1097860722
1260350498 1260350756
1217743552 1217749684
1203871468 1203872081
1203871463 1205923709
1203871463 1203870312
1232840093 469184557
1262665722 1262665930
1262665722 1262664000
1262665722 1262659629
1260351384 1260350358
1260351380 1260350758
1260351380 1260351329
1260351380 1260350585
1260351383 1260351183
1260351383 1260350758
1246262057 1246262118
1203871603 1217734625
1203871603 1203871374
1203872582 1203870558
1203872582 308933679
1217743082 1217741551
1217743082 1206183265
1096181475 1096177897
1096181475 1094918268
1096181475 469170263
1203872868 1203872256
1193990221 1185736288
1260350726 1260350567
1260350726 1260350363
1260350721 1260351325
1260350721 1260350766
1203871268 1203870185
1203871268 1203872313
1262664944 1262665264
1262664944 1262665812
1262664944 1262659959
1203872462 1203873182
1203871112 1203872188
470558559 1094912869
470558559 1094912671
470558559 1094918268
1262664099 1262665297
1262664099 1262665320
1186526293 372874778
1186526293 372874774
1186526296 1186526269
1186526296 1186526402
1262139342 1262140074
1262139342 1262139007
1186526279 1186526286
1186526279 245920312
1186526279 308934515
1203873024 1203871741
1203873024 1203872341
1217735452 1217748235
1262664166 1262659853
1262664166 1262665280
1203871848 1205923564
1203871848 1203870783
1203871848 283838079
1203871845 1203871209
1206183518 1206182423
1206183518 1206183065
639707112 401357869
639707112 401357868
470539429 470539428
470539429 470539430
470539428 1262140765
470539428 308933911
639707117 401357869
1246264060 1246262662
1262139904 1262139519
1262139904 1262140737
1262139904 470539359
1262139904 470539352
1203872130 1203870365
1203872135 1203872237
1183576703 1183576845
1183576703 1183576265
1183576703 1096179252
1096179699 1096179309
387151826 470558633
387151826 387151825
387151826 387151828
387151824 1097867086
387151824 1183576459
387151824 1183577092
387151825 470558630
387151825 1094895555
387151825 387151790
387151822 1260351286
387151822 1260351464
387151822 387151823
1263647729 1263647140
1183577607 1183576854
387151828 1260350583
387151828 387151829
387151829 283838216
387151829 1096178781
308934005 1217743200
1217748285 401357866
1217748285 308933813
1217748285 308934036
308934000 1203871314
308934000 308934001
308934001 1217736061
1205923709 283839341
1246263126 1246264793
1246263126 1246265948
308934009 1203870670
308934009 1203871549
308934009 1203870412
1181595698 308933241
1181595698 308933864
1181595698 1217743823
1183576451 308934360
1097869550 1260350572
1097869550 1097867091
1262665703 1262665938
1262140324 470539338
1246263307 1246263984
1246263307 1246264446
1263646851 1263648379
1263647036 372874774
1263647036 1263647140
1261495166 1261495494
1206183889 1263648225
1206183889 1206183152
1206183889 1206183748
1262140492 1262139254
1262140492 1262140883
1262665567 1262664000
1262665567 1262659287
1262665564 1262665109
1262665564 1262665329
1262665562 315291566
308933241 1181595761
1262666493 1262665699
1262666493 1262659853
1262666493 1262665627
1262666493 1262665298
372874778 1206182579
372874778 1206184004
1260350867 1260350647
1217744357 1217732850
1217744357 1217735066
1263647108 1263648008
1263647108 1263647104
1261495307 1261495461
1261495307 1261495389
1261495307 1261495437
1262666546 1262666456
1263647104 1206182423
1262140789 1262138995
1262140789 1262139640
1261495437 1186526305
1262138557 1262139530
1262138557 1262139254
1260350460 1260350791
1262140783 1262138986
1262140783 1262139492
1262140783 1262139635
1183575948 1183576854
1183575948 1183576588
1261495439 1183576588
1206182865 308933858
1206182865 308933859
1260350469 1260351287
1260350469 206335199
1260350469 469170265
1262665961 1262665332
1262665961 1262666032
1206183265 1206181951
1262665964 1262666418
1262665964 1262663893
487881960 487881956
487881960 1262139658
308932771 308933003
1096180029 1096177826
1262665263 1262664755
1262665263 1262664535
487881968 1232840151
487881968 1262139017
1203870414 308933005
1203870414 308933003
1203870416 1203872081
1203870416 1203871564
1260351025 1260350631
1203870412 1203871062
1262666032 1262659959
1262140479 470539348
1232840151 1262140551
1260350390 1260350585
1260350390 1260351295
1262140470 1262140507
1262140470 1262138992
1217735862 1217748305
1262140474 1262141074
1262140474 1262139015
1203870701 618461005
1203870701 1203871452
1206181917 1206183819
372891980 245920317
1260351287 1094912869
1260351283 1260350644
1260351283 1260350819
1260351289 1260350482
1206183672 308934546
1206183672 1206182319
1206183672 308934533
1217742171 1217733320
1260350647 1260350791
1260350645 1260350315
469170199 469170200
469170199 283838216
469170199 469170206
1206183074 1206182808
470558417 1096179712
470558417 1183575825
1183576497 283839343
1183576497 1183576653
1203871619 308934025
1203871619 1217742466
1203871619 308933998
401357747 1206183761
401357747 308933859
401357742 401357723
401357742 308933859
1096177803 1203871929
1096177803 283838079
1260350735 1260350756
1260350739 469170236
1206183187 1206183748
1206183187 1206182196
1206183187 245920312
1203871270 401359036
1203871270 1203872313
1232839858 1232840026
1232839858 469184565
308933915 1203871000
308933915 1203872329
517950014 517949980
517950014 517950020
517950014 308934246
308933916 1203872329
308933911 487881989
308933911 470539486
308933911 1203870172
470558525 470558701
470558525 470558530
470558525 470558513
1094910368 469170263
1203872256 1203870514
1203871297 308934221
1186526286 1186526241
1186526286 245920313
1217742359 1203871062
1217741483 1217733459
283838216 1096178781
283838216 1096180004
1186526269 1186526373
1186526269 1261495494
1203872957 1203871910
1203872957 1203872313
1262139626 1262141059
1262139626 1262139881
1262139626 470539359
1262139626 470539365
1217748455 1217733581
1203872030 308933992
1186526265 1186526305
1186526265 1186526402
308933677 308933796
308933677 308933676
1186526321 1183576653
470558630 470558633
470558630 387151791
470558630 470558627
470558633 470558734
1262664173 1262665344
1262140012 1262138986
1263648449 1263646937
1097865067 1097869373
1097865067 1097869891
308934255 308934243
308934255 308934253
308934255 369687915
308934253 308934546
308934253 308934244
308934253 1206182579
1262139028 1262141119
1262665177 469184578
1262665177 1262665627
1262665177 469184577
1246263579 1246261735
1246263579 1246264002
1246263579 1246264120
470539438 470539340
470539438 470539378
470539438 470539351
1262139933 1262139120
369690673 1206182749
369690673 1206183675
369690673 517949465
308933679 1203872342
308933679 308933796
1206184119 1206182808
1206184119 1206182161
308934031 308934030
308934031 308934035
308934030 1203872747
308934035 1203872821
1094895555 1260350416
1206182325 1206181940
1206182325 1206183845
1262665772 1262659563
1262665772 470558846
1262665772 1262665814
1217744296 401358020
1096177754 1096179928
1096177754 470558534
1203872747 308934028
1203872747 1217742784
1203872743 1203872416
1203872743 1203870684
1262659261 1262664415
1203871108 283839341
1262665182 1262664312
1262665182 1262666050
1206182854 1263647054
1206182854 1206183317
1262140265 1262139084
1262140265 1262140511
1262665358 1262665752
1262665358 1262666063
639707320 308933168
639707320 308933169
639707320 1203870220
1263646967 1263646770
1260350819 1260350634
1260350816 1203872521
1217736347 1217741470
1217736347 1217735788
1262665289 1262665752
1262665289 1262665656
1262665289 1262665697
1097869891 1096177947
1262665285 1262665812
1262665285 1262666413
1262665285 1262666582
1262665280 1262663866
1262665280 1262663982
1246265746 1246264014
1262138969 1262139516
1262138969 1262141062
1260350926 1260350579
1260350926 1260350770
1260350926 1260350345
1262666022 1262665691
1262666022 1262665828
1262666022 1262659629
1262666025 1262665860
470558953 1262665984
470558953 1262665809
1217732884 1217733216
1262665828 1188214113
387151790 503735700
387151791 1094910864
387151791 470558734
1203871941 1203870866
1203871941 1203872377
1203871941 1203872150
1262140446 1262140276
1262140446 1262138806
1262665825 1262659563
1262665825 469184565
1203870712 618460988
1203870710 1217739128
1262664415 1262666202
1262664415 1262665213
308933168 308933166
308933162 308933164
308933164 1203871035
308933164 308933216
308933166 1203871035
1094915090 1260350792
1206183065 1206183346
1206183065 1206182423
1203870402 308933676
1203870402 308933673
1096181697 469170216
1260351341 1260350571
1260351340 1260351401
1260351340 1260350743
1260351340 1260351322
1094912869 1183576107
1260350743 1260350377
1203870668 1203870214
1260351292 1260350572
1203870665 1203871185
1203870664 1203871759
470558312 470558317
470558312 1183575825
1203870662 1203872416
1203870662 1205923436
1203870662 1203870312
1246262141 1246265033
1203871139 1205923412
1203871134 308933992
1203871136 1203871132
1217746625 1217748302
470558534 1260350379
470558534 1260351378
1203871914 308933862
1203871914 1206184005
1089663890 1183577092
1089663890 1260350416
1089663890 1089663422
1206182134 1206184101
1206182134 308934533
618465058 1203873229
1206182138 1206183040
1206182138 1206184005
1246262031 1246264826
1246262031 1246261487
1246262031 1246263984
1262139327 1262140424
1262139327 1262139666
1262139322 1262139527
1262139322 1262140505
1262139328 1262141116
1097865278 1097869390
1097865278 1097869647
470539360 470539391
470539360 470539354
470539360 470539310
1203871827 1203871062
1203871827 1203870224
1203871825 1203870682
1203871825 1203872179
245920316 517950020
245920316 1261495429
1186526384 308934080
308934243 308934244
245920313 308934545
245920313 308934535
308934245 517949980
308934245 517949969
308934245 1206182974
308934245 308934246
308934246 1206183615
1203871829 1203870684
1203871829 1203873175
1262141017 1262139552
1262141017 1262139277
1217748884 1217741406
1183576724 1183577478
1097869390 1097863195
1097869390 1185736288
1262659853 1262665767
308934028 1203871692
308934024 308934025
308934025 308934026
308934026 1203872902
1217744991 1217748500
1262139638 1262140889
1206182319 1206183840
1206182319 1206184101
1262139632 1262140403
1262139632 1262140717
1262139635 1262139131
1263648120 1263647180
1263648120 1263648379
1217748084 308934226
1217748084 1203871558
1097869373 1097862282
1262665767 1262665809
1183577526 1183577114
1183577526 1183576098
1217742627 1217743076
1217742627 1217733558
1263647054 1263648683
470539391 1262665850
308934118 308934119
308934118 1183576407
308934118 308934079
308934119 308934349
1262666126 1262665633
1262666126 1262664312
1246265354 1246265385
1262140276 1262139692
470539379 470539340
470539379 470539378
470539379 470539380
470539379 470539375
1206183840 1206183035
1206183840 1206182408
1096179252 283839343
1096179252 308934378
1206183845 1206183962
1262665344 1262665492
1217736199 1217747260
1217736199 1217748431
470539373 470539378
470539373 470539375
470539375 470539430
470539375 470539376
470539376 469184557
470539376 470539380
1096180314 1096181756
1260350808 1260350693
1260350803 1260350348
1183576107 1260350792
1183576107 1094912671
1262665298 1262665984
1262665297 1262666104
1260351303 1260350891
1263647301 1206184111
1263647305 308933672
1263647305 308933673
1262666589 1262663911
1262666589 1262665752
1262666582 1262664017
1262665904 1262665332
1262665904 1262666413
1262665908 1262664000
1262665908 1262665861
1096180004 283838295
1217742801 1217743059
1217742801 1217737118
1262138992 1262140700
1262138992 1262139500
1206182957 283583546
1260351096 1260350781
1262666050 470558814
1217733456 1203872379
1217733456 1217733982
1206183331 1206183755
1217743114 1217748899
1217743114 1217741470
1203870275 1203872521
1206181979 1206183035
1206181979 1206182408
1262138576 1262139666
1262663970 1262666599
1262663970 1262664239
1246265764 1246266388
1246265764 1246266543
1260351198 1260350623
639707107 401357868
1203871452 618461059
1096177826 470558701
1096177826 469170212
1260351378 1260350756
369687959 1206183675
1217734595 1217741451
1217734595 1217748302
1260351375 1260350358
1260351377 1260350584
1260351373 1260350968
1260350755 1260350791
308933751 308934244
308933755 308933796
308933755 1203871546
308933754 1203871546
618460988 618460970
1260350758 1260350628
1246261455 1246263767
1217735066 1217749567
1203872237 1203870489
1183576854 1183576265
1183576588 1183576407
1217733835 1217742041
1217733835 1217742532
1262139136 1262139640
1262139136 1262139429
1260351571 1260350799
1260351571 1260350310
1217738364 1217747331
1203872902 1203871692
1203871634 1203870172
1262139489 1262140608
1246262377 1246263226
1246262377 1246263338
1203872342 1203870558
1183576459 1096177947
1203871833 1203871316
1203871833 1203873182
1203871833 1203871759
1206182017 1206182579
308934237 1206183615
1260351401 1260350579
308934230 1262140765
308934230 1262139533
401357723 308933860
1217749058 401358052
1217748500 1217747322
1217743032 1217741274
1217743032 1217738538
1217748899 1217746449
1260351548 1203872628
1260351548 1260350368
1260351548 1260350372
1246264984 1246262118
1262139263 1262140983
1203873182 1217735083
1246263994 1246265626
1246263994 1246264014
1217735083 1206183163
1217735083 1203870866
1203870743 1203871213
1217735788 1217741467
308934349 308934364
308934349 308934079
308934349 308934348
308934348 308934080
1262665757 1262664104
1262665757 1262666550
1097869367 1097864695
1217748256 1217749684
1217748259 1217746972
1217748259 1217734466
1246263195 1183576474
1246263195 1246266055
1217740407 1217747260
1217740407 1217742449
470539380 470539382
470539382 469184557
470539382 487881982
470539369 470539367
1262665332 1262665812
1246263226 1246265033
470539367 470539327
470539367 470539341
470539367 470539365
470539365 470539342
470539365 470539328
469184578 469184581
469184577 1188214073
469184577 1188214070
1263647316 1263646770
1262665938 1262666632
1262665938 1262665606
1262665938 1262665685
1206183231 1206183368
1206183231 1206183777
1262665809 1262663866
401359036 1203872984
401359039 1203872148
401359039 1203870486
1261495269 1261495461
1260350584 1260350349
1260350586 469170213
1260350589 1260351325
369687915 1263647406
1097867755 1097868426
1260350347 1260351456
1260350347 1260350947
1262666043 1262666354
1260350345 1260351367
1232840163 469184552
1232840163 469184559
1260350348 1260350563
1260350348 1260350546
1260350349 1260350962
1097863195 1097869647
1097863195 1183576501
1262663982 1262665699
1206181940 1206182982
1183575919 1183575661
1261495461 1186526341
1096181989 1260351320
1096181989 469170226
1096181989 283838295
1217734453 1217747563
1203870514 1203871213
1203870516 1203870959
1203870516 1217747947
1203870516 1217732839
1260350697 1260350563
1203870864 1203870957
1206183040 1206183154
1260351183 1260350628
1262140737 1262138651
401357793 401357788
401357793 1263648305
1262664508 1262666318
1203871338 1203872379
1203871338 1203871777
1203871483 1203872188
1203871483 1203870334
1260350768 1260350798
1260350768 1260350417
1260351367 1260350579
308933032 308933031
1217743200 1203871549
1217743200 1217750083
1217743200 1217741470
308933031 401351252
1260350563 1260351559
308933748 308933859
1260350564 1183577507
1260350564 1260350416
1260350565 1260350787
1203870684 1203871929
1203870684 1203870783
1203871029 1203872148
470558513 1260350318
1203871935 1203870789
1203871935 1203872357
1217741451 1217743251
1203871931 1203870148
1246261487 1246263163
1203872919 308933217
618461005 1203871209
1260351568 1260350798
1186526236 283583546
1186526236 372874774
1246263767 1246264019
1260350693 1260351312
1262139492 1262140618
1262139492 1262140717
1262139492 1262138789
1203871808 1217743020
1203872357 1203873151
1203871806 1203872575
308934228 1203870765
308934226 1203870367
308934225 1203871952
308934225 1203870367
1262139017 487881984
308934223 1203871952
1262139015 1262139456
1217743020 1203871374
517950020 308934545
1217749043 1217743059
1217749043 1217749656
469170236 1260351464
469170236 503735702
1188214021 1188214117
1188214021 1188214070
1203872688 1203871541
1203872688 1203870940
1262139277 1262140093
469184581 1262665633
469184581 469184494
1203872683 1203870842
1203872683 1203870167
1096179309 1096182773
1096179309 1096180960
1186526341 1186526241
1186526341 1186526305
1203873175 1203870783
1203872179 1203871578
1246262743 1246262662
308934352 308934353
308934353 308934367
308934353 308934364
1262139658 487881984
1262665606 1262664535
1262665606 1262659563
1246262343 1246263861
1262140983 1262139692
1262140983 1262140945
387151914 1096179712
387151914 470558317
387151914 1096177947
1203872575 1203870765
1203872575 283838295
1262141074 1262140403
1262666456 1262665200
1262665633 1262665200
1205923412 487881995
1262665327 1262665691
1262665327 1262659385
470539359 1262138651
470539359 1262139524
470539354 470539311
470539352 470539339
470539352 470539344
470539352 470539330
470539351 470539350
470539350 470539341
470539350 470539349
469184563 469184555
469184563 469184490
469184563 469184550
469184561 469184548
469184561 1262659959
469184561 469184559
469184565 1262666642
1262659385 1262665921
1217742793 1217742207
1217742793 1217743251
1262665259 1262665644
1262140503 1262140959
1262140503 1262139552
1262140503 1262140883
1262140505 1262138681
1262665926 1262665217
1262665926 1262666063
1262665921 1262665644
1206183956 1206183615
1217746028 1217749659
1261495274 1261495484
1262666550 1262665646
1262666550 1262665192
1206182974 308934546
1206182974 308934244
1260350599 1260351426
1260350599 1260350417
1262666672 1262665864
1262666672 1262665279
1262665814 1262666632
1203870214 1203870846
1206181951 1206182694
1206181951 1206182532
1260350682 1260351310
315291566 1262663866
1206183035 1206182579
1232840026 1262666642
1232840026 1232839955
1232840024 469184550
1246263623 1246264008
401357785 401357788
401357785 308933861
401357785 1263648305
1262664511 1262665644
1260351314 1260350962
1260351312 1260350947
1260351313 1260350546
1260351313 1260350542
1260350778 1260351464
1260350778 1260351089
1260350770 1260350630
1260350571 1260350372
1260350572 1260350792
1260350572 469170265
1260350575 1260350377
1206183504 1206184101
1206183504 1206183152
1206183504 1206182564
1203871035 1181595761
1203871037 1203872150
1263648606 1263647180
1263648606 1263647406
1203871929 1205923436
1203872216 1217749631
1246266128 1246261735
1183576875 1183577114
1217734519 1217748302
1217734519 1217742532
1262666639 1262665860
308933864 1206184005
308933861 1203871817
308933860 1203871817
1217733232 1217732842
1203871814 1203873151
1203871814 1203871195
1183576474 1183577114
1183576474 1246262703
1260351426 1260350369
1217749411 1217733982
469170224 283838295
308933260 1203871999
308933260 308933992
1203872145 1203872798
308934364 308934087
1263648008 1263648683
1262139519 1262139524
469184488 1232839915
1262141119 1262139471
1262139516 1262140889
1217748235 1217748435
1217742658 1217742466
1217742658 1217733572
639707142 401357866
1262141062 1262140889
1262665318 1262665471
1206184111 1206182564
1262140883 1296753946
470539340 470539341
470539341 470539342
470539342 470539343
470539342 470539349
470539343 470539348
470539343 1262138651
470539343 470539344
470539344 470539338
470539344 470539347
470539347 470539348
470539348 470539349
1217741274 1217743497
1217748125 1217743497
469184559 469184490
469184557 470539486
1183575661 1183576342
469184552 469184551
469184550 469184548
1217742784 1217745611
1262665264 1262665789
1206183962 1206182982
1097866356 1097869645
1097866356 1097861911
487881995 487881989
487881995 1203872520
1183577316 1183575693
1260350968 469170212
1262665793 1262665213
1183576265 469170265
1232839915 469184490
1217732842 401358020
1217732842 1217748431
1260350363 1260350339
1262665865 1262659979
1262665865 1262666094
1262665860 1262659979
1262665860 1262664795
1262665861 1262666089
1262665861 1262665217
1246265385 1246264019
1206183368 1206183791
1203870202 1203870834
283583546 1206183755
283838081 1260351320
1262138651 1262141059
1203870846 1203871995
1260351162 1260350799
470558846 1262665788
1262140717 1262140093
1262140717 1262140959
1262140717 1262139456
1203870334 1203870789
1203870337 1203872099
1217733558 1217748435
1262138789 1262140099
1097861911 469170216
1097861911 1096178781
1203871314 308933998
1260351305 1260350542
1206183152 1206184004
470539338 470539339
1203871000 1203870589
1246261735 1246264528
1203871951 1203870167
1203871951 1203872377
1203872379 1203872521
1203872378 1203870589
1203872378 1217749189
469170213 469170212
1262664017 1262666413
469184494 469184548
469184494 1262665200
401358020 1203872504
401358020 401358019
1188214000 1188214073
1188214000 1188214055
1262665659 1262665213
1262665656 1262665279
470539330 470539311
470539330 470539329
470539330 470539332
470539332 470539322
470539339 470539322
1246264528 1246266388
1261495259 1186526400
1261495259 1186526402
1261495259 1261495389
1262665789 1262664312
1260350379 1260351140
1260350379 470558530
1206182997 1206183163
1262140093 1262140618
1203870834 1203871985
1203870783 1203870482
1203871741 1203871564
1203870940 1203870498
1260350792 1260351140
1260350797 1260350416
1260350797 470558627
1217743251 1217750083
1217743251 1217742207
1260350557 1260350315
1246265781 1246266882
1246265781 1246265897
1203871541 1203871995
1246266388 1246261632
1217749656 1217741334
1206182161 1206183724
1246263163 1246264826
1296753946 1296753396
1217743076 308933998
469170202 469170200
469170202 283838295
1260350623 1096178154
1203872416 1217733982
1206182340 1206182532
1203872096 1203870957
401358019 1203871697
1203872520 1217733216
1188214073 1262665984
1188214070 1262666637
470539327 470539328
1217746972 1217749567
470539322 470539323
470539328 470539329
470539329 470539310
470539329 1262139524
1203872329 308933998
1296753396 1262140765
1246264120 1246265662
1206181981 1206183724
1262665685 1262666418
1097867086 206335199
308934079 308934087
1096178154 1097869645
1203870177 308933223
1203870177 308933224
1260351329 1260350634
1260351320 1260350355
1203870486 1203871185
1217743421 1217749631
1203870558 1203871999
308933671 1203872987
308933672 1203872987
1260350633 1260350628
1260350633 1260350310
1246263338 1246266882
1183577478 1183576342
308933216 308933217
308933217 308933223
308934089 1186526400
308934089 308934080
308934535 1206183959
308934535 245920312
308934533 1206183959
1262139524 1262139881
1262664104 1262665192
470539311 470539310
1262665850 1262665192
1217747766 1217741406
503735700 503735702
1183576501 206335199
